 1.84236278e+01 1.67224771e-05
 1.85979589e+01 2.30101822e-05
 1.87722900e+01 2.97504742e-05
 1.89466211e+01 3.78216425e-05
 1.91209522e+01 4.81019764e-05
 1.92952833e+01 6.14697654e-05
 1.94696144e+01 7.88032988e-05
 1.96439455e+01 1.00980866e-04
 1.98182766e+01 1.28880756e-04
 1.99926077e+01 1.63415649e-04
 2.01669388e+01 2.06142868e-04
 2.03412699e+01 2.59192263e-04
 2.05156010e+01 3.24713582e-04
 2.06899321e+01 4.04866738e-04
 2.08642632e+01 5.02493562e-04
 2.10385943e+01 6.21536611e-04
 2.12129254e+01 7.66038433e-04
 2.13872565e+01 9.40041938e-04
 2.15615876e+01 1.14821476e-03
 2.17359187e+01 1.39713097e-03
 2.19102498e+01 1.69372701e-03
 2.20845809e+01 2.04493931e-03
 2.22589120e+01 2.45808287e-03
 2.24332431e+01 2.94276242e-03
 2.26075742e+01 3.50943909e-03
 2.27819053e+01 4.16857553e-03
 2.29562364e+01 4.93076698e-03
 2.31305675e+01 5.80833327e-03
 2.33048986e+01 6.81480019e-03
 2.34792297e+01 7.96371832e-03
 2.36535608e+01 9.26864552e-03
 2.38278919e+01 1.07434088e-02
 2.40022230e+01 1.24021766e-02
 2.41765541e+01 1.42591392e-02
 2.43508852e+01 1.63284829e-02
 2.45252163e+01 1.86232334e-02
 2.46995474e+01 2.11536916e-02
 2.48738785e+01 2.39297678e-02
 2.50482096e+01 2.69613722e-02
 2.52225407e+01 3.02568318e-02
 2.53968718e+01 3.38172132e-02
 2.55712029e+01 3.76415037e-02
 2.57455340e+01 4.17286901e-02
 2.59198652e+01 4.60766764e-02
 2.60941963e+01 5.06731883e-02
 2.62685274e+01 5.55003749e-02
 2.64428585e+01 6.05403283e-02
 2.66171896e+01 6.57747504e-02
 2.67915207e+01 7.11763721e-02
 2.69658518e+01 7.67089532e-02
 2.71401829e+01 8.23358636e-02
 2.73145140e+01 8.80204273e-02
 2.74888451e+01 9.37214851e-02
 2.76631762e+01 9.93896961e-02
 2.78375073e+01 1.04974849e-01
 2.80118384e+01 1.10426731e-01
 2.81861695e+01 1.15694860e-01
 2.83605006e+01 1.20727810e-01
 2.85348317e+01 1.25473948e-01
 2.87091628e+01 1.29881641e-01
 2.88834939e+01 1.33900535e-01
 2.90578250e+01 1.37489206e-01
 2.92321561e+01 1.40610030e-01
 2.94064872e+01 1.43225398e-01
 2.95808183e+01 1.45298609e-01
 2.97551494e+01 1.46807091e-01
 2.99294805e+01 1.47739405e-01
 3.01038116e+01 1.48084415e-01
 3.02781427e+01 1.47831229e-01
 3.04524738e+01 1.46980786e-01
 3.06268049e+01 1.45550939e-01
 3.08011360e+01 1.43560847e-01
 3.09754671e+01 1.41029674e-01
 3.11497982e+01 1.37982343e-01
 3.13241293e+01 1.34459152e-01
 3.14984604e+01 1.30502948e-01
 3.16727915e+01 1.26156573e-01
 3.18471226e+01 1.21464095e-01
 3.20214537e+01 1.16476022e-01
 3.21957848e+01 1.11244969e-01
 3.23701159e+01 1.05823553e-01
 3.25444470e+01 1.00264113e-01
 3.27187781e+01 9.46159174e-02
 3.28931092e+01 8.89263344e-02
 3.30674403e+01 8.32427028e-02
 3.32417714e+01 7.76121165e-02
 3.34161025e+01 7.20746137e-02
 3.35904336e+01 6.66622883e-02
 3.37647647e+01 6.14068102e-02
 3.39390958e+01 5.63398128e-02
 3.41134269e+01 5.14873063e-02
 3.42877580e+01 4.68636731e-02
 3.44620891e+01 4.24818556e-02
 3.46364202e+01 3.83547962e-02
 3.48107513e+01 3.44928619e-02
 3.49850824e+01 3.08961184e-02
 3.51594135e+01 2.75620564e-02
 3.53337446e+01 2.44881662e-02
 3.55080757e+01 2.16712437e-02
 3.56824068e+01 1.91024748e-02
 3.58567379e+01 1.67703327e-02
 3.60310690e+01 1.46632729e-02
 3.62054001e+01 1.27696766e-02
 3.63797312e+01 1.10765329e-02
 3.65540623e+01 9.56959440e-03
 3.67283934e+01 8.23457095e-03
 3.69027246e+01 7.05718023e-03
 3.70770557e+01 6.02367625e-03
 3.72513868e+01 5.12117877e-03
 3.74257179e+01 4.33688615e-03
 3.76000490e+01 3.65799720e-03
 3.77743801e+01 3.07242709e-03
 3.79487112e+01 2.57027709e-03
 3.81230423e+01 2.14206402e-03
 3.82973734e+01 1.77830470e-03
 3.84717045e+01 1.46988029e-03
 3.86460356e+01 1.20987565e-03
 3.88203667e+01 9.92199906e-04
 3.89946978e+01 8.10763629e-04
 3.91690289e+01 6.59590012e-04
 3.93433600e+01 5.34166775e-04
 3.95176911e+01 4.31005825e-04
 3.96920222e+01 3.46640084e-04
 3.98663533e+01 2.77621804e-04
 4.00406844e+01 2.21215912e-04
 4.02150155e+01 1.75591251e-04
 4.03893466e+01 1.38974927e-04
 4.05636777e+01 1.09594999e-04
 4.07380088e+01 8.59376387e-05
 4.09123399e+01 6.70951349e-05
 4.10866710e+01 5.22466881e-05
 4.12610021e+01 4.05714987e-05
 4.14353332e+01 3.13176023e-05
 4.16096643e+01 2.40486531e-05
 4.17839954e+01 1.84187101e-05
 4.19583265e+01 1.40818397e-05
 4.21326576e+01 1.07057447e-05
 4.23069887e+01 8.08626047e-06
 4.24813198e+01 6.08942786e-06
 4.26556509e+01 4.58200671e-06
 4.28299820e+01 3.43255284e-06
 4.30043131e+01 2.55092914e-06
 4.31786442e+01 1.88830555e-06
 4.33529753e+01 1.39764798e-06
 4.35273064e+01 1.03202978e-06
 4.37016375e+01 7.55015418e-07
 4.38759686e+01 5.49316829e-07
 4.40502997e+01 3.99683663e-07
 4.42246308e+01 2.90865741e-07
 4.43989619e+01 2.09650078e-07
 4.45732930e+01 1.49935847e-07
 4.47476241e+01 1.07173356e-07
 4.49219552e+01 7.68129122e-08
 4.50962863e+01 5.46059808e-08
 4.52706174e+01 3.84042811e-08
 4.54449485e+01 2.69539168e-08
 4.56192796e+01 1.90042966e-08
 4.57936107e+01 1.33369312e-08
 4.59679418e+01 9.23140241e-09
 4.61422729e+01 6.35998307e-09
 4.63166040e+01 4.40559803e-09
 4.64909351e+01 3.05311838e-09
 4.66652662e+01 2.08226455e-09
 4.68395973e+01 1.40838633e-09
 4.70139284e+01 9.57264226e-10
 4.71882595e+01 6.54703296e-10
 4.73625906e+01 4.40636404e-10
 4.75369217e+01 2.92767317e-10
 4.77112528e+01 1.95044730e-10
 4.78855840e+01 1.31417334e-10
 4.80599151e+01 8.74418859e-11
 4.82342462e+01 5.71351643e-11
 4.84085773e+01 3.72862495e-11
 4.85829084e+01 2.46858301e-11
 4.87572395e+01 1.62627773e-11
 4.89315706e+01 1.04671202e-11
 4.91059017e+01 6.69127478e-12
 4.92802328e+01 4.34170033e-12
 4.94545639e+01 2.83255651e-12
 4.96288950e+01 1.79952607e-12
 4.98032261e+01 1.12772079e-12
 4.99775572e+01 7.15558652e-13
 5.01518883e+01 4.61624875e-13
 5.03262194e+01 2.90173240e-13
 5.05005505e+01 1.78535485e-13
 5.06748816e+01 1.10617378e-13
 5.08492127e+01 7.03246853e-14
 5.10235438e+01 4.38520047e-14
 5.11978749e+01 2.65492538e-14
 5.13722060e+01 1.60551804e-14
 5.15465371e+01 1.00085319e-14
 5.17208682e+01 6.20496129e-15
 5.18951993e+01 3.70695539e-15
 5.20695304e+01 2.18964328e-15
 5.22438615e+01 1.33214615e-15
 5.24181926e+01 8.21171429e-16
 5.25925237e+01 4.85634150e-16
 5.27668548e+01 2.80746787e-16
 5.29411859e+01 1.66112025e-16
 5.31155170e+01 1.01524134e-16
 5.32898481e+01 5.96336213e-17
 5.34641792e+01 3.38429552e-17
 5.36385103e+01 1.94397232e-17
 5.38128414e+01 1.17120393e-17
 5.39871725e+01 6.85535355e-18
 5.41615036e+01 3.83396574e-18
 5.43358347e+01 2.13847265e-18
 5.45101658e+01 1.25947109e-18
 5.46844969e+01 7.36768549e-19
 5.48588280e+01 4.07811319e-19
 5.50331591e+01 2.21374167e-19
 5.52074902e+01 1.26425570e-19
 5.53818213e+01 7.39223244e-20
 5.55561524e+01 4.06751544e-20
 5.57304835e+01 2.15751417e-20
 5.59048146e+01 1.18843663e-20
 5.60791457e+01 6.91431903e-21
 5.62534768e+01 3.79804570e-21
 5.64278079e+01 1.97896766e-21
 5.66021390e+01 1.04941627e-21
 5.67764701e+01 6.02098713e-22
 5.69508012e+01 3.31428324e-22
 5.71251323e+01 1.70651714e-22
 5.72994634e+01 8.72620498e-23
 5.74737945e+01 4.87524978e-23
 5.76481256e+01 2.69801298e-23
 5.78224567e+01 1.38111483e-23
 5.79967878e+01 6.84312276e-24
 5.81711189e+01 3.67409408e-24
 5.83454500e+01 2.04555568e-24
 5.85197811e+01 1.04695096e-24
 5.86941123e+01 5.06279998e-25
 5.88684434e+01 2.59107770e-25
 5.90427745e+01 1.44207597e-25
 5.92171056e+01 7.41450754e-26
 5.93914367e+01 3.52780747e-26
 5.95657678e+01 1.71728235e-26
 5.97400989e+01 9.42875369e-27
 5.99144300e+01 4.88691829e-27
 6.00887611e+01 2.30469767e-27
 6.02630922e+01 1.06910424e-27
 6.04374233e+01 5.67159457e-28
 6.06117544e+01 2.96218908e-28
 6.07860855e+01 1.38832421e-28
 6.09604166e+01 6.15590514e-29
 6.11347477e+01 3.09578560e-29
 6.13090788e+01 1.64931271e-29
 6.14834099e+01 7.89008505e-30
 6.16577410e+01 3.50198175e-30
 6.18320721e+01 1.71395076e-30
 6.20064032e+01 9.64122977e-31
 6.21807343e+01 5.12895855e-31
 6.23550654e+01 2.68961274e-31
 6.25293965e+01 1.58596483e-31
 6.27037276e+01 1.08653270e-31
 6.28780587e+01 7.39832821e-32
 6.30523898e+01 4.94764337e-32
 6.32267209e+01 3.31018166e-32
 6.34010520e+01 2.28289290e-32
 6.35753831e+01 1.68609424e-32
 6.37497142e+01 1.40257586e-32
 6.39240453e+01 1.32545700e-32
 6.40983764e+01 1.34785694e-32
 6.42727075e+01 1.37681860e-32
 6.44470386e+01 1.39263734e-32
 6.46213697e+01 1.39961291e-32
 6.47957008e+01 1.40205901e-32
 6.49700319e+01 1.40400940e-32
 6.51443630e+01 1.40641665e-32
 6.53186941e+01 1.40832440e-32
 6.54930252e+01 1.40874787e-32
 6.56673563e+01 1.40681127e-32
 6.58416874e+01 1.40477468e-32
 6.60160185e+01 1.40842906e-32
 6.61903496e+01 1.42375373e-32
 6.63646807e+01 1.45670916e-32
 6.65390118e+01 1.51036271e-32
 6.67133429e+01 1.58179930e-32
 6.68876740e+01 1.66736287e-32
 6.70620051e+01 1.76339739e-32
 6.72363362e+01 1.86784748e-32
 6.74106673e+01 1.98506050e-32
 6.75849984e+01 2.12098450e-32
 6.77593295e+01 2.28156751e-32
 6.79336606e+01 2.47184548e-32
 6.81079917e+01 2.68949039e-32
 6.82823228e+01 2.92861297e-32
 6.84566539e+01 3.18330076e-32
 6.86309850e+01 3.44785315e-32
 6.88053161e+01 3.72054130e-32
 6.89796472e+01 4.00316373e-32
 6.91539783e+01 4.29764160e-32
 6.93283094e+01 4.60584873e-32
 6.95026405e+01 4.92648384e-32
 6.96769717e+01 5.25312051e-32
 6.98513028e+01 5.57886675e-32
 7.00256339e+01 5.89683121e-32
 7.01999650e+01 6.20119764e-32
 7.03742961e+01 6.48943073e-32
 7.05486272e+01 6.75961876e-32
 7.07229583e+01 7.00985005e-32
 7.08972894e+01 7.23771764e-32
 7.10716205e+01 7.43781929e-32
 7.12459516e+01 7.60363236e-32
 7.14202827e+01 7.72863229e-32
 7.15946138e+01 7.80697386e-32
 7.17689449e+01 7.84164564e-32
 7.19432760e+01 7.84181389e-32
 7.21176071e+01 7.81677162e-32
 7.22919382e+01 7.77548345e-32
 7.24662693e+01 7.71480723e-32
 7.26406004e+01 7.61624516e-32
 7.28149315e+01 7.46030972e-32
 7.29892626e+01 7.22755819e-32
 7.31635937e+01 6.91066941e-32
 7.33379248e+01 6.53078692e-32
 7.35122559e+01 6.11313585e-32
 7.36865870e+01 5.68294131e-32
 7.38609181e+01 5.26129893e-32
 7.40352492e+01 4.85037006e-32
 7.42095803e+01 4.44689254e-32
 7.43839114e+01 4.04760376e-32
 7.45582425e+01 3.65034527e-32
 7.47325736e+01 3.26333359e-32
 7.49069047e+01 2.90046978e-32
 7.50812358e+01 2.57571318e-32
 7.52555669e+01 2.30239558e-32
 7.54298980e+01 2.07941648e-32
 7.56042291e+01 1.89124298e-32
 7.57785602e+01 1.72171475e-32
 7.59528913e+01 1.55479127e-32
 7.61272224e+01 1.38613539e-32
 7.63015535e+01 1.23276981e-32
 7.64758846e+01 1.11399043e-32
 7.66502157e+01 1.04909259e-32
 7.68245468e+01 1.05088938e-32
 7.69988779e+01 1.10956322e-32
 7.71732090e+01 1.21036086e-32
 7.73475401e+01 1.33852905e-32
 7.75218712e+01 1.48113553e-32
 7.76962023e+01 1.63794745e-32
 7.78705334e+01 1.81413996e-32
 7.80448645e+01 2.01490815e-32
 7.82191956e+01 2.24497995e-32
 7.83935267e+01 2.50183435e-32
 7.85678578e+01 2.77723513e-32
 7.87421889e+01 3.06279104e-32
 7.89165200e+01 3.35024128e-32
 7.90908511e+01 3.63768160e-32
 7.92651822e+01 3.93229728e-32
 7.94395133e+01 4.24197264e-32
 7.96138444e+01 4.57458285e-32
 7.97881755e+01 4.93272958e-32
 7.99625066e+01 5.30491585e-32
 8.01368377e+01 5.67731362e-32
 8.03111688e+01 6.03609488e-32
 8.04854999e+01 6.37033515e-32
 8.06598311e+01 6.68438573e-32
 8.08341622e+01 6.98760362e-32
 8.10084933e+01 7.28934879e-32
 8.11828244e+01 7.59814805e-32
 8.13571555e+01 7.91335714e-32
 8.15314866e+01 8.22865014e-32
 8.17058177e+01 8.53761645e-32
 8.18801488e+01 8.83379896e-32
 8.20544799e+01 9.10940272e-32
 8.22288110e+01 9.35512637e-32
 8.24031421e+01 9.56158822e-32
 8.25774732e+01 9.71943633e-32
 8.27518043e+01 9.82389005e-32
 8.29261354e+01 9.87962123e-32
 8.31004665e+01 9.89247251e-32
 8.32747976e+01 9.86828650e-32
 8.34491287e+01 9.81220941e-32
 8.36234598e+01 9.72660180e-32
 8.37977909e+01 9.61312778e-32
 8.39721220e+01 9.47345152e-32
 8.41464531e+01 9.30856995e-32
 8.43207842e+01 9.11409334e-32
 8.44951153e+01 8.88302691e-32
 8.46694464e+01 8.60835891e-32
 8.48437775e+01 8.28370219e-32
 8.50181086e+01 7.91437755e-32
 8.51924397e+01 7.51610389e-32
 8.53667708e+01 7.10496159e-32
 8.55411019e+01 6.69689497e-32
 8.57154330e+01 6.29872147e-32
 8.58897641e+01 5.90252625e-32
 8.60640952e+01 5.49905622e-32
 8.62384263e+01 5.07906143e-32
 8.64127574e+01 4.63880541e-32
 8.65870885e+01 4.19137652e-32
 8.67614196e+01 3.75306118e-32
 8.69357507e+01 3.34014581e-32
 8.71100818e+01 2.96636640e-32
 8.72844129e+01 2.63003330e-32
 8.74587440e+01 2.32368709e-32
 8.76330751e+01 2.03985829e-32
 8.78074062e+01 1.77157671e-32
 8.79817373e+01 1.51836427e-32
 8.81560684e+01 1.28428295e-32
 8.83303995e+01 1.07348791e-32
 8.85047306e+01 8.90060122e-33
 8.86790617e+01 7.35345575e-33
 8.88533928e+01 6.07221323e-33
 8.90277239e+01 5.03340839e-33
 8.92020550e+01 4.21358062e-33
 8.93763861e+01 3.59052717e-33
 8.95507172e+01 3.14499909e-33
 8.97250483e+01 2.85817095e-33
 8.98993794e+01 2.71121736e-33
 9.00737105e+01 2.68779893e-33
 9.02480416e+01 2.78297518e-33
 9.04223727e+01 2.99507064e-33
 9.05967038e+01 3.32241016e-33
 9.07710349e+01 3.76173406e-33
 9.09453660e+01 4.29489384e-33
 9.11196971e+01 4.89558328e-33
 9.12940282e+01 5.53741260e-33
 9.14683594e+01 6.19469229e-33
 9.16426905e+01 6.85783896e-33
 9.18170216e+01 7.53337539e-33
 9.19913527e+01 8.22852459e-33
 9.21656838e+01 8.95036910e-33
 9.23400149e+01 9.69227438e-33
 9.25143460e+01 1.04225707e-32
 9.26886771e+01 1.11069241e-32
 9.28630082e+01 1.17110014e-32
 9.30373393e+01 1.22118665e-32
 9.32116704e+01 1.26263723e-32
 9.33860015e+01 1.29800494e-32
 9.35603326e+01 1.32984282e-32
 9.37346637e+01 1.36019086e-32
 9.39089948e+01 1.38751088e-32
 9.40833259e+01 1.40874094e-32
 9.42576570e+01 1.42081348e-32
 9.44319881e+01 1.42086934e-32
 9.46063192e+01 1.40928315e-32
 9.47806503e+01 1.38897906e-32
 9.49549814e+01 1.36295041e-32
 9.51293125e+01 1.33416070e-32
 9.53036436e+01 1.30412038e-32
 9.54779747e+01 1.27226211e-32
 9.56523058e+01 1.23785876e-32
 9.58266369e+01 1.20018534e-32
 9.60009680e+01 1.15975625e-32
 9.61752991e+01 1.12039931e-32
 9.63496302e+01 1.08649020e-32
 9.65239613e+01 1.06240459e-32
 9.66982924e+01 1.05172413e-32
 9.68726235e+01 1.05385308e-32
 9.70469546e+01 1.06682679e-32
 9.72212857e+01 1.08867983e-32
 9.73956168e+01 1.11786465e-32
 9.75699479e+01 1.15743383e-32
 9.77442790e+01 1.21328986e-32
 9.79186101e+01 1.29137767e-32
 9.80929412e+01 1.39745962e-32
 9.82672723e+01 1.53204527e-32
 9.84416034e+01 1.68972967e-32
 9.86159345e+01 1.86479236e-32
 9.87902656e+01 2.05152753e-32
 9.89645967e+01 2.24647968e-32
 9.91389278e+01 2.45084651e-32
 9.93132589e+01 2.66640203e-32
 9.94875900e+01 2.89492027e-32
 9.96619211e+01 3.13708658e-32
 9.98362522e+01 3.38923159e-32
 1.00010583e+02 3.64659726e-32
 1.00184914e+02 3.90442557e-32
 1.00359246e+02 4.15809801e-32
 1.00533577e+02 4.40412279e-32
 1.00707908e+02 4.63955297e-32
 1.00882239e+02 4.86144515e-32
 1.01056570e+02 5.06691156e-32
 1.01230901e+02 5.25410697e-32
 1.01405232e+02 5.42211205e-32
 1.01579563e+02 5.57003966e-32
 1.01753894e+02 5.69697718e-32
 1.01928225e+02 5.80030297e-32
 1.02102557e+02 5.87463673e-32
 1.02276888e+02 5.91434757e-32
 1.02451219e+02 5.91380637e-32
 1.02625550e+02 5.87043538e-32
 1.02799881e+02 5.79096848e-32
 1.02974212e+02 5.68390947e-32
 1.03148543e+02 5.55776219e-32
 1.03322874e+02 5.41969020e-32
 1.03497205e+02 5.26875107e-32
 1.03671536e+02 5.10097034e-32
 1.03845868e+02 4.91236833e-32
 1.04020199e+02 4.69947404e-32
 1.04194530e+02 4.46543147e-32
 1.04368861e+02 4.21801065e-32
 1.04543192e+02 3.96507652e-32
 1.04717523e+02 3.71439179e-32
 1.04891854e+02 3.46994954e-32
 1.05066185e+02 3.23096163e-32
 1.05240516e+02 2.99633180e-32
 1.05414847e+02 2.76496655e-32
 1.05589179e+02 2.53653137e-32
 1.05763510e+02 2.31247398e-32
 1.05937841e+02 2.09449766e-32
 1.06112172e+02 1.88430566e-32
 1.06286503e+02 1.68360337e-32
 1.06460834e+02 1.49410566e-32
 1.06635165e+02 1.31753018e-32
 1.06809496e+02 1.15559456e-32
 1.06983827e+02 1.00975520e-32
 1.07158158e+02 8.79013862e-33
 1.07332490e+02 7.61027377e-33
 1.07506821e+02 6.53438806e-33
 1.07681152e+02 5.53998223e-33
 1.07855483e+02 4.62917042e-33
 1.08029814e+02 3.82868022e-33
 1.08204145e+02 3.16630938e-33
 1.08378476e+02 2.66972545e-33
 1.08552807e+02 2.35388755e-33
 1.08727138e+02 2.21056046e-33
 1.08901470e+02 2.22904053e-33
 1.09075801e+02 2.39862425e-33
 1.09250132e+02 2.70999205e-33
 1.09424463e+02 3.15865608e-33
 1.09598794e+02 3.74118222e-33
 1.09773125e+02 4.45413638e-33
 1.09947456e+02 5.29434292e-33
 1.10121787e+02 6.26042868e-33
 1.10296118e+02 7.35178809e-33
 1.10470449e+02 8.56781842e-33
 1.10644781e+02 9.90742237e-33
 1.10819112e+02 1.13618295e-32
 1.10993443e+02 1.29162196e-32
 1.11167774e+02 1.45556086e-32
 1.11342105e+02 1.62649103e-32
 1.11516436e+02 1.80240819e-32
 1.11690767e+02 1.98059925e-32
 1.11865098e+02 2.15829661e-32
 1.12039429e+02 2.33273372e-32
 1.12213760e+02 2.50176714e-32
 1.12388092e+02 2.66491915e-32
 1.12562423e+02 2.82198745e-32
 1.12736754e+02 2.97276974e-32
 1.12911085e+02 3.11667947e-32
 1.13085416e+02 3.25110847e-32
 1.13259747e+02 3.37278610e-32
 1.13434078e+02 3.47844133e-32
 1.13608409e+02 3.56503178e-32
 1.13782740e+02 3.63203203e-32
 1.13957071e+02 3.68047597e-32
 1.14131403e+02 3.71142070e-32
 1.14305734e+02 3.72591633e-32
 1.14480065e+02 3.72481113e-32
 1.14654396e+02 3.70872608e-32
 1.14828727e+02 3.67827008e-32
 1.15003058e+02 3.63405449e-32
 1.15177389e+02 3.57707475e-32
 1.15351720e+02 3.50912050e-32
 1.15526051e+02 3.43207974e-32
 1.15700382e+02 3.34784044e-32
 1.15874714e+02 3.25809907e-32
 1.16049045e+02 3.16378590e-32
 1.16223376e+02 3.06563968e-32
 1.16397707e+02 2.96439915e-32
 1.16572038e+02 2.86079043e-32
 1.16746369e+02 2.75543774e-32
 1.16920700e+02 2.64891600e-32
 1.17095031e+02 2.54179984e-32
 1.17269362e+02 2.43462081e-32
 1.17443693e+02 2.32710335e-32
 1.17618025e+02 2.21825511e-32
 1.17792356e+02 2.10705880e-32
 1.17966687e+02 1.99252969e-32
 1.18141018e+02 1.87586785e-32
 1.18315349e+02 1.76179994e-32
 1.18489680e+02 1.65537295e-32
 1.18664011e+02 1.56163272e-32
 1.18838342e+02 1.48357250e-32
 1.19012673e+02 1.41792197e-32
 1.19187005e+02 1.36022020e-32
 1.19361336e+02 1.30600628e-32
 1.19535667e+02 1.25159870e-32
 1.19709998e+02 1.19802986e-32
 1.19884329e+02 1.14809537e-32
 1.20058660e+02 1.10459393e-32
 1.20232991e+02 1.07010615e-32
 1.20407322e+02 1.04437760e-32
 1.20581653e+02 1.02517114e-32
 1.20755984e+02 1.01020897e-32
 1.20930316e+02 9.97385150e-33
 1.21104647e+02 9.90930056e-33
 1.21278978e+02 1.00311071e-32
 1.21453309e+02 1.04671212e-32
 1.21627640e+02 1.13447685e-32
 1.21801971e+02 1.26766111e-32
 1.21976302e+02 1.42054807e-32
 1.22150633e+02 1.56355317e-32
 1.22324964e+02 1.66709190e-32
 1.22499295e+02 1.71239219e-32
 1.22673627e+02 1.73025872e-32
 1.22847958e+02 1.76569681e-32
 1.23022289e+02 1.86371296e-32
 1.23196620e+02 2.06306121e-32
 1.23370951e+02 2.34374476e-32
 1.23545282e+02 2.65357651e-32
 1.23719613e+02 2.94003967e-32
 1.23893944e+02 3.15245598e-32
 1.24068275e+02 3.28243327e-32
 1.24242606e+02 3.36386554e-32
 1.24416938e+02 3.43248528e-32
 1.24591269e+02 3.52386824e-32
 1.24765600e+02 3.65828634e-32
 1.24939931e+02 3.82808026e-32
 1.25114262e+02 4.02261817e-32
 1.25288593e+02 4.23126802e-32
 1.25462924e+02 4.44083613e-32
 1.25637255e+02 4.62918586e-32
 1.25811586e+02 4.77223011e-32
 1.25985917e+02 4.84588177e-32
 1.26160249e+02 4.83262513e-32
 1.26334580e+02 4.76077277e-32
 1.26508911e+02 4.67815307e-32
 1.26683242e+02 4.63266652e-32
 1.26857573e+02 4.66869787e-32
 1.27031904e+02 4.77608421e-32
 1.27206235e+02 4.90165596e-32
 1.27380566e+02 4.99107694e-32
 1.27554897e+02 4.99080075e-32
 1.27729228e+02 4.88576856e-32
 1.27903560e+02 4.71595671e-32
 1.28077891e+02 4.52557409e-32
 1.28252222e+02 4.35879763e-32
 1.28426553e+02 4.24145197e-32
 1.28600884e+02 4.15029647e-32
 1.28775215e+02 4.05397821e-32
 1.28949546e+02 3.92114428e-32
 1.29123877e+02 3.72772710e-32
 1.29298208e+02 3.48798745e-32
 1.29472539e+02 3.22874607e-32
 1.29646871e+02 2.97683100e-32
 1.29821202e+02 2.75681664e-32
 1.29995533e+02 2.56846892e-32
 1.30169864e+02 2.39618441e-32
 1.30344195e+02 2.22413068e-32
 1.30518526e+02 2.03692944e-32
 1.30692857e+02 1.83226797e-32
 1.30867188e+02 1.62254503e-32
 1.31041519e+02 1.42094418e-32
 1.31215851e+02 1.24060946e-32
 1.31390182e+02 1.08862146e-32
 1.31564513e+02 9.59522603e-33
 1.31738844e+02 8.46302380e-33
 1.31913175e+02 7.41950286e-33
 1.32087506e+02 6.41130496e-33
 1.32261837e+02 5.45205897e-33
 1.32436168e+02 4.57214053e-33
 1.32610499e+02 3.80192530e-33
 1.32784830e+02 3.16737295e-33
 1.32959162e+02 2.65878896e-33
 1.33133493e+02 2.24923644e-33
 1.33307824e+02 1.91166613e-33
 1.33482155e+02 1.61992227e-33
 1.33656486e+02 1.36459824e-33
 1.33830817e+02 1.15116263e-33
 1.34005148e+02 9.85601104e-34
 1.34179479e+02 8.73797581e-34
 1.34353810e+02 8.14807674e-34
 1.34528141e+02 7.96665060e-34
 1.34702473e+02 8.06402180e-34
 1.34876804e+02 8.31052743e-34
 1.35051135e+02 8.59842860e-34
 1.35225466e+02 8.88689026e-34
 1.35399797e+02 9.14779427e-34
 1.35574128e+02 9.35302251e-34
 1.35748459e+02 9.47518843e-34
 1.35922790e+02 9.49133014e-34
 1.36097121e+02 9.38014078e-34
 1.36271452e+02 9.12031636e-34
 1.36445784e+02 8.69185893e-34
 1.36620115e+02 8.09175282e-34
 1.36794446e+02 7.32885850e-34
 1.36968777e+02 6.41228016e-34
 1.37143108e+02 5.35200614e-34
 1.37317439e+02 4.19061939e-34
 1.37491770e+02 3.01204441e-34
 1.37666101e+02 1.90287027e-34
 1.37840432e+02 9.49710475e-35
 1.38014763e+02 2.45791355e-35
 1.38189095e+02 -1.00132029e-35
 1.38363426e+02 2.29220566e-36
 1.38537757e+02 7.25935347e-35
 1.38712088e+02 2.10812723e-34
 1.38886419e+02 4.21478504e-34
 1.39060750e+02 7.07574798e-34
 1.39235081e+02 1.07208539e-33
 1.39409412e+02 1.51878742e-33
 1.39583743e+02 2.05891265e-33
 1.39758074e+02 2.70777728e-33
 1.39932406e+02 3.48073940e-33
 1.40106737e+02 4.39212356e-33
 1.40281068e+02 5.43248415e-33
 1.40455399e+02 6.56860529e-33
 1.40629730e+02 7.76623767e-33
 1.40804061e+02 8.99132277e-33
 1.40978392e+02 1.02284316e-32
 1.41152723e+02 1.14961360e-32
 1.41327054e+02 1.28166266e-32
 1.41501386e+02 1.42120926e-32
 1.41675717e+02 1.56919173e-32
 1.41850048e+02 1.72207757e-32
 1.42024379e+02 1.87535922e-32
 1.42198710e+02 2.02452911e-32
 1.42373041e+02 2.16554056e-32
 1.42547372e+02 2.29756101e-32
 1.42721703e+02 2.42112666e-32
 1.42896034e+02 2.53677876e-32
 1.43070365e+02 2.64505713e-32
 1.43244697e+02 2.74647964e-32
 1.43419028e+02 2.84154684e-32
 1.43593359e+02 2.93075880e-32
 1.43767690e+02 3.01460909e-32
 1.43942021e+02 3.09327414e-32
 1.44116352e+02 3.16647689e-32
 1.44290683e+02 3.23390539e-32
 1.44465014e+02 3.29524665e-32
 1.44639345e+02 3.34957066e-32
 1.44813676e+02 3.39429791e-32
 1.44988008e+02 3.42657614e-32
 1.45162339e+02 3.44355313e-32
 1.45336670e+02 3.44321124e-32
 1.45511001e+02 3.42792377e-32
 1.45685332e+02 3.40150293e-32
 1.45859663e+02 3.36776172e-32
 1.46033994e+02 3.33019247e-32
 1.46208325e+02 3.28875721e-32
 1.46382656e+02 3.24123089e-32
 1.46556987e+02 3.18535583e-32
 1.46731319e+02 3.11890111e-32
 1.46905650e+02 3.04040419e-32
 1.47079981e+02 2.94926776e-32
 1.47254312e+02 2.84494066e-32
 1.47428643e+02 2.72687799e-32
 1.47602974e+02 2.59549551e-32
 1.47777305e+02 2.45319546e-32
 1.47951636e+02 2.30262611e-32
 1.48125967e+02 2.14643574e-32
 1.48300298e+02 1.98727147e-32
 1.48474630e+02 1.82777594e-32
 1.48648961e+02 1.67059063e-32
 1.48823292e+02 1.51835702e-32
 1.48997623e+02 1.37347555e-32
 1.49171954e+02 1.23640033e-32
 1.49346285e+02 1.10664426e-32
 1.49520616e+02 9.83714086e-33
 1.49694947e+02 8.67244807e-33
 1.49869278e+02 7.59275143e-33
 1.50043609e+02 6.63978626e-33
 1.50217941e+02 5.85602994e-33
 1.50392272e+02 5.28361530e-33
 1.50566603e+02 4.94155232e-33
 1.50740934e+02 4.81152717e-33
 1.50915265e+02 4.87183552e-33
 1.51089596e+02 5.10077498e-33
 1.51263927e+02 5.48001480e-33
 1.51438258e+02 6.00151322e-33
 1.51612589e+02 6.65918418e-33
 1.51786921e+02 7.44694163e-33
 1.51961252e+02 8.35585518e-33
 1.52135583e+02 9.35979123e-33
 1.52309914e+02 1.04261815e-32
 1.52484245e+02 1.15224466e-32
 1.52658576e+02 1.26167987e-32
 1.52832907e+02 1.36877468e-32
 1.53007238e+02 1.47209999e-32
 1.53181569e+02 1.57024150e-32
 1.53355900e+02 1.66176904e-32
 1.53530232e+02 1.74466744e-32
 1.53704563e+02 1.81617953e-32
 1.53878894e+02 1.87350034e-32
 1.54053225e+02 1.91383054e-32
 1.54227556e+02 1.93590676e-32
 1.54401887e+02 1.94207235e-32
 1.54576218e+02 1.93518783e-32
 1.54750549e+02 1.91811373e-32
 1.54924880e+02 1.89335612e-32
 1.55099211e+02 1.86179576e-32
 1.55273543e+02 1.82384785e-32
 1.55447874e+02 1.77992760e-32
 1.55622205e+02 1.73059801e-32
 1.55796536e+02 1.67781146e-32
 1.55970867e+02 1.62428154e-32
 1.56145198e+02 1.57272962e-32
 1.56319529e+02 1.52584700e-32
 1.56493860e+02 1.48563295e-32
 1.56668191e+02 1.45339470e-32
 1.56842522e+02 1.43040940e-32
 1.57016854e+02 1.41795557e-32
 1.57191185e+02 1.41744702e-32
 1.57365516e+02 1.43054439e-32
 1.57539847e+02 1.45893464e-32
 1.57714178e+02 1.50430458e-32
 1.57888509e+02 1.56706728e-32
 1.58062840e+02 1.64318891e-32
 1.58237171e+02 1.72766580e-32
 1.58411502e+02 1.81549425e-32
 1.58585833e+02 1.90216465e-32
 1.58760165e+02 1.98661300e-32
 1.58934496e+02 2.06924257e-32
 1.59108827e+02 2.15046208e-32
 1.59283158e+02 2.23059843e-32
 1.59457489e+02 2.30870930e-32
 1.59631820e+02 2.38285167e-32
 1.59806151e+02 2.45105538e-32
 1.59980482e+02 2.51133947e-32
 1.60154813e+02 2.56119598e-32
 1.60329144e+02 2.59736334e-32
 1.60503476e+02 2.61652206e-32
 1.60677807e+02 2.61535503e-32
 1.60852138e+02 2.59191621e-32
 1.61026469e+02 2.54792517e-32
 1.61200800e+02 2.48570754e-32
 1.61375131e+02 2.40758895e-32
 1.61549462e+02 2.31575474e-32
 1.61723793e+02 2.21165217e-32
 1.61898124e+02 2.09648664e-32
 1.62072455e+02 1.97146340e-32
 1.62246787e+02 1.83778874e-32
 1.62421118e+02 1.69668022e-32
 1.62595449e+02 1.54936242e-32
 1.62769780e+02 1.39706000e-32
 1.62944111e+02 1.24103428e-32
 1.63118442e+02 1.08360117e-32
 1.63292773e+02 9.28263995e-33
 1.63467104e+02 7.78589408e-33
 1.63641435e+02 6.38138329e-33
 1.63815767e+02 5.09589611e-33
 1.63990098e+02 3.93798162e-33
 1.64164429e+02 2.91392980e-33
 1.64338760e+02 2.03003065e-33
 1.64513091e+02 1.29320712e-33
 1.64687422e+02 7.12913881e-34
 1.64861753e+02 2.99238578e-34
 1.65036084e+02 6.22688340e-35
 1.65210415e+02 1.11935617e-35
 1.65384746e+02 1.47945529e-34
 1.65559078e+02 4.70948426e-34
 1.65733409e+02 9.78603077e-34
 1.65907740e+02 1.66931520e-33
 1.66082071e+02 2.54158232e-33
 1.66256402e+02 3.59398345e-33
 1.66430733e+02 4.82510048e-33
 1.66605064e+02 6.23330055e-33
 1.66779395e+02 7.80254188e-33
 1.66953726e+02 9.49352452e-33
 1.67128057e+02 1.12648357e-32
 1.67302389e+02 1.30750718e-32
 1.67476720e+02 1.48986863e-32
 1.67651051e+02 1.67585219e-32
 1.67825382e+02 1.86866194e-32
 1.67999713e+02 2.07150193e-32
 1.68174044e+02 2.28640475e-32
 1.68348375e+02 2.50831765e-32
 1.68522706e+02 2.72953767e-32
 1.68697037e+02 2.94235725e-32
 1.68871368e+02 3.13963034e-32
 1.69045700e+02 3.32151246e-32
 1.69220031e+02 3.49326526e-32
 1.69394362e+02 3.66025519e-32
 1.69568693e+02 3.82765352e-32
 1.69743024e+02 3.99343592e-32
 1.69917355e+02 4.14645154e-32
 1.70091686e+02 4.27496129e-32
 1.70266017e+02 4.36724883e-32
 1.70440348e+02 4.41774717e-32
 1.70614679e+02 4.43532978e-32
 1.70789011e+02 4.43094074e-32
 1.70963342e+02 4.41552415e-32
 1.71137673e+02 4.39740666e-32
 1.71312004e+02 4.37291358e-32
 1.71486335e+02 4.33493260e-32
 1.71660666e+02 4.27635114e-32
 1.71834997e+02 4.19101528e-32
 1.72009328e+02 4.08177953e-32
 1.72183659e+02 3.95643418e-32
 1.72357990e+02 3.82282007e-32
 1.72532322e+02 3.68851113e-32
 1.72706653e+02 3.55494234e-32
 1.72880984e+02 3.41740969e-32
 1.73055315e+02 3.27094229e-32
 1.73229646e+02 3.11062138e-32
 1.73403977e+02 2.93662124e-32
 1.73578308e+02 2.75841152e-32
 1.73752639e+02 2.58645106e-32
 1.73926970e+02 2.43119846e-32
 1.74101302e+02 2.29962464e-32
 1.74275633e+02 2.18652461e-32
 1.74449964e+02 2.08403787e-32
 1.74624295e+02 1.98430389e-32
 1.74798626e+02 1.88064892e-32
 1.74972957e+02 1.77467559e-32
 1.75147288e+02 1.67151097e-32
 1.75321619e+02 1.57629518e-32
 1.75495950e+02 1.49384372e-32
 1.75670281e+02 1.42393598e-32
 1.75844613e+02 1.36238071e-32
 1.76018944e+02 1.30487897e-32
 1.76193275e+02 1.24716827e-32
 1.76367606e+02 1.18676222e-32
 1.76541937e+02 1.12371415e-32
 1.76716268e+02 1.05827275e-32
 1.76890599e+02 9.90686834e-33
 1.77064930e+02 9.21299518e-33
 1.77239261e+02 8.50705964e-33
 1.77413592e+02 7.79543009e-33
 1.77587924e+02 7.08447493e-33
 1.77762255e+02 6.38026145e-33
 1.77936586e+02 5.68727301e-33
 1.78110917e+02 5.00947394e-33
 1.78285248e+02 4.35082824e-33
 1.78459579e+02 3.71579695e-33
 1.78633910e+02 3.11431234e-33
 1.78808241e+02 2.55969621e-33
 1.78982572e+02 2.06532089e-33
 1.79156903e+02 1.64433238e-33
 1.79331235e+02 1.30336634e-33
 1.79505566e+02 1.04172788e-33
 1.79679897e+02 8.58331059e-34
 1.79854228e+02 7.52081500e-34
 1.80028559e+02 7.20588035e-34
 1.80202890e+02 7.58777991e-34
 1.80377221e+02 8.61246572e-34
 1.80551552e+02 1.02258898e-33
 1.80725883e+02 1.23792194e-33
 1.80900214e+02 1.50444818e-33
 1.81074546e+02 1.81989197e-33
 1.81248877e+02 2.18197756e-33
 1.81423208e+02 2.58723628e-33
 1.81597539e+02 3.02256797e-33
 1.81771870e+02 3.47021465e-33
 1.81946201e+02 3.91238800e-33
 1.82120532e+02 4.33173286e-33
 1.82294863e+02 4.71901392e-33
 1.82469194e+02 5.07220729e-33
 1.82643525e+02 5.38953974e-33
 1.82817857e+02 5.66925577e-33
 1.82992188e+02 5.91078921e-33
 1.83166519e+02 6.11549366e-33
 1.83340850e+02 6.28489712e-33
 1.83515181e+02 6.42052863e-33
 1.83689512e+02 6.52573038e-33
 1.83863843e+02 6.60937764e-33
 1.84038174e+02 6.68139737e-33
 1.84212505e+02 6.75171653e-33
 1.84386836e+02 6.83020380e-33
 1.84561168e+02 6.92637535e-33
 1.84735499e+02 7.04961545e-33
 1.84909830e+02 7.20930816e-33
 1.85084161e+02 7.41501747e-33
 1.85258492e+02 7.67864685e-33
 1.85432823e+02 8.01373586e-33
 1.85607154e+02 8.43385761e-33
 1.85781485e+02 8.95232203e-33
 1.85955816e+02 9.57273640e-33
 1.86130148e+02 1.02864016e-32
 1.86304479e+02 1.10838252e-32
 1.86478810e+02 1.19555103e-32
 1.86653141e+02 1.28906748e-32
 1.86827472e+02 1.38755193e-32
 1.87001803e+02 1.48958119e-32
 1.87176134e+02 1.59373205e-32
 1.87350465e+02 1.69856914e-32
 1.87524796e+02 1.80260126e-32
 1.87699127e+02 1.90432121e-32
 1.87873459e+02 2.00222181e-32
 1.88047790e+02 2.09488742e-32
 1.88222121e+02 2.18176271e-32
 1.88396452e+02 2.26276371e-32
 1.88570783e+02 2.33781128e-32
 1.88745114e+02 2.40681251e-32
 1.88919445e+02 2.46935754e-32
 1.89093776e+02 2.52471960e-32
 1.89268107e+02 2.57215811e-32
 1.89442438e+02 2.61093798e-32
 1.89616770e+02 2.64085718e-32
 1.89791101e+02 2.66268661e-32
 1.89965432e+02 2.67730072e-32
 1.90139763e+02 2.68557398e-32
 1.90314094e+02 2.68890599e-32
 1.90488425e+02 2.69052949e-32
 1.90662756e+02 2.69407706e-32
 1.90837087e+02 2.70318126e-32
 1.91011418e+02 2.72133601e-32
 1.91185749e+02 2.75106833e-32
 1.91360081e+02 2.79449344e-32
 1.91534412e+02 2.85372508e-32
 1.91708743e+02 2.93079973e-32
 1.91883074e+02 3.02655579e-32
 1.92057405e+02 3.14088701e-32
 1.92231736e+02 3.27366150e-32
 1.92406067e+02 3.42471746e-32
 1.92580398e+02 3.59243337e-32
 1.92754729e+02 3.77310043e-32
 1.92929060e+02 3.96284933e-32
 1.93103392e+02 4.15781031e-32
 1.93277723e+02 4.35385385e-32
 1.93452054e+02 4.54615600e-32
 1.93626385e+02 4.72977800e-32
 1.93800716e+02 4.89978108e-32
 1.93975047e+02 5.05158134e-32
 1.94149378e+02 5.18246180e-32
 1.94323709e+02 5.29031727e-32
 1.94498040e+02 5.37304291e-32
 1.94672371e+02 5.42859015e-32
 1.94846703e+02 5.45552998e-32
 1.95021034e+02 5.45281716e-32
 1.95195365e+02 5.41941220e-32
 1.95369696e+02 5.35432786e-32
 1.95544027e+02 5.25807971e-32
 1.95718358e+02 5.13287551e-32
 1.95892689e+02 4.98101328e-32
 1.96067020e+02 4.80479105e-32
 1.96241351e+02 4.60650684e-32
 1.96415683e+02 4.38845868e-32
 1.96590014e+02 4.15294459e-32
 1.96764345e+02 3.90226259e-32
