 1.21581204e+04 1.91912600e-06
 1.21642177e+04 2.00779516e-06
 1.21703150e+04 2.09716927e-06
 1.21764122e+04 2.18103786e-06
 1.21825095e+04 2.26473707e-06
 1.21886068e+04 2.35911998e-06
 1.21947040e+04 2.46590998e-06
 1.22008013e+04 2.57448651e-06
 1.22068986e+04 2.67637696e-06
 1.22129958e+04 2.77832622e-06
 1.22190931e+04 2.89378997e-06
 1.22251904e+04 3.02311478e-06
 1.22312876e+04 3.15194533e-06
 1.22373849e+04 3.27289263e-06
 1.22434822e+04 3.39838224e-06
 1.22495794e+04 3.54243020e-06
 1.22556767e+04 3.69773554e-06
 1.22617740e+04 3.84635829e-06
 1.22678712e+04 3.98983067e-06
 1.22739685e+04 4.14858664e-06
 1.22800658e+04 4.32791089e-06
 1.22861630e+04 4.50749641e-06
 1.22922603e+04 4.67646124e-06
 1.22983576e+04 4.85460964e-06
 1.23044548e+04 5.05849440e-06
 1.23105521e+04 5.27024819e-06
 1.23166494e+04 5.46940001e-06
 1.23227466e+04 5.67292267e-06
 1.23288439e+04 5.90538025e-06
 1.23349412e+04 6.15107973e-06
 1.23410384e+04 6.38303555e-06
 1.23471357e+04 6.61782889e-06
 1.23532330e+04 6.88528360e-06
 1.23593302e+04 7.16761273e-06
 1.23654275e+04 7.43407087e-06
 1.23715248e+04 7.70663396e-06
 1.23776220e+04 8.01693286e-06
 1.23837193e+04 8.33820272e-06
 1.23898166e+04 8.64114788e-06
 1.23959138e+04 8.96038282e-06
 1.24020111e+04 9.32120219e-06
 1.24081084e+04 9.68161728e-06
 1.24142056e+04 1.00259572e-05
 1.24203029e+04 1.04044124e-05
 1.24264002e+04 1.08194771e-05
 1.24324974e+04 1.12176259e-05
 1.24385947e+04 1.16161665e-05
 1.24446920e+04 1.20667014e-05
 1.24507892e+04 1.25309643e-05
 1.24568865e+04 1.29715040e-05
 1.24629838e+04 1.34473172e-05
 1.24690810e+04 1.39711397e-05
 1.24751783e+04 1.44750020e-05
 1.24812756e+04 1.49827040e-05
 1.24873728e+04 1.55545967e-05
 1.24934701e+04 1.61318191e-05
 1.24995674e+04 1.66873099e-05
 1.25056646e+04 1.73020099e-05
 1.25117619e+04 1.79532842e-05
 1.25178592e+04 1.85723128e-05
 1.25239564e+04 1.92329694e-05
 1.25300537e+04 1.99561859e-05
 1.25361510e+04 2.06499522e-05
 1.25422482e+04 2.13650512e-05
 1.25483455e+04 2.21600959e-05
 1.25544428e+04 2.29354081e-05
 1.25605400e+04 2.37151748e-05
 1.25666373e+04 2.45855917e-05
 1.25727346e+04 2.54467148e-05
 1.25788318e+04 2.63011163e-05
 1.25849291e+04 2.72538086e-05
 1.25910264e+04 2.82039971e-05
 1.25971236e+04 2.91424248e-05
 1.26032209e+04 3.01866825e-05
 1.26093182e+04 3.12288065e-05
 1.26154154e+04 3.22608905e-05
 1.26215127e+04 3.34072431e-05
 1.26276100e+04 3.45438063e-05
 1.26337072e+04 3.56808723e-05
 1.26398045e+04 3.69395769e-05
 1.26459017e+04 3.81729025e-05
 1.26519990e+04 3.94295798e-05
 1.26580963e+04 4.08083175e-05
 1.26641935e+04 4.21420414e-05
 1.26702908e+04 4.35369842e-05
 1.26763881e+04 4.50378865e-05
 1.26824853e+04 4.64808978e-05
 1.26885826e+04 4.80345507e-05
 1.26946799e+04 4.96524793e-05
 1.27007771e+04 5.12250189e-05
 1.27068744e+04 5.29520561e-05
 1.27129717e+04 5.46787234e-05
 1.27190689e+04 5.64161512e-05
 1.27251662e+04 5.83136657e-05
 1.27312635e+04 6.01523301e-05
 1.27373607e+04 6.20966498e-05
 1.27434580e+04 6.41387016e-05
 1.27495553e+04 6.61248953e-05
 1.27556525e+04 6.82968417e-05
 1.27617498e+04 7.04547953e-05
 1.27678471e+04 7.26583590e-05
 1.27739443e+04 7.50272242e-05
 1.27800416e+04 7.73196670e-05
 1.27861389e+04 7.97969679e-05
 1.27922361e+04 8.22999557e-05
 1.27983334e+04 8.48202011e-05
 1.28044307e+04 8.75407698e-05
 1.28105279e+04 9.01786036e-05
 1.28166252e+04 9.30166979e-05
 1.28227225e+04 9.58831836e-05
 1.28288197e+04 9.87815867e-05
 1.28349170e+04 1.01888469e-04
 1.28410143e+04 1.04907805e-04
 1.28471115e+04 1.08171698e-04
 1.28532088e+04 1.11418092e-04
 1.28593061e+04 1.14769574e-04
 1.28654033e+04 1.18286662e-04
 1.28715006e+04 1.21745909e-04
 1.28775979e+04 1.25488266e-04
 1.28836951e+04 1.29142383e-04
 1.28897924e+04 1.33034458e-04
 1.28958897e+04 1.36962233e-04
 1.29019869e+04 1.40969619e-04
 1.29080842e+04 1.45189733e-04
 1.29141815e+04 1.49343522e-04
 1.29202787e+04 1.53818021e-04
 1.29263760e+04 1.58189029e-04
 1.29324733e+04 1.62862586e-04
 1.29385705e+04 1.67518149e-04
 1.29446678e+04 1.72356982e-04
 1.29507651e+04 1.77331999e-04
 1.29568623e+04 1.82340291e-04
 1.29629596e+04 1.87633233e-04
 1.29690569e+04 1.92846712e-04
 1.29751541e+04 1.98433379e-04
 1.29812514e+04 2.03901630e-04
 1.29873487e+04 2.09753635e-04
 1.29934459e+04 2.15523325e-04
 1.29995432e+04 2.21621597e-04
 1.30056405e+04 2.27726914e-04
 1.30117377e+04 2.34067231e-04
 1.30178350e+04 2.40528042e-04
 1.30239323e+04 2.47119922e-04
 1.30300295e+04 2.53944930e-04
 1.30361268e+04 2.60807241e-04
 1.30422241e+04 2.67998933e-04
 1.30483213e+04 2.75154931e-04
 1.30544186e+04 2.82714111e-04
 1.30605159e+04 2.90187619e-04
 1.30666131e+04 2.98116445e-04
 1.30727104e+04 3.05929546e-04
 1.30788077e+04 3.14233085e-04
 1.30849049e+04 3.22405278e-04
 1.30910022e+04 3.31091819e-04
 1.30970995e+04 3.39640061e-04
 1.31031967e+04 3.48720714e-04
 1.31092940e+04 3.57660113e-04
 1.31153913e+04 3.67147969e-04
 1.31214885e+04 3.76492700e-04
 1.31275858e+04 3.86401751e-04
 1.31336831e+04 3.96166238e-04
 1.31397803e+04 4.06510169e-04
 1.31458776e+04 4.16710346e-04
 1.31519749e+04 4.27501124e-04
 1.31580721e+04 4.38155876e-04
 1.31641694e+04 4.49402342e-04
 1.31702667e+04 4.60534881e-04
 1.31763639e+04 4.72241438e-04
 1.31824612e+04 4.83880283e-04
 1.31885585e+04 4.96046388e-04
 1.31946557e+04 5.08225246e-04
 1.32007530e+04 5.20846401e-04
 1.32068502e+04 5.33601920e-04
 1.32129475e+04 5.46673336e-04
 1.32190448e+04 5.60039821e-04
 1.32251420e+04 5.73563402e-04
 1.32312393e+04 5.87564204e-04
 1.32373366e+04 6.01558323e-04
 1.32434338e+04 6.16195565e-04
 1.32495311e+04 6.30704638e-04
 1.32556284e+04 6.45951823e-04
 1.32617256e+04 6.61049669e-04
 1.32678229e+04 6.76854303e-04
 1.32739202e+04 6.92633571e-04
 1.32800174e+04 7.08936841e-04
 1.32861147e+04 7.25480040e-04
 1.32922120e+04 7.42253638e-04
 1.32983092e+04 7.59591846e-04
 1.33044065e+04 7.76877949e-04
 1.33105038e+04 7.94959647e-04
 1.33166010e+04 8.12884574e-04
 1.33226983e+04 8.31587538e-04
 1.33287956e+04 8.50318816e-04
 1.33348928e+04 8.69524434e-04
 1.33409901e+04 8.89171746e-04
 1.33470874e+04 9.08873699e-04
 1.33531846e+04 9.29392860e-04
 1.33592819e+04 9.49754070e-04
 1.33653792e+04 9.70953483e-04
 1.33714764e+04 9.92221538e-04
 1.33775737e+04 1.01392180e-03
 1.33836710e+04 1.03621997e-03
 1.33897682e+04 1.05846404e-03
 1.33958655e+04 1.08164197e-03
 1.34019628e+04 1.10472380e-03
 1.34080600e+04 1.12848513e-03
 1.34141573e+04 1.15267431e-03
 1.34202546e+04 1.17693653e-03
 1.34263518e+04 1.20214383e-03
 1.34324491e+04 1.22721981e-03
 1.34385464e+04 1.25306679e-03
 1.34446436e+04 1.27932353e-03
 1.34507409e+04 1.30566763e-03
 1.34568382e+04 1.33300336e-03
 1.34629354e+04 1.36023279e-03
 1.34690327e+04 1.38818023e-03
 1.34751300e+04 1.41669300e-03
 1.34812272e+04 1.44517981e-03
 1.34873245e+04 1.47471639e-03
 1.34934218e+04 1.50428936e-03
 1.34995190e+04 1.53433499e-03
 1.35056163e+04 1.56525236e-03
 1.35117136e+04 1.59602582e-03
 1.35178108e+04 1.62773330e-03
 1.35239081e+04 1.65987781e-03
 1.35300054e+04 1.69207912e-03
 1.35361026e+04 1.72538496e-03
 1.35421999e+04 1.75874965e-03
 1.35482972e+04 1.79254439e-03
 1.35543944e+04 1.82734267e-03
 1.35604917e+04 1.86202092e-03
 1.35665890e+04 1.89747558e-03
 1.35726862e+04 1.93370146e-03
 1.35787835e+04 1.96980916e-03
 1.35848808e+04 2.00692424e-03
 1.35909780e+04 2.04457179e-03
 1.35970753e+04 2.08219972e-03
 1.36031726e+04 2.12095356e-03
 1.36092698e+04 2.16005833e-03
 1.36153671e+04 2.19926010e-03
 1.36214644e+04 2.23963503e-03
 1.36275616e+04 2.28025169e-03
 1.36336589e+04 2.32105089e-03
 1.36397562e+04 2.36304002e-03
 1.36458534e+04 2.40522850e-03
 1.36519507e+04 2.44763065e-03
 1.36580480e+04 2.49123296e-03
 1.36641452e+04 2.53505331e-03
 1.36702425e+04 2.57905750e-03
 1.36763398e+04 2.62426764e-03
 1.36824370e+04 2.66977883e-03
 1.36885343e+04 2.71538957e-03
 1.36946316e+04 2.76218734e-03
 1.37007288e+04 2.80944296e-03
 1.37068261e+04 2.85668456e-03
 1.37129234e+04 2.90502918e-03
 1.37190206e+04 2.95406368e-03
 1.37251179e+04 3.00299549e-03
 1.37312152e+04 3.05283392e-03
 1.37373124e+04 3.10363589e-03
 1.37434097e+04 3.15435766e-03
 1.37495069e+04 3.20565781e-03
 1.37556042e+04 3.25814034e-03
 1.37617015e+04 3.31076508e-03
 1.37677987e+04 3.36357351e-03
 1.37738960e+04 3.41757439e-03
 1.37799933e+04 3.47214988e-03
 1.37860905e+04 3.52663748e-03
 1.37921878e+04 3.58199749e-03
 1.37982851e+04 3.63840210e-03
 1.38043823e+04 3.69481579e-03
 1.38104796e+04 3.75153988e-03
 1.38165769e+04 3.80946589e-03
 1.38226741e+04 3.86792644e-03
 1.38287714e+04 3.92629684e-03
 1.38348687e+04 3.98546147e-03
 1.38409659e+04 4.04573082e-03
 1.38470632e+04 4.10612946e-03
 1.38531605e+04 4.16663597e-03
 1.38592577e+04 4.22821320e-03
 1.38653550e+04 4.29063712e-03
 1.38714523e+04 4.35300581e-03
 1.38775495e+04 4.41571790e-03
 1.38836468e+04 4.47958290e-03
 1.38897441e+04 4.54407637e-03
 1.38958413e+04 4.60846748e-03
 1.39019386e+04 4.67334552e-03
 1.39080359e+04 4.73936937e-03
 1.39141331e+04 4.80591250e-03
 1.39202304e+04 4.87234810e-03
 1.39263277e+04 4.93929355e-03
 1.39324249e+04 5.00735812e-03
 1.39385222e+04 5.07594794e-03
 1.39446195e+04 5.14442917e-03
 1.39507167e+04 5.21332644e-03
 1.39568140e+04 5.28330149e-03
 1.39629113e+04 5.35391425e-03
 1.39690085e+04 5.42444798e-03
 1.39751058e+04 5.49520313e-03
 1.39812031e+04 5.56692561e-03
 1.39873003e+04 5.63947261e-03
 1.39933976e+04 5.71207641e-03
 1.39994949e+04 5.78466844e-03
 1.40055921e+04 5.85796547e-03
 1.40116894e+04 5.93224194e-03
 1.40177867e+04 6.00688292e-03
 1.40238839e+04 6.08139873e-03
 1.40299812e+04 6.15619346e-03
 1.40360785e+04 6.23188992e-03
 1.40421757e+04 6.30834633e-03
 1.40482730e+04 6.38488923e-03
 1.40543703e+04 6.46133604e-03
 1.40604675e+04 6.53823850e-03
 1.40665648e+04 6.61604049e-03
 1.40726621e+04 6.69443389e-03
 1.40787593e+04 6.77281307e-03
 1.40848566e+04 6.85111996e-03
 1.40909539e+04 6.92989226e-03
 1.40970511e+04 7.00950480e-03
 1.41031484e+04 7.08966924e-03
 1.41092457e+04 7.16982794e-03
 1.41153429e+04 7.24987077e-03
 1.41214402e+04 7.33024503e-03
 1.41275375e+04 7.41136726e-03
 1.41336347e+04 7.49310810e-03
 1.41397320e+04 7.57496262e-03
 1.41458293e+04 7.65665164e-03
 1.41519265e+04 7.73842403e-03
 1.41580238e+04 7.82074050e-03
 1.41641211e+04 7.90374238e-03
 1.41702183e+04 7.98710487e-03
 1.41763156e+04 8.07039980e-03
 1.41824129e+04 8.15354207e-03
 1.41885101e+04 8.23685104e-03
 1.41946074e+04 8.32069878e-03
 1.42007047e+04 8.40513174e-03
 1.42068019e+04 8.48983642e-03
 1.42128992e+04 8.57445006e-03
 1.42189965e+04 8.65889358e-03
 1.42250937e+04 8.74342015e-03
 1.42311910e+04 8.82836356e-03
 1.42372883e+04 8.91383638e-03
 1.42433855e+04 8.99964193e-03
 1.42494828e+04 9.08545203e-03
 1.42555801e+04 9.17107751e-03
 1.42616773e+04 9.25660474e-03
 1.42677746e+04 9.34230558e-03
 1.42738719e+04 9.42841415e-03
 1.42799691e+04 9.51495198e-03
 1.42860664e+04 9.60172380e-03
 1.42921636e+04 9.68846772e-03
 1.42982609e+04 9.77503752e-03
 1.43043582e+04 9.86148992e-03
 1.43104554e+04 9.94803022e-03
 1.43165527e+04 1.00348687e-02
 1.43226500e+04 1.01220885e-02
 1.43287472e+04 1.02096053e-02
 1.43348445e+04 1.02972300e-02
 1.43409418e+04 1.03847858e-02
 1.43470390e+04 1.04722062e-02
 1.43531363e+04 1.05595629e-02
 1.43592336e+04 1.06470181e-02
 1.43653308e+04 1.07347361e-02
 1.43714281e+04 1.08228054e-02
 1.43775254e+04 1.09112068e-02
 1.43836226e+04 1.09998366e-02
 1.43897199e+04 1.10885664e-02
 1.43958172e+04 1.11773068e-02
 1.44019144e+04 1.12660475e-02
 1.44080117e+04 1.13548607e-02
 1.44141090e+04 1.14438712e-02
 1.44202062e+04 1.15332123e-02
 1.44263035e+04 1.16229851e-02
 1.44324008e+04 1.17132361e-02
 1.44384980e+04 1.18039591e-02
 1.44445953e+04 1.18951146e-02
 1.44506926e+04 1.19866600e-02
 1.44567898e+04 1.20785767e-02
 1.44628871e+04 1.21708881e-02
 1.44689844e+04 1.22636642e-02
 1.44750816e+04 1.23570142e-02
 1.44811789e+04 1.24510723e-02
 1.44872762e+04 1.25459813e-02
 1.44933734e+04 1.26418795e-02
 1.44994707e+04 1.27388934e-02
 1.45055680e+04 1.28371379e-02
 1.45116652e+04 1.29367212e-02
 1.45177625e+04 1.30377549e-02
 1.45238598e+04 1.31403642e-02
 1.45299570e+04 1.32446989e-02
 1.45360543e+04 1.33509411e-02
 1.45421516e+04 1.34593118e-02
 1.45482488e+04 1.35700751e-02
 1.45543461e+04 1.36835401e-02
 1.45604434e+04 1.38000640e-02
 1.45665406e+04 1.39200543e-02
 1.45726379e+04 1.40439730e-02
 1.45787352e+04 1.41723429e-02
 1.45848324e+04 1.43057560e-02
 1.45909297e+04 1.44448851e-02
 1.45970270e+04 1.45904984e-02
 1.46031242e+04 1.47434772e-02
 1.46092215e+04 1.49048379e-02
 1.46153188e+04 1.50757574e-02
 1.46214160e+04 1.52576041e-02
 1.46275133e+04 1.54519744e-02
 1.46336106e+04 1.56607357e-02
 1.46397078e+04 1.58860786e-02
 1.46458051e+04 1.61305784e-02
 1.46519024e+04 1.63972696e-02
 1.46579996e+04 1.66897348e-02
 1.46640969e+04 1.70122115e-02
 1.46701942e+04 1.73697205e-02
 1.46762914e+04 1.77682201e-02
 1.46823887e+04 1.82147899e-02
 1.46884860e+04 1.87178524e-02
 1.46945832e+04 1.92874351e-02
 1.47006805e+04 1.99354843e-02
 1.47067778e+04 2.06762348e-02
 1.47128750e+04 2.15266478e-02
 1.47189723e+04 2.25069228e-02
 1.47250696e+04 2.36410952e-02
 1.47311668e+04 2.49577273e-02
 1.47372641e+04 2.64907001e-02
 1.47433614e+04 2.82801123e-02
 1.47494586e+04 3.03732869e-02
 1.47555559e+04 3.28258818e-02
 1.47616532e+04 3.57030933e-02
 1.47677504e+04 3.90809283e-02
 1.47738477e+04 4.30475096e-02
 1.47799450e+04 4.77043609e-02
 1.47860422e+04 5.31675948e-02
 1.47921395e+04 5.95689073e-02
 1.47982368e+04 6.70562518e-02
 1.48043340e+04 7.57940428e-02
 1.48104313e+04 8.59627141e-02
 1.48165286e+04 9.77574409e-02
 1.48226258e+04 1.11385832e-01
 1.48287231e+04 1.27064416e-01
 1.48348204e+04 1.45013793e-01
 1.48409176e+04 1.65452411e-01
 1.48470149e+04 1.88589055e-01
 1.48531121e+04 2.14614345e-01
 1.48592094e+04 2.43691760e-01
 1.48653067e+04 2.75949029e-01
 1.48714039e+04 3.11471047e-01
 1.48775012e+04 3.50295815e-01
 1.48835985e+04 3.92415162e-01
 1.48896957e+04 4.37782163e-01
 1.48957930e+04 4.86327095e-01
 1.49018903e+04 5.37983352e-01
 1.49079875e+04 5.92723949e-01
 1.49140848e+04 6.50607933e-01
 1.49201821e+04 7.11834240e-01
 1.49262793e+04 7.76798363e-01
 1.49323766e+04 8.46144835e-01
 1.49384739e+04 9.20806423e-01
 1.49445711e+04 1.00201947e+00
 1.49506684e+04 1.09130485e+00
 1.49567657e+04 1.19040586e+00
 1.49628629e+04 1.30117891e+00
 1.49689602e+04 1.42543993e+00
 1.49750575e+04 1.56477861e+00
 1.49811547e+04 1.72036297e+00
 1.49872520e+04 1.89276578e+00
 1.49933493e+04 2.08184996e+00
 1.49994465e+04 2.28674868e+00
 1.50055438e+04 2.50596534e+00
 1.50116411e+04 2.73759786e+00
 1.50177383e+04 2.97966212e+00
 1.50238356e+04 3.23045608e+00
 1.50299329e+04 3.48887612e+00
 1.50360301e+04 3.75458238e+00
 1.50421274e+04 4.02791863e+00
 1.50482247e+04 4.30953195e+00
 1.50543219e+04 4.59970749e+00
 1.50604192e+04 4.89752111e+00
 1.50665165e+04 5.19999731e+00
 1.50726137e+04 5.50151087e+00
 1.50787110e+04 5.79366077e+00
 1.50848083e+04 6.06575749e+00
 1.50909055e+04 6.30590698e+00
 1.50970028e+04 6.50248298e+00
 1.51031001e+04 6.64561562e+00
 1.51091973e+04 6.72825921e+00
 1.51152946e+04 6.74648893e+00
 1.51213919e+04 6.69891881e+00
 1.51274891e+04 6.58547191e+00
 1.51335864e+04 6.40604477e+00
 1.51396837e+04 6.15974796e+00
 1.51457809e+04 5.84526479e+00
 1.51518782e+04 5.46244835e+00
 1.51579755e+04 5.01470467e+00
 1.51640727e+04 4.51122829e+00
 1.51701700e+04 3.96802354e+00
 1.51762673e+04 3.40699831e+00
 1.51823645e+04 2.85317359e+00
 1.51884618e+04 2.33089254e+00
 1.51945591e+04 1.86040700e+00
 1.52006563e+04 1.45604949e+00
 1.52067536e+04 1.12637534e+00
 1.52128509e+04 8.75584819e-01
 1.52189481e+04 7.04837787e-01
 1.52250454e+04 6.12244325e-01
 1.52311427e+04 5.91355109e-01
 1.52372399e+04 6.29290866e-01
 1.52433372e+04 7.06346696e-01
 1.52494345e+04 7.98368551e-01
 1.52555317e+04 8.81595810e-01
 1.52616290e+04 9.37982261e-01
 1.52677263e+04 9.58459489e-01
 1.52738235e+04 9.42735869e-01
 1.52799208e+04 8.96364526e-01
 1.52860181e+04 8.27420316e-01
 1.52921153e+04 7.44910556e-01
 1.52982126e+04 6.59099809e-01
 1.53043099e+04 5.81858755e-01
 1.53104071e+04 5.24863058e-01
 1.53165044e+04 4.95478184e-01
 1.53226017e+04 4.92857847e-01
 1.53286989e+04 5.07600569e-01
 1.53347962e+04 5.26078026e-01
 1.53408935e+04 5.36883768e-01
 1.53469907e+04 5.35024741e-01
 1.53530880e+04 5.21404905e-01
 1.53591853e+04 4.99246805e-01
 1.53652825e+04 4.71452854e-01
 1.53713798e+04 4.41112584e-01
 1.53774771e+04 4.13272557e-01
 1.53835743e+04 3.94255375e-01
 1.53896716e+04 3.87621532e-01
 1.53957688e+04 3.90437345e-01
 1.54018661e+04 3.94402185e-01
 1.54079634e+04 3.91822983e-01
 1.54140606e+04 3.81060761e-01
 1.54201579e+04 3.66241612e-01
 1.54262552e+04 3.52101691e-01
 1.54323524e+04 3.39996875e-01
 1.54384497e+04 3.29092426e-01
 1.54445470e+04 3.19930384e-01
 1.54506442e+04 3.14674489e-01
 1.54567415e+04 3.13358857e-01
 1.54628388e+04 3.11772874e-01
 1.54689360e+04 3.05131018e-01
 1.54750333e+04 2.93641883e-01
 1.54811306e+04 2.82550018e-01
 1.54872278e+04 2.76026450e-01
 1.54933251e+04 2.72701780e-01
 1.54994224e+04 2.68562521e-01
 1.55055196e+04 2.62667143e-01
 1.55116169e+04 2.57402569e-01
 1.55177142e+04 2.53574484e-01
 1.55238114e+04 2.48641503e-01
 1.55299087e+04 2.41179480e-01
 1.55360060e+04 2.34122916e-01
 1.55421032e+04 2.30750884e-01
 1.55482005e+04 2.29363727e-01
 1.55542978e+04 2.25555679e-01
 1.55603950e+04 2.18919979e-01
 1.55664923e+04 2.13368631e-01
 1.55725896e+04 2.10577432e-01
 1.55786868e+04 2.07630829e-01
 1.55847841e+04 2.02629695e-01
 1.55908814e+04 1.98037729e-01
 1.55969786e+04 1.95758724e-01
 1.56030759e+04 1.93245144e-01
 1.56091732e+04 1.88215198e-01
 1.56152704e+04 1.83231347e-01
 1.56213677e+04 1.81116550e-01
 1.56274650e+04 1.79580010e-01
 1.56335622e+04 1.75478140e-01
 1.56396595e+04 1.70734955e-01
 1.56457568e+04 1.68432987e-01
 1.56518540e+04 1.66789754e-01
 1.56579513e+04 1.63000786e-01
 1.56640486e+04 1.59009322e-01
 1.56701458e+04 1.57290782e-01
 1.56762431e+04 1.55525979e-01
 1.56823404e+04 1.51549153e-01
 1.56884376e+04 1.48093750e-01
 1.56945349e+04 1.46947279e-01
 1.57006322e+04 1.45024892e-01
 1.57067294e+04 1.41076506e-01
 1.57128267e+04 1.38396229e-01
 1.57189240e+04 1.37467708e-01
 1.57250212e+04 1.34974144e-01
 1.57311185e+04 1.31390245e-01
 1.57372158e+04 1.29781582e-01
 1.57433130e+04 1.28622080e-01
 1.57494103e+04 1.25445070e-01
 1.57555076e+04 1.22726933e-01
 1.57616048e+04 1.21933421e-01
 1.57677021e+04 1.19966416e-01
 1.57737994e+04 1.16694997e-01
 1.57798966e+04 1.15259013e-01
 1.57859939e+04 1.14326093e-01
 1.57920912e+04 1.11450386e-01
 1.57981884e+04 1.09177366e-01
 1.58042857e+04 1.08544956e-01
 1.58103830e+04 1.06482843e-01
 1.58164802e+04 1.03749807e-01
 1.58225775e+04 1.02908087e-01
 1.58286748e+04 1.01612529e-01
 1.58347720e+04 9.88305935e-02
 1.58408693e+04 9.75628120e-02
 1.58469666e+04 9.68001278e-02
 1.58530638e+04 9.42755527e-02
 1.58591611e+04 9.25952770e-02
 1.58652584e+04 9.20850477e-02
 1.58713556e+04 8.99398548e-02
 1.58774529e+04 8.79979343e-02
 1.58835502e+04 8.75550844e-02
 1.58896474e+04 8.57566286e-02
 1.58957447e+04 8.37006686e-02
 1.59018420e+04 8.32565566e-02
 1.59079392e+04 8.17190634e-02
 1.59140365e+04 7.96481289e-02
 1.59201338e+04 7.91960272e-02
 1.59262310e+04 7.78259008e-02
 1.59323283e+04 7.58073658e-02
 1.59384256e+04 7.53697359e-02
 1.59445228e+04 7.40730260e-02
 1.59506201e+04 7.21567210e-02
 1.59567173e+04 7.17659481e-02
 1.59628146e+04 7.04563128e-02
 1.59689119e+04 6.86882154e-02
 1.59750091e+04 6.83626713e-02
 1.59811064e+04 6.69693554e-02
 1.59872037e+04 6.54076534e-02
 1.59933009e+04 6.51290746e-02
 1.59993982e+04 6.36074115e-02
 1.60054955e+04 6.23270429e-02
 1.60115927e+04 6.20250708e-02
 1.60176900e+04 6.03787486e-02
 1.60237873e+04 5.94521357e-02
 1.60298845e+04 5.90032464e-02
 1.60359818e+04 5.73153121e-02
 1.60420791e+04 5.67648515e-02
 1.60481763e+04 5.60232542e-02
 1.60542736e+04 5.44716127e-02
 1.60603709e+04 5.42053470e-02
 1.60664681e+04 5.30826849e-02
 1.60725654e+04 5.18984331e-02
 1.60786627e+04 5.16730181e-02
 1.60847599e+04 5.02500563e-02
 1.60908572e+04 4.95875167e-02
 1.60969545e+04 4.90737058e-02
 1.61030517e+04 4.76591723e-02
 1.61091490e+04 4.74192404e-02
 1.61152463e+04 4.64138281e-02
 1.61213435e+04 4.54197671e-02
 1.61274408e+04 4.51909225e-02
 1.61335381e+04 4.38668937e-02
 1.61396353e+04 4.34693363e-02
 1.61457326e+04 4.27829413e-02
 1.61518299e+04 4.16777700e-02
 1.61579271e+04 4.15282152e-02
 1.61640244e+04 4.03545887e-02
 1.61701217e+04 3.98822120e-02
 1.61762189e+04 3.93413461e-02
 1.61823162e+04 3.82696907e-02
 1.61884135e+04 3.81413760e-02
 1.61945107e+04 3.70560508e-02
 1.62006080e+04 3.66360991e-02
 1.62067053e+04 3.60962264e-02
 1.62128025e+04 3.51468880e-02
 1.62188998e+04 3.50189727e-02
 1.62249971e+04 3.39632812e-02
 1.62310943e+04 3.36933293e-02
 1.62371916e+04 3.30345901e-02
 1.62432889e+04 3.23085483e-02
 1.62493861e+04 3.21018837e-02
 1.62554834e+04 3.11087178e-02
 1.62615807e+04 3.09948750e-02
 1.62676779e+04 3.01537135e-02
 1.62737752e+04 2.97592882e-02
 1.62798725e+04 2.93150910e-02
 1.62859697e+04 2.85610804e-02
 1.62920670e+04 2.84281299e-02
 1.62981643e+04 2.75257836e-02
 1.63042615e+04 2.74224924e-02
 1.63103588e+04 2.66604605e-02
 1.63164561e+04 2.63421728e-02
 1.63225533e+04 2.58832819e-02
 1.63286506e+04 2.52831811e-02
 1.63347479e+04 2.50993264e-02
 1.63408451e+04 2.43214965e-02
 1.63469424e+04 2.42567508e-02
 1.63530397e+04 2.34787833e-02
 1.63591369e+04 2.33585846e-02
 1.63652342e+04 2.27295303e-02
 1.63713315e+04 2.24424241e-02
 1.63774287e+04 2.20283244e-02
 1.63835260e+04 2.15519212e-02
 1.63896233e+04 2.13351506e-02
 1.63957205e+04 2.07172576e-02
 1.64018178e+04 2.06281061e-02
 1.64079151e+04 1.99491130e-02
 1.64140123e+04 1.99038162e-02
 1.64201096e+04 1.92424333e-02
 1.64262069e+04 1.91709825e-02
 1.64323041e+04 1.85839972e-02
 1.64384014e+04 1.84428626e-02
 1.64444987e+04 1.79592677e-02
 1.64505959e+04 1.77316164e-02
 1.64566932e+04 1.73564890e-02
 1.64627905e+04 1.70456299e-02
 1.64688877e+04 1.67681883e-02
 1.64749850e+04 1.63890690e-02
 1.64810823e+04 1.61908169e-02
 1.64871795e+04 1.57627137e-02
 1.64932768e+04 1.56236162e-02
 1.64993740e+04 1.51652168e-02
 1.65054713e+04 1.50674106e-02
 1.65115686e+04 1.45942394e-02
 1.65176658e+04 1.45235764e-02
 1.65237631e+04 1.40472388e-02
 1.65298604e+04 1.39934528e-02
 1.65359576e+04 1.35219967e-02
 1.65420549e+04 1.34779584e-02
 1.65481522e+04 1.30167736e-02
 1.65542494e+04 1.29774819e-02
 1.65603467e+04 1.25304531e-02
 1.65664440e+04 1.24918724e-02
 1.65725412e+04 1.20624277e-02
 1.65786385e+04 1.20204716e-02
 1.65847358e+04 1.16125938e-02
 1.65908330e+04 1.15622659e-02
 1.65969303e+04 1.11811600e-02
 1.66030276e+04 1.11159790e-02
 1.66091248e+04 1.07684987e-02
 1.66152221e+04 1.06803765e-02
 1.66213194e+04 1.03748419e-02
 1.66274166e+04 1.02545259e-02
 1.66335139e+04 9.99990517e-03
 1.66396112e+04 9.83828876e-03
 1.66457084e+04 9.64242545e-03
 1.66518057e+04 9.43274380e-03
 1.66579030e+04 9.29971392e-03
 1.66640002e+04 9.04059232e-03
 1.66700975e+04 8.96741410e-03
 1.66761948e+04 8.66615272e-03
 1.66822920e+04 8.63979447e-03
 1.66883893e+04 8.31475845e-03
 1.66944866e+04 8.31075872e-03
 1.67005838e+04 7.99120448e-03
 1.67066811e+04 7.97586545e-03
 1.67127784e+04 7.69746834e-03
 1.67188756e+04 7.63480957e-03
 1.67249729e+04 7.43014315e-03
 1.67310702e+04 7.29360989e-03
 1.67371674e+04 7.17912808e-03
 1.67432647e+04 6.96472942e-03
 1.67493620e+04 6.92904120e-03
 1.67554592e+04 6.66377142e-03
 1.67615565e+04 6.66452434e-03
 1.67676538e+04 6.40239563e-03
 1.67737510e+04 6.37845018e-03
 1.67798483e+04 6.18006615e-03
 1.67859456e+04 6.07894977e-03
 1.67920428e+04 5.97970831e-03
 1.67981401e+04 5.78946077e-03
 1.68042374e+04 5.77313397e-03
 1.68103346e+04 5.53756085e-03
 1.68164319e+04 5.53715405e-03
 1.68225292e+04 5.33596177e-03
 1.68286264e+04 5.27223427e-03
 1.68347237e+04 5.16821783e-03
 1.68408210e+04 5.00822556e-03
 1.68469182e+04 4.99480973e-03
 1.68530155e+04 4.78546686e-03
 1.68591128e+04 4.78283538e-03
 1.68652100e+04 4.61958950e-03
 1.68713073e+04 4.53866695e-03
 1.68774046e+04 4.48055825e-03
 1.68835018e+04 4.30926397e-03
 1.68895991e+04 4.31499115e-03
 1.68956964e+04 4.13864395e-03
 1.69017936e+04 4.10130233e-03
 1.69078909e+04 4.01640196e-03
 1.69139882e+04 3.88037260e-03
 1.69200854e+04 3.88122015e-03
 1.69261827e+04 3.71386537e-03
 1.69322800e+04 3.69182423e-03
 1.69383772e+04 3.60535993e-03
 1.69444745e+04 3.48559432e-03
 1.69505718e+04 3.48716668e-03
 1.69566690e+04 3.33503440e-03
 1.69627663e+04 3.31036059e-03
 1.69688636e+04 3.24272314e-03
 1.69749608e+04 3.12192953e-03
 1.69810581e+04 3.12917748e-03
 1.69871554e+04 2.99888944e-03
 1.69932526e+04 2.95522931e-03
 1.69993499e+04 2.92103557e-03
 1.70054472e+04 2.79295995e-03
 1.70115444e+04 2.79746119e-03
 1.70176417e+04 2.70532480e-03
 1.70237390e+04 2.62723524e-03
 1.70298362e+04 2.62723422e-03
 1.70359335e+04 2.50752899e-03
 1.70420307e+04 2.48287310e-03
 1.70481280e+04 2.44705967e-03
 1.70542253e+04 2.33792376e-03
 1.70603225e+04 2.34247178e-03
 1.70664198e+04 2.26961609e-03
 1.70725171e+04 2.19241247e-03
 1.70786143e+04 2.19940259e-03
 1.70847116e+04 2.10496862e-03
 1.70908089e+04 2.06194790e-03
 1.70969061e+04 2.05539823e-03
 1.71030034e+04 1.95658591e-03
 1.71091007e+04 1.93935794e-03
 1.71151979e+04 1.91500191e-03
 1.71212952e+04 1.82315515e-03
 1.71273925e+04 1.82120705e-03
 1.71334897e+04 1.78194224e-03
 1.71395870e+04 1.70158975e-03
 1.71456843e+04 1.70681636e-03
 1.71517815e+04 1.65809083e-03
 1.71578788e+04 1.58899143e-03
 1.71639761e+04 1.59671873e-03
 1.71700733e+04 1.54383980e-03
 1.71761706e+04 1.48335146e-03
 1.71822679e+04 1.49157918e-03
 1.71883651e+04 1.43881004e-03
 1.71944624e+04 1.38354152e-03
 1.72005597e+04 1.39169897e-03
 1.72066569e+04 1.34237151e-03
 1.72127542e+04 1.28910260e-03
 1.72188515e+04 1.29690544e-03
 1.72249487e+04 1.25386071e-03
 1.72310460e+04 1.20007981e-03
 1.72371433e+04 1.20664287e-03
 1.72432405e+04 1.17253857e-03
 1.72493378e+04 1.11694995e-03
 1.72554351e+04 1.12020194e-03
 1.72615323e+04 1.09737132e-03
 1.72676296e+04 1.04054651e-03
 1.72737269e+04 1.03710599e-03
 1.72798241e+04 1.02676568e-03
 1.72859214e+04 9.71792629e-04
 1.72920187e+04 9.57646186e-04
 1.72981159e+04 9.58507567e-04
 1.73042132e+04 9.11057586e-04
 1.73103105e+04 8.83395021e-04
 1.73164077e+04 8.90262269e-04
 1.73225050e+04 8.57157975e-04
 1.73286023e+04 8.17184376e-04
 1.73346995e+04 8.20896703e-04
 1.73407968e+04 8.06573464e-04
 1.73468941e+04 7.61824218e-04
 1.73529913e+04 7.52276399e-04
 1.73590886e+04 7.54090525e-04
 1.73651859e+04 7.17369073e-04
 1.73712831e+04 6.89967196e-04
 1.73773804e+04 6.95946714e-04
 1.73834777e+04 6.78553781e-04
 1.73895749e+04 6.40509297e-04
 1.73956722e+04 6.34463752e-04
 1.74017695e+04 6.36043133e-04
 1.74078667e+04 6.04940411e-04
 1.74139640e+04 5.79410395e-04
 1.74200613e+04 5.83944595e-04
 1.74261585e+04 5.73967537e-04
 1.74322558e+04 5.40585466e-04
 1.74383531e+04 5.28648665e-04
 1.74444503e+04 5.33851810e-04
 1.74505476e+04 5.14891386e-04
 1.74566449e+04 4.85997802e-04
 1.74627421e+04 4.82956286e-04
 1.74688394e+04 4.84831379e-04
 1.74749367e+04 4.61799162e-04
 1.74810339e+04 4.38717820e-04
 1.74871312e+04 4.39935481e-04
 1.74932285e+04 4.38709666e-04
 1.74993257e+04 4.15166969e-04
 1.75054230e+04 3.96413978e-04
 1.75115203e+04 3.99067364e-04
 1.75176175e+04 3.96581058e-04
 1.75237148e+04 3.74390365e-04
 1.75298121e+04 3.57781923e-04
 1.75359093e+04 3.60374984e-04
 1.75420066e+04 3.58575645e-04
 1.75481039e+04 3.38776660e-04
 1.75542011e+04 3.22424603e-04
 1.75602984e+04 3.23821426e-04
 1.75663957e+04 3.24098865e-04
 1.75724929e+04 3.07781676e-04
 1.75785902e+04 2.90607714e-04
 1.75846875e+04 2.89366799e-04
 1.75907847e+04 2.92047109e-04
 1.75968820e+04 2.80713893e-04
 1.76029792e+04 2.63022815e-04
 1.76090765e+04 2.57431077e-04
 1.76151738e+04 2.61150325e-04
 1.76212710e+04 2.56185564e-04
 1.76273683e+04 2.40219386e-04
 1.76334656e+04 2.29384328e-04
 1.76395628e+04 2.30850523e-04
 1.76456601e+04 2.31891381e-04
 1.76517574e+04 2.21405109e-04
 1.76578546e+04 2.07211579e-04
 1.76639519e+04 2.02656824e-04
 1.76700492e+04 2.05783803e-04
 1.76761464e+04 2.03334608e-04
 1.76822437e+04 1.91344005e-04
 1.76883410e+04 1.80352488e-04
 1.76944382e+04 1.79017683e-04
 1.77005355e+04 1.81764155e-04
 1.77066328e+04 1.77716101e-04
 1.77127300e+04 1.66341371e-04
 1.77188273e+04 1.57458016e-04
 1.77249246e+04 1.57038082e-04
 1.77310218e+04 1.59422577e-04
 1.77371191e+04 1.55695263e-04
 1.77432164e+04 1.45663331e-04
 1.77493136e+04 1.37449183e-04
 1.77554109e+04 1.36485498e-04
 1.77615082e+04 1.38834278e-04
 1.77676054e+04 1.36806538e-04
 1.77737027e+04 1.28675511e-04
 1.77798000e+04 1.20323125e-04
 1.77858972e+04 1.17625293e-04
 1.77919945e+04 1.19538226e-04
 1.77980918e+04 1.19841972e-04
 1.78041890e+04 1.14647967e-04
 1.78102863e+04 1.06599720e-04
 1.78163836e+04 1.01411992e-04
 1.78224808e+04 1.01392669e-04
 1.78285781e+04 1.03215670e-04
 1.78346754e+04 1.01912163e-04
 1.78407726e+04 9.61726970e-05
 1.78468699e+04 8.94003192e-05
 1.78529672e+04 8.58759098e-05
 1.78590644e+04 8.64279169e-05
 1.78651617e+04 8.79120966e-05
 1.78712590e+04 8.65624957e-05
 1.78773562e+04 8.16185046e-05
 1.78834535e+04 7.57623761e-05
 1.78895508e+04 7.23797991e-05
 1.78956480e+04 7.24411448e-05
 1.79017453e+04 7.38599399e-05
 1.79078426e+04 7.35712667e-05
 1.79139398e+04 7.02292698e-05
 1.79200371e+04 6.51899676e-05
 1.79261344e+04 6.11391318e-05
 1.79322316e+04 5.98117570e-05
 1.79383289e+04 6.06905631e-05
 1.79444262e+04 6.16212522e-05
 1.79505234e+04 6.06097464e-05
 1.79566207e+04 5.72958412e-05
 1.79627180e+04 5.30739093e-05
 1.79688152e+04 4.99078397e-05
 1.79749125e+04 4.88970914e-05
 1.79810098e+04 4.95916074e-05
 1.79871070e+04 5.04473777e-05
 1.79932043e+04 4.99664806e-05
 1.79993016e+04 4.76585567e-05
 1.80053988e+04 4.42637088e-05
 1.80114961e+04 4.11572156e-05
 1.80175934e+04 3.94460914e-05
 1.80236906e+04 3.93370603e-05
 1.80297879e+04 4.00990208e-05
 1.80358852e+04 4.05894405e-05
 1.80419824e+04 3.99289076e-05
 1.80480797e+04 3.79568964e-05
 1.80541770e+04 3.52437244e-05
 1.80602742e+04 3.27052636e-05
 1.80663715e+04 3.11066196e-05
 1.80724688e+04 3.06904718e-05
 1.80785660e+04 3.11180933e-05
 1.80846633e+04 3.16995195e-05
 1.80907606e+04 3.17442457e-05
 1.80968578e+04 3.08804086e-05
 1.81029551e+04 2.91776998e-05
 1.81090524e+04 2.70631622e-05
 1.81151496e+04 2.51076209e-05
 1.81212469e+04 2.37685918e-05
 1.81273442e+04 2.32265019e-05
 1.81334414e+04 2.33507684e-05
 1.81395387e+04 2.37795732e-05
 1.81456359e+04 2.40879431e-05
 1.81517332e+04 2.39422506e-05
 1.81578305e+04 2.32011010e-05
 1.81639277e+04 2.19446262e-05
 1.81700250e+04 2.04124082e-05
 1.81761223e+04 1.89095598e-05
 1.81822195e+04 1.77076948e-05
 1.81883168e+04 1.69626387e-05
 1.81944141e+04 1.66905572e-05
 1.82005113e+04 1.67824167e-05
 1.82066086e+04 1.70454549e-05
 1.82127059e+04 1.72716226e-05
 1.82188031e+04 1.72890524e-05
 1.82249004e+04 1.69965193e-05
 1.82309977e+04 1.63827211e-05
 1.82370949e+04 1.55103017e-05
 1.82431922e+04 1.44908275e-05
 1.82492895e+04 1.34581619e-05
 1.82553867e+04 1.25326811e-05
 1.82614840e+04 1.18008245e-05
 1.82675813e+04 1.13072786e-05
 1.82736785e+04 1.10479627e-05
 1.82797758e+04 1.09815809e-05
 1.82858731e+04 1.10450057e-05
 1.82919703e+04 1.11629485e-05
 1.82980676e+04 1.12636892e-05
 1.83041649e+04 1.12913373e-05
 1.83102621e+04 1.12071786e-05
 1.83163594e+04 1.09943928e-05
 1.83224567e+04 1.06579027e-05
 1.83285539e+04 1.02157031e-05
 1.83346512e+04 9.69561731e-06
 1.83407485e+04 9.13310295e-06
 1.83468457e+04 8.56152119e-06
 1.83529430e+04 8.01000286e-06
 1.83590403e+04 7.50346706e-06
 1.83651375e+04 7.05787715e-06
 1.83712348e+04 6.68126088e-06
 1.83773321e+04 6.37706953e-06
 1.83834293e+04 6.14182193e-06
 1.83895266e+04 5.96670699e-06
 1.83956239e+04 5.84243128e-06
