 2.41717997e+02 3.54810955e-06
 2.41988858e+02 3.88713580e-06
 2.42259720e+02 4.25590461e-06
 2.42530581e+02 4.65727780e-06
 2.42801443e+02 5.09411723e-06
 2.43072304e+02 5.56928471e-06
 2.43343166e+02 6.08566410e-06
 2.43614027e+02 6.64652938e-06
 2.43884889e+02 7.25548937e-06
 2.44155750e+02 7.91623126e-06
 2.44426612e+02 8.63288475e-06
 2.44697474e+02 9.40975796e-06
 2.44968335e+02 1.02513583e-05
 2.45239197e+02 1.11627553e-05
 2.45510058e+02 1.21491272e-05
 2.45780920e+02 1.32160588e-05
 2.46051781e+02 1.43696683e-05
 2.46322643e+02 1.56161689e-05
 2.46593504e+02 1.69624368e-05
 2.46864366e+02 1.84157658e-05
 2.47135227e+02 1.99836474e-05
 2.47406089e+02 2.16744500e-05
 2.47676951e+02 2.34967961e-05
 2.47947812e+02 2.54597683e-05
 2.48218674e+02 2.75733838e-05
 2.48489535e+02 2.98478115e-05
 2.48760397e+02 3.22940590e-05
 2.49031258e+02 3.49239439e-05
 2.49302120e+02 3.77494785e-05
 2.49572981e+02 4.07838983e-05
 2.49843843e+02 4.40409988e-05
 2.50114704e+02 4.75350276e-05
 2.50385566e+02 5.12816821e-05
 2.50656428e+02 5.52969694e-05
 2.50927289e+02 5.95978331e-05
 2.51198151e+02 6.42026010e-05
 2.51469012e+02 6.91298265e-05
 2.51739874e+02 7.43995742e-05
 2.52010735e+02 8.00329830e-05
 2.52281597e+02 8.60515916e-05
 2.52552458e+02 9.24789185e-05
 2.52823320e+02 9.93391339e-05
 2.53094181e+02 1.06657316e-04
 2.53365043e+02 1.14460634e-04
 2.53635905e+02 1.22776612e-04
 2.53906766e+02 1.31634418e-04
 2.54177628e+02 1.41065014e-04
 2.54448489e+02 1.51099719e-04
 2.54719351e+02 1.61772223e-04
 2.54990212e+02 1.73117444e-04
 2.55261074e+02 1.85171060e-04
 2.55531935e+02 1.97971523e-04
 2.55802797e+02 2.11557941e-04
 2.56073658e+02 2.25970985e-04
 2.56344520e+02 2.41253922e-04
 2.56615382e+02 2.57450425e-04
 2.56886243e+02 2.74606640e-04
 2.57157105e+02 2.92770694e-04
 2.57427966e+02 3.11991297e-04
 2.57698828e+02 3.32320321e-04
 2.57969689e+02 3.53810827e-04
 2.58240551e+02 3.76517121e-04
 2.58511412e+02 4.00496774e-04
 2.58782274e+02 4.25807947e-04
 2.59053135e+02 4.52511014e-04
 2.59323997e+02 4.80669056e-04
 2.59594859e+02 5.10345617e-04
 2.59865720e+02 5.41607310e-04
 2.60136582e+02 5.74522548e-04
 2.60407443e+02 6.09160578e-04
 2.60678305e+02 6.45594084e-04
 2.60949166e+02 6.83896673e-04
 2.61220028e+02 7.24143572e-04
 2.61490889e+02 7.66413066e-04
 2.61761751e+02 8.10783905e-04
 2.62032612e+02 8.57337261e-04
 2.62303474e+02 9.06156487e-04
 2.62574336e+02 9.57325424e-04
 2.62845197e+02 1.01093076e-03
 2.63116059e+02 1.06706040e-03
 2.63386920e+02 1.12580313e-03
 2.63657782e+02 1.18725037e-03
 2.63928643e+02 1.25149407e-03
 2.64199505e+02 1.31862756e-03
 2.64470366e+02 1.38874603e-03
 2.64741228e+02 1.46194495e-03
 2.65012089e+02 1.53832134e-03
 2.65282951e+02 1.61797321e-03
 2.65553813e+02 1.70099886e-03
 2.65824674e+02 1.78749779e-03
 2.66095536e+02 1.87756987e-03
 2.66366397e+02 1.97131522e-03
 2.66637259e+02 2.06883445e-03
 2.66908120e+02 2.17022824e-03
 2.67178982e+02 2.27559711e-03
 2.67449843e+02 2.38504140e-03
 2.67720705e+02 2.49866132e-03
 2.67991566e+02 2.61655605e-03
 2.68262428e+02 2.73882428e-03
 2.68533290e+02 2.86556408e-03
 2.68804151e+02 2.99687148e-03
 2.69075013e+02 3.13284204e-03
 2.69345874e+02 3.27356960e-03
 2.69616736e+02 3.41914529e-03
 2.69887597e+02 3.56965980e-03
 2.70158459e+02 3.72520033e-03
 2.70429320e+02 3.88585152e-03
 2.70700182e+02 4.05169698e-03
 2.70971043e+02 4.22281497e-03
 2.71241905e+02 4.39928192e-03
 2.71512767e+02 4.58117162e-03
 2.71783628e+02 4.76855147e-03
 2.72054490e+02 4.96148771e-03
 2.72325351e+02 5.16004129e-03
 2.72596213e+02 5.36426708e-03
 2.72867074e+02 5.57421873e-03
 2.73137936e+02 5.78994154e-03
 2.73408797e+02 6.01147627e-03
 2.73679659e+02 6.23886093e-03
 2.73950521e+02 6.47212305e-03
 2.74221382e+02 6.71128749e-03
 2.74492244e+02 6.95637316e-03
 2.74763105e+02 7.20738843e-03
 2.75033967e+02 7.46434002e-03
 2.75304828e+02 7.72722456e-03
 2.75575690e+02 7.99603019e-03
 2.75846551e+02 8.27074263e-03
 2.76117413e+02 8.55133400e-03
 2.76388274e+02 8.83777104e-03
 2.76659136e+02 9.13001510e-03
 2.76929998e+02 9.42801277e-03
 2.77200859e+02 9.73170783e-03
 2.77471721e+02 1.00410340e-02
 2.77742582e+02 1.03559122e-02
 2.78013444e+02 1.06762610e-02
 2.78284305e+02 1.10019844e-02
 2.78555167e+02 1.13329774e-02
 2.78826028e+02 1.16691309e-02
 2.79096890e+02 1.20103185e-02
 2.79367751e+02 1.23564088e-02
 2.79638613e+02 1.27072623e-02
 2.79909475e+02 1.30627230e-02
 2.80180336e+02 1.34226322e-02
 2.80451198e+02 1.37868181e-02
 2.80722059e+02 1.41550962e-02
 2.80992921e+02 1.45272792e-02
 2.81263782e+02 1.49031630e-02
 2.81534644e+02 1.52825355e-02
 2.81805505e+02 1.56651794e-02
 2.82076367e+02 1.60508594e-02
 2.82347228e+02 1.64393370e-02
 2.82618090e+02 1.68303632e-02
 2.82888952e+02 1.72236748e-02
 2.83159813e+02 1.76190062e-02
 2.83430675e+02 1.80160780e-02
 2.83701536e+02 1.84146011e-02
 2.83972398e+02 1.88142831e-02
 2.84243259e+02 1.92148161e-02
 2.84514121e+02 1.96158873e-02
 2.84784982e+02 2.00171779e-02
 2.85055844e+02 2.04183552e-02
 2.85326705e+02 2.08190842e-02
 2.85597567e+02 2.12190209e-02
 2.85868429e+02 2.16178116e-02
 2.86139290e+02 2.20151008e-02
 2.86410152e+02 2.24105223e-02
 2.86681013e+02 2.28037046e-02
 2.86951875e+02 2.31942733e-02
 2.87222736e+02 2.35818444e-02
 2.87493598e+02 2.39660315e-02
 2.87764459e+02 2.43464438e-02
 2.88035321e+02 2.47226837e-02
 2.88306182e+02 2.50943529e-02
 2.88577044e+02 2.54610480e-02
 2.88847906e+02 2.58223620e-02
 2.89118767e+02 2.61778874e-02
 2.89389629e+02 2.65272128e-02
 2.89660490e+02 2.68699258e-02
 2.89931352e+02 2.72056132e-02
 2.90202213e+02 2.75338606e-02
 2.90473075e+02 2.78542533e-02
 2.90743936e+02 2.81663775e-02
 2.91014798e+02 2.84698200e-02
 2.91285659e+02 2.87641680e-02
 2.91556521e+02 2.90490119e-02
 2.91827383e+02 2.93239440e-02
 2.92098244e+02 2.95885580e-02
 2.92369106e+02 2.98424539e-02
 2.92639967e+02 3.00852333e-02
 2.92910829e+02 3.03165024e-02
 2.93181690e+02 3.05358753e-02
 2.93452552e+02 3.07429677e-02
 2.93723413e+02 3.09374043e-02
 2.93994275e+02 3.11188180e-02
 2.94265136e+02 3.12868441e-02
 2.94535998e+02 3.14411324e-02
 2.94806860e+02 3.15813388e-02
 2.95077721e+02 3.17071257e-02
 2.95348583e+02 3.18181736e-02
 2.95619444e+02 3.19141669e-02
 2.95890306e+02 3.19948037e-02
 2.96161167e+02 3.20598005e-02
 2.96432029e+02 3.21088772e-02
 2.96702890e+02 3.21417766e-02
 2.96973752e+02 3.21582568e-02
 2.97244613e+02 3.21580824e-02
 2.97515475e+02 3.21410501e-02
 2.97786337e+02 3.21069656e-02
 2.98057198e+02 3.20556513e-02
 2.98328060e+02 3.19869646e-02
 2.98598921e+02 3.19007682e-02
 2.98869783e+02 3.17969564e-02
 2.99140644e+02 3.16754543e-02
 2.99411506e+02 3.15361947e-02
 2.99682367e+02 3.13791571e-02
 2.99953229e+02 3.12043434e-02
 3.00224090e+02 3.10117729e-02
 3.00494952e+02 3.08015225e-02
 3.00765814e+02 3.05736817e-02
 3.01036675e+02 3.03283776e-02
 3.01307537e+02 3.00657937e-02
 3.01578398e+02 2.97861229e-02
 3.01849260e+02 2.94896203e-02
 3.02120121e+02 2.91765861e-02
 3.02390983e+02 2.88473372e-02
 3.02661844e+02 2.85022736e-02
 3.02932706e+02 2.81418236e-02
 3.03203568e+02 2.77664535e-02
 3.03474429e+02 2.73767193e-02
 3.03745291e+02 2.69731924e-02
 3.04016152e+02 2.65565136e-02
 3.04287014e+02 2.61274014e-02
 3.04557875e+02 2.56865896e-02
 3.04828737e+02 2.52349114e-02
 3.05099598e+02 2.47732535e-02
 3.05370460e+02 2.43025333e-02
 3.05641321e+02 2.38237828e-02
 3.05912183e+02 2.33380622e-02
 3.06183045e+02 2.28464918e-02
 3.06453906e+02 2.23502956e-02
 3.06724768e+02 2.18507132e-02
 3.06995629e+02 2.13490735e-02
 3.07266491e+02 2.08467787e-02
 3.07537352e+02 2.03452497e-02
 3.07808214e+02 1.98460091e-02
 3.08079075e+02 1.93506184e-02
 3.08349937e+02 1.88606713e-02
 3.08620798e+02 1.83778477e-02
 3.08891660e+02 1.79038428e-02
 3.09162522e+02 1.74403922e-02
 3.09433383e+02 1.69892817e-02
 3.09704245e+02 1.65523030e-02
 3.09975106e+02 1.61312723e-02
 3.10245968e+02 1.57280209e-02
 3.10516829e+02 1.53443762e-02
 3.10787691e+02 1.49821484e-02
 3.11058552e+02 1.46431423e-02
 3.11329414e+02 1.43291278e-02
 3.11600275e+02 1.40418071e-02
 3.11871137e+02 1.37828691e-02
 3.12141999e+02 1.35538980e-02
 3.12412860e+02 1.33563809e-02
 3.12683722e+02 1.31917727e-02
 3.12954583e+02 1.30613239e-02
 3.13225445e+02 1.29661952e-02
 3.13496306e+02 1.29074526e-02
 3.13767168e+02 1.28858698e-02
 3.14038029e+02 1.29021603e-02
 3.14308891e+02 1.29568164e-02
 3.14579752e+02 1.30500171e-02
 3.14850614e+02 1.31818870e-02
 3.15121476e+02 1.33521706e-02
 3.15392337e+02 1.35603532e-02
 3.15663199e+02 1.38058137e-02
 3.15934060e+02 1.40874234e-02
 3.16204922e+02 1.44038940e-02
 3.16475783e+02 1.47537006e-02
 3.16746645e+02 1.51347973e-02
 3.17017506e+02 1.55450528e-02
 3.17288368e+02 1.59819400e-02
 3.17559229e+02 1.64425193e-02
 3.17830091e+02 1.69237724e-02
 3.18100953e+02 1.74221863e-02
 3.18371814e+02 1.79340023e-02
 3.18642676e+02 1.84553300e-02
 3.18913537e+02 1.89818196e-02
 3.19184399e+02 1.95090177e-02
 3.19455260e+02 2.00322878e-02
 3.19726122e+02 2.05467013e-02
 3.19996983e+02 2.10472948e-02
 3.20267845e+02 2.15289744e-02
 3.20538706e+02 2.19865463e-02
 3.20809568e+02 2.24148247e-02
 3.21080430e+02 2.28086832e-02
 3.21351291e+02 2.31630170e-02
 3.21622153e+02 2.34728442e-02
 3.21893014e+02 2.37334907e-02
 3.22163876e+02 2.39403423e-02
 3.22434737e+02 2.40891782e-02
 3.22705599e+02 2.41762401e-02
 3.22976460e+02 2.41978761e-02
 3.23247322e+02 2.41512161e-02
 3.23518183e+02 2.40338287e-02
 3.23789045e+02 2.38435637e-02
 3.24059907e+02 2.35793838e-02
 3.24330768e+02 2.32405392e-02
 3.24601630e+02 2.28269256e-02
 3.24872491e+02 2.23396038e-02
 3.25143353e+02 2.17798164e-02
 3.25414214e+02 2.11498686e-02
 3.25685076e+02 2.04529837e-02
 3.25955937e+02 1.96926114e-02
 3.26226799e+02 1.88734984e-02
 3.26497660e+02 1.80009180e-02
 3.26768522e+02 1.70805504e-02
 3.27039384e+02 1.61192305e-02
 3.27310245e+02 1.51240108e-02
 3.27581107e+02 1.41024757e-02
 3.27851968e+02 1.30629119e-02
 3.28122830e+02 1.20136866e-02
 3.28393691e+02 1.09635309e-02
 3.28664553e+02 9.92140752e-03
 3.28935414e+02 8.89625652e-03
 3.29206276e+02 7.89689742e-03
 3.29477137e+02 6.93211274e-03
 3.29747999e+02 6.01036149e-03
 3.30018861e+02 5.13944124e-03
 3.30289722e+02 4.32702593e-03
 3.30560584e+02 3.57985178e-03
 3.30831445e+02 2.90374299e-03
 3.31102307e+02 2.30426782e-03
 3.31373168e+02 1.78532818e-03
 3.31644030e+02 1.35005756e-03
 3.31914891e+02 1.00094706e-03
 3.32185753e+02 7.38411070e-04
 3.32456615e+02 5.62419177e-04
 3.32727476e+02 4.71694711e-04
 3.32998338e+02 4.63105349e-04
 3.33269199e+02 5.33243434e-04
 3.33540061e+02 6.77031113e-04
 3.33810922e+02 8.88195293e-04
 3.34081784e+02 1.16014512e-03
 3.34352645e+02 1.48474432e-03
 3.34623507e+02 1.85334550e-03
 3.34894368e+02 2.25693872e-03
 3.35165230e+02 2.68567366e-03
 3.35436092e+02 3.12958025e-03
 3.35706953e+02 3.57866253e-03
 3.35977815e+02 4.02289620e-03
 3.36248676e+02 4.45234400e-03
 3.36519538e+02 4.85785224e-03
 3.36790399e+02 5.23067666e-03
 3.37061261e+02 5.56252444e-03
 3.37332122e+02 5.84677020e-03
 3.37602984e+02 6.07719233e-03
 3.37873845e+02 6.24875939e-03
 3.38144707e+02 6.35844007e-03
 3.38415569e+02 6.40351981e-03
 3.38686430e+02 6.38329371e-03
 3.38957292e+02 6.29867689e-03
 3.39228153e+02 6.15101605e-03
 3.39499015e+02 5.94400309e-03
 3.39769876e+02 5.68221338e-03
 3.40040738e+02 5.37092016e-03
 3.40311599e+02 5.01723390e-03
 3.40582461e+02 4.62858383e-03
 3.40853322e+02 4.21306868e-03
 3.41124184e+02 3.77961193e-03
 3.41395046e+02 3.33718827e-03
 3.41665907e+02 2.89477689e-03
 3.41936769e+02 2.46135964e-03
 3.42207630e+02 2.04567411e-03
 3.42478492e+02 1.65541635e-03
 3.42749353e+02 1.29799670e-03
 3.43020215e+02 9.79911185e-04
 3.43291076e+02 7.05918474e-04
 3.43561938e+02 4.80489664e-04
 3.43832799e+02 3.06284621e-04
 3.44103661e+02 1.84319696e-04
 3.44374523e+02 1.15219561e-04
 3.44645384e+02 9.72804087e-05
 3.44916246e+02 1.27801669e-04
 3.45187107e+02 2.03425574e-04
 3.45457969e+02 3.18828426e-04
 3.45728830e+02 4.68303218e-04
 3.45999692e+02 6.45459171e-04
 3.46270553e+02 8.42956732e-04
 3.46541415e+02 1.05338120e-03
 3.46812276e+02 1.26925384e-03
 3.47083138e+02 1.48305322e-03
 3.47354000e+02 1.68745764e-03
 3.47624861e+02 1.87612484e-03
 3.47895723e+02 2.04301558e-03
 3.48166584e+02 2.18287648e-03
 3.48437446e+02 2.29214592e-03
 3.48708307e+02 2.36754699e-03
 3.48979169e+02 2.40735680e-03
 3.49250030e+02 2.41143916e-03
 3.49520892e+02 2.37996467e-03
 3.49791753e+02 2.31501223e-03
 3.50062615e+02 2.21958729e-03
 3.50333477e+02 2.09711780e-03
 3.50604338e+02 1.95246330e-03
 3.50875200e+02 1.79079536e-03
 3.51146061e+02 1.61756260e-03
 3.51416923e+02 1.43864718e-03
 3.51687784e+02 1.25994005e-03
 3.51958646e+02 1.08691365e-03
 3.52229507e+02 9.24725820e-04
 3.52500369e+02 7.78290925e-04
 3.52771230e+02 6.51201415e-04
 3.53042092e+02 5.46587301e-04
 3.53312954e+02 4.66877362e-04
 3.53583815e+02 4.12786912e-04
 3.53854677e+02 3.84735918e-04
 3.54125538e+02 3.81996513e-04
 3.54396400e+02 4.02521999e-04
 3.54667261e+02 4.44079064e-04
 3.54938123e+02 5.03359872e-04
 3.55208984e+02 5.76465906e-04
 3.55479846e+02 6.59400055e-04
 3.55750707e+02 7.47801161e-04
 3.56021569e+02 8.37221431e-04
 3.56292431e+02 9.23471547e-04
 3.56563292e+02 1.00281899e-03
 3.56834154e+02 1.07163053e-03
 3.57105015e+02 1.12718472e-03
 3.57375877e+02 1.16753190e-03
 3.57646738e+02 1.19096242e-03
 3.57917600e+02 1.19715703e-03
 3.58188461e+02 1.18634873e-03
 3.58459323e+02 1.15921054e-03
 3.58730184e+02 1.11763673e-03
 3.59001046e+02 1.06374348e-03
 3.59271908e+02 1.00007361e-03
 3.59542769e+02 9.29721797e-04
 3.59813631e+02 8.55815476e-04
 3.60084492e+02 7.81439292e-04
 3.60355354e+02 7.09651292e-04
 3.60626215e+02 6.43353464e-04
 3.60897077e+02 5.84745894e-04
 3.61167938e+02 5.35827268e-04
 3.61438800e+02 4.98102653e-04
 3.61709662e+02 4.72089976e-04
 3.61980523e+02 4.58153417e-04
 3.62251385e+02 4.55891880e-04
 3.62522246e+02 4.64175279e-04
 3.62793108e+02 4.81761086e-04
 3.63063969e+02 5.06785808e-04
 3.63334831e+02 5.37105964e-04
 3.63605692e+02 5.70551318e-04
 3.63876554e+02 6.04870922e-04
 3.64147415e+02 6.37803113e-04
 3.64418277e+02 6.67356233e-04
 3.64689139e+02 6.91932218e-04
 3.64960000e+02 7.10014815e-04
 3.65230862e+02 7.20748906e-04
 3.65501723e+02 7.23742612e-04
 3.65772585e+02 7.18764275e-04
 3.66043446e+02 7.06361038e-04
 3.66314308e+02 6.87331826e-04
 3.66585169e+02 6.62679723e-04
 3.66856031e+02 6.33870577e-04
 3.67126892e+02 6.02434921e-04
 3.67397754e+02 5.69926430e-04
 3.67668616e+02 5.37923583e-04
 3.67939477e+02 5.07965165e-04
 3.68210339e+02 4.81237005e-04
 3.68481200e+02 4.58744516e-04
 3.68752062e+02 4.41326539e-04
 3.69022923e+02 4.29221663e-04
 3.69293785e+02 4.22527982e-04
 3.69564646e+02 4.21050313e-04
 3.69835508e+02 4.24111086e-04
 3.70106369e+02 4.30973518e-04
 3.70377231e+02 4.40678771e-04
 3.70648093e+02 4.52092712e-04
 3.70918954e+02 4.64089408e-04
 3.71189816e+02 4.75619921e-04
 3.71460677e+02 4.85663907e-04
 3.71731539e+02 4.93335881e-04
 3.72002400e+02 4.98097994e-04
 3.72273262e+02 4.99476476e-04
 3.72544123e+02 4.97288941e-04
 3.72814985e+02 4.91704520e-04
 3.73085846e+02 4.82942426e-04
 3.73356708e+02 4.71514819e-04
 3.73627570e+02 4.58103235e-04
 3.73898431e+02 4.43409752e-04
 3.74169293e+02 4.28213371e-04
 3.74440154e+02 4.13312271e-04
 3.74711016e+02 3.99417729e-04
 3.74981877e+02 3.87079466e-04
 3.75252739e+02 3.76816762e-04
 3.75523600e+02 3.68907776e-04
 3.75794462e+02 3.63416392e-04
 3.76065323e+02 3.60358617e-04
 3.76336185e+02 3.59474115e-04
 3.76607047e+02 3.60386914e-04
 3.76877908e+02 3.62678609e-04
 3.77148770e+02 3.65807230e-04
 3.77419631e+02 3.69209296e-04
 3.77690493e+02 3.72367674e-04
 3.77961354e+02 3.74828208e-04
 3.78232216e+02 3.76156720e-04
 3.78503077e+02 3.76101936e-04
 3.78773939e+02 3.74531989e-04
 3.79044800e+02 3.71363790e-04
 3.79315662e+02 3.66737093e-04
 3.79586524e+02 3.60858326e-04
 3.79857385e+02 3.53986792e-04
 3.80128247e+02 3.46493091e-04
 3.80399108e+02 3.38760885e-04
 3.80669970e+02 3.31150374e-04
 3.80940831e+02 3.23998289e-04
 3.81211693e+02 3.17623129e-04
 3.81482554e+02 3.12207335e-04
 3.81753416e+02 3.07868725e-04
 3.82024277e+02 3.04675982e-04
 3.82295139e+02 3.02534098e-04
 3.82566001e+02 3.01312860e-04
 3.82836862e+02 3.00830700e-04
 3.83107724e+02 3.00827382e-04
 3.83378585e+02 3.01037231e-04
 3.83649447e+02 3.01211621e-04
 3.83920308e+02 3.01114472e-04
 3.84191170e+02 3.00528883e-04
 3.84462031e+02 2.99341276e-04
 3.84732893e+02 2.97473383e-04
 3.85003754e+02 2.94893929e-04
 3.85274616e+02 2.91683897e-04
 3.85545478e+02 2.87942111e-04
 3.85816339e+02 2.83808231e-04
 3.86087201e+02 2.79467872e-04
 3.86358062e+02 2.75106843e-04
 3.86628924e+02 2.70890269e-04
 3.86899785e+02 2.66972147e-04
 3.87170647e+02 2.63485626e-04
 3.87441508e+02 2.60484129e-04
 3.87712370e+02 2.58001428e-04
 3.87983231e+02 2.56030008e-04
 3.88254093e+02 2.54490955e-04
 3.88524955e+02 2.53296763e-04
 3.88795816e+02 2.52334863e-04
 3.89066678e+02 2.51471916e-04
 3.89337539e+02 2.50578308e-04
 3.89608401e+02 2.49551824e-04
 3.89879262e+02 2.48300910e-04
 3.90150124e+02 2.46756036e-04
 3.90420985e+02 2.44907530e-04
 3.90691847e+02 2.42756670e-04
 3.90962709e+02 2.40336550e-04
 3.91233570e+02 2.37720567e-04
 3.91504432e+02 2.34985448e-04
 3.91775293e+02 2.32215834e-04
 3.92046155e+02 2.29501178e-04
 3.92317016e+02 2.26923873e-04
 3.92587878e+02 2.24534930e-04
 3.92858739e+02 2.22376557e-04
 3.93129601e+02 2.20469998e-04
 3.93400462e+02 2.18795477e-04
 3.93671324e+02 2.17327516e-04
 3.93942186e+02 2.16021345e-04
 3.94213047e+02 2.14814190e-04
 3.94483909e+02 2.13643515e-04
 3.94754770e+02 2.12453475e-04
 3.95025632e+02 2.11191185e-04
 3.95296493e+02 2.09813242e-04
 3.95567355e+02 2.08305642e-04
 3.95838216e+02 2.06660412e-04
 3.96109078e+02 2.04886020e-04
 3.96379939e+02 2.03014401e-04
 3.96650801e+02 2.01079763e-04
 3.96921663e+02 1.99122275e-04
 3.97192524e+02 1.97186195e-04
 3.97463386e+02 1.95312858e-04
 3.97734247e+02 1.93528446e-04
 3.98005109e+02 1.91854324e-04
 3.98275970e+02 1.90302135e-04
 3.98546832e+02 1.88861953e-04
 3.98817693e+02 1.87520609e-04
 3.99088555e+02 1.86256159e-04
 3.99359416e+02 1.85037453e-04
 3.99630278e+02 1.83833470e-04
 3.99901140e+02 1.82617967e-04
 4.00172001e+02 1.81367086e-04
 4.00442863e+02 1.80061453e-04
 4.00713724e+02 1.78697549e-04
 4.00984586e+02 1.77275473e-04
 4.01255447e+02 1.75802251e-04
 4.01526309e+02 1.74296057e-04
 4.01797170e+02 1.72776106e-04
 4.02068032e+02 1.71262053e-04
 4.02338893e+02 1.69773896e-04
 4.02609755e+02 1.68329970e-04
 4.02880617e+02 1.66938915e-04
 4.03151478e+02 1.65605885e-04
 4.03422340e+02 1.64331901e-04
 4.03693201e+02 1.63107592e-04
 4.03964063e+02 1.61921914e-04
 4.04234924e+02 1.60761841e-04
 4.04505786e+02 1.59612005e-04
 4.04776647e+02 1.58457430e-04
 4.05047509e+02 1.57288245e-04
 4.05318370e+02 1.56097473e-04
 4.05589232e+02 1.54880196e-04
 4.05860094e+02 1.53639728e-04
 4.06130955e+02 1.52381496e-04
 4.06401817e+02 1.51112721e-04
 4.06672678e+02 1.49843895e-04
 4.06943540e+02 1.48585724e-04
 4.07214401e+02 1.47346545e-04
 4.07485263e+02 1.46132631e-04
 4.07756124e+02 1.44949325e-04
 4.08026986e+02 1.43796236e-04
 4.08297847e+02 1.42670623e-04
 4.08568709e+02 1.41568614e-04
 4.08839571e+02 1.40483095e-04
 4.09110432e+02 1.39406398e-04
 4.09381294e+02 1.38331872e-04
 4.09652155e+02 1.37254213e-04
 4.09923017e+02 1.36168530e-04
 4.10193878e+02 1.35073597e-04
 4.10464740e+02 1.33970530e-04
 4.10735601e+02 1.32861055e-04
 4.11006463e+02 1.31749561e-04
 4.11277324e+02 1.30641209e-04
 4.11548186e+02 1.29540744e-04
 4.11819048e+02 1.28452058e-04
 4.12089909e+02 1.27378841e-04
 4.12360771e+02 1.26322610e-04
 4.12631632e+02 1.25282756e-04
 4.12902494e+02 1.24258335e-04
 4.13173355e+02 1.23246535e-04
 4.13444217e+02 1.22243675e-04
 4.13715078e+02 1.21246249e-04
 4.13985940e+02 1.20251351e-04
 4.14256801e+02 1.19256218e-04
 4.14527663e+02 1.18259300e-04
 4.14798525e+02 1.17260863e-04
 4.15069386e+02 1.16261411e-04
 4.15340248e+02 1.15262615e-04
 4.15611109e+02 1.14266988e-04
 4.15881971e+02 1.13276975e-04
 4.16152832e+02 1.12294560e-04
 4.16423694e+02 1.11321570e-04
 4.16694555e+02 1.10359210e-04
 4.16965417e+02 1.09407230e-04
 4.17236278e+02 1.08465149e-04
 4.17507140e+02 1.07531855e-04
 4.17778002e+02 1.06605534e-04
 4.18048863e+02 1.05684381e-04
 4.18319725e+02 1.04766984e-04
 4.18590586e+02 1.03852139e-04
 4.18861448e+02 1.02938935e-04
 4.19132309e+02 1.02027557e-04
 4.19403171e+02 1.01118453e-04
 4.19674032e+02 1.00212365e-04
 4.19944894e+02 9.93105395e-05
 4.20215755e+02 9.84142495e-05
 4.20486617e+02 9.75244492e-05
 4.20757479e+02 9.66418335e-05
 4.21028340e+02 9.57669673e-05
 4.21299202e+02 9.48996654e-05
 4.21570063e+02 9.40394578e-05
 4.21840925e+02 9.31857667e-05
 4.22111786e+02 9.23377279e-05
 4.22382648e+02 9.14944372e-05
 4.22653509e+02 9.06552324e-05
 4.22924371e+02 8.98197510e-05
 4.23195233e+02 8.89876936e-05
 4.23466094e+02 8.81592256e-05
 4.23736956e+02 8.73347886e-05
 4.24007817e+02 8.65148530e-05
 4.24278679e+02 8.56999964e-05
 4.24549540e+02 8.48908239e-05
 4.24820402e+02 8.40877826e-05
 4.25091263e+02 8.32910171e-05
 4.25362125e+02 8.25006255e-05
 4.25632986e+02 8.17164572e-05
 4.25903848e+02 8.09381350e-05
 4.26174710e+02 8.01652753e-05
 4.26445571e+02 7.93975086e-05
 4.26716433e+02 7.86344717e-05
 4.26987294e+02 7.78758893e-05
 4.27258156e+02 7.71217522e-05
 4.27529017e+02 7.63721041e-05
 4.27799879e+02 7.56270970e-05
 4.28070740e+02 7.48870346e-05
 4.28341602e+02 7.41522263e-05
 4.28612463e+02 7.34229127e-05
 4.28883325e+02 7.26992886e-05
 4.29154187e+02 7.19815079e-05
 4.29425048e+02 7.12695268e-05
 4.29695910e+02 7.05632411e-05
 4.29966771e+02 6.98625138e-05
 4.30237633e+02 6.91671376e-05
 4.30508494e+02 6.84768991e-05
 4.30779356e+02 6.77916576e-05
 4.31050217e+02 6.71113476e-05
 4.31321079e+02 6.64359211e-05
 4.31591940e+02 6.57654481e-05
 4.31862802e+02 6.51000559e-05
 4.32133664e+02 6.44398735e-05
 4.32404525e+02 6.37850332e-05
 4.32675387e+02 6.31356673e-05
 4.32946248e+02 6.24918553e-05
 4.33217110e+02 6.18535930e-05
 4.33487971e+02 6.12208652e-05
 4.33758833e+02 6.05936035e-05
 4.34029694e+02 5.99716988e-05
 4.34300556e+02 5.93550464e-05
 4.34571417e+02 5.87435730e-05
 4.34842279e+02 5.81372161e-05
 4.35113141e+02 5.75359407e-05
 4.35384002e+02 5.69397785e-05
 4.35654864e+02 5.63487717e-05
 4.35925725e+02 5.57629741e-05
 4.36196587e+02 5.51824528e-05
 4.36467448e+02 5.46072716e-05
 4.36738310e+02 5.40374543e-05
 4.37009171e+02 5.34730027e-05
 4.37280033e+02 5.29139083e-05
 4.37550894e+02 5.23601214e-05
 4.37821756e+02 5.18115823e-05
 4.38092618e+02 5.12682356e-05
 4.38363479e+02 5.07300337e-05
 4.38634341e+02 5.01969310e-05
 4.38905202e+02 4.96689095e-05
 4.39176064e+02 4.91459740e-05
 4.39446925e+02 4.86281321e-05
 4.39717787e+02 4.81154029e-05
 4.39988648e+02 4.76078104e-05
 4.40259510e+02 4.71053709e-05
 4.40530371e+02 4.66080800e-05
 4.40801233e+02 4.61159292e-05
 4.41072095e+02 4.56288961e-05
 4.41342956e+02 4.51469401e-05
 4.41613818e+02 4.46700197e-05
 4.41884679e+02 4.41980955e-05
 4.42155541e+02 4.37311301e-05
 4.42426402e+02 4.32690896e-05
 4.42697264e+02 4.28119573e-05
 4.42968125e+02 4.23597215e-05
 4.43238987e+02 4.19123732e-05
 4.43509848e+02 4.14699084e-05
 4.43780710e+02 4.10323234e-05
 4.44051572e+02 4.05996061e-05
 4.44322433e+02 4.01717362e-05
 4.44593295e+02 3.97486916e-05
 4.44864156e+02 3.93304393e-05
 4.45135018e+02 3.89169416e-05
 4.45405879e+02 3.85081611e-05
 4.45676741e+02 3.81040625e-05
 4.45947602e+02 3.77046106e-05
 4.46218464e+02 3.73097754e-05
 4.46489325e+02 3.69195338e-05
 4.46760187e+02 3.65338632e-05
 4.47031049e+02 3.61527425e-05
 4.47301910e+02 3.57761514e-05
 4.47572772e+02 3.54040681e-05
 4.47843633e+02 3.50364644e-05
 4.48114495e+02 3.46733096e-05
 4.48385356e+02 3.43145708e-05
 4.48656218e+02 3.39602103e-05
 4.48927079e+02 3.36101894e-05
 4.49197941e+02 3.32644707e-05
 4.49468802e+02 3.29230182e-05
 4.49739664e+02 3.25857960e-05
 4.50010526e+02 3.22527722e-05
 4.50281387e+02 3.19239164e-05
 4.50552249e+02 3.15991982e-05
 4.50823110e+02 3.12785866e-05
 4.51093972e+02 3.09620506e-05
 4.51364833e+02 3.06495568e-05
 4.51635695e+02 3.03410687e-05
 4.51906556e+02 3.00365489e-05
 4.52177418e+02 2.97359588e-05
 4.52448280e+02 2.94392583e-05
 4.52719141e+02 2.91464075e-05
 4.52990003e+02 2.88573678e-05
 4.53260864e+02 2.85721015e-05
 4.53531726e+02 2.82905712e-05
 4.53802587e+02 2.80127409e-05
 4.54073449e+02 2.77385751e-05
 4.54344310e+02 2.74680373e-05
 4.54615172e+02 2.72010904e-05
 4.54886033e+02 2.69376969e-05
 4.55156895e+02 2.66778177e-05
 4.55427757e+02 2.64214124e-05
 4.55698618e+02 2.61684408e-05
 4.55969480e+02 2.59188621e-05
 4.56240341e+02 2.56726356e-05
 4.56511203e+02 2.54297209e-05
 4.56782064e+02 2.51900789e-05
 4.57052926e+02 2.49536703e-05
 4.57323787e+02 2.47204564e-05
 4.57594649e+02 2.44903988e-05
 4.57865510e+02 2.42634586e-05
 4.58136372e+02 2.40395966e-05
 4.58407234e+02 2.38187730e-05
 4.58678095e+02 2.36009479e-05
 4.58948957e+02 2.33860806e-05
 4.59219818e+02 2.31741304e-05
 4.59490680e+02 2.29650569e-05
 4.59761541e+02 2.27588199e-05
 4.60032403e+02 2.25553794e-05
 4.60303264e+02 2.23546959e-05
 4.60574126e+02 2.21567306e-05
 4.60844987e+02 2.19614444e-05
 4.61115849e+02 2.17687984e-05
 4.61386711e+02 2.15787537e-05
 4.61657572e+02 2.13912716e-05
 4.61928434e+02 2.12063126e-05
 4.62199295e+02 2.10238376e-05
 4.62470157e+02 2.08438075e-05
 4.62741018e+02 2.06661834e-05
 4.63011880e+02 2.04909263e-05
 4.63282741e+02 2.03179980e-05
 4.63553603e+02 2.01473605e-05
 4.63824464e+02 1.99789761e-05
 4.64095326e+02 1.98128075e-05
 4.64366188e+02 1.96488174e-05
 4.64637049e+02 1.94869690e-05
 4.64907911e+02 1.93272252e-05
 4.65178772e+02 1.91695494e-05
 4.65449634e+02 1.90139048e-05
 4.65720495e+02 1.88602550e-05
 4.65991357e+02 1.87085637e-05
 4.66262218e+02 1.85587951e-05
 4.66533080e+02 1.84109139e-05
 4.66803941e+02 1.82648846e-05
 4.67074803e+02 1.81206728e-05
 4.67345665e+02 1.79782440e-05
 4.67616526e+02 1.78375641e-05
 4.67887388e+02 1.76985993e-05
 4.68158249e+02 1.75613160e-05
 4.68429111e+02 1.74256811e-05
 4.68699972e+02 1.72916614e-05
 4.68970834e+02 1.71592242e-05
 4.69241695e+02 1.70283372e-05
 4.69512557e+02 1.68989685e-05
 4.69783418e+02 1.67710863e-05
 4.70054280e+02 1.66446598e-05
 4.70325142e+02 1.65196580e-05
 4.70596003e+02 1.63960506e-05
 4.70866865e+02 1.62738078e-05
 4.71137726e+02 1.61528997e-05
 4.71408588e+02 1.60332972e-05
 4.71679449e+02 1.59149714e-05
 4.71950311e+02 1.57978936e-05
 4.72221172e+02 1.56820358e-05
 4.72492034e+02 1.55673701e-05
 4.72762895e+02 1.54538692e-05
 4.73033757e+02 1.53415062e-05
 4.73304619e+02 1.52302546e-05
 4.73575480e+02 1.51200884e-05
 4.73846342e+02 1.50109820e-05
 4.74117203e+02 1.49029101e-05
 4.74388065e+02 1.47958480e-05
 4.74658926e+02 1.46897712e-05
 4.74929788e+02 1.45846556e-05
 4.75200649e+02 1.44804777e-05
 4.75471511e+02 1.43772144e-05
 4.75742372e+02 1.42748427e-05
 4.76013234e+02 1.41733406e-05
 4.76284096e+02 1.40726859e-05
 4.76554957e+02 1.39728573e-05
 4.76825819e+02 1.38738340e-05
 4.77096680e+02 1.37755951e-05
 4.77367542e+02 1.36781206e-05
 4.77638403e+02 1.35813908e-05
 4.77909265e+02 1.34853862e-05
 4.78180126e+02 1.33900881e-05
 4.78450988e+02 1.32954778e-05
 4.78721849e+02 1.32015373e-05
 4.78992711e+02 1.31082492e-05
 4.79263573e+02 1.30155959e-05
 4.79534434e+02 1.29235608e-05
 4.79805296e+02 1.28321276e-05
 4.80076157e+02 1.27412803e-05
 4.80347019e+02 1.26510033e-05
 4.80617880e+02 1.25612816e-05
 4.80888742e+02 1.24721004e-05
 4.81159603e+02 1.23834454e-05
 4.81430465e+02 1.22953026e-05
 4.81701327e+02 1.22076586e-05
 4.81972188e+02 1.21205003e-05
 4.82243050e+02 1.20338149e-05
 4.82513911e+02 1.19475901e-05
 4.82784773e+02 1.18618140e-05
 4.83055634e+02 1.17764750e-05
 4.83326496e+02 1.16915622e-05
 4.83597357e+02 1.16070645e-05
 4.83868219e+02 1.15229717e-05
 4.84139080e+02 1.14392737e-05
 4.84409942e+02 1.13559608e-05
 4.84680804e+02 1.12730239e-05
 4.84951665e+02 1.11904539e-05
 4.85222527e+02 1.11082422e-05
 4.85493388e+02 1.10263807e-05
 4.85764250e+02 1.09448615e-05
 4.86035111e+02 1.08636771e-05
 4.86305973e+02 1.07828203e-05
 4.86576834e+02 1.07022841e-05
 4.86847696e+02 1.06220623e-05
 4.87118557e+02 1.05421485e-05
 4.87389419e+02 1.04625368e-05
 4.87660281e+02 1.03832217e-05
 4.87931142e+02 1.03041981e-05
 4.88202004e+02 1.02254608e-05
 4.88472865e+02 1.01470054e-05
 4.88743727e+02 1.00688275e-05
 4.89014588e+02 9.99092292e-06
 4.89285450e+02 9.91328812e-06
 4.89556311e+02 9.83591946e-06
 4.89827173e+02 9.75881383e-06
 4.90098034e+02 9.68196830e-06
 4.90368896e+02 9.60538011e-06
 4.90639758e+02 9.52904697e-06
 4.90910619e+02 9.45296667e-06
 4.91181481e+02 9.37713729e-06
 4.91452342e+02 9.30155724e-06
 4.91723204e+02 9.22622503e-06
 4.91994065e+02 9.15113950e-06
 4.92264927e+02 9.07629972e-06
 4.92535788e+02 9.00170487e-06
 4.92806650e+02 8.92735451e-06
 4.93077511e+02 8.85324829e-06
 4.93348373e+02 8.77938605e-06
 4.93619235e+02 8.70576796e-06
 4.93890096e+02 8.63239425e-06
 4.94160958e+02 8.55926538e-06
 4.94431819e+02 8.48638205e-06
 4.94702681e+02 8.41374503e-06
 4.94973542e+02 8.34135534e-06
 4.95244404e+02 8.26921417e-06
 4.95515265e+02 8.19732278e-06
 4.95786127e+02 8.12568270e-06
 4.96056988e+02 8.05429553e-06
 4.96327850e+02 7.98316302e-06
 4.96598712e+02 7.91228712e-06
 4.96869573e+02 7.84166981e-06
 4.97140435e+02 7.77131328e-06
 4.97411296e+02 7.70121984e-06
 4.97682158e+02 7.63139183e-06
 4.97953019e+02 7.56183181e-06
 4.98223881e+02 7.49254238e-06
 4.98494742e+02 7.42352623e-06
 4.98765604e+02 7.35478621e-06
 4.99036465e+02 7.28632520e-06
 4.99307327e+02 7.21814616e-06
 4.99578189e+02 7.15025219e-06
 4.99849050e+02 7.08264641e-06
 5.00119912e+02 7.01533201e-06
 5.00390773e+02 6.94831229e-06
 5.00661635e+02 6.88159056e-06
 5.00932496e+02 6.81517021e-06
 5.01203358e+02 6.74905467e-06
 5.01474219e+02 6.68324741e-06
 5.01745081e+02 6.61775197e-06
 5.02015942e+02 6.55257189e-06
 5.02286804e+02 6.48771075e-06
 5.02557666e+02 6.42317218e-06
 5.02828527e+02 6.35895981e-06
 5.03099389e+02 6.29507728e-06
 5.03370250e+02 6.23152827e-06
 5.03641112e+02 6.16831645e-06
 5.03911973e+02 6.10544550e-06
 5.04182835e+02 6.04291911e-06
 5.04453696e+02 5.98074096e-06
 5.04724558e+02 5.91891472e-06
 5.04995419e+02 5.85744404e-06
 5.05266281e+02 5.79633259e-06
 5.05537143e+02 5.73558399e-06
 5.05808004e+02 5.67520186e-06
 5.06078866e+02 5.61518976e-06
 5.06349727e+02 5.55555127e-06
 5.06620589e+02 5.49628990e-06
 5.06891450e+02 5.43740914e-06
 5.07162312e+02 5.37891245e-06
 5.07433173e+02 5.32080322e-06
 5.07704035e+02 5.26308482e-06
 5.07974896e+02 5.20576058e-06
 5.08245758e+02 5.14883374e-06
 5.08516620e+02 5.09230751e-06
 5.08787481e+02 5.03618508e-06
 5.09058343e+02 4.98046950e-06
 5.09329204e+02 4.92516384e-06
 5.09600066e+02 4.87027105e-06
 5.09870927e+02 4.81579402e-06
 5.10141789e+02 4.76173562e-06
 5.10412650e+02 4.70809859e-06
 5.10683512e+02 4.65488561e-06
 5.10954374e+02 4.60209932e-06
 5.11225235e+02 4.54974224e-06
 5.11496097e+02 4.49781681e-06
 5.11766958e+02 4.44632545e-06
 5.12037820e+02 4.39527040e-06
 5.12308681e+02 4.34465391e-06
 5.12579543e+02 4.29447808e-06
 5.12850404e+02 4.24474493e-06
 5.13121266e+02 4.19545644e-06
 5.13392127e+02 4.14661444e-06
 5.13662989e+02 4.09822067e-06
 5.13933851e+02 4.05027684e-06
 5.14204712e+02 4.00278449e-06
 5.14475574e+02 3.95574510e-06
 5.14746435e+02 3.90916007e-06
 5.15017297e+02 3.86303065e-06
 5.15288158e+02 3.81735805e-06
 5.15559020e+02 3.77214335e-06
 5.15829881e+02 3.72738751e-06
 5.16100743e+02 3.68309147e-06
 5.16371604e+02 3.63925595e-06
 5.16642466e+02 3.59588165e-06
 5.16913328e+02 3.55296918e-06
 5.17184189e+02 3.51051898e-06
 5.17455051e+02 3.46853147e-06
 5.17725912e+02 3.42700691e-06
 5.17996774e+02 3.38594537e-06
 5.18267635e+02 3.34534693e-06
 5.18538497e+02 3.30521165e-06
 5.18809358e+02 3.26553960e-06
