 1.22038110e+03 2.97900945e-06
 1.22099054e+03 3.10285291e-06
 1.22159998e+03 3.23150133e-06
 1.22220942e+03 3.36512693e-06
 1.22281886e+03 3.50390646e-06
 1.22342830e+03 3.64802289e-06
 1.22403774e+03 3.79766481e-06
 1.22464717e+03 3.95302687e-06
 1.22525661e+03 4.11430989e-06
 1.22586605e+03 4.28172103e-06
 1.22647549e+03 4.45547391e-06
 1.22708493e+03 4.63578883e-06
 1.22769437e+03 4.82289295e-06
 1.22830380e+03 5.01702044e-06
 1.22891324e+03 5.21841277e-06
 1.22952268e+03 5.42731877e-06
 1.23013212e+03 5.64399491e-06
 1.23074156e+03 5.86870542e-06
 1.23135100e+03 6.10172253e-06
 1.23196044e+03 6.34332674e-06
 1.23256987e+03 6.59380697e-06
 1.23317931e+03 6.85346078e-06
 1.23378875e+03 7.12259459e-06
 1.23439819e+03 7.40152387e-06
 1.23500763e+03 7.69057337e-06
 1.23561707e+03 7.99007746e-06
 1.23622650e+03 8.30038029e-06
 1.23683594e+03 8.62183599e-06
 1.23744538e+03 8.95480896e-06
 1.23805482e+03 9.29967405e-06
 1.23866426e+03 9.65681691e-06
 1.23927370e+03 1.00266342e-05
 1.23988314e+03 1.04095340e-05
 1.24049257e+03 1.08059358e-05
 1.24110201e+03 1.12162708e-05
 1.24171145e+03 1.16409824e-05
 1.24232089e+03 1.20805264e-05
 1.24293033e+03 1.25353712e-05
 1.24353977e+03 1.30059983e-05
 1.24414920e+03 1.34929022e-05
 1.24475864e+03 1.39965909e-05
 1.24536808e+03 1.45175865e-05
 1.24597752e+03 1.50564250e-05
 1.24658696e+03 1.56136569e-05
 1.24719640e+03 1.61898475e-05
 1.24780584e+03 1.67855772e-05
 1.24841527e+03 1.74014418e-05
 1.24902471e+03 1.80380526e-05
 1.24963415e+03 1.86960372e-05
 1.25024359e+03 1.93760396e-05
 1.25085303e+03 2.00787204e-05
 1.25146247e+03 2.08047574e-05
 1.25207191e+03 2.15548457e-05
 1.25268134e+03 2.23296982e-05
 1.25329078e+03 2.31300460e-05
 1.25390022e+03 2.39566387e-05
 1.25450966e+03 2.48102448e-05
 1.25511910e+03 2.56916519e-05
 1.25572854e+03 2.66016672e-05
 1.25633797e+03 2.75411179e-05
 1.25694741e+03 2.85108517e-05
 1.25755685e+03 2.95117369e-05
 1.25816629e+03 3.05446629e-05
 1.25877573e+03 3.16105408e-05
 1.25938517e+03 3.27103032e-05
 1.25999461e+03 3.38449054e-05
 1.26060404e+03 3.50153253e-05
 1.26121348e+03 3.62225640e-05
 1.26182292e+03 3.74676459e-05
 1.26243236e+03 3.87516194e-05
 1.26304180e+03 4.00755571e-05
 1.26365124e+03 4.14405567e-05
 1.26426067e+03 4.28477407e-05
 1.26487011e+03 4.42982575e-05
 1.26547955e+03 4.57932812e-05
 1.26608899e+03 4.73340125e-05
 1.26669843e+03 4.89216788e-05
 1.26730787e+03 5.05575348e-05
 1.26791731e+03 5.22428631e-05
 1.26852674e+03 5.39789742e-05
 1.26913618e+03 5.57672073e-05
 1.26974562e+03 5.76089304e-05
 1.27035506e+03 5.95055409e-05
 1.27096450e+03 6.14584662e-05
 1.27157394e+03 6.34691640e-05
 1.27218338e+03 6.55391226e-05
 1.27279281e+03 6.76698615e-05
 1.27340225e+03 6.98629315e-05
 1.27401169e+03 7.21199157e-05
 1.27462113e+03 7.44424294e-05
 1.27523057e+03 7.68321211e-05
 1.27584001e+03 7.92906723e-05
 1.27644944e+03 8.18197981e-05
 1.27705888e+03 8.44212478e-05
 1.27766832e+03 8.70968053e-05
 1.27827776e+03 8.98482894e-05
 1.27888720e+03 9.26775546e-05
 1.27949664e+03 9.55864906e-05
 1.28010608e+03 9.85770236e-05
 1.28071551e+03 1.01651116e-04
 1.28132495e+03 1.04810768e-04
 1.28193439e+03 1.08058017e-04
 1.28254383e+03 1.11394938e-04
 1.28315327e+03 1.14823643e-04
 1.28376271e+03 1.18346284e-04
 1.28437214e+03 1.21965051e-04
 1.28498158e+03 1.25682175e-04
 1.28559102e+03 1.29499925e-04
 1.28620046e+03 1.33420611e-04
 1.28680990e+03 1.37446581e-04
 1.28741934e+03 1.41580227e-04
 1.28802878e+03 1.45823980e-04
 1.28863821e+03 1.50180313e-04
 1.28924765e+03 1.54651740e-04
 1.28985709e+03 1.59240818e-04
 1.29046653e+03 1.63950145e-04
 1.29107597e+03 1.68782363e-04
 1.29168541e+03 1.73740156e-04
 1.29229484e+03 1.78826250e-04
 1.29290428e+03 1.84043416e-04
 1.29351372e+03 1.89394469e-04
 1.29412316e+03 1.94882266e-04
 1.29473260e+03 2.00509708e-04
 1.29534204e+03 2.06279743e-04
 1.29595148e+03 2.12195360e-04
 1.29656091e+03 2.18259594e-04
 1.29717035e+03 2.24475526e-04
 1.29777979e+03 2.30846280e-04
 1.29838923e+03 2.37375026e-04
 1.29899867e+03 2.44064978e-04
 1.29960811e+03 2.50919398e-04
 1.30021755e+03 2.57941589e-04
 1.30082698e+03 2.65134904e-04
 1.30143642e+03 2.72502739e-04
 1.30204586e+03 2.80048535e-04
 1.30265530e+03 2.87775779e-04
 1.30326474e+03 2.95688005e-04
 1.30387418e+03 3.03788790e-04
 1.30448361e+03 3.12081759e-04
 1.30509305e+03 3.20570580e-04
 1.30570249e+03 3.29258967e-04
 1.30631193e+03 3.38150680e-04
 1.30692137e+03 3.47249524e-04
 1.30753081e+03 3.56559346e-04
 1.30814025e+03 3.66084042e-04
 1.30874968e+03 3.75827550e-04
 1.30935912e+03 3.85793851e-04
 1.30996856e+03 3.95986974e-04
 1.31057800e+03 4.06410988e-04
 1.31118744e+03 4.17070008e-04
 1.31179688e+03 4.27968189e-04
 1.31240631e+03 4.39109733e-04
 1.31301575e+03 4.50498880e-04
 1.31362519e+03 4.62139916e-04
 1.31423463e+03 4.74037166e-04
 1.31484407e+03 4.86194996e-04
 1.31545351e+03 4.98617815e-04
 1.31606295e+03 5.11310070e-04
 1.31667238e+03 5.24276247e-04
 1.31728182e+03 5.37520874e-04
 1.31789126e+03 5.51048515e-04
 1.31850070e+03 5.64863772e-04
 1.31911014e+03 5.78971284e-04
 1.31971958e+03 5.93375728e-04
 1.32032901e+03 6.08081814e-04
 1.32093845e+03 6.23094291e-04
 1.32154789e+03 6.38417938e-04
 1.32215733e+03 6.54057570e-04
 1.32276677e+03 6.70018033e-04
 1.32337621e+03 6.86304206e-04
 1.32398565e+03 7.02920997e-04
 1.32459508e+03 7.19873345e-04
 1.32520452e+03 7.37166218e-04
 1.32581396e+03 7.54804611e-04
 1.32642340e+03 7.72793546e-04
 1.32703284e+03 7.91138071e-04
 1.32764228e+03 8.09843258e-04
 1.32825172e+03 8.28914202e-04
 1.32886115e+03 8.48356023e-04
 1.32947059e+03 8.68173857e-04
 1.33008003e+03 8.88372865e-04
 1.33068947e+03 9.08958223e-04
 1.33129891e+03 9.29935125e-04
 1.33190835e+03 9.51308782e-04
 1.33251778e+03 9.73084417e-04
 1.33312722e+03 9.95267268e-04
 1.33373666e+03 1.01786258e-03
 1.33434610e+03 1.04087562e-03
 1.33495554e+03 1.06431166e-03
 1.33556498e+03 1.08817595e-03
 1.33617442e+03 1.11247379e-03
 1.33678385e+03 1.13721046e-03
 1.33739329e+03 1.16239125e-03
 1.33800273e+03 1.18802143e-03
 1.33861217e+03 1.21410630e-03
 1.33922161e+03 1.24065113e-03
 1.33983105e+03 1.26766121e-03
 1.34044048e+03 1.29514179e-03
 1.34104992e+03 1.32309815e-03
 1.34165936e+03 1.35153553e-03
 1.34226880e+03 1.38045917e-03
 1.34287824e+03 1.40987429e-03
 1.34348768e+03 1.43978610e-03
 1.34409712e+03 1.47019979e-03
 1.34470655e+03 1.50112052e-03
 1.34531599e+03 1.53255345e-03
 1.34592543e+03 1.56450369e-03
 1.34653487e+03 1.59697633e-03
 1.34714431e+03 1.62997644e-03
 1.34775375e+03 1.66350905e-03
 1.34836318e+03 1.69757917e-03
 1.34897262e+03 1.73219175e-03
 1.34958206e+03 1.76735173e-03
 1.35019150e+03 1.80306398e-03
 1.35080094e+03 1.83933335e-03
 1.35141038e+03 1.87616464e-03
 1.35201982e+03 1.91356261e-03
 1.35262925e+03 1.95153194e-03
 1.35323869e+03 1.99007729e-03
 1.35384813e+03 2.02920325e-03
 1.35445757e+03 2.06891436e-03
 1.35506701e+03 2.10921509e-03
 1.35567645e+03 2.15010987e-03
 1.35628589e+03 2.19160303e-03
 1.35689532e+03 2.23369887e-03
 1.35750476e+03 2.27640159e-03
 1.35811420e+03 2.31971534e-03
 1.35872364e+03 2.36364418e-03
 1.35933308e+03 2.40819210e-03
 1.35994252e+03 2.45336301e-03
 1.36055195e+03 2.49916073e-03
 1.36116139e+03 2.54558900e-03
 1.36177083e+03 2.59265148e-03
 1.36238027e+03 2.64035171e-03
 1.36298971e+03 2.68869318e-03
 1.36359915e+03 2.73767926e-03
 1.36420859e+03 2.78731320e-03
 1.36481802e+03 2.83759820e-03
 1.36542746e+03 2.88853731e-03
 1.36603690e+03 2.94013349e-03
 1.36664634e+03 2.99238960e-03
 1.36725578e+03 3.04530837e-03
 1.36786522e+03 3.09889243e-03
 1.36847465e+03 3.15314428e-03
 1.36908409e+03 3.20806632e-03
 1.36969353e+03 3.26366081e-03
 1.37030297e+03 3.31992988e-03
 1.37091241e+03 3.37687555e-03
 1.37152185e+03 3.43449969e-03
 1.37213129e+03 3.49280406e-03
 1.37274072e+03 3.55179027e-03
 1.37335016e+03 3.61145979e-03
 1.37395960e+03 3.67181395e-03
 1.37456904e+03 3.73285395e-03
 1.37517848e+03 3.79458082e-03
 1.37578792e+03 3.85699547e-03
 1.37639735e+03 3.92009863e-03
 1.37700679e+03 3.98389090e-03
 1.37761623e+03 4.04837272e-03
 1.37822567e+03 4.11354436e-03
 1.37883511e+03 4.17940593e-03
 1.37944455e+03 4.24595741e-03
 1.38005399e+03 4.31319856e-03
 1.38066342e+03 4.38112903e-03
 1.38127286e+03 4.44974825e-03
 1.38188230e+03 4.51905552e-03
 1.38249174e+03 4.58904994e-03
 1.38310118e+03 4.65973045e-03
 1.38371062e+03 4.73109579e-03
 1.38432006e+03 4.80314455e-03
 1.38492949e+03 4.87587511e-03
 1.38553893e+03 4.94928569e-03
 1.38614837e+03 5.02337431e-03
 1.38675781e+03 5.09813880e-03
 1.38736725e+03 5.17357682e-03
 1.38797669e+03 5.24968581e-03
 1.38858612e+03 5.32646305e-03
 1.38919556e+03 5.40390560e-03
 1.38980500e+03 5.48201034e-03
 1.39041444e+03 5.56077394e-03
 1.39102388e+03 5.64019289e-03
 1.39163332e+03 5.72026345e-03
 1.39224276e+03 5.80098170e-03
 1.39285219e+03 5.88234353e-03
 1.39346163e+03 5.96434460e-03
 1.39407107e+03 6.04698038e-03
 1.39468051e+03 6.13024612e-03
 1.39528995e+03 6.21413688e-03
 1.39589939e+03 6.29864751e-03
 1.39650882e+03 6.38377264e-03
 1.39711826e+03 6.46950670e-03
 1.39772770e+03 6.55584391e-03
 1.39833714e+03 6.64277827e-03
 1.39894658e+03 6.73030358e-03
 1.39955602e+03 6.81841342e-03
 1.40016546e+03 6.90710117e-03
 1.40077489e+03 6.99635999e-03
 1.40138433e+03 7.08618281e-03
 1.40199377e+03 7.17656239e-03
 1.40260321e+03 7.26749124e-03
 1.40321265e+03 7.35896166e-03
 1.40382209e+03 7.45096576e-03
 1.40443152e+03 7.54349542e-03
 1.40504096e+03 7.63654231e-03
 1.40565040e+03 7.73009790e-03
 1.40625984e+03 7.82415342e-03
 1.40686928e+03 7.91869992e-03
 1.40747872e+03 8.01372824e-03
 1.40808816e+03 8.10922898e-03
 1.40869759e+03 8.20519255e-03
 1.40930703e+03 8.30160917e-03
 1.40991647e+03 8.39846882e-03
 1.41052591e+03 8.49576129e-03
 1.41113535e+03 8.59347618e-03
 1.41174479e+03 8.69160285e-03
 1.41235423e+03 8.79013050e-03
 1.41296366e+03 8.88904810e-03
 1.41357310e+03 8.98834443e-03
 1.41418254e+03 9.08800807e-03
 1.41479198e+03 9.18802742e-03
 1.41540142e+03 9.28839066e-03
 1.41601086e+03 9.38908580e-03
 1.41662029e+03 9.49010064e-03
 1.41722973e+03 9.59142282e-03
 1.41783917e+03 9.69303976e-03
 1.41844861e+03 9.79493872e-03
 1.41905805e+03 9.89710678e-03
 1.41966749e+03 9.99953083e-03
 1.42027693e+03 1.01021976e-02
 1.42088636e+03 1.02050936e-02
 1.42149580e+03 1.03082052e-02
 1.42210524e+03 1.04115186e-02
 1.42271468e+03 1.05150199e-02
 1.42332412e+03 1.06186950e-02
 1.42393356e+03 1.07225295e-02
 1.42454299e+03 1.08265090e-02
 1.42515243e+03 1.09306189e-02
 1.42576187e+03 1.10348445e-02
 1.42637131e+03 1.11391709e-02
 1.42698075e+03 1.12435830e-02
 1.42759019e+03 1.13480657e-02
 1.42819963e+03 1.14526037e-02
 1.42880906e+03 1.15571815e-02
 1.42941850e+03 1.16617836e-02
 1.43002794e+03 1.17663942e-02
 1.43063738e+03 1.18709976e-02
 1.43124682e+03 1.19755778e-02
 1.43185626e+03 1.20801188e-02
 1.43246570e+03 1.21846044e-02
 1.43307513e+03 1.22890183e-02
 1.43368457e+03 1.23933442e-02
 1.43429401e+03 1.24975657e-02
 1.43490345e+03 1.26016662e-02
 1.43551289e+03 1.27056290e-02
 1.43612233e+03 1.28094375e-02
 1.43673176e+03 1.29130748e-02
 1.43734120e+03 1.30165241e-02
 1.43795064e+03 1.31197685e-02
 1.43856008e+03 1.32227909e-02
 1.43916952e+03 1.33255742e-02
 1.43977896e+03 1.34281014e-02
 1.44038840e+03 1.35303553e-02
 1.44099783e+03 1.36323187e-02
 1.44160727e+03 1.37339743e-02
 1.44221671e+03 1.38353048e-02
 1.44282615e+03 1.39362930e-02
 1.44343559e+03 1.40369214e-02
 1.44404503e+03 1.41371728e-02
 1.44465446e+03 1.42370297e-02
 1.44526390e+03 1.43364748e-02
 1.44587334e+03 1.44354906e-02
 1.44648278e+03 1.45340598e-02
 1.44709222e+03 1.46321650e-02
 1.44770166e+03 1.47297888e-02
 1.44831110e+03 1.48269139e-02
 1.44892053e+03 1.49235229e-02
 1.44952997e+03 1.50195985e-02
 1.45013941e+03 1.51151235e-02
 1.45074885e+03 1.52100806e-02
 1.45135829e+03 1.53044526e-02
 1.45196773e+03 1.53982224e-02
 1.45257716e+03 1.54913729e-02
 1.45318660e+03 1.55838870e-02
 1.45379604e+03 1.56757479e-02
 1.45440548e+03 1.57669385e-02
 1.45501492e+03 1.58574420e-02
 1.45562436e+03 1.59472418e-02
 1.45623380e+03 1.60363212e-02
 1.45684323e+03 1.61246636e-02
 1.45745267e+03 1.62122525e-02
 1.45806211e+03 1.62990716e-02
 1.45867155e+03 1.63851045e-02
 1.45928099e+03 1.64703353e-02
 1.45989043e+03 1.65547478e-02
 1.46049987e+03 1.66383261e-02
 1.46110930e+03 1.67210544e-02
 1.46171874e+03 1.68029171e-02
 1.46232818e+03 1.68838987e-02
 1.46293762e+03 1.69639838e-02
 1.46354706e+03 1.70431573e-02
 1.46415650e+03 1.71214039e-02
 1.46476593e+03 1.71987089e-02
 1.46537537e+03 1.72750574e-02
 1.46598481e+03 1.73504349e-02
 1.46659425e+03 1.74248270e-02
 1.46720369e+03 1.74982194e-02
 1.46781313e+03 1.75705981e-02
 1.46842257e+03 1.76419493e-02
 1.46903200e+03 1.77122592e-02
 1.46964144e+03 1.77815143e-02
 1.47025088e+03 1.78497015e-02
 1.47086032e+03 1.79168076e-02
 1.47146976e+03 1.79828197e-02
 1.47207920e+03 1.80477251e-02
 1.47268863e+03 1.81115115e-02
 1.47329807e+03 1.81741667e-02
 1.47390751e+03 1.82356785e-02
 1.47451695e+03 1.82960353e-02
 1.47512639e+03 1.83552255e-02
 1.47573583e+03 1.84132377e-02
 1.47634527e+03 1.84700610e-02
 1.47695470e+03 1.85256845e-02
 1.47756414e+03 1.85800976e-02
 1.47817358e+03 1.86332900e-02
 1.47878302e+03 1.86852516e-02
 1.47939246e+03 1.87359727e-02
 1.48000190e+03 1.87854435e-02
 1.48061133e+03 1.88336549e-02
 1.48122077e+03 1.88805978e-02
 1.48183021e+03 1.89262634e-02
 1.48243965e+03 1.89706432e-02
 1.48304909e+03 1.90137290e-02
 1.48365853e+03 1.90555129e-02
 1.48426797e+03 1.90959872e-02
 1.48487740e+03 1.91351444e-02
 1.48548684e+03 1.91729775e-02
 1.48609628e+03 1.92094797e-02
 1.48670572e+03 1.92446444e-02
 1.48731516e+03 1.92784653e-02
 1.48792460e+03 1.93109366e-02
 1.48853404e+03 1.93420524e-02
 1.48914347e+03 1.93718075e-02
 1.48975291e+03 1.94001968e-02
 1.49036235e+03 1.94272155e-02
 1.49097179e+03 1.94528591e-02
 1.49158123e+03 1.94771233e-02
 1.49219067e+03 1.95000044e-02
 1.49280010e+03 1.95214987e-02
 1.49340954e+03 1.95416030e-02
 1.49401898e+03 1.95603142e-02
 1.49462842e+03 1.95776296e-02
 1.49523786e+03 1.95935470e-02
 1.49584730e+03 1.96080641e-02
 1.49645674e+03 1.96211793e-02
 1.49706617e+03 1.96328911e-02
 1.49767561e+03 1.96431983e-02
 1.49828505e+03 1.96521000e-02
 1.49889449e+03 1.96595956e-02
 1.49950393e+03 1.96656850e-02
 1.50011337e+03 1.96703682e-02
 1.50072280e+03 1.96736455e-02
 1.50133224e+03 1.96755176e-02
 1.50194168e+03 1.96759854e-02
 1.50255112e+03 1.96750502e-02
 1.50316056e+03 1.96727136e-02
 1.50377000e+03 1.96689773e-02
 1.50437944e+03 1.96638435e-02
 1.50498887e+03 1.96573148e-02
 1.50559831e+03 1.96493938e-02
 1.50620775e+03 1.96400835e-02
 1.50681719e+03 1.96293873e-02
 1.50742663e+03 1.96173088e-02
 1.50803607e+03 1.96038519e-02
 1.50864550e+03 1.95890207e-02
 1.50925494e+03 1.95728199e-02
 1.50986438e+03 1.95552540e-02
 1.51047382e+03 1.95363282e-02
 1.51108326e+03 1.95160477e-02
 1.51169270e+03 1.94944183e-02
 1.51230214e+03 1.94714456e-02
 1.51291157e+03 1.94471359e-02
 1.51352101e+03 1.94214955e-02
 1.51413045e+03 1.93945311e-02
 1.51473989e+03 1.93662497e-02
 1.51534933e+03 1.93366584e-02
 1.51595877e+03 1.93057648e-02
 1.51656821e+03 1.92735764e-02
 1.51717764e+03 1.92401012e-02
 1.51778708e+03 1.92053475e-02
 1.51839652e+03 1.91693237e-02
 1.51900596e+03 1.91320384e-02
 1.51961540e+03 1.90935007e-02
 1.52022484e+03 1.90537196e-02
 1.52083427e+03 1.90127045e-02
 1.52144371e+03 1.89704651e-02
 1.52205315e+03 1.89270112e-02
 1.52266259e+03 1.88823528e-02
 1.52327203e+03 1.88365003e-02
 1.52388147e+03 1.87894641e-02
 1.52449091e+03 1.87412550e-02
 1.52510034e+03 1.86918837e-02
 1.52570978e+03 1.86413615e-02
 1.52631922e+03 1.85896997e-02
 1.52692866e+03 1.85369096e-02
 1.52753810e+03 1.84830030e-02
 1.52814754e+03 1.84279918e-02
 1.52875697e+03 1.83718881e-02
 1.52936641e+03 1.83147039e-02
 1.52997585e+03 1.82564518e-02
 1.53058529e+03 1.81971442e-02
 1.53119473e+03 1.81367939e-02
 1.53180417e+03 1.80754138e-02
 1.53241361e+03 1.80130170e-02
 1.53302304e+03 1.79496165e-02
 1.53363248e+03 1.78852257e-02
 1.53424192e+03 1.78198581e-02
 1.53485136e+03 1.77535274e-02
 1.53546080e+03 1.76862471e-02
 1.53607024e+03 1.76180312e-02
 1.53667967e+03 1.75488938e-02
 1.53728911e+03 1.74788487e-02
 1.53789855e+03 1.74079104e-02
 1.53850799e+03 1.73360931e-02
 1.53911743e+03 1.72634112e-02
 1.53972687e+03 1.71898793e-02
 1.54033631e+03 1.71155120e-02
 1.54094574e+03 1.70403239e-02
 1.54155518e+03 1.69643300e-02
 1.54216462e+03 1.68875450e-02
 1.54277406e+03 1.68099839e-02
 1.54338350e+03 1.67316617e-02
 1.54399294e+03 1.66525936e-02
 1.54460238e+03 1.65727946e-02
 1.54521181e+03 1.64922800e-02
 1.54582125e+03 1.64110651e-02
 1.54643069e+03 1.63291651e-02
 1.54704013e+03 1.62465953e-02
 1.54764957e+03 1.61633713e-02
 1.54825901e+03 1.60795084e-02
 1.54886844e+03 1.59950221e-02
 1.54947788e+03 1.59099278e-02
 1.55008732e+03 1.58242410e-02
 1.55069676e+03 1.57379773e-02
 1.55130620e+03 1.56511522e-02
 1.55191564e+03 1.55637813e-02
 1.55252508e+03 1.54758800e-02
 1.55313451e+03 1.53874640e-02
 1.55374395e+03 1.52985487e-02
 1.55435339e+03 1.52091497e-02
 1.55496283e+03 1.51192825e-02
 1.55557227e+03 1.50289626e-02
 1.55618171e+03 1.49382054e-02
 1.55679114e+03 1.48470265e-02
 1.55740058e+03 1.47554412e-02
 1.55801002e+03 1.46634649e-02
 1.55861946e+03 1.45711130e-02
 1.55922890e+03 1.44784008e-02
 1.55983834e+03 1.43853435e-02
 1.56044778e+03 1.42919563e-02
 1.56105721e+03 1.41982545e-02
 1.56166665e+03 1.41042530e-02
 1.56227609e+03 1.40099670e-02
 1.56288553e+03 1.39154114e-02
 1.56349497e+03 1.38206012e-02
 1.56410441e+03 1.37255511e-02
 1.56471384e+03 1.36302759e-02
 1.56532328e+03 1.35347904e-02
 1.56593272e+03 1.34391091e-02
 1.56654216e+03 1.33432466e-02
 1.56715160e+03 1.32472172e-02
 1.56776104e+03 1.31510353e-02
 1.56837048e+03 1.30547153e-02
 1.56897991e+03 1.29582711e-02
 1.56958935e+03 1.28617170e-02
 1.57019879e+03 1.27650668e-02
 1.57080823e+03 1.26683343e-02
 1.57141767e+03 1.25715334e-02
 1.57202711e+03 1.24746776e-02
 1.57263655e+03 1.23777805e-02
 1.57324598e+03 1.22808555e-02
 1.57385542e+03 1.21839158e-02
 1.57446486e+03 1.20869745e-02
 1.57507430e+03 1.19900449e-02
 1.57568374e+03 1.18931396e-02
 1.57629318e+03 1.17962716e-02
 1.57690261e+03 1.16994535e-02
 1.57751205e+03 1.16026978e-02
 1.57812149e+03 1.15060168e-02
 1.57873093e+03 1.14094229e-02
 1.57934037e+03 1.13129281e-02
 1.57994981e+03 1.12165445e-02
 1.58055925e+03 1.11202838e-02
 1.58116868e+03 1.10241578e-02
 1.58177812e+03 1.09281780e-02
 1.58238756e+03 1.08323557e-02
 1.58299700e+03 1.07367023e-02
 1.58360644e+03 1.06412288e-02
 1.58421588e+03 1.05459463e-02
 1.58482531e+03 1.04508653e-02
 1.58543475e+03 1.03559968e-02
 1.58604419e+03 1.02613510e-02
 1.58665363e+03 1.01669384e-02
 1.58726307e+03 1.00727692e-02
 1.58787251e+03 9.97885329e-03
 1.58848195e+03 9.88520061e-03
 1.58909138e+03 9.79182086e-03
 1.58970082e+03 9.69872357e-03
 1.59031026e+03 9.60591814e-03
 1.59091970e+03 9.51341378e-03
 1.59152914e+03 9.42121955e-03
 1.59213858e+03 9.32934435e-03
 1.59274802e+03 9.23779691e-03
 1.59335745e+03 9.14658581e-03
 1.59396689e+03 9.05571946e-03
 1.59457633e+03 8.96520609e-03
 1.59518577e+03 8.87505378e-03
 1.59579521e+03 8.78527046e-03
 1.59640465e+03 8.69586386e-03
 1.59701408e+03 8.60684158e-03
 1.59762352e+03 8.51821104e-03
 1.59823296e+03 8.42997948e-03
 1.59884240e+03 8.34215402e-03
 1.59945184e+03 8.25474156e-03
 1.60006128e+03 8.16774888e-03
 1.60067072e+03 8.08118257e-03
 1.60128015e+03 7.99504907e-03
 1.60188959e+03 7.90935465e-03
 1.60249903e+03 7.82410543e-03
 1.60310847e+03 7.73930734e-03
 1.60371791e+03 7.65496617e-03
 1.60432735e+03 7.57108756e-03
 1.60493678e+03 7.48767696e-03
 1.60554622e+03 7.40473967e-03
 1.60615566e+03 7.32228084e-03
 1.60676510e+03 7.24030545e-03
 1.60737454e+03 7.15881833e-03
 1.60798398e+03 7.07782416e-03
 1.60859342e+03 6.99732744e-03
 1.60920285e+03 6.91733253e-03
 1.60981229e+03 6.83784364e-03
 1.61042173e+03 6.75886482e-03
 1.61103117e+03 6.68039996e-03
 1.61164061e+03 6.60245281e-03
 1.61225005e+03 6.52502698e-03
 1.61285948e+03 6.44812590e-03
 1.61346892e+03 6.37175287e-03
 1.61407836e+03 6.29591104e-03
 1.61468780e+03 6.22060343e-03
 1.61529724e+03 6.14583290e-03
 1.61590668e+03 6.07160215e-03
 1.61651612e+03 5.99791378e-03
 1.61712555e+03 5.92477020e-03
 1.61773499e+03 5.85217373e-03
 1.61834443e+03 5.78012652e-03
 1.61895387e+03 5.70863059e-03
 1.61956331e+03 5.63768783e-03
 1.62017275e+03 5.56729999e-03
 1.62078219e+03 5.49746869e-03
 1.62139162e+03 5.42819543e-03
 1.62200106e+03 5.35948156e-03
 1.62261050e+03 5.29132833e-03
 1.62321994e+03 5.22373682e-03
 1.62382938e+03 5.15670804e-03
 1.62443882e+03 5.09024284e-03
 1.62504825e+03 5.02434196e-03
 1.62565769e+03 4.95900601e-03
 1.62626713e+03 4.89423550e-03
 1.62687657e+03 4.83003082e-03
 1.62748601e+03 4.76639222e-03
 1.62809545e+03 4.70331988e-03
 1.62870489e+03 4.64081382e-03
 1.62931432e+03 4.57887400e-03
 1.62992376e+03 4.51750023e-03
 1.63053320e+03 4.45669224e-03
 1.63114264e+03 4.39644964e-03
 1.63175208e+03 4.33677194e-03
 1.63236152e+03 4.27765855e-03
 1.63297095e+03 4.21910880e-03
 1.63358039e+03 4.16112188e-03
 1.63418983e+03 4.10369692e-03
 1.63479927e+03 4.04683295e-03
 1.63540871e+03 3.99052888e-03
 1.63601815e+03 3.93478357e-03
 1.63662759e+03 3.87959577e-03
 1.63723702e+03 3.82496412e-03
 1.63784646e+03 3.77088723e-03
 1.63845590e+03 3.71736357e-03
 1.63906534e+03 3.66439156e-03
 1.63967478e+03 3.61196953e-03
 1.64028422e+03 3.56009573e-03
 1.64089365e+03 3.50876834e-03
 1.64150309e+03 3.45798545e-03
 1.64211253e+03 3.40774510e-03
 1.64272197e+03 3.35804524e-03
 1.64333141e+03 3.30888375e-03
 1.64394085e+03 3.26025844e-03
 1.64455029e+03 3.21216708e-03
 1.64515972e+03 3.16460733e-03
 1.64576916e+03 3.11757683e-03
 1.64637860e+03 3.07107312e-03
 1.64698804e+03 3.02509371e-03
 1.64759748e+03 2.97963605e-03
 1.64820692e+03 2.93469750e-03
 1.64881636e+03 2.89027540e-03
 1.64942579e+03 2.84636703e-03
 1.65003523e+03 2.80296961e-03
 1.65064467e+03 2.76008030e-03
 1.65125411e+03 2.71769624e-03
 1.65186355e+03 2.67581450e-03
 1.65247299e+03 2.63443211e-03
 1.65308242e+03 2.59354606e-03
 1.65369186e+03 2.55315328e-03
 1.65430130e+03 2.51325069e-03
 1.65491074e+03 2.47383515e-03
 1.65552018e+03 2.43490348e-03
 1.65612962e+03 2.39645247e-03
 1.65673906e+03 2.35847887e-03
 1.65734849e+03 2.32097941e-03
 1.65795793e+03 2.28395077e-03
 1.65856737e+03 2.24738961e-03
 1.65917681e+03 2.21129255e-03
 1.65978625e+03 2.17565620e-03
 1.66039569e+03 2.14047713e-03
 1.66100512e+03 2.10575187e-03
 1.66161456e+03 2.07147697e-03
 1.66222400e+03 2.03764891e-03
 1.66283344e+03 2.00426417e-03
 1.66344288e+03 1.97131921e-03
 1.66405232e+03 1.93881048e-03
 1.66466176e+03 1.90673439e-03
 1.66527119e+03 1.87508735e-03
 1.66588063e+03 1.84386575e-03
 1.66649007e+03 1.81306596e-03
 1.66709951e+03 1.78268435e-03
 1.66770895e+03 1.75271727e-03
 1.66831839e+03 1.72316105e-03
 1.66892782e+03 1.69401204e-03
 1.66953726e+03 1.66526654e-03
 1.67014670e+03 1.63692088e-03
 1.67075614e+03 1.60897137e-03
 1.67136558e+03 1.58141430e-03
 1.67197502e+03 1.55424598e-03
 1.67258446e+03 1.52746270e-03
 1.67319389e+03 1.50106076e-03
 1.67380333e+03 1.47503645e-03
 1.67441277e+03 1.44938605e-03
 1.67502221e+03 1.42410587e-03
 1.67563165e+03 1.39919219e-03
 1.67624109e+03 1.37464132e-03
 1.67685053e+03 1.35044955e-03
 1.67745996e+03 1.32661318e-03
 1.67806940e+03 1.30312853e-03
 1.67867884e+03 1.27999190e-03
 1.67928828e+03 1.25719962e-03
 1.67989772e+03 1.23474801e-03
 1.68050716e+03 1.21263342e-03
 1.68111659e+03 1.19085218e-03
 1.68172603e+03 1.16940065e-03
 1.68233547e+03 1.14827519e-03
 1.68294491e+03 1.12747219e-03
 1.68355435e+03 1.10698802e-03
 1.68416379e+03 1.08681908e-03
 1.68477323e+03 1.06696179e-03
 1.68538266e+03 1.04741258e-03
 1.68599210e+03 1.02816787e-03
 1.68660154e+03 1.00922414e-03
 1.68721098e+03 9.90577834e-04
 1.68782042e+03 9.72225454e-04
 1.68842986e+03 9.54163498e-04
 1.68903929e+03 9.36388483e-04
 1.68964873e+03 9.18896945e-04
 1.69025817e+03 9.01685440e-04
 1.69086761e+03 8.84750538e-04
 1.69147705e+03 8.68088830e-04
 1.69208649e+03 8.51696928e-04
 1.69269593e+03 8.35571461e-04
 1.69330536e+03 8.19709078e-04
 1.69391480e+03 8.04106451e-04
 1.69452424e+03 7.88760270e-04
 1.69513368e+03 7.73667249e-04
 1.69574312e+03 7.58824121e-04
 1.69635256e+03 7.44227643e-04
 1.69696199e+03 7.29874592e-04
 1.69757143e+03 7.15761770e-04
 1.69818087e+03 7.01886000e-04
 1.69879031e+03 6.88244129e-04
 1.69939975e+03 6.74833028e-04
 1.70000919e+03 6.61649590e-04
 1.70061863e+03 6.48690734e-04
 1.70122806e+03 6.35953400e-04
 1.70183750e+03 6.23434556e-04
 1.70244694e+03 6.11131193e-04
 1.70305638e+03 5.99040326e-04
 1.70366582e+03 5.87158995e-04
 1.70427526e+03 5.75484267e-04
 1.70488470e+03 5.64013233e-04
 1.70549413e+03 5.52743008e-04
 1.70610357e+03 5.41670736e-04
 1.70671301e+03 5.30793583e-04
 1.70732245e+03 5.20108744e-04
 1.70793189e+03 5.09613438e-04
 1.70854133e+03 4.99304910e-04
 1.70915076e+03 4.89180431e-04
 1.70976020e+03 4.79237301e-04
 1.71036964e+03 4.69472842e-04
 1.71097908e+03 4.59884406e-04
 1.71158852e+03 4.50469368e-04
 1.71219796e+03 4.41225132e-04
 1.71280740e+03 4.32149127e-04
 1.71341683e+03 4.23238810e-04
 1.71402627e+03 4.14491663e-04
 1.71463571e+03 4.05905193e-04
 1.71524515e+03 3.97476938e-04
 1.71585459e+03 3.89204459e-04
 1.71646403e+03 3.81085344e-04
 1.71707346e+03 3.73117207e-04
 1.71768290e+03 3.65297689e-04
 1.71829234e+03 3.57624459e-04
 1.71890178e+03 3.50095208e-04
 1.71951122e+03 3.42707659e-04
 1.72012066e+03 3.35459555e-04
 1.72073010e+03 3.28348670e-04
 1.72133953e+03 3.21372802e-04
 1.72194897e+03 3.14529774e-04
 1.72255841e+03 3.07817436e-04
 1.72316785e+03 3.01233665e-04
 1.72377729e+03 2.94776362e-04
 1.72438673e+03 2.88443454e-04
 1.72499617e+03 2.82232892e-04
 1.72560560e+03 2.76142656e-04
 1.72621504e+03 2.70170748e-04
 1.72682448e+03 2.64315196e-04
 1.72743392e+03 2.58574053e-04
 1.72804336e+03 2.52945398e-04
 1.72865280e+03 2.47427333e-04
 1.72926223e+03 2.42017985e-04
 1.72987167e+03 2.36715507e-04
 1.73048111e+03 2.31518074e-04
 1.73109055e+03 2.26423887e-04
 1.73169999e+03 2.21431170e-04
 1.73230943e+03 2.16538171e-04
 1.73291887e+03 2.11743162e-04
 1.73352830e+03 2.07044438e-04
 1.73413774e+03 2.02440317e-04
 1.73474718e+03 1.97929142e-04
 1.73535662e+03 1.93509278e-04
 1.73596606e+03 1.89179112e-04
 1.73657550e+03 1.84937054e-04
 1.73718493e+03 1.80781538e-04
 1.73779437e+03 1.76711018e-04
 1.73840381e+03 1.72723971e-04
 1.73901325e+03 1.68818898e-04
 1.73962269e+03 1.64994319e-04
 1.74023213e+03 1.61248775e-04
 1.74084157e+03 1.57580833e-04
 1.74145100e+03 1.53989075e-04
 1.74206044e+03 1.50472109e-04
 1.74266988e+03 1.47028561e-04
 1.74327932e+03 1.43657078e-04
 1.74388876e+03 1.40356329e-04
 1.74449820e+03 1.37125002e-04
 1.74510763e+03 1.33961804e-04
 1.74571707e+03 1.30865464e-04
 1.74632651e+03 1.27834728e-04
 1.74693595e+03 1.24868364e-04
 1.74754539e+03 1.21965158e-04
 1.74815483e+03 1.19123915e-04
 1.74876427e+03 1.16343459e-04
 1.74937370e+03 1.13622632e-04
 1.74998314e+03 1.10960295e-04
 1.75059258e+03 1.08355328e-04
 1.75120202e+03 1.05806627e-04
 1.75181146e+03 1.03313107e-04
 1.75242090e+03 1.00873700e-04
 1.75303034e+03 9.84873575e-05
 1.75363977e+03 9.61530453e-05
 1.75424921e+03 9.38697477e-05
 1.75485865e+03 9.16364656e-05
 1.75546809e+03 8.94522162e-05
 1.75607753e+03 8.73160334e-05
 1.75668697e+03 8.52269671e-05
 1.75729640e+03 8.31840832e-05
 1.75790584e+03 8.11864636e-05
 1.75851528e+03 7.92332055e-05
 1.75912472e+03 7.73234216e-05
 1.75973416e+03 7.54562398e-05
 1.76034360e+03 7.36308029e-05
 1.76095304e+03 7.18462688e-05
 1.76156247e+03 7.01018097e-05
 1.76217191e+03 6.83966123e-05
 1.76278135e+03 6.67298776e-05
 1.76339079e+03 6.51008205e-05
 1.76400023e+03 6.35086700e-05
 1.76460967e+03 6.19526684e-05
 1.76521910e+03 6.04320718e-05
 1.76582854e+03 5.89461493e-05
 1.76643798e+03 5.74941834e-05
 1.76704742e+03 5.60754692e-05
 1.76765686e+03 5.46893147e-05
 1.76826630e+03 5.33350405e-05
 1.76887574e+03 5.20119795e-05
 1.76948517e+03 5.07194768e-05
 1.77009461e+03 4.94568895e-05
 1.77070405e+03 4.82235864e-05
 1.77131349e+03 4.70189483e-05
 1.77192293e+03 4.58423673e-05
 1.77253237e+03 4.46932467e-05
 1.77314180e+03 4.35710012e-05
 1.77375124e+03 4.24750563e-05
 1.77436068e+03 4.14048484e-05
 1.77497012e+03 4.03598245e-05
 1.77557956e+03 3.93394421e-05
 1.77618900e+03 3.83431691e-05
 1.77679844e+03 3.73704835e-05
 1.77740787e+03 3.64208732e-05
 1.77801731e+03 3.54938361e-05
 1.77862675e+03 3.45888798e-05
 1.77923619e+03 3.37055213e-05
 1.77984563e+03 3.28432872e-05
 1.78045507e+03 3.20017130e-05
 1.78106451e+03 3.11803436e-05
 1.78167394e+03 3.03787327e-05
 1.78228338e+03 2.95964428e-05
 1.78289282e+03 2.88330450e-05
 1.78350226e+03 2.80881191e-05
 1.78411170e+03 2.73612529e-05
 1.78472114e+03 2.66520428e-05
 1.78533057e+03 2.59600929e-05
 1.78594001e+03 2.52850157e-05
 1.78654945e+03 2.46264312e-05
 1.78715889e+03 2.39839671e-05
 1.78776833e+03 2.33572586e-05
 1.78837777e+03 2.27459486e-05
 1.78898721e+03 2.21496870e-05
 1.78959664e+03 2.15681309e-05
 1.79020608e+03 2.10009447e-05
 1.79081552e+03 2.04477993e-05
 1.79142496e+03 1.99083727e-05
 1.79203440e+03 1.93823494e-05
 1.79264384e+03 1.88694207e-05
 1.79325327e+03 1.83692839e-05
 1.79386271e+03 1.78816431e-05
 1.79447215e+03 1.74062083e-05
 1.79508159e+03 1.69426957e-05
 1.79569103e+03 1.64908274e-05
 1.79630047e+03 1.60503314e-05
 1.79690991e+03 1.56209417e-05
 1.79751934e+03 1.52023977e-05
 1.79812878e+03 1.47944443e-05
 1.79873822e+03 1.43968321e-05
 1.79934766e+03 1.40093168e-05
 1.79995710e+03 1.36316596e-05
 1.80056654e+03 1.32636266e-05
 1.80117597e+03 1.29049892e-05
 1.80178541e+03 1.25555236e-05
 1.80239485e+03 1.22150109e-05
 1.80300429e+03 1.18832369e-05
 1.80361373e+03 1.15599923e-05
 1.80422317e+03 1.12450722e-05
 1.80483261e+03 1.09382762e-05
 1.80544204e+03 1.06394084e-05
 1.80605148e+03 1.03482772e-05
 1.80666092e+03 1.00646953e-05
 1.80727036e+03 9.78847936e-06
 1.80787980e+03 9.51945037e-06
 1.80848924e+03 9.25743317e-06
 1.80909868e+03 9.00225656e-06
 1.80970811e+03 8.75375319e-06
 1.81031755e+03 8.51175946e-06
 1.81092699e+03 8.27611549e-06
 1.81153643e+03 8.04666498e-06
 1.81214587e+03 7.82325518e-06
 1.81275531e+03 7.60573680e-06
 1.81336474e+03 7.39396399e-06
 1.81397418e+03 7.18779421e-06
 1.81458362e+03 6.98708819e-06
 1.81519306e+03 6.79170984e-06
 1.81580250e+03 6.60152620e-06
 1.81641194e+03 6.41640739e-06
 1.81702138e+03 6.23622653e-06
 1.81763081e+03 6.06085969e-06
 1.81824025e+03 5.89018582e-06
 1.81884969e+03 5.72408665e-06
 1.81945913e+03 5.56244671e-06
 1.82006857e+03 5.40515321e-06
 1.82067801e+03 5.25209602e-06
 1.82128744e+03 5.10316760e-06
 1.82189688e+03 4.95826294e-06
 1.82250632e+03 4.81727950e-06
 1.82311576e+03 4.68011715e-06
 1.82372520e+03 4.54667819e-06
 1.82433464e+03 4.41686719e-06
 1.82494408e+03 4.29059104e-06
 1.82555351e+03 4.16775881e-06
 1.82616295e+03 4.04828177e-06
 1.82677239e+03 3.93207331e-06
 1.82738183e+03 3.81904892e-06
 1.82799127e+03 3.70912610e-06
 1.82860071e+03 3.60222437e-06
 1.82921014e+03 3.49826518e-06
 1.82981958e+03 3.39717188e-06
 1.83042902e+03 3.29886970e-06
 1.83103846e+03 3.20328568e-06
 1.83164790e+03 3.11034865e-06
 1.83225734e+03 3.01998919e-06
 1.83286678e+03 2.93213956e-06
 1.83347621e+03 2.84673369e-06
 1.83408565e+03 2.76370713e-06
 1.83469509e+03 2.68299705e-06
 1.83530453e+03 2.60454216e-06
 1.83591397e+03 2.52828268e-06
 1.83652341e+03 2.45416030e-06
 1.83713285e+03 2.38211820e-06
 1.83774228e+03 2.31210095e-06
 1.83835172e+03 2.24405450e-06
 1.83896116e+03 2.17792619e-06
 1.83957060e+03 2.11366463e-06
 1.84018004e+03 2.05121977e-06
 1.84078948e+03 1.99054278e-06
 1.84139891e+03 1.93158608e-06
 1.84200835e+03 1.87430332e-06
 1.84261779e+03 1.81864925e-06
 1.84322723e+03 1.76457991e-06
 1.84383667e+03 1.71205225e-06
