 1.21581204e+04 1.90733656e-06
 1.21642177e+04 1.98795550e-06
 1.21703150e+04 2.07215896e-06
 1.21764122e+04 2.16002616e-06
 1.21825095e+04 2.25118251e-06
 1.21886068e+04 2.34544152e-06
 1.21947040e+04 2.44326663e-06
 1.22008013e+04 2.54535641e-06
 1.22068986e+04 2.65184223e-06
 1.22129958e+04 2.76224041e-06
 1.22190931e+04 2.87634032e-06
 1.22251904e+04 2.99478111e-06
 1.22312876e+04 3.11837394e-06
 1.22373849e+04 3.24707833e-06
 1.22434822e+04 3.38024862e-06
 1.22495794e+04 3.51790774e-06
 1.22556767e+04 3.66105938e-06
 1.22617740e+04 3.81038321e-06
 1.22678712e+04 3.96535567e-06
 1.22739685e+04 4.12537993e-06
 1.22800658e+04 4.29117771e-06
 1.22861630e+04 4.46397381e-06
 1.22922603e+04 4.64369445e-06
 1.22983576e+04 4.82938299e-06
 1.23044548e+04 5.02132114e-06
 1.23105521e+04 5.22103024e-06
 1.23166494e+04 5.42890921e-06
 1.23227466e+04 5.64383353e-06
 1.23288439e+04 5.86573169e-06
 1.23349412e+04 6.09632266e-06
 1.23410384e+04 6.33632377e-06
 1.23471357e+04 6.58445796e-06
 1.23532330e+04 6.84051718e-06
 1.23593302e+04 7.10648334e-06
 1.23654275e+04 7.38312494e-06
 1.23715248e+04 7.66890790e-06
 1.23776220e+04 7.96383129e-06
 1.23837193e+04 8.27025242e-06
 1.23898166e+04 8.58856375e-06
 1.23959138e+04 8.91693302e-06
 1.24020111e+04 9.25609985e-06
 1.24081084e+04 9.60869208e-06
 1.24142056e+04 9.97412095e-06
 1.24203029e+04 1.03506313e-05
 1.24264002e+04 1.07403114e-05
 1.24324974e+04 1.11453217e-05
 1.24385947e+04 1.15636711e-05
 1.24446920e+04 1.19948474e-05
 1.24507892e+04 1.24422614e-05
 1.24568865e+04 1.29061186e-05
 1.24629838e+04 1.33838534e-05
 1.24690810e+04 1.38776809e-05
 1.24751783e+04 1.43904652e-05
 1.24812756e+04 1.49196307e-05
 1.24873728e+04 1.54649013e-05
 1.24934701e+04 1.60305617e-05
 1.24995674e+04 1.66157621e-05
 1.25056646e+04 1.72179805e-05
 1.25117619e+04 1.78413028e-05
 1.25178592e+04 1.84872365e-05
 1.25239564e+04 1.91520515e-05
 1.25300537e+04 1.98385601e-05
 1.25361510e+04 2.05503697e-05
 1.25422482e+04 2.12835521e-05
 1.25483455e+04 2.20393055e-05
 1.25544428e+04 2.28227441e-05
 1.25605400e+04 2.36303158e-05
 1.25666373e+04 2.44617783e-05
 1.25727346e+04 2.53232349e-05
 1.25788318e+04 2.62116026e-05
 1.25849291e+04 2.71256212e-05
 1.25910264e+04 2.80720945e-05
 1.25971236e+04 2.90481305e-05
 1.26032209e+04 3.00519830e-05
 1.26093182e+04 3.10910565e-05
 1.26154154e+04 3.21621252e-05
 1.26215127e+04 3.32636087e-05
 1.26276100e+04 3.44034312e-05
 1.26337072e+04 3.55773889e-05
 1.26398045e+04 3.67849341e-05
 1.26459017e+04 3.80341796e-05
 1.26519990e+04 3.93193898e-05
 1.26580963e+04 4.06421879e-05
 1.26641935e+04 4.20099598e-05
 1.26702908e+04 4.34153888e-05
 1.26763881e+04 4.48634786e-05
 1.26824853e+04 4.63591560e-05
 1.26885826e+04 4.78946224e-05
 1.26946799e+04 4.94788127e-05
 1.27007771e+04 5.11119474e-05
 1.27068744e+04 5.27885210e-05
 1.27129717e+04 5.45199950e-05
 1.27190689e+04 5.63005347e-05
 1.27251662e+04 5.81308306e-05
 1.27312635e+04 6.00204691e-05
 1.27373607e+04 6.19596128e-05
 1.27434580e+04 6.39573857e-05
 1.27495553e+04 6.60154263e-05
 1.27556525e+04 6.81268676e-05
 1.27617498e+04 7.03054578e-05
 1.27678471e+04 7.25426430e-05
 1.27739443e+04 7.48427509e-05
 1.27800416e+04 7.72133852e-05
 1.27861389e+04 7.96438121e-05
 1.27922361e+04 8.21489504e-05
 1.27983334e+04 8.47219152e-05
 1.28044307e+04 8.73645092e-05
 1.28105279e+04 9.00870417e-05
 1.28166252e+04 9.28770693e-05
 1.28227225e+04 9.57510576e-05
 1.28288197e+04 9.87008887e-05
 1.28349170e+04 1.01730098e-04
 1.28410143e+04 1.04847880e-04
 1.28471115e+04 1.08041964e-04
 1.28532088e+04 1.11331239e-04
 1.28593061e+04 1.14702843e-04
 1.28654033e+04 1.18167431e-04
 1.28715006e+04 1.21727029e-04
 1.28775979e+04 1.25375009e-04
 1.28836951e+04 1.29129027e-04
 1.28897924e+04 1.32972341e-04
 1.28958897e+04 1.36925404e-04
 1.29019869e+04 1.40976594e-04
 1.29080842e+04 1.45134912e-04
 1.29141815e+04 1.49404375e-04
 1.29202787e+04 1.53777408e-04
 1.29263760e+04 1.58272978e-04
 1.29324733e+04 1.62872758e-04
 1.29385705e+04 1.67601157e-04
 1.29446678e+04 1.72440470e-04
 1.29507651e+04 1.77409138e-04
 1.29568623e+04 1.82499988e-04
 1.29629596e+04 1.87718161e-04
 1.29690569e+04 1.93071221e-04
 1.29751541e+04 1.98549990e-04
 1.29812514e+04 2.04174941e-04
 1.29873487e+04 2.09926664e-04
 1.29934459e+04 2.15832912e-04
 1.29995432e+04 2.21870478e-04
 1.30056405e+04 2.28067821e-04
 1.30117377e+04 2.34404115e-04
 1.30178350e+04 2.40903131e-04
 1.30239323e+04 2.47550798e-04
 1.30300295e+04 2.54362945e-04
 1.30361268e+04 2.61334404e-04
 1.30422241e+04 2.68471922e-04
 1.30483213e+04 2.75779510e-04
 1.30544186e+04 2.83255253e-04
 1.30605159e+04 2.90911398e-04
 1.30666131e+04 2.98738667e-04
 1.30727104e+04 3.06756030e-04
 1.30788077e+04 3.14948456e-04
 1.30849049e+04 3.23340020e-04
 1.30910022e+04 3.31911492e-04
 1.30970995e+04 3.40690599e-04
 1.31031967e+04 3.49655247e-04
 1.31092940e+04 3.58835593e-04
 1.31153913e+04 3.68207796e-04
 1.31214885e+04 3.77803399e-04
 1.31275858e+04 3.87597821e-04
 1.31336831e+04 3.97622974e-04
 1.31397803e+04 4.07854602e-04
 1.31458776e+04 4.18323816e-04
 1.31519749e+04 4.29008008e-04
 1.31580721e+04 4.39935958e-04
 1.31641694e+04 4.51088472e-04
 1.31702667e+04 4.62489964e-04
 1.31763639e+04 4.74126961e-04
 1.31824612e+04 4.86016940e-04
 1.31885585e+04 4.98154923e-04
 1.31946557e+04 5.10548558e-04
 1.32007530e+04 5.23204221e-04
 1.32068502e+04 5.36117091e-04
 1.32129475e+04 5.49307057e-04
 1.32190448e+04 5.62755445e-04
 1.32251420e+04 5.76495909e-04
 1.32312393e+04 5.90497148e-04
 1.32373366e+04 6.04803533e-04
 1.32434338e+04 6.19376253e-04
 1.32495311e+04 6.34263076e-04
 1.32556284e+04 6.49427105e-04
 1.32617256e+04 6.64908319e-04
 1.32678229e+04 6.80683981e-04
 1.32739202e+04 6.96774005e-04
 1.32800174e+04 7.13180744e-04
 1.32861147e+04 7.29896024e-04
 1.32922120e+04 7.46950761e-04
 1.32983092e+04 7.64311178e-04
 1.33044065e+04 7.82027393e-04
 1.33105038e+04 8.00056288e-04
 1.33166010e+04 8.18445095e-04
 1.33226983e+04 8.37166878e-04
 1.33287956e+04 8.56240587e-04
 1.33348928e+04 8.75676295e-04
 1.33409901e+04 8.95452951e-04
 1.33470874e+04 9.15616509e-04
 1.33531846e+04 9.36121667e-04
 1.33592819e+04 9.57020937e-04
 1.33653792e+04 9.78283212e-04
 1.33714764e+04 9.99927491e-04
 1.33775737e+04 1.02196913e-03
 1.33836710e+04 1.04437829e-03
 1.33897682e+04 1.06720892e-03
 1.33958655e+04 1.09041416e-03
 1.34019628e+04 1.11403687e-03
 1.34080600e+04 1.13806812e-03
 1.34141573e+04 1.16249579e-03
 1.34202546e+04 1.18736630e-03
 1.34263518e+04 1.21263032e-03
 1.34324491e+04 1.23833903e-03
 1.34385464e+04 1.26447449e-03
 1.34446436e+04 1.29102980e-03
 1.34507409e+04 1.31805058e-03
 1.34568382e+04 1.34548615e-03
 1.34629354e+04 1.37338647e-03
 1.34690327e+04 1.40173986e-03
 1.34751300e+04 1.43052890e-03
 1.34812272e+04 1.45980772e-03
 1.34873245e+04 1.48952605e-03
 1.34934218e+04 1.51971980e-03
 1.34995190e+04 1.55040092e-03
 1.35056163e+04 1.58152952e-03
 1.35117136e+04 1.61316621e-03
 1.35178108e+04 1.64527763e-03
 1.35239081e+04 1.67786376e-03
 1.35300054e+04 1.71097210e-03
 1.35361026e+04 1.74454956e-03
 1.35421999e+04 1.77863432e-03
 1.35482972e+04 1.81324106e-03
 1.35543944e+04 1.84832392e-03
 1.35604917e+04 1.88394120e-03
 1.35665890e+04 1.92007515e-03
 1.35726862e+04 1.95670148e-03
 1.35787835e+04 1.99388054e-03
 1.35848808e+04 2.03157263e-03
 1.35909780e+04 2.06977667e-03
 1.35970753e+04 2.10854475e-03
 1.36031726e+04 2.14782618e-03
 1.36092698e+04 2.18763803e-03
 1.36153671e+04 2.22802149e-03
 1.36214644e+04 2.26892213e-03
 1.36275616e+04 2.31036831e-03
 1.36336589e+04 2.35239264e-03
 1.36397562e+04 2.39494011e-03
 1.36458534e+04 2.43804413e-03
 1.36519507e+04 2.48173334e-03
 1.36580480e+04 2.52595278e-03
 1.36641452e+04 2.57073541e-03
 1.36702425e+04 2.61611127e-03
 1.36763398e+04 2.66202536e-03
 1.36824370e+04 2.70850485e-03
 1.36885343e+04 2.75558605e-03
 1.36946316e+04 2.80321514e-03
 1.37007288e+04 2.85140748e-03
 1.37068261e+04 2.90020875e-03
 1.37129234e+04 2.94957060e-03
 1.37190206e+04 2.99949017e-03
 1.37251179e+04 3.05002171e-03
 1.37312152e+04 3.10113052e-03
 1.37373124e+04 3.15279102e-03
 1.37434097e+04 3.20505867e-03
 1.37495069e+04 3.25792311e-03
 1.37556042e+04 3.31133803e-03
 1.37617015e+04 3.36534521e-03
 1.37677987e+04 3.41996601e-03
 1.37738960e+04 3.47514705e-03
 1.37799933e+04 3.53089847e-03
 1.37860905e+04 3.58726787e-03
 1.37921878e+04 3.64421979e-03
 1.37982851e+04 3.70172460e-03
 1.38043823e+04 3.75983101e-03
 1.38104796e+04 3.81854466e-03
 1.38165769e+04 3.87781337e-03
 1.38226741e+04 3.93765147e-03
 1.38287714e+04 3.99810274e-03
 1.38348687e+04 4.05913427e-03
 1.38409659e+04 4.12071144e-03
 1.38470632e+04 4.18287484e-03
 1.38531605e+04 4.24564287e-03
 1.38592577e+04 4.30896660e-03
 1.38653550e+04 4.37283629e-03
 1.38714523e+04 4.43729797e-03
 1.38775495e+04 4.50234687e-03
 1.38836468e+04 4.56793360e-03
 1.38897441e+04 4.63406555e-03
 1.38958413e+04 4.70078465e-03
 1.39019386e+04 4.76807282e-03
 1.39080359e+04 4.83588448e-03
 1.39141331e+04 4.90423412e-03
 1.39202304e+04 4.97315902e-03
 1.39263277e+04 5.04263716e-03
 1.39324249e+04 5.11262483e-03
 1.39385222e+04 5.18313518e-03
 1.39446195e+04 5.25420381e-03
 1.39507167e+04 5.32581241e-03
 1.39568140e+04 5.39791636e-03
 1.39629113e+04 5.47052011e-03
 1.39690085e+04 5.54365917e-03
 1.39751058e+04 5.61732612e-03
 1.39812031e+04 5.69147605e-03
 1.39873003e+04 5.76609778e-03
 1.39933976e+04 5.84122310e-03
 1.39994949e+04 5.91686133e-03
 1.40055921e+04 5.99297449e-03
 1.40116894e+04 6.06953244e-03
 1.40177867e+04 6.14655243e-03
 1.40238839e+04 6.22405947e-03
 1.40299812e+04 6.30203567e-03
 1.40360785e+04 6.38043957e-03
 1.40421757e+04 6.45926107e-03
 1.40482730e+04 6.53852533e-03
 1.40543703e+04 6.61824278e-03
 1.40604675e+04 6.69838333e-03
 1.40665648e+04 6.77891116e-03
 1.40726621e+04 6.85982578e-03
 1.40787593e+04 6.94115047e-03
 1.40848566e+04 7.02288770e-03
 1.40909539e+04 7.10500550e-03
 1.40970511e+04 7.18747103e-03
 1.41031484e+04 7.27028336e-03
 1.41092457e+04 7.35346222e-03
 1.41153429e+04 7.43701048e-03
 1.41214402e+04 7.52090012e-03
 1.41275375e+04 7.60509731e-03
 1.41336347e+04 7.68959306e-03
 1.41397320e+04 7.77440178e-03
 1.41458293e+04 7.85953210e-03
 1.41519265e+04 7.94496607e-03
 1.41580238e+04 8.03066991e-03
 1.41641211e+04 8.11662168e-03
 1.41702183e+04 8.20282399e-03
 1.41763156e+04 8.28928912e-03
 1.41824129e+04 8.37601483e-03
 1.41885101e+04 8.46297683e-03
 1.41946074e+04 8.55014410e-03
 1.42007047e+04 8.63749982e-03
 1.42068019e+04 8.72504670e-03
 1.42128992e+04 8.81279310e-03
 1.42189965e+04 8.90073478e-03
 1.42250937e+04 8.98884959e-03
 1.42311910e+04 9.07710861e-03
 1.42372883e+04 9.16549241e-03
 1.42433855e+04 9.25399763e-03
 1.42494828e+04 9.34262951e-03
 1.42555801e+04 9.43138779e-03
 1.42616773e+04 9.52025826e-03
 1.42677746e+04 9.60921599e-03
 1.42738719e+04 9.69823651e-03
 1.42799691e+04 9.78730572e-03
 1.42860664e+04 9.87642112e-03
 1.42921636e+04 9.96558475e-03
 1.42982609e+04 1.00547934e-02
 1.43043582e+04 1.01440337e-02
 1.43104554e+04 1.02332838e-02
 1.43165527e+04 1.03225214e-02
 1.43226500e+04 1.04117302e-02
 1.43287472e+04 1.05009029e-02
 1.43348445e+04 1.05900381e-02
 1.43409418e+04 1.06791343e-02
 1.43470390e+04 1.07681842e-02
 1.43531363e+04 1.08571737e-02
 1.43592336e+04 1.09460839e-02
 1.43653308e+04 1.10348959e-02
 1.43714281e+04 1.11235953e-02
 1.43775254e+04 1.12121733e-02
 1.43836226e+04 1.13006261e-02
 1.43897199e+04 1.13889511e-02
 1.43958172e+04 1.14771442e-02
 1.44019144e+04 1.15651969e-02
 1.44080117e+04 1.16530973e-02
 1.44141090e+04 1.17408309e-02
 1.44202062e+04 1.18283838e-02
 1.44263035e+04 1.19157444e-02
 1.44324008e+04 1.20029047e-02
 1.44384980e+04 1.20898601e-02
 1.44445953e+04 1.21766084e-02
 1.44506926e+04 1.22631478e-02
 1.44567898e+04 1.23494760e-02
 1.44628871e+04 1.24355888e-02
 1.44689844e+04 1.25214808e-02
 1.44750816e+04 1.26071457e-02
 1.44811789e+04 1.26925771e-02
 1.44872762e+04 1.27777697e-02
 1.44933734e+04 1.28627204e-02
 1.44994707e+04 1.29474282e-02
 1.45055680e+04 1.30318945e-02
 1.45116652e+04 1.31161227e-02
 1.45177625e+04 1.32001182e-02
 1.45238598e+04 1.32838875e-02
 1.45299570e+04 1.33674380e-02
 1.45360543e+04 1.34507781e-02
 1.45421516e+04 1.35339171e-02
 1.45482488e+04 1.36168654e-02
 1.45543461e+04 1.36996347e-02
 1.45604434e+04 1.37822388e-02
 1.45665406e+04 1.38646935e-02
 1.45726379e+04 1.39470175e-02
 1.45787352e+04 1.40292321e-02
 1.45848324e+04 1.41113623e-02
 1.45909297e+04 1.41934363e-02
 1.45970270e+04 1.42754863e-02
 1.46031242e+04 1.43575484e-02
 1.46092215e+04 1.44396628e-02
 1.46153188e+04 1.45218745e-02
 1.46214160e+04 1.46042329e-02
 1.46275133e+04 1.46867927e-02
 1.46336106e+04 1.47696140e-02
 1.46397078e+04 1.48527628e-02
 1.46458051e+04 1.49363109e-02
 1.46519024e+04 1.50203368e-02
 1.46579996e+04 1.51049258e-02
 1.46640969e+04 1.51901703e-02
 1.46701942e+04 1.52761698e-02
 1.46762914e+04 1.53630311e-02
 1.46823887e+04 1.54508682e-02
 1.46884860e+04 1.55398017e-02
 1.46945832e+04 1.56299580e-02
 1.47006805e+04 1.57214687e-02
 1.47067778e+04 1.58144683e-02
 1.47128750e+04 1.59090918e-02
 1.47189723e+04 1.60054723e-02
 1.47250696e+04 1.61037356e-02
 1.47311668e+04 1.62039959e-02
 1.47372641e+04 1.63063480e-02
 1.47433614e+04 1.64108591e-02
 1.47494586e+04 1.65175584e-02
 1.47555559e+04 1.66264242e-02
 1.47616532e+04 1.67373687e-02
 1.47677504e+04 1.68502210e-02
 1.47738477e+04 1.69647068e-02
 1.47799450e+04 1.70804260e-02
 1.47860422e+04 1.71968291e-02
 1.47921395e+04 1.73131912e-02
 1.47982368e+04 1.74285868e-02
 1.48043340e+04 1.75418655e-02
 1.48104313e+04 1.76516312e-02
 1.48165286e+04 1.77562268e-02
 1.48226258e+04 1.78537281e-02
 1.48287231e+04 1.79419497e-02
 1.48348204e+04 1.80184672e-02
 1.48409176e+04 1.80806585e-02
 1.48470149e+04 1.81257677e-02
 1.48531121e+04 1.81509940e-02
 1.48592094e+04 1.81536048e-02
 1.48653067e+04 1.81310719e-02
 1.48714039e+04 1.80812233e-02
 1.48775012e+04 1.80024022e-02
 1.48835985e+04 1.78936188e-02
 1.48896957e+04 1.77546747e-02
 1.48957930e+04 1.75862399e-02
 1.49018903e+04 1.73898576e-02
 1.49079875e+04 1.71678549e-02
 1.49140848e+04 1.69231422e-02
 1.49201821e+04 1.66588960e-02
 1.49262793e+04 1.63781312e-02
 1.49323766e+04 1.60831936e-02
 1.49384739e+04 1.57752202e-02
 1.49445711e+04 1.54536407e-02
 1.49506684e+04 1.51158043e-02
 1.49567657e+04 1.47568268e-02
 1.49628629e+04 1.43697376e-02
 1.49689602e+04 1.39459794e-02
 1.49750575e+04 1.34762611e-02
 1.49811547e+04 1.29517022e-02
 1.49872520e+04 1.23651321e-02
 1.49933493e+04 1.17123492e-02
 1.49994465e+04 1.09931090e-02
 1.50055438e+04 1.02116243e-02
 1.50116411e+04 9.37642948e-03
 1.50177383e+04 8.49958618e-03
 1.50238356e+04 7.59537209e-03
 1.50299329e+04 6.67875606e-03
 1.50360301e+04 5.76407750e-03
 1.50421274e+04 4.86435987e-03
 1.50482247e+04 3.99156617e-03
 1.50543219e+04 3.15784891e-03
 1.50604192e+04 2.37750947e-03
 1.50665165e+04 1.66905841e-03
 1.50726137e+04 1.05658290e-03
 1.50787110e+04 5.69687332e-04
 1.50848083e+04 2.41619758e-04
 1.50909055e+04 1.05766282e-04
 1.50970028e+04 1.91307998e-04
 1.51031001e+04 5.19240695e-04
 1.51091973e+04 1.09992733e-03
 1.51152946e+04 1.93279916e-03
 1.51213919e+04 3.00788533e-03
 1.51274891e+04 4.30791069e-03
 1.51335864e+04 5.80925155e-03
 1.51396837e+04 7.48045903e-03
 1.51457809e+04 9.27837138e-03
 1.51518782e+04 1.11435621e-02
 1.51579755e+04 1.29981464e-02
 1.51640727e+04 1.47489135e-02
 1.51701700e+04 1.62969917e-02
 1.51762673e+04 1.75523150e-02
 1.51823645e+04 1.84484230e-02
 1.51884618e+04 1.89522434e-02
 1.51945591e+04 1.90654059e-02
 1.52006563e+04 1.88177437e-02
 1.52067536e+04 1.82577757e-02
 1.52128509e+04 1.74464326e-02
 1.52189481e+04 1.64575754e-02
 1.52250454e+04 1.53830391e-02
 1.52311427e+04 1.43346547e-02
 1.52372399e+04 1.34351191e-02
 1.52433372e+04 1.27953920e-02
 1.52494345e+04 1.24857553e-02
 1.52555317e+04 1.25144861e-02
 1.52616290e+04 1.28265299e-02
 1.52677263e+04 1.33240839e-02
 1.52738235e+04 1.38979815e-02
 1.52799208e+04 1.44527598e-02
 1.52860181e+04 1.49147403e-02
 1.52921153e+04 1.52271449e-02
 1.52982126e+04 1.53472295e-02
 1.53043099e+04 1.52571594e-02
 1.53104071e+04 1.49840298e-02
 1.53165044e+04 1.46091057e-02
 1.53226017e+04 1.42480473e-02
 1.53286989e+04 1.40050621e-02
 1.53347962e+04 1.39280181e-02
 1.53408935e+04 1.39955586e-02
 1.53469907e+04 1.41438804e-02
 1.53530880e+04 1.43089676e-02
 1.53591853e+04 1.44498474e-02
 1.53652825e+04 1.45412638e-02
 1.53713798e+04 1.45576929e-02
 1.53774771e+04 1.44785028e-02
 1.53835743e+04 1.43152163e-02
 1.53896716e+04 1.41272798e-02
 1.53957688e+04 1.39953248e-02
 1.54018661e+04 1.39649534e-02
 1.54079634e+04 1.40128133e-02
 1.54140606e+04 1.40712038e-02
 1.54201579e+04 1.40876846e-02
 1.54262552e+04 1.40585204e-02
 1.54323524e+04 1.40066336e-02
 1.54384497e+04 1.39410290e-02
 1.54445470e+04 1.38532349e-02
 1.54506442e+04 1.37511977e-02
 1.54567415e+04 1.36741438e-02
 1.54628388e+04 1.36545027e-02
 1.54689360e+04 1.36710892e-02
 1.54750333e+04 1.36622957e-02
 1.54811306e+04 1.35933987e-02
 1.54872278e+04 1.34940951e-02
 1.54933251e+04 1.34159900e-02
 1.54994224e+04 1.33681327e-02
 1.55055196e+04 1.33187071e-02
 1.55116169e+04 1.32531492e-02
 1.55177142e+04 1.31953725e-02
 1.55238114e+04 1.31596757e-02
 1.55299087e+04 1.31157145e-02
 1.55360060e+04 1.30319546e-02
 1.55421032e+04 1.29318587e-02
 1.55482005e+04 1.28654564e-02
 1.55542978e+04 1.28332611e-02
 1.55603950e+04 1.27852452e-02
 1.55664923e+04 1.27002175e-02
 1.55725896e+04 1.26155848e-02
 1.55786868e+04 1.25590685e-02
 1.55847841e+04 1.25026586e-02
 1.55908814e+04 1.24191393e-02
 1.55969786e+04 1.23355344e-02
 1.56030759e+04 1.22818054e-02
 1.56091732e+04 1.22298897e-02
 1.56152704e+04 1.21430006e-02
 1.56213677e+04 1.20468920e-02
 1.56274650e+04 1.19842946e-02
 1.56335622e+04 1.19343903e-02
 1.56396595e+04 1.18530976e-02
 1.56457568e+04 1.17580281e-02
 1.56518540e+04 1.16909781e-02
 1.56579513e+04 1.16334186e-02
 1.56640486e+04 1.15470075e-02
 1.56701458e+04 1.14549962e-02
 1.56762431e+04 1.13927167e-02
 1.56823404e+04 1.13305499e-02
 1.56884376e+04 1.12364452e-02
 1.56945349e+04 1.11464327e-02
 1.57006322e+04 1.10875497e-02
 1.57067294e+04 1.10184432e-02
 1.57128267e+04 1.09203519e-02
 1.57189240e+04 1.08383150e-02
 1.57250212e+04 1.07792588e-02
 1.57311185e+04 1.06972512e-02
 1.57372158e+04 1.06001859e-02
 1.57433130e+04 1.05307339e-02
 1.57494103e+04 1.04651976e-02
 1.57555076e+04 1.03699684e-02
 1.57616048e+04 1.02827044e-02
 1.57677021e+04 1.02216268e-02
 1.57737994e+04 1.01408518e-02
 1.57798966e+04 1.00427369e-02
 1.57859939e+04 9.97202552e-03
 1.57920912e+04 9.90459238e-03
 1.57981884e+04 9.80854166e-03
 1.58042857e+04 9.72475750e-03
 1.58103830e+04 9.66192659e-03
 1.58164802e+04 9.57458303e-03
 1.58225775e+04 9.48163020e-03
 1.58286748e+04 9.41652977e-03
 1.58347720e+04 9.33890809e-03
 1.58408693e+04 9.24212573e-03
 1.58469666e+04 9.17100610e-03
 1.58530638e+04 9.10096965e-03
 1.58591611e+04 9.00506668e-03
 1.58652584e+04 8.92746254e-03
 1.58713556e+04 8.86160625e-03
 1.58774529e+04 8.76894688e-03
 1.58835502e+04 8.68657910e-03
 1.58896474e+04 8.62242877e-03
 1.58957447e+04 8.53323934e-03
 1.59018420e+04 8.44811906e-03
 1.59079392e+04 8.38454094e-03
 1.59140365e+04 8.29814051e-03
 1.59201338e+04 8.21193997e-03
 1.59262310e+04 8.14856288e-03
 1.59323283e+04 8.06392783e-03
 1.59384256e+04 7.97808391e-03
 1.59445228e+04 7.91493055e-03
 1.59506201e+04 7.83089649e-03
 1.59567173e+04 7.74669196e-03
 1.59628146e+04 7.68386933e-03
 1.59689119e+04 7.59939127e-03
 1.59750091e+04 7.51806399e-03
 1.59811064e+04 7.45536059e-03
 1.59872037e+04 7.36978836e-03
 1.59933009e+04 7.29262880e-03
 1.59993982e+04 7.22918480e-03
 1.60054955e+04 7.14257814e-03
 1.60115927e+04 7.07076823e-03
 1.60176900e+04 7.00498872e-03
 1.60237873e+04 6.91851631e-03
 1.60298845e+04 6.85255588e-03
 1.60359818e+04 6.78246259e-03
 1.60420791e+04 6.69866354e-03
 1.60481763e+04 6.63748430e-03
 1.60542736e+04 6.56173488e-03
 1.60603709e+04 6.48410220e-03
 1.60664681e+04 6.42439228e-03
 1.60725654e+04 6.34387920e-03
 1.60786627e+04 6.27521102e-03
 1.60847599e+04 6.21197237e-03
 1.60908572e+04 6.13104317e-03
 1.60969545e+04 6.07078688e-03
 1.61030517e+04 6.00005218e-03
 1.61091490e+04 5.92547174e-03
 1.61152463e+04 5.86800347e-03
 1.61213435e+04 5.79093090e-03
 1.61274408e+04 5.72732261e-03
 1.61335381e+04 5.66437409e-03
 1.61396353e+04 5.58885411e-03
 1.61457326e+04 5.53306839e-03
 1.61518299e+04 5.46113275e-03
 1.61579271e+04 5.39624685e-03
 1.61640244e+04 5.33772939e-03
 1.61701217e+04 5.26407374e-03
 1.61762189e+04 5.20950704e-03
 1.61823162e+04 5.14113153e-03
 1.61884135e+04 5.07781743e-03
 1.61945107e+04 5.02140681e-03
 1.62006080e+04 4.95063226e-03
 1.62067053e+04 4.89813938e-03
 1.62128025e+04 4.83135295e-03
 1.62188998e+04 4.77208844e-03
 1.62249971e+04 4.71587943e-03
 1.62310943e+04 4.64903608e-03
 1.62371916e+04 4.59877928e-03
 1.62432889e+04 4.53255573e-03
 1.62493861e+04 4.47915554e-03
 1.62554834e+04 4.42102109e-03
 1.62615807e+04 4.36041980e-03
 1.62676779e+04 4.31039003e-03
 1.62737752e+04 4.24619194e-03
 1.62798725e+04 4.19829092e-03
 1.62859697e+04 4.13726202e-03
 1.62920670e+04 4.08547478e-03
 1.62981643e+04 4.03174817e-03
 1.63042615e+04 3.97441352e-03
 1.63103588e+04 3.92717573e-03
 1.63164561e+04 3.86713115e-03
 1.63225533e+04 3.82226814e-03
 1.63286506e+04 3.76406523e-03
 1.63347479e+04 3.71735725e-03
 1.63408451e+04 3.66429753e-03
 1.63469424e+04 3.61370075e-03
 1.63530397e+04 3.56646777e-03
 1.63591369e+04 3.51254381e-03
 1.63652342e+04 3.46957761e-03
 1.63713315e+04 3.41454225e-03
 1.63774287e+04 3.37330937e-03
 1.63835260e+04 3.31968509e-03
 1.63896233e+04 3.27791350e-03
 1.63957205e+04 3.22753413e-03
 1.64018178e+04 3.18390409e-03
 1.64079151e+04 3.13753631e-03
 1.64140123e+04 3.09178089e-03
 1.64201096e+04 3.04924582e-03
 1.64262069e+04 3.00187334e-03
 1.64323041e+04 2.96241324e-03
 1.64384014e+04 2.91430910e-03
 1.64444987e+04 2.87697224e-03
 1.64505959e+04 2.82905894e-03
 1.64566932e+04 2.79297814e-03
 1.64627905e+04 2.74600475e-03
 1.64688877e+04 2.71053935e-03
 1.64749850e+04 2.66500076e-03
 1.64810823e+04 2.62976897e-03
 1.64871795e+04 2.58591195e-03
 1.64932768e+04 2.55075548e-03
 1.64993740e+04 2.50863133e-03
 1.65054713e+04 2.47355546e-03
 1.65115686e+04 2.43308312e-03
 1.65176658e+04 2.39819468e-03
 1.65237631e+04 2.35921643e-03
 1.65298604e+04 2.32467595e-03
 1.65359576e+04 2.28699856e-03
 1.65420549e+04 2.25298678e-03
 1.65481522e+04 2.21640690e-03
 1.65542494e+04 2.18310540e-03
 1.65603467e+04 2.14742475e-03
 1.65664440e+04 2.11500498e-03
 1.65725412e+04 2.08003835e-03
 1.65786385e+04 2.04865438e-03
 1.65847358e+04 2.01423712e-03
 1.65908330e+04 1.98401800e-03
 1.65969303e+04 1.95001528e-03
 1.66030276e+04 1.92105252e-03
 1.66091248e+04 1.88737487e-03
 1.66152221e+04 1.85970471e-03
 1.66213194e+04 1.82632919e-03
 1.66274166e+04 1.79990769e-03
 1.66335139e+04 1.76690393e-03
 1.66396112e+04 1.74158202e-03
 1.66457084e+04 1.70913613e-03
 1.66518057e+04 1.68463956e-03
 1.66579030e+04 1.65306443e-03
 1.66640002e+04 1.62899680e-03
 1.66700975e+04 1.59871412e-03
 1.66761948e+04 1.57459512e-03
 1.66822920e+04 1.54607101e-03
 1.66883893e+04 1.52142773e-03
 1.66944866e+04 1.49505650e-03
 1.67005838e+04 1.46956328e-03
 1.67066811e+04 1.44550932e-03
 1.67127784e+04 1.41915190e-03
 1.67188756e+04 1.39719619e-03
 1.67249729e+04 1.37039518e-03
 1.67310702e+04 1.34986365e-03
 1.67371674e+04 1.32347201e-03
 1.67432647e+04 1.30333364e-03
 1.67493620e+04 1.27842855e-03
 1.67554592e+04 1.25761333e-03
 1.67615565e+04 1.23508439e-03
 1.67676538e+04 1.21295758e-03
 1.67737510e+04 1.19302203e-03
 1.67798483e+04 1.16980830e-03
 1.67859456e+04 1.15172749e-03
 1.67920428e+04 1.12857778e-03
 1.67981401e+04 1.11086442e-03
 1.68042374e+04 1.08935253e-03
 1.68103346e+04 1.07054378e-03
 1.68164319e+04 1.05170979e-03
 1.68225292e+04 1.03136025e-03
 1.68286264e+04 1.01487028e-03
 1.68347237e+04 9.94041790e-04
 1.68408210e+04 9.78213288e-04
 1.68469182e+04 9.58851651e-04
 1.68530155e+04 9.41834575e-04
 1.68591128e+04 9.25214634e-04
 1.68652100e+04 9.06602483e-04
 1.68713073e+04 8.92056726e-04
 1.68774046e+04 8.73439363e-04
 1.68835018e+04 8.58774391e-04
 1.68895991e+04 8.42332572e-04
 1.68956964e+04 8.25956191e-04
 1.69017936e+04 8.12144283e-04
 1.69078909e+04 7.94891851e-04
 1.69139882e+04 7.81738152e-04
 1.69200854e+04 7.66082740e-04
 1.69261827e+04 7.51379009e-04
 1.69322800e+04 7.38438635e-04
 1.69383772e+04 7.22560977e-04
 1.69444745e+04 7.10499498e-04
 1.69505718e+04 6.96057073e-04
 1.69566690e+04 6.82446040e-04
 1.69627663e+04 6.70653949e-04
 1.69688636e+04 6.55998164e-04
 1.69749608e+04 6.44749097e-04
 1.69810581e+04 6.31839242e-04
 1.69871554e+04 6.18862029e-04
 1.69932526e+04 6.08336895e-04
 1.69993499e+04 5.94935766e-04
 1.70054472e+04 5.84097174e-04
 1.70115444e+04 5.73001582e-04
 1.70176417e+04 5.60459189e-04
 1.70237390e+04 5.50915663e-04
 1.70298362e+04 5.39166200e-04
 1.70359335e+04 5.28250675e-04
 1.70420307e+04 5.18951421e-04
 1.70481280e+04 5.07226517e-04
 1.70542253e+04 4.97857340e-04
 1.70603225e+04 4.88256995e-04
 1.70664198e+04 4.77262270e-04
 1.70725171e+04 4.68916392e-04
 1.70786143e+04 4.59020603e-04
 1.70847116e+04 4.49113720e-04
 1.70908089e+04 4.41271128e-04
 1.70969061e+04 4.31360661e-04
 1.71030034e+04 4.22555601e-04
 1.71091007e+04 4.14905604e-04
 1.71151979e+04 4.05277501e-04
 1.71212952e+04 3.97405059e-04
 1.71273925e+04 3.89847305e-04
 1.71334897e+04 3.80692578e-04
 1.71395870e+04 3.73545852e-04
 1.71456843e+04 3.66109334e-04
 1.71517815e+04 3.57500180e-04
 1.71578788e+04 3.50909518e-04
 1.71639761e+04 3.43674928e-04
 1.71700733e+04 3.35599670e-04
 1.71761706e+04 3.29449330e-04
 1.71822679e+04 3.22503565e-04
 1.71883651e+04 3.14907446e-04
 1.71944624e+04 3.09122510e-04
 1.72005597e+04 3.02541609e-04
 1.72066569e+04 2.95357792e-04
 1.72127542e+04 2.89882332e-04
 1.72188515e+04 2.83729474e-04
 1.72249487e+04 2.76900449e-04
 1.72310460e+04 2.71677392e-04
 1.72371433e+04 2.66003432e-04
 1.72432405e+04 2.59497787e-04
 1.72493378e+04 2.54455612e-04
 1.72554351e+04 2.49293375e-04
 1.72615323e+04 2.43120974e-04
 1.72676296e+04 2.38172167e-04
 1.72737269e+04 2.33519804e-04
 1.72798241e+04 2.27742184e-04
 1.72859214e+04 2.22800158e-04
 1.72920187e+04 2.18595139e-04
 1.72981159e+04 2.13319933e-04
 1.73042132e+04 2.08339173e-04
 1.73103105e+04 2.04436467e-04
 1.73164077e+04 1.99779704e-04
 1.73225050e+04 1.94810910e-04
 1.73286023e+04 1.90993911e-04
 1.73346995e+04 1.87002111e-04
 1.73407968e+04 1.82228519e-04
 1.73468941e+04 1.78285040e-04
 1.73529913e+04 1.74842385e-04
 1.73590886e+04 1.70540071e-04
 1.73651859e+04 1.66401566e-04
 1.73712831e+04 1.63200325e-04
 1.73773804e+04 1.59581975e-04
 1.73834777e+04 1.55443079e-04
 1.73895749e+04 1.52114483e-04
 1.73956722e+04 1.49116332e-04
 1.74017695e+04 1.45379257e-04
 1.74078667e+04 1.41778838e-04
 1.74139640e+04 1.38997382e-04
 1.74200613e+04 1.35956785e-04
 1.74261585e+04 1.32372756e-04
 1.74322558e+04 1.29356156e-04
 1.74383531e+04 1.26838235e-04
 1.74444503e+04 1.23782782e-04
 1.74505476e+04 1.20527085e-04
 1.74566449e+04 1.17966571e-04
 1.74627421e+04 1.15576070e-04
 1.74688394e+04 1.12615108e-04
 1.74749367e+04 1.09719199e-04
 1.74810339e+04 1.07477082e-04
 1.74871312e+04 1.05196041e-04
 1.74932285e+04 1.02410266e-04
 1.74993257e+04 9.98256820e-05
 1.75054230e+04 9.78118846e-05
 1.75115203e+04 9.56716554e-05
 1.75176175e+04 9.30957238e-05
 1.75237148e+04 9.07520363e-05
 1.75298121e+04 8.89159721e-05
 1.75359093e+04 8.69550432e-05
 1.75420066e+04 8.45985774e-05
 1.75481039e+04 8.24308348e-05
 1.75542011e+04 8.07360910e-05
 1.75602984e+04 7.89828510e-05
 1.75663957e+04 7.68547293e-05
 1.75724929e+04 7.48151499e-05
 1.75785902e+04 7.32191579e-05
 1.75846875e+04 7.16812230e-05
 1.75907847e+04 6.98036641e-05
 1.75968820e+04 6.78740346e-05
 1.76029792e+04 6.63221866e-05
 1.76090765e+04 6.49710189e-05
 1.76151738e+04 6.33745495e-05
 1.76212710e+04 6.15830140e-05
 1.76273683e+04 6.00270241e-05
 1.76334656e+04 5.87839418e-05
 1.76395628e+04 5.74740111e-05
 1.76456601e+04 5.58985744e-05
 1.76517574e+04 5.43430605e-05
 1.76578546e+04 5.30958705e-05
 1.76639519e+04 5.20001462e-05
 1.76700492e+04 5.07223723e-05
 1.76761464e+04 4.92686890e-05
 1.76822437e+04 4.79515857e-05
 1.76883410e+04 4.69068250e-05
 1.76944382e+04 4.59059972e-05
 1.77005355e+04 4.47103053e-05
 1.77066328e+04 4.34100308e-05
 1.77127300e+04 4.22743736e-05
 1.77188273e+04 4.13642675e-05
 1.77249246e+04 4.04631334e-05
 1.77310218e+04 3.93882991e-05
 1.77371191e+04 3.82318544e-05
 1.77432164e+04 3.72188377e-05
 1.77493136e+04 3.64048104e-05
 1.77554109e+04 3.56162885e-05
 1.77615082e+04 3.46861179e-05
 1.77676054e+04 3.36608470e-05
 1.77737027e+04 3.27269306e-05
 1.77798000e+04 3.19740184e-05
 1.77858972e+04 3.12942872e-05
 1.77919945e+04 3.05241742e-05
 1.77980918e+04 2.96375589e-05
 1.78041890e+04 2.87649681e-05
 1.78102863e+04 2.80336063e-05
 1.78163836e+04 2.74262553e-05
 1.78224808e+04 2.68107768e-05
 1.78285781e+04 2.60911111e-05
 1.78346754e+04 2.53058309e-05
 1.78407726e+04 2.45766095e-05
 1.78468699e+04 2.39763723e-05
 1.78529672e+04 2.34588562e-05
 1.78590644e+04 2.29143663e-05
 1.78651617e+04 2.22816791e-05
 1.78712590e+04 2.16029408e-05
 1.78773562e+04 2.09745865e-05
 1.78834535e+04 2.04527614e-05
 1.78895508e+04 2.00050928e-05
 1.78956480e+04 1.95469224e-05
 1.79017453e+04 1.90206840e-05
 1.79078426e+04 1.84430069e-05
 1.79139398e+04 1.78840848e-05
 1.79200371e+04 1.74035994e-05
 1.79261344e+04 1.70023946e-05
 1.79322316e+04 1.66268414e-05
 1.79383289e+04 1.62159605e-05
 1.79444262e+04 1.57496480e-05
 1.79505234e+04 1.52598134e-05
 1.79566207e+04 1.48017166e-05
 1.79627180e+04 1.44107705e-05
 1.79688152e+04 1.40787257e-05
 1.79749125e+04 1.37635660e-05
 1.79810098e+04 1.34214757e-05
 1.79871070e+04 1.30369111e-05
 1.79932043e+04 1.26298055e-05
 1.79993016e+04 1.22390993e-05
 1.80053988e+04 1.18958702e-05
 1.80114961e+04 1.16044072e-05
 1.80175934e+04 1.13423870e-05
 1.80236906e+04 1.10765693e-05
 1.80297879e+04 1.07834351e-05
 1.80358852e+04 1.04615158e-05
 1.80419824e+04 1.01296944e-05
 1.80480797e+04 9.81485698e-06
 1.80541770e+04 9.53632922e-06
 1.80602742e+04 9.29663835e-06
 1.80663715e+04 9.08196092e-06
 1.80724688e+04 8.87054582e-06
 1.80785660e+04 8.64431900e-06
 1.80846633e+04 8.39678120e-06
 1.80907606e+04 8.13470942e-06
 1.80968578e+04 7.87362207e-06
 1.81029551e+04 7.62967969e-06
 1.81090524e+04 7.41282678e-06
 1.81151496e+04 7.22319020e-06
 1.81212469e+04 7.05209146e-06
 1.81273442e+04 6.88664482e-06
 1.81334414e+04 6.71498177e-06
 1.81395387e+04 6.53064964e-06
 1.81456359e+04 6.33426215e-06
 1.81517332e+04 6.13221360e-06
 1.81578305e+04 5.93388198e-06
 1.81639277e+04 5.74798465e-06
 1.81700250e+04 5.57975398e-06
 1.81761223e+04 5.42986258e-06
 1.81822195e+04 5.29461966e-06
 1.81883168e+04 5.16767313e-06
 1.81944141e+04 5.04224626e-06
 1.82005113e+04 4.91289255e-06
 1.82066086e+04 4.77688139e-06
 1.82127059e+04 4.63448996e-06
 1.82188031e+04 4.48836640e-06
 1.82249004e+04 4.34265749e-06
 1.82309977e+04 4.20174976e-06
 1.82370949e+04 4.06913624e-06
 1.82431922e+04 3.94690132e-06
 1.82492895e+04 3.83537850e-06
 1.82553867e+04 3.73330513e-06
 1.82614840e+04 3.63843266e-06
 1.82675813e+04 3.54800010e-06
 1.82736785e+04 3.45928788e-06
 1.82797758e+04 3.37018701e-06
 1.82858731e+04 3.27933981e-06
 1.82919703e+04 3.18623267e-06
 1.82980676e+04 3.09122984e-06
 1.83041649e+04 2.99523216e-06
 1.83102621e+04 2.89945507e-06
 1.83163594e+04 2.80529115e-06
 1.83224567e+04 2.71398445e-06
 1.83285539e+04 2.62649865e-06
 1.83346512e+04 2.54352238e-06
 1.83407485e+04 2.46533639e-06
 1.83468457e+04 2.39187180e-06
 1.83529430e+04 2.32285847e-06
 1.83590403e+04 2.25781749e-06
 1.83651375e+04 2.19611144e-06
 1.83712348e+04 2.13713359e-06
 1.83773321e+04 2.08031047e-06
 1.83834293e+04 2.02509115e-06
 1.83895266e+04 1.97106353e-06
 1.83956239e+04 1.91793286e-06
