 1.34316564e+04 1.47569000e-06
 1.34353270e+04 1.53646633e-06
 1.34389976e+04 1.59935371e-06
 1.34426682e+04 1.66466360e-06
 1.34463387e+04 1.73272355e-06
 1.34500093e+04 1.80318721e-06
 1.34536799e+04 1.87625811e-06
 1.34573504e+04 1.95239008e-06
 1.34610210e+04 2.03128195e-06
 1.34646916e+04 2.11297960e-06
 1.34683622e+04 2.19804169e-06
 1.34720327e+04 2.28629125e-06
 1.34757033e+04 2.37758524e-06
 1.34793739e+04 2.47251717e-06
 1.34830445e+04 2.57112638e-06
 1.34867150e+04 2.67310023e-06
 1.34903856e+04 2.77894520e-06
 1.34940562e+04 2.88898320e-06
 1.34977268e+04 3.00283306e-06
 1.35013973e+04 3.12076890e-06
 1.35050679e+04 3.24337707e-06
 1.35087385e+04 3.37039331e-06
 1.35124091e+04 3.50176257e-06
 1.35160796e+04 3.63818444e-06
 1.35197502e+04 3.77972101e-06
 1.35234208e+04 3.92603782e-06
 1.35270914e+04 4.07768003e-06
 1.35307619e+04 4.23513793e-06
 1.35344325e+04 4.39804858e-06
 1.35381031e+04 4.56655096e-06
 1.35417736e+04 4.74141776e-06
 1.35454442e+04 4.92262201e-06
 1.35491148e+04 5.10987825e-06
 1.35527854e+04 5.30384414e-06
 1.35564559e+04 5.50504350e-06
 1.35601265e+04 5.71311419e-06
 1.35637971e+04 5.92820564e-06
 1.35674677e+04 6.15118083e-06
 1.35711382e+04 6.38212988e-06
 1.35748088e+04 6.62071671e-06
 1.35784794e+04 6.86755389e-06
 1.35821500e+04 7.12338480e-06
 1.35858205e+04 7.38796701e-06
 1.35894911e+04 7.66124464e-06
 1.35931617e+04 7.94412286e-06
 1.35968323e+04 8.23706971e-06
 1.36005028e+04 8.53971410e-06
 1.36041734e+04 8.85235359e-06
 1.36078440e+04 9.17599677e-06
 1.36115145e+04 9.51083978e-06
 1.36151851e+04 9.85654615e-06
 1.36188557e+04 1.02137210e-05
 1.36225263e+04 1.05833617e-05
 1.36261968e+04 1.09654728e-05
 1.36298674e+04 1.13598292e-05
 1.36335380e+04 1.17672585e-05
 1.36372086e+04 1.21887176e-05
 1.36408791e+04 1.26241105e-05
 1.36445497e+04 1.30733262e-05
 1.36482203e+04 1.35373379e-05
 1.36518909e+04 1.40170915e-05
 1.36555614e+04 1.45124664e-05
 1.36592320e+04 1.50234248e-05
 1.36629026e+04 1.55510243e-05
 1.36665732e+04 1.60962611e-05
 1.36702437e+04 1.66590543e-05
 1.36739143e+04 1.72393792e-05
 1.36775849e+04 1.78383208e-05
 1.36812555e+04 1.84569949e-05
 1.36849260e+04 1.90954314e-05
 1.36885966e+04 1.97535627e-05
 1.36922672e+04 2.04324266e-05
 1.36959377e+04 2.11333115e-05
 1.36996083e+04 2.18564563e-05
 1.37032789e+04 2.26017266e-05
 1.37069495e+04 2.33700079e-05
 1.37106200e+04 2.41627616e-05
 1.37142906e+04 2.49805639e-05
 1.37179612e+04 2.58232653e-05
 1.37216318e+04 2.66914757e-05
 1.37253023e+04 2.75867322e-05
 1.37289729e+04 2.85100677e-05
 1.37326435e+04 2.94614887e-05
 1.37363141e+04 3.04412566e-05
 1.37399846e+04 3.14507603e-05
 1.37436552e+04 3.24915023e-05
 1.37473258e+04 3.35639268e-05
 1.37509964e+04 3.46680487e-05
 1.37546669e+04 3.58048222e-05
 1.37583375e+04 3.69759951e-05
 1.37620081e+04 3.81827047e-05
 1.37656786e+04 3.94250960e-05
 1.37693492e+04 4.07035588e-05
 1.37730198e+04 4.20196035e-05
 1.37766904e+04 4.33750065e-05
 1.37803609e+04 4.47705804e-05
 1.37840315e+04 4.62064696e-05
 1.37877021e+04 4.76834968e-05
 1.37913727e+04 4.92035080e-05
 1.37950432e+04 5.07682161e-05
 1.37987138e+04 5.23782854e-05
 1.38023844e+04 5.40339984e-05
 1.38060550e+04 5.57365071e-05
 1.38097255e+04 5.74878539e-05
 1.38133961e+04 5.92897559e-05
 1.38170667e+04 6.11428966e-05
 1.38207373e+04 6.30477060e-05
 1.38244078e+04 6.50055189e-05
 1.38280784e+04 6.70185143e-05
 1.38317490e+04 6.90885442e-05
 1.38354196e+04 7.12164523e-05
 1.38390901e+04 7.34027782e-05
 1.38427607e+04 7.56488887e-05
 1.38464313e+04 7.79570518e-05
 1.38501018e+04 8.03293833e-05
 1.38537724e+04 8.27670391e-05
 1.38574430e+04 8.52706675e-05
 1.38611136e+04 8.78415245e-05
 1.38647841e+04 9.04818570e-05
 1.38684547e+04 9.31941052e-05
 1.38721253e+04 9.59799207e-05
 1.38757959e+04 9.88401807e-05
 1.38794664e+04 1.01775954e-04
 1.38831370e+04 1.04789262e-04
 1.38868076e+04 1.07882760e-04
 1.38904782e+04 1.11058737e-04
 1.38941487e+04 1.14318587e-04
 1.38978193e+04 1.17663321e-04
 1.39014899e+04 1.21094536e-04
 1.39051605e+04 1.24614752e-04
 1.39088310e+04 1.28226790e-04
 1.39125016e+04 1.31932871e-04
 1.39161722e+04 1.35734414e-04
 1.39198427e+04 1.39632695e-04
 1.39235133e+04 1.43629686e-04
 1.39271839e+04 1.47728193e-04
 1.39308545e+04 1.51931196e-04
 1.39345250e+04 1.56241069e-04
 1.39381956e+04 1.60659441e-04
 1.39418662e+04 1.65187824e-04
 1.39455368e+04 1.69828363e-04
 1.39492073e+04 1.74584008e-04
 1.39528779e+04 1.79457968e-04
 1.39565485e+04 1.84452978e-04
 1.39602191e+04 1.89571048e-04
 1.39638896e+04 1.94813903e-04
 1.39675602e+04 2.00183691e-04
 1.39712308e+04 2.05683338e-04
 1.39749014e+04 2.11316257e-04
 1.39785719e+04 2.17085686e-04
 1.39822425e+04 2.22994233e-04
 1.39859131e+04 2.29043975e-04
 1.39895837e+04 2.35237027e-04
 1.39932542e+04 2.41576083e-04
 1.39969248e+04 2.48064522e-04
 1.40005954e+04 2.54706003e-04
 1.40042659e+04 2.61503896e-04
 1.40079365e+04 2.68460982e-04
 1.40116071e+04 2.75579628e-04
 1.40152777e+04 2.82862289e-04
 1.40189482e+04 2.90311963e-04
 1.40226188e+04 2.97932259e-04
 1.40262894e+04 3.05727076e-04
 1.40299600e+04 3.13700119e-04
 1.40336305e+04 3.21854596e-04
 1.40373011e+04 3.30193282e-04
 1.40409717e+04 3.38718900e-04
 1.40446423e+04 3.47434536e-04
 1.40483128e+04 3.56343839e-04
 1.40519834e+04 3.65450880e-04
 1.40556540e+04 3.74759790e-04
 1.40593246e+04 3.84274400e-04
 1.40629951e+04 3.93998103e-04
 1.40666657e+04 4.03934000e-04
 1.40703363e+04 4.14085233e-04
 1.40740069e+04 4.24455301e-04
 1.40776774e+04 4.35048182e-04
 1.40813480e+04 4.45868217e-04
 1.40850186e+04 4.56919821e-04
 1.40886891e+04 4.68207198e-04
 1.40923597e+04 4.79734199e-04
 1.40960303e+04 4.91504388e-04
 1.40997009e+04 5.03521265e-04
 1.41033714e+04 5.15788532e-04
 1.41070420e+04 5.28310262e-04
 1.41107126e+04 5.41090903e-04
 1.41143832e+04 5.54135137e-04
 1.41180537e+04 5.67447644e-04
 1.41217243e+04 5.81032916e-04
 1.41253949e+04 5.94895171e-04
 1.41290655e+04 6.09038410e-04
 1.41327360e+04 6.23466574e-04
 1.41364066e+04 6.38183737e-04
 1.41400772e+04 6.53194243e-04
 1.41437478e+04 6.68502744e-04
 1.41474183e+04 6.84114140e-04
 1.41510889e+04 7.00033433e-04
 1.41547595e+04 7.16265577e-04
 1.41584300e+04 7.32815370e-04
 1.41621006e+04 7.49687416e-04
 1.41657712e+04 7.66886173e-04
 1.41694418e+04 7.84416061e-04
 1.41731123e+04 8.02281585e-04
 1.41767829e+04 8.20487428e-04
 1.41804535e+04 8.39038502e-04
 1.41841241e+04 8.57939930e-04
 1.41877946e+04 8.77196978e-04
 1.41914652e+04 8.96814967e-04
 1.41951358e+04 9.16799182e-04
 1.41988064e+04 9.37154810e-04
 1.42024769e+04 9.57886925e-04
 1.42061475e+04 9.79000504e-04
 1.42098181e+04 1.00050049e-03
 1.42134887e+04 1.02239185e-03
 1.42171592e+04 1.04467964e-03
 1.42208298e+04 1.06736906e-03
 1.42245004e+04 1.09046546e-03
 1.42281710e+04 1.11397434e-03
 1.42318415e+04 1.13790130e-03
 1.42355121e+04 1.16225201e-03
 1.42391827e+04 1.18703218e-03
 1.42428532e+04 1.21224749e-03
 1.42465238e+04 1.23790357e-03
 1.42501944e+04 1.26400603e-03
 1.42538650e+04 1.29056044e-03
 1.42575355e+04 1.31757236e-03
 1.42612061e+04 1.34504737e-03
 1.42648767e+04 1.37299111e-03
 1.42685473e+04 1.40140929e-03
 1.42722178e+04 1.43030771e-03
 1.42758884e+04 1.45969230e-03
 1.42795590e+04 1.48956905e-03
 1.42832296e+04 1.51994410e-03
 1.42869001e+04 1.55082363e-03
 1.42905707e+04 1.58221392e-03
 1.42942413e+04 1.61412131e-03
 1.42979119e+04 1.64655218e-03
 1.43015824e+04 1.67951296e-03
 1.43052530e+04 1.71301011e-03
 1.43089236e+04 1.74705017e-03
 1.43125941e+04 1.78163968e-03
 1.43162647e+04 1.81678530e-03
 1.43199353e+04 1.85249373e-03
 1.43236059e+04 1.88877177e-03
 1.43272764e+04 1.92562631e-03
 1.43309470e+04 1.96306438e-03
 1.43346176e+04 2.00109312e-03
 1.43382882e+04 2.03971980e-03
 1.43419587e+04 2.07895186e-03
 1.43456293e+04 2.11879690e-03
 1.43492999e+04 2.15926268e-03
 1.43529705e+04 2.20035714e-03
 1.43566410e+04 2.24208842e-03
 1.43603116e+04 2.28446483e-03
 1.43639822e+04 2.32749494e-03
 1.43676528e+04 2.37118749e-03
 1.43713233e+04 2.41555150e-03
 1.43749939e+04 2.46059622e-03
 1.43786645e+04 2.50633117e-03
 1.43823351e+04 2.55276615e-03
 1.43860056e+04 2.59991128e-03
 1.43896762e+04 2.64777697e-03
 1.43933468e+04 2.69637398e-03
 1.43970173e+04 2.74571345e-03
 1.44006879e+04 2.79580684e-03
 1.44043585e+04 2.84666604e-03
 1.44080291e+04 2.89830332e-03
 1.44116996e+04 2.95073136e-03
 1.44153702e+04 3.00396325e-03
 1.44190408e+04 3.05801250e-03
 1.44227114e+04 3.11289302e-03
 1.44263819e+04 3.16861909e-03
 1.44300525e+04 3.22520535e-03
 1.44337231e+04 3.28266675e-03
 1.44373937e+04 3.34101847e-03
 1.44410642e+04 3.40027586e-03
 1.44447348e+04 3.46045429e-03
 1.44484054e+04 3.52156903e-03
 1.44520760e+04 3.58363509e-03
 1.44557465e+04 3.64666696e-03
 1.44594171e+04 3.71067836e-03
 1.44630877e+04 3.77568190e-03
 1.44667583e+04 3.84168874e-03
 1.44704288e+04 3.90870811e-03
 1.44740994e+04 3.97674679e-03
 1.44777700e+04 4.04580852e-03
 1.44814405e+04 4.11589336e-03
 1.44851111e+04 4.18699692e-03
 1.44887817e+04 4.25910954e-03
 1.44924523e+04 4.33221545e-03
 1.44961228e+04 4.40629181e-03
 1.44997934e+04 4.48130780e-03
 1.45034640e+04 4.55722365e-03
 1.45071346e+04 4.63398979e-03
 1.45108051e+04 4.71154602e-03
 1.45144757e+04 4.78982089e-03
 1.45181463e+04 4.86873134e-03
 1.45218169e+04 4.94818260e-03
 1.45254874e+04 5.02806854e-03
 1.45291580e+04 5.10827258e-03
 1.45328286e+04 5.18866915e-03
 1.45364992e+04 5.26912594e-03
 1.45401697e+04 5.34950693e-03
 1.45438403e+04 5.42967633e-03
 1.45475109e+04 5.50950332e-03
 1.45511814e+04 5.58886782e-03
 1.45548520e+04 5.66766686e-03
 1.45585226e+04 5.74582165e-03
 1.45621932e+04 5.82328490e-03
 1.45658637e+04 5.90004812e-03
 1.45695343e+04 5.97614829e-03
 1.45732049e+04 6.05167338e-03
 1.45768755e+04 6.12676603e-03
 1.45805460e+04 6.20162464e-03
 1.45842166e+04 6.27650118e-03
 1.45878872e+04 6.35169503e-03
 1.45915578e+04 6.42754243e-03
 1.45952283e+04 6.50440128e-03
 1.45988989e+04 6.58263146e-03
 1.46025695e+04 6.66257133e-03
 1.46062401e+04 6.74451148e-03
 1.46099106e+04 6.82866761e-03
 1.46135812e+04 6.91515467e-03
 1.46172518e+04 7.00396517e-03
 1.46209224e+04 7.09495455e-03
 1.46245929e+04 7.18783658e-03
 1.46282635e+04 7.28219145e-03
 1.46319341e+04 7.37748820e-03
 1.46356046e+04 7.47312182e-03
 1.46392752e+04 7.56846389e-03
 1.46429458e+04 7.66292323e-03
 1.46466164e+04 7.75601136e-03
 1.46502869e+04 7.84740534e-03
 1.46539575e+04 7.93699953e-03
 1.46576281e+04 8.02493752e-03
 1.46612987e+04 8.11161619e-03
 1.46649692e+04 8.19765660e-03
 1.46686398e+04 8.28384020e-03
 1.46723104e+04 8.37101400e-03
 1.46759810e+04 8.45997410e-03
 1.46796515e+04 8.55134249e-03
 1.46833221e+04 8.64545591e-03
 1.46869927e+04 8.74228747e-03
 1.46906633e+04 8.84141937e-03
 1.46943338e+04 8.94207946e-03
 1.46980044e+04 9.04324439e-03
 1.47016750e+04 9.14379999e-03
 1.47053455e+04 9.24273608e-03
 1.47090161e+04 9.33934223e-03
 1.47126867e+04 9.43336473e-03
 1.47163573e+04 9.52508663e-03
 1.47200278e+04 9.61530322e-03
 1.47236984e+04 9.70518454e-03
 1.47273690e+04 9.79604088e-03
 1.47310396e+04 9.88903341e-03
 1.47347101e+04 9.98489151e-03
 1.47383807e+04 1.00837069e-02
 1.47420513e+04 1.01848654e-02
 1.47457219e+04 1.02871505e-02
 1.47493924e+04 1.03890131e-02
 1.47530630e+04 1.04889520e-02
 1.47567336e+04 1.05859166e-02
 1.47604042e+04 1.06796178e-02
 1.47640747e+04 1.07706470e-02
 1.47677453e+04 1.08603490e-02
 1.47714159e+04 1.09504565e-02
 1.47750865e+04 1.10425769e-02
 1.47787570e+04 1.11376756e-02
 1.47824276e+04 1.12357246e-02
 1.47860982e+04 1.13356489e-02
 1.47897687e+04 1.14356201e-02
 1.47934393e+04 1.15336307e-02
 1.47971099e+04 1.16281735e-02
 1.48007805e+04 1.17187938e-02
 1.48044510e+04 1.18062953e-02
 1.48081216e+04 1.18924919e-02
 1.48117922e+04 1.19795560e-02
 1.48154628e+04 1.20691802e-02
 1.48191333e+04 1.21618719e-02
 1.48228039e+04 1.22566778e-02
 1.48264745e+04 1.23514932e-02
 1.48301451e+04 1.24438764e-02
 1.48338156e+04 1.25320615e-02
 1.48374862e+04 1.26157406e-02
 1.48411568e+04 1.26962460e-02
 1.48448274e+04 1.27759977e-02
 1.48484979e+04 1.28574118e-02
 1.48521685e+04 1.29417428e-02
 1.48558391e+04 1.30284116e-02
 1.48595097e+04 1.31151889e-02
 1.48631802e+04 1.31992095e-02
 1.48668508e+04 1.32783682e-02
 1.48705214e+04 1.33524036e-02
 1.48741919e+04 1.34230773e-02
 1.48778625e+04 1.34932829e-02
 1.48815331e+04 1.35654906e-02
 1.48852037e+04 1.36403382e-02
 1.48888742e+04 1.37161712e-02
 1.48925448e+04 1.37898637e-02
 1.48962154e+04 1.38585333e-02
 1.48998860e+04 1.39212015e-02
 1.49035565e+04 1.39793995e-02
 1.49072271e+04 1.40362793e-02
 1.49108977e+04 1.40946776e-02
 1.49145683e+04 1.41552806e-02
 1.49182388e+04 1.42160638e-02
 1.49219094e+04 1.42734551e-02
 1.49255800e+04 1.43245647e-02
 1.49292506e+04 1.43690640e-02
 1.49329211e+04 1.44094192e-02
 1.49365917e+04 1.44492183e-02
 1.49402623e+04 1.44906399e-02
 1.49439328e+04 1.45328016e-02
 1.49476034e+04 1.45722227e-02
 1.49512740e+04 1.46051877e-02
 1.49549446e+04 1.46303798e-02
 1.49586151e+04 1.46498322e-02
 1.49622857e+04 1.46673816e-02
 1.49659563e+04 1.46856756e-02
 1.49696269e+04 1.47039795e-02
 1.49732974e+04 1.47185558e-02
 1.49769680e+04 1.47254474e-02
 1.49806386e+04 1.47235388e-02
 1.49843092e+04 1.47154007e-02
 1.49879797e+04 1.47051061e-02
 1.49916503e+04 1.46947038e-02
 1.49953209e+04 1.46822841e-02
 1.49989915e+04 1.46633793e-02
 1.50026620e+04 1.46346339e-02
 1.50063326e+04 1.45966091e-02
 1.50100032e+04 1.45531757e-02
 1.50136738e+04 1.45078953e-02
 1.50173443e+04 1.44605679e-02
 1.50210149e+04 1.44071518e-02
 1.50246855e+04 1.43432694e-02
 1.50283560e+04 1.42681247e-02
 1.50320266e+04 1.41850947e-02
 1.50356972e+04 1.40982933e-02
 1.50393678e+04 1.40083235e-02
 1.50430383e+04 1.39113980e-02
 1.50467089e+04 1.38028298e-02
 1.50503795e+04 1.36815120e-02
 1.50540501e+04 1.35508333e-02
 1.50577206e+04 1.34149687e-02
 1.50613912e+04 1.32742784e-02
 1.50650618e+04 1.31246517e-02
 1.50687324e+04 1.29616134e-02
 1.50724029e+04 1.27848981e-02
 1.50760735e+04 1.25985248e-02
 1.50797441e+04 1.24061772e-02
 1.50834147e+04 1.22069136e-02
 1.50870852e+04 1.19960337e-02
 1.50907558e+04 1.17702313e-02
 1.50944264e+04 1.15312271e-02
 1.50980969e+04 1.12836614e-02
 1.51017675e+04 1.10296124e-02
 1.51054381e+04 1.07661460e-02
 1.51091087e+04 1.04888527e-02
 1.51127792e+04 1.01972063e-02
 1.51164498e+04 9.89528830e-03
 1.51201204e+04 9.58696484e-03
 1.51237910e+04 9.27142724e-03
 1.51274615e+04 8.94464009e-03
 1.51311321e+04 8.60489650e-03
 1.51348027e+04 8.25546898e-03
 1.51384733e+04 7.90099936e-03
 1.51421438e+04 7.54230775e-03
 1.51458144e+04 7.17635607e-03
 1.51494850e+04 6.80135597e-03
 1.51531556e+04 6.42023455e-03
 1.51568261e+04 6.03790430e-03
 1.51604967e+04 5.65612054e-03
 1.51641673e+04 5.27290170e-03
 1.51678379e+04 4.88715850e-03
 1.51715084e+04 4.50203958e-03
 1.51751790e+04 4.12244829e-03
 1.51788496e+04 3.75041469e-03
 1.51825201e+04 3.38485780e-03
 1.51861907e+04 3.02581320e-03
 1.51898613e+04 2.67687736e-03
 1.51935319e+04 2.34251092e-03
 1.51972024e+04 2.02442148e-03
 1.52008730e+04 1.72226557e-03
 1.52045436e+04 1.43721560e-03
 1.52082142e+04 1.17288530e-03
 1.52118847e+04 9.32544459e-04
 1.52155553e+04 7.17157571e-04
 1.52192259e+04 5.26973715e-04
 1.52228965e+04 3.63678484e-04
 1.52265670e+04 2.29747428e-04
 1.52302376e+04 1.26524500e-04
 1.52339082e+04 5.42258539e-05
 1.52375788e+04 1.33070092e-05
 1.52412493e+04 4.52626911e-06
 1.52449199e+04 2.79478485e-05
 1.52485905e+04 8.30882482e-05
 1.52522611e+04 1.69761016e-04
 1.52559316e+04 2.87501328e-04
 1.52596022e+04 4.34478754e-04
 1.52632728e+04 6.08454791e-04
 1.52669433e+04 8.08452837e-04
 1.52706139e+04 1.03365144e-03
 1.52742845e+04 1.28097719e-03
 1.52779551e+04 1.54618036e-03
 1.52816256e+04 1.82719628e-03
 1.52852962e+04 2.12353205e-03
 1.52889668e+04 2.43213162e-03
 1.52926374e+04 2.74746550e-03
 1.52963079e+04 3.06654413e-03
 1.52999785e+04 3.38972489e-03
 1.53036491e+04 3.71514946e-03
 1.53073197e+04 4.03715280e-03
 1.53109902e+04 4.35244128e-03
 1.53146608e+04 4.66264262e-03
 1.53183314e+04 4.96774532e-03
 1.53220020e+04 5.26276928e-03
 1.53256725e+04 5.54475412e-03
 1.53293431e+04 5.81679626e-03
 1.53330137e+04 6.08062891e-03
 1.53366842e+04 6.33202138e-03
 1.53403548e+04 6.56864004e-03
 1.53440254e+04 6.79491329e-03
 1.53476960e+04 7.01351403e-03
 1.53513665e+04 7.22036091e-03
 1.53550371e+04 7.41377192e-03
 1.53587077e+04 7.59913819e-03
 1.53623783e+04 7.77888155e-03
 1.53660488e+04 7.94834799e-03
 1.53697194e+04 8.10668535e-03
 1.53733900e+04 8.25984807e-03
 1.53770606e+04 8.40883456e-03
 1.53807311e+04 8.54822452e-03
 1.53844017e+04 8.67863287e-03
 1.53880723e+04 8.80610450e-03
 1.53917429e+04 8.92933379e-03
 1.53954134e+04 9.04285294e-03
 1.53990840e+04 9.14958604e-03
 1.54027546e+04 9.25473570e-03
 1.54064252e+04 9.35432616e-03
 1.54100957e+04 9.44442676e-03
 1.54137663e+04 9.53048424e-03
 1.54174369e+04 9.61522305e-03
 1.54211074e+04 9.69262976e-03
 1.54247780e+04 9.76222093e-03
 1.54284486e+04 9.83061465e-03
 1.54321192e+04 9.89638214e-03
 1.54357897e+04 9.95371330e-03
 1.54394603e+04 1.00065772e-02
 1.54431309e+04 1.00596573e-02
 1.54468015e+04 1.01074093e-02
 1.54504720e+04 1.01477082e-02
 1.54541426e+04 1.01873452e-02
 1.54578132e+04 1.02257669e-02
 1.54614838e+04 1.02566536e-02
 1.54651543e+04 1.02837593e-02
 1.54688249e+04 1.03119034e-02
 1.54724955e+04 1.03351938e-02
 1.54761661e+04 1.03519945e-02
 1.54798366e+04 1.03693081e-02
 1.54835072e+04 1.03853055e-02
 1.54871778e+04 1.03941749e-02
 1.54908483e+04 1.04011970e-02
 1.54945189e+04 1.04094211e-02
 1.54981895e+04 1.04119915e-02
 1.55018601e+04 1.04101176e-02
 1.55055306e+04 1.04101333e-02
 1.55092012e+04 1.04071039e-02
 1.55128718e+04 1.03979840e-02
 1.55165424e+04 1.03898521e-02
 1.55202129e+04 1.03812927e-02
 1.55238835e+04 1.03663428e-02
 1.55275541e+04 1.03506427e-02
 1.55312247e+04 1.03364115e-02
 1.55348952e+04 1.03166088e-02
 1.55385658e+04 1.02942237e-02
 1.55422364e+04 1.02742604e-02
 1.55459070e+04 1.02501730e-02
 1.55495775e+04 1.02220462e-02
 1.55532481e+04 1.01964897e-02
 1.55569187e+04 1.01684170e-02
 1.55605893e+04 1.01353907e-02
 1.55642598e+04 1.01045704e-02
 1.55679304e+04 1.00726897e-02
 1.55716010e+04 1.00354396e-02
 1.55752715e+04 9.99980852e-03
 1.55789421e+04 9.96427538e-03
 1.55826127e+04 9.92331211e-03
 1.55862833e+04 9.88337613e-03
 1.55899538e+04 9.84437280e-03
 1.55936244e+04 9.80007584e-03
 1.55972950e+04 9.75634260e-03
 1.56009656e+04 9.71408932e-03
 1.56046361e+04 9.66674720e-03
 1.56083067e+04 9.61970003e-03
 1.56119773e+04 9.57444437e-03
 1.56156479e+04 9.52428903e-03
 1.56193184e+04 9.47437965e-03
 1.56229890e+04 9.42637675e-03
 1.56266596e+04 9.37360977e-03
 1.56303302e+04 9.32126165e-03
 1.56340007e+04 9.27075238e-03
 1.56376713e+04 9.21556595e-03
 1.56413419e+04 9.16118039e-03
 1.56450125e+04 9.10837090e-03
 1.56486830e+04 9.05096788e-03
 1.56523536e+04 8.99492553e-03
 1.56560242e+04 8.93997115e-03
 1.56596947e+04 8.88058762e-03
 1.56633653e+04 8.82323949e-03
 1.56670359e+04 8.76623756e-03
 1.56707065e+04 8.70516783e-03
 1.56743770e+04 8.64681079e-03
 1.56780476e+04 8.58781014e-03
 1.56817182e+04 8.52542812e-03
 1.56853888e+04 8.46626441e-03
 1.56890593e+04 8.40530090e-03
 1.56927299e+04 8.34206396e-03
 1.56964005e+04 8.28215310e-03
 1.57000711e+04 8.21931743e-03
 1.57037416e+04 8.15573220e-03
 1.57074122e+04 8.09495814e-03
 1.57110828e+04 8.03048862e-03
 1.57147534e+04 7.96701998e-03
 1.57184239e+04 7.90511134e-03
 1.57220945e+04 7.83947840e-03
 1.57257651e+04 7.77640354e-03
 1.57294356e+04 7.71304692e-03
 1.57331062e+04 7.64696574e-03
 1.57367768e+04 7.58422021e-03
 1.57404474e+04 7.51927526e-03
 1.57441179e+04 7.45357296e-03
 1.57477885e+04 7.39069222e-03
 1.57514591e+04 7.32444060e-03
 1.57551297e+04 7.25975302e-03
 1.57588002e+04 7.19603495e-03
 1.57624708e+04 7.12929664e-03
 1.57661414e+04 7.06570005e-03
 1.57698120e+04 7.00063064e-03
 1.57734825e+04 6.93454835e-03
 1.57771531e+04 6.87139111e-03
 1.57808237e+04 6.80515798e-03
 1.57844943e+04 6.74060164e-03
 1.57881648e+04 6.67683073e-03
 1.57918354e+04 6.61050768e-03
 1.57955060e+04 6.54740977e-03
 1.57991766e+04 6.48239990e-03
 1.58028471e+04 6.41740945e-03
 1.58065177e+04 6.35466368e-03
 1.58101883e+04 6.28899214e-03
 1.58138588e+04 6.22599230e-03
 1.58175294e+04 6.16234840e-03
 1.58212000e+04 6.09762523e-03
 1.58248706e+04 6.03577416e-03
 1.58285411e+04 5.97121272e-03
 1.58322117e+04 5.90868606e-03
 1.58358823e+04 5.84636640e-03
 1.58395529e+04 5.78247594e-03
 1.58432234e+04 5.72161331e-03
 1.58468940e+04 5.65833779e-03
 1.58505646e+04 5.59675290e-03
 1.58542352e+04 5.53571674e-03
 1.58579057e+04 5.47305897e-03
 1.58615763e+04 5.41339517e-03
 1.58652469e+04 5.35146482e-03
 1.58689175e+04 5.29126592e-03
 1.58725880e+04 5.23149164e-03
 1.58762586e+04 5.17038559e-03
 1.58799292e+04 5.11212045e-03
 1.58835997e+04 5.05158869e-03
 1.58872703e+04 4.99315485e-03
 1.58909409e+04 4.93460765e-03
 1.58946115e+04 4.87538175e-03
 1.58982820e+04 4.81860020e-03
 1.59019526e+04 4.75960537e-03
 1.59056232e+04 4.70320062e-03
 1.59092938e+04 4.64584227e-03
 1.59129643e+04 4.58886797e-03
 1.59166349e+04 4.53347608e-03
 1.59203055e+04 4.47633561e-03
 1.59239761e+04 4.42199986e-03
 1.59276466e+04 4.36590476e-03
 1.59313172e+04 4.31150247e-03
 1.59349878e+04 4.25727752e-03
 1.59386584e+04 4.20251566e-03
 1.59423289e+04 4.14994891e-03
 1.59459995e+04 4.09551103e-03
 1.59496701e+04 4.04368623e-03
 1.59533407e+04 3.99055326e-03
 1.59570112e+04 3.93868284e-03
 1.59606818e+04 3.88734641e-03
 1.59643524e+04 3.83535070e-03
 1.59680229e+04 3.78553595e-03
 1.59716935e+04 3.73400021e-03
 1.59753641e+04 3.68497994e-03
 1.59790347e+04 3.63466409e-03
 1.59827052e+04 3.58581111e-03
 1.59863758e+04 3.53714399e-03
 1.59900464e+04 3.48830708e-03
 1.59937170e+04 3.44118755e-03
 1.59973875e+04 3.39270428e-03
 1.60010581e+04 3.34665104e-03
 1.60047287e+04 3.29908201e-03
 1.60083993e+04 3.25355797e-03
 1.60120698e+04 3.20736087e-03
 1.60157404e+04 3.16205323e-03
 1.60194110e+04 3.11738169e-03
 1.60230816e+04 3.07230840e-03
 1.60267521e+04 3.02900013e-03
 1.60304227e+04 2.98444027e-03
 1.60340933e+04 2.94214693e-03
 1.60377639e+04 2.89847613e-03
 1.60414344e+04 2.85683766e-03
 1.60451050e+04 2.81436567e-03
 1.60487756e+04 2.77314466e-03
 1.60524461e+04 2.73201918e-03
 1.60561167e+04 2.69115542e-03
 1.60597873e+04 2.65134775e-03
 1.60634579e+04 2.61093792e-03
 1.60671284e+04 2.57229003e-03
 1.60707990e+04 2.53252318e-03
 1.60744696e+04 2.49482086e-03
 1.60781402e+04 2.45590473e-03
 1.60818107e+04 2.41894545e-03
 1.60854813e+04 2.38104904e-03
 1.60891519e+04 2.34468644e-03
 1.60928225e+04 2.30790967e-03
 1.60964930e+04 2.27207034e-03
 1.61001636e+04 2.23643954e-03
 1.61038342e+04 2.20111742e-03
 1.61075048e+04 2.16659867e-03
 1.61111753e+04 2.13183652e-03
 1.61148459e+04 2.09835733e-03
 1.61185165e+04 2.06422408e-03
 1.61221870e+04 2.03169536e-03
 1.61258576e+04 1.99826606e-03
 1.61295282e+04 1.96659969e-03
 1.61331988e+04 1.93394103e-03
 1.61368693e+04 1.90306120e-03
 1.61405399e+04 1.87122344e-03
 1.61442105e+04 1.84107184e-03
 1.61478811e+04 1.81008606e-03
 1.61515516e+04 1.78062260e-03
 1.61552222e+04 1.75050177e-03
 1.61588928e+04 1.72170236e-03
 1.61625634e+04 1.69244448e-03
 1.61662339e+04 1.66429745e-03
 1.61699045e+04 1.63588938e-03
 1.61735751e+04 1.60839162e-03
 1.61772457e+04 1.58081281e-03
 1.61809162e+04 1.55396643e-03
 1.61845868e+04 1.52719201e-03
 1.61882574e+04 1.50100166e-03
 1.61919280e+04 1.47500474e-03
 1.61955985e+04 1.44947580e-03
 1.61992691e+04 1.42422893e-03
 1.62029397e+04 1.39936637e-03
 1.62066102e+04 1.37484244e-03
 1.62102808e+04 1.35065027e-03
 1.62139514e+04 1.32682292e-03
 1.62176220e+04 1.30330397e-03
 1.62212925e+04 1.28014770e-03
 1.62249631e+04 1.25730367e-03
 1.62286337e+04 1.23479380e-03
 1.62323043e+04 1.21262528e-03
 1.62359748e+04 1.19073796e-03
 1.62396454e+04 1.16924445e-03
 1.62433160e+04 1.14795683e-03
 1.62469866e+04 1.12713653e-03
 1.62506571e+04 1.10642704e-03
 1.62543277e+04 1.08627643e-03
 1.62579983e+04 1.06612544e-03
 1.62616689e+04 1.04663851e-03
 1.62653394e+04 1.02702927e-03
 1.62690100e+04 1.00819647e-03
 1.62726806e+04 9.89116387e-04
 1.62763511e+04 9.70923277e-04
 1.62800217e+04 9.52365240e-04
 1.62836923e+04 9.34791151e-04
 1.62873629e+04 9.16754924e-04
 1.62910334e+04 8.99771822e-04
 1.62947040e+04 8.82264951e-04
 1.62983746e+04 8.65836914e-04
 1.63020452e+04 8.48874700e-04
 1.63057157e+04 8.32958587e-04
 1.63093863e+04 8.16562665e-04
 1.63130569e+04 8.01110523e-04
 1.63167275e+04 7.85305536e-04
 1.63203980e+04 7.70269010e-04
 1.63240686e+04 7.55077131e-04
 1.63277392e+04 7.40413866e-04
 1.63314098e+04 7.25847616e-04
 1.63350803e+04 7.11529010e-04
 1.63387509e+04 6.97583468e-04
 1.63424215e+04 6.83602113e-04
 1.63460921e+04 6.70248414e-04
 1.63497626e+04 6.56622935e-04
 1.63534332e+04 6.43805796e-04
 1.63571038e+04 6.30580389e-04
 1.63607743e+04 6.18222210e-04
 1.63644449e+04 6.05458562e-04
 1.63681155e+04 5.93471573e-04
 1.63717861e+04 5.81232783e-04
 1.63754566e+04 5.69538437e-04
 1.63791272e+04 5.57867524e-04
 1.63827978e+04 5.46418702e-04
 1.63864684e+04 5.35317648e-04
 1.63901389e+04 5.24116055e-04
 1.63938095e+04 5.13534214e-04
 1.63974801e+04 5.02634111e-04
 1.64011507e+04 4.92474152e-04
 1.64048212e+04 4.81965879e-04
 1.64084918e+04 4.72110581e-04
 1.64121624e+04 4.62084791e-04
 1.64158330e+04 4.52439000e-04
 1.64195035e+04 4.42942753e-04
 1.64231741e+04 4.33474240e-04
 1.64268447e+04 4.24478738e-04
 1.64305153e+04 4.15236397e-04
 1.64341858e+04 4.06637156e-04
 1.64378564e+04 3.97730212e-04
 1.64415270e+04 3.89388260e-04
 1.64451975e+04 3.80928074e-04
 1.64488681e+04 3.72738403e-04
 1.64525387e+04 3.64769044e-04
 1.64562093e+04 3.56720290e-04
 1.64598798e+04 3.49179501e-04
 1.64635504e+04 3.41363483e-04
 1.64672210e+04 3.34107351e-04
 1.64708916e+04 3.26660902e-04
 1.64745621e+04 3.19548632e-04
 1.64782327e+04 3.12555307e-04
 1.64819033e+04 3.05543616e-04
 1.64855739e+04 2.98961864e-04
 1.64892444e+04 2.92137765e-04
 1.64929150e+04 2.85817655e-04
 1.64965856e+04 2.79331290e-04
 1.65002562e+04 2.73122015e-04
 1.65039267e+04 2.67058975e-04
 1.65075973e+04 2.60929617e-04
 1.65112679e+04 2.55225730e-04
 1.65149384e+04 2.49291829e-04
 1.65186090e+04 2.43776209e-04
 1.65222796e+04 2.38192359e-04
 1.65259502e+04 2.32736861e-04
 1.65296207e+04 2.27541002e-04
 1.65332913e+04 2.22181182e-04
 1.65369619e+04 2.17243593e-04
 1.65406325e+04 2.12140797e-04
 1.65443030e+04 2.07286297e-04
 1.65479736e+04 2.02551006e-04
 1.65516442e+04 1.97741167e-04
 1.65553148e+04 1.93299934e-04
 1.65589853e+04 1.88672980e-04
 1.65626559e+04 1.84339948e-04
 1.65663265e+04 1.80044145e-04
 1.65699971e+04 1.75733488e-04
 1.65736676e+04 1.71737452e-04
 1.65773382e+04 1.67564393e-04
 1.65810088e+04 1.63684629e-04
 1.65846794e+04 1.59812252e-04
 1.65883499e+04 1.55943065e-04
 1.65920205e+04 1.52356677e-04
 1.65956911e+04 1.48606543e-04
 1.65993616e+04 1.45122922e-04
 1.66030322e+04 1.41656418e-04
 1.66067028e+04 1.38174833e-04
 1.66103734e+04 1.34965973e-04
 1.66140439e+04 1.31608731e-04
 1.66177145e+04 1.28469863e-04
 1.66213851e+04 1.25389359e-04
 1.66250557e+04 1.22251116e-04
 1.66287262e+04 1.19382852e-04
 1.66323968e+04 1.16396079e-04
 1.66360674e+04 1.13553773e-04
 1.66397380e+04 1.10834355e-04
 1.66434085e+04 1.08010391e-04
 1.66470791e+04 1.05435997e-04
 1.66507497e+04 1.02805254e-04
 1.66544203e+04 1.00219320e-04
 1.66580908e+04 9.78233498e-05
 1.66617614e+04 9.53047426e-05
 1.66654320e+04 9.29697059e-05
 1.66691025e+04 9.06784525e-05
 1.66727731e+04 8.83296980e-05
 1.66764437e+04 8.61987530e-05
 1.66801143e+04 8.39924653e-05
 1.66837848e+04 8.18509012e-05
 1.66874554e+04 7.98597182e-05
 1.66911260e+04 7.77615087e-05
 1.66947966e+04 7.58235440e-05
 1.66984671e+04 7.39270095e-05
 1.67021377e+04 7.19711385e-05
 1.67058083e+04 7.02034854e-05
 1.67094789e+04 6.83872660e-05
 1.67131494e+04 6.65946818e-05
 1.67168200e+04 6.49564895e-05
 1.67204906e+04 6.32286055e-05
 1.67241612e+04 6.15994857e-05
 1.67278317e+04 6.00587236e-05
 1.67315023e+04 5.84348476e-05
 1.67351729e+04 5.69536856e-05
 1.67388435e+04 5.54927057e-05
 1.67425140e+04 5.39850553e-05
 1.67461846e+04 5.26298504e-05
 1.67498552e+04 5.12430159e-05
 1.67535257e+04 4.98557872e-05
 1.67571963e+04 4.86054672e-05
 1.67608669e+04 4.72937970e-05
 1.67645375e+04 4.60236040e-05
 1.67682080e+04 4.48617438e-05
 1.67718786e+04 4.36280942e-05
 1.67755492e+04 4.24666544e-05
 1.67792198e+04 4.13821073e-05
 1.67828903e+04 4.02282604e-05
 1.67865609e+04 3.91652342e-05
 1.67902315e+04 3.81511019e-05
 1.67939021e+04 3.70766734e-05
 1.67975726e+04 3.61016797e-05
 1.68012432e+04 3.51538265e-05
 1.68049138e+04 3.41563347e-05
 1.68085844e+04 3.32599932e-05
 1.68122549e+04 3.23757689e-05
 1.68159255e+04 3.14512221e-05
 1.68195961e+04 3.06254544e-05
 1.68232667e+04 2.98028440e-05
 1.68269372e+04 2.89464243e-05
 1.68306078e+04 2.81843275e-05
 1.68342784e+04 2.74214885e-05
 1.68379489e+04 2.66281417e-05
 1.68416195e+04 2.59236808e-05
 1.68452901e+04 2.52187357e-05
 1.68489607e+04 2.44836223e-05
 1.68526312e+04 2.38313001e-05
 1.68563018e+04 2.31822425e-05
 1.68599724e+04 2.25010744e-05
 1.68636430e+04 2.18956685e-05
 1.68673135e+04 2.13002728e-05
 1.68709841e+04 2.06695675e-05
 1.68746547e+04 2.01059950e-05
 1.68783253e+04 1.95616556e-05
 1.68819958e+04 1.89789166e-05
 1.68856664e+04 1.84522738e-05
 1.68893370e+04 1.79557508e-05
 1.68930076e+04 1.74195300e-05
 1.68966781e+04 1.69253537e-05
 1.69003487e+04 1.64724631e-05
 1.69040193e+04 1.59822146e-05
 1.69076898e+04 1.55169753e-05
 1.69113604e+04 1.51023474e-05
 1.69150310e+04 1.46579544e-05
 1.69187016e+04 1.42197107e-05
 1.69223721e+04 1.38368292e-05
 1.69260427e+04 1.34377315e-05
 1.69297133e+04 1.30267261e-05
 1.69333839e+04 1.26685058e-05
 1.69370544e+04 1.23125151e-05
 1.69407250e+04 1.19313228e-05
 1.69443956e+04 1.15913969e-05
 1.69480662e+04 1.12735710e-05
 1.69517367e+04 1.09263254e-05
 1.69554073e+04 1.06008961e-05
 1.69590779e+04 1.03131653e-05
 1.69627485e+04 1.00035884e-05
 1.69664190e+04 9.69315424e-06
 1.69700896e+04 9.42549356e-06
 1.69737602e+04 9.15407549e-06
 1.69774308e+04 8.86382529e-06
 1.69811013e+04 8.60729406e-06
 1.69847719e+04 8.36893035e-06
 1.69884425e+04 8.10661005e-06
 1.69921130e+04 7.85735840e-06
 1.69957836e+04 7.64144199e-06
 1.69994542e+04 7.41264544e-06
 1.70031248e+04 7.17446603e-06
 1.70067953e+04 6.96885336e-06
 1.70104659e+04 6.77190530e-06
 1.70141365e+04 6.55443281e-06
 1.70178071e+04 6.35219492e-06
 1.70214776e+04 6.17669445e-06
 1.70251482e+04 5.98848951e-06
 1.70288188e+04 5.79294535e-06
 1.70324894e+04 5.62509317e-06
 1.70361599e+04 5.46548557e-06
 1.70398305e+04 5.28798046e-06
 1.70435011e+04 5.12063431e-06
 1.70471717e+04 4.97779374e-06
 1.70508422e+04 4.82737689e-06
 1.70545128e+04 4.66641526e-06
 1.70581834e+04 4.52614423e-06
 1.70618539e+04 4.39915941e-06
 1.70655245e+04 4.25776157e-06
 1.70691951e+04 4.11692316e-06
 1.70728657e+04 3.99848923e-06
 1.70765362e+04 3.88204186e-06
 1.70802068e+04 3.75189891e-06
 1.70838774e+04 3.63114862e-06
 1.70875480e+04 3.52900159e-06
 1.70912185e+04 3.42122635e-06
 1.70948891e+04 3.30405712e-06
 1.70985597e+04 3.20107279e-06
 1.71022303e+04 3.11116042e-06
 1.71059008e+04 3.01194969e-06
 1.71095714e+04 2.90805480e-06
 1.71132420e+04 2.81981784e-06
 1.71169126e+04 2.73976502e-06
 1.71205831e+04 2.64941577e-06
 1.71242537e+04 2.55793434e-06
 1.71279243e+04 2.48169593e-06
 1.71315949e+04 2.41026737e-06
 1.71352654e+04 2.32887594e-06
 1.71389360e+04 2.24835897e-06
 1.71426066e+04 2.18191162e-06
 1.71462771e+04 2.11846696e-06
 1.71499477e+04 2.04582356e-06
 1.71536183e+04 1.97467991e-06
 1.71572889e+04 1.91630254e-06
 1.71609594e+04 1.86040417e-06
 1.71646300e+04 1.79612981e-06
 1.71683006e+04 1.73289511e-06
 1.71719712e+04 1.68116635e-06
 1.71756417e+04 1.63237728e-06
 1.71793123e+04 1.57606456e-06
 1.71829829e+04 1.51955027e-06
 1.71866535e+04 1.47320115e-06
