 5.37055475e+02 1.76376211e-06
 5.37208720e+02 1.83777764e-06
 5.37361964e+02 1.91469812e-06
 5.37515209e+02 1.99463793e-06
 5.37668454e+02 2.07771146e-06
 5.37821698e+02 2.16403310e-06
 5.37974943e+02 2.25371729e-06
 5.38128187e+02 2.34688306e-06
 5.38281432e+02 2.44365800e-06
 5.38434677e+02 2.54417069e-06
 5.38587921e+02 2.64855456e-06
 5.38741166e+02 2.75694920e-06
 5.38894411e+02 2.86949493e-06
 5.39047655e+02 2.98633890e-06
 5.39200900e+02 3.10763435e-06
 5.39354145e+02 3.23353549e-06
 5.39507389e+02 3.36420479e-06
 5.39660634e+02 3.49980997e-06
 5.39813878e+02 3.64052019e-06
 5.39967123e+02 3.78651447e-06
 5.40120368e+02 3.93797613e-06
 5.40273612e+02 4.09509088e-06
 5.40426857e+02 4.25805552e-06
 5.40580102e+02 4.42707019e-06
 5.40733346e+02 4.60233877e-06
 5.40886591e+02 4.78407710e-06
 5.41039835e+02 4.97250345e-06
 5.41193080e+02 5.16784171e-06
 5.41346325e+02 5.37032799e-06
 5.41499569e+02 5.58020016e-06
 5.41652814e+02 5.79770401e-06
 5.41806059e+02 6.02309724e-06
 5.41959303e+02 6.25663896e-06
 5.42112548e+02 6.49859876e-06
 5.42265793e+02 6.74925734e-06
 5.42419037e+02 7.00889687e-06
 5.42572282e+02 7.27781271e-06
 5.42725526e+02 7.55631004e-06
 5.42878771e+02 7.84469609e-06
 5.43032016e+02 8.14329393e-06
 5.43185260e+02 8.45243484e-06
 5.43338505e+02 8.77245335e-06
 5.43491750e+02 9.10370215e-06
 5.43644994e+02 9.44654035e-06
 5.43798239e+02 9.80133226e-06
 5.43951484e+02 1.01684620e-05
 5.44104728e+02 1.05483184e-05
 5.44257973e+02 1.09412983e-05
 5.44411217e+02 1.13478191e-05
 5.44564462e+02 1.17683013e-05
 5.44717707e+02 1.22031771e-05
 5.44870951e+02 1.26528989e-05
 5.45024196e+02 1.31179215e-05
 5.45177441e+02 1.35987151e-05
 5.45330685e+02 1.40957691e-05
 5.45483930e+02 1.46095749e-05
 5.45637174e+02 1.51406438e-05
 5.45790419e+02 1.56895040e-05
 5.45943664e+02 1.62566866e-05
 5.46096908e+02 1.68427466e-05
 5.46250153e+02 1.74482532e-05
 5.46403398e+02 1.80737801e-05
 5.46556642e+02 1.87199287e-05
 5.46709887e+02 1.93873118e-05
 5.46863132e+02 2.00765490e-05
 5.47016376e+02 2.07882904e-05
 5.47169621e+02 2.15231949e-05
 5.47322865e+02 2.22819318e-05
 5.47476110e+02 2.30652024e-05
 5.47629355e+02 2.38737142e-05
 5.47782599e+02 2.47081901e-05
 5.47935844e+02 2.55693850e-05
 5.48089089e+02 2.64580578e-05
 5.48242333e+02 2.73749890e-05
 5.48395578e+02 2.83209891e-05
 5.48548823e+02 2.92968724e-05
 5.48702067e+02 3.03034801e-05
 5.48855312e+02 3.13416812e-05
 5.49008556e+02 3.24123483e-05
 5.49161801e+02 3.35163876e-05
 5.49315046e+02 3.46547289e-05
 5.49468290e+02 3.58283073e-05
 5.49621535e+02 3.70380968e-05
 5.49774780e+02 3.82850912e-05
 5.49928024e+02 3.95702919e-05
 5.50081269e+02 4.08947444e-05
 5.50234513e+02 4.22595088e-05
 5.50387758e+02 4.36656579e-05
 5.50541003e+02 4.51143110e-05
 5.50694247e+02 4.66065979e-05
 5.50847492e+02 4.81436675e-05
 5.51000737e+02 4.97267155e-05
 5.51153981e+02 5.13569448e-05
 5.51307226e+02 5.30355852e-05
 5.51460471e+02 5.47639111e-05
 5.51613715e+02 5.65432025e-05
 5.51766960e+02 5.83747742e-05
 5.51920204e+02 6.02599823e-05
 5.52073449e+02 6.22001876e-05
 5.52226694e+02 6.41967943e-05
 5.52379938e+02 6.62512425e-05
 5.52533183e+02 6.83649785e-05
 5.52686428e+02 7.05394995e-05
 5.52839672e+02 7.27763325e-05
 5.52992917e+02 7.50770138e-05
 5.53146161e+02 7.74431370e-05
 5.53299406e+02 7.98763190e-05
 5.53452651e+02 8.23781907e-05
 5.53605895e+02 8.49504451e-05
 5.53759140e+02 8.75947917e-05
 5.53912385e+02 9.03129620e-05
 5.54065629e+02 9.31067499e-05
 5.54218874e+02 9.59779614e-05
 5.54372119e+02 9.89284330e-05
 5.54525363e+02 1.01960062e-04
 5.54678608e+02 1.05074754e-04
 5.54831852e+02 1.08274456e-04
 5.54985097e+02 1.11561170e-04
 5.55138342e+02 1.14936906e-04
 5.55291586e+02 1.18403723e-04
 5.55444831e+02 1.21963733e-04
 5.55598076e+02 1.25619050e-04
 5.55751320e+02 1.29371855e-04
 5.55904565e+02 1.33224365e-04
 5.56057810e+02 1.37178810e-04
 5.56211054e+02 1.41237486e-04
 5.56364299e+02 1.45402726e-04
 5.56517543e+02 1.49676873e-04
 5.56670788e+02 1.54062349e-04
 5.56824033e+02 1.58561596e-04
 5.56977277e+02 1.63177080e-04
 5.57130522e+02 1.67911345e-04
 5.57283767e+02 1.72766950e-04
 5.57437011e+02 1.77746487e-04
 5.57590256e+02 1.82852622e-04
 5.57743500e+02 1.88088032e-04
 5.57896745e+02 1.93455438e-04
 5.58049990e+02 1.98957630e-04
 5.58203234e+02 2.04597406e-04
 5.58356479e+02 2.10377619e-04
 5.58509724e+02 2.16301182e-04
 5.58662968e+02 2.22371017e-04
 5.58816213e+02 2.28590111e-04
 5.58969458e+02 2.34961501e-04
 5.59122702e+02 2.41488234e-04
 5.59275947e+02 2.48173431e-04
 5.59429191e+02 2.55020254e-04
 5.59582436e+02 2.62031879e-04
 5.59735681e+02 2.69211560e-04
 5.59888925e+02 2.76562584e-04
 5.60042170e+02 2.84088257e-04
 5.60195415e+02 2.91791967e-04
 5.60348659e+02 2.99677123e-04
 5.60501904e+02 3.07747164e-04
 5.60655149e+02 3.16005610e-04
 5.60808393e+02 3.24455994e-04
 5.60961638e+02 3.33101888e-04
 5.61114882e+02 3.41946940e-04
 5.61268127e+02 3.50994805e-04
 5.61421372e+02 3.60249191e-04
 5.61574616e+02 3.69713870e-04
 5.61727861e+02 3.79392621e-04
 5.61881106e+02 3.89289283e-04
 5.62034350e+02 3.99407750e-04
 5.62187595e+02 4.09751924e-04
 5.62340839e+02 4.20325773e-04
 5.62494084e+02 4.31133310e-04
 5.62647329e+02 4.42178557e-04
 5.62800573e+02 4.53465610e-04
 5.62953818e+02 4.64998593e-04
 5.63107063e+02 4.76781651e-04
 5.63260307e+02 4.88818998e-04
 5.63413552e+02 5.01114870e-04
 5.63566797e+02 5.13673528e-04
 5.63720041e+02 5.26499301e-04
 5.63873286e+02 5.39596531e-04
 5.64026530e+02 5.52969593e-04
 5.64179775e+02 5.66622921e-04
 5.64333020e+02 5.80560962e-04
 5.64486264e+02 5.94788196e-04
 5.64639509e+02 6.09309159e-04
 5.64792754e+02 6.24128393e-04
 5.64945998e+02 6.39250481e-04
 5.65099243e+02 6.54680051e-04
 5.65252488e+02 6.70421734e-04
 5.65405732e+02 6.86480208e-04
 5.65558977e+02 7.02860184e-04
 5.65712221e+02 7.19566377e-04
 5.65865466e+02 7.36603550e-04
 5.66018711e+02 7.53976488e-04
 5.66171955e+02 7.71689982e-04
 5.66325200e+02 7.89748870e-04
 5.66478445e+02 8.08158000e-04
 5.66631689e+02 8.26922234e-04
 5.66784934e+02 8.46046468e-04
 5.66938178e+02 8.65535608e-04
 5.67091423e+02 8.85394573e-04
 5.67244668e+02 9.05628308e-04
 5.67397912e+02 9.26241766e-04
 5.67551157e+02 9.47239907e-04
 5.67704402e+02 9.68627716e-04
 5.67857646e+02 9.90410176e-04
 5.68010891e+02 1.01259228e-03
 5.68164136e+02 1.03517904e-03
 5.68317380e+02 1.05817546e-03
 5.68470625e+02 1.08158654e-03
 5.68623869e+02 1.10541731e-03
 5.68777114e+02 1.12967278e-03
 5.68930359e+02 1.15435795e-03
 5.69083603e+02 1.17947783e-03
 5.69236848e+02 1.20503744e-03
 5.69390093e+02 1.23104176e-03
 5.69543337e+02 1.25749578e-03
 5.69696582e+02 1.28440449e-03
 5.69849827e+02 1.31177283e-03
 5.70003071e+02 1.33960576e-03
 5.70156316e+02 1.36790822e-03
 5.70309560e+02 1.39668510e-03
 5.70462805e+02 1.42594131e-03
 5.70616050e+02 1.45568172e-03
 5.70769294e+02 1.48591115e-03
 5.70922539e+02 1.51663443e-03
 5.71075784e+02 1.54785634e-03
 5.71229028e+02 1.57958162e-03
 5.71382273e+02 1.61181500e-03
 5.71535517e+02 1.64456115e-03
 5.71688762e+02 1.67782469e-03
 5.71842007e+02 1.71161025e-03
 5.71995251e+02 1.74592235e-03
 5.72148496e+02 1.78076549e-03
 5.72301741e+02 1.81614414e-03
 5.72454985e+02 1.85206269e-03
 5.72608230e+02 1.88852545e-03
 5.72761475e+02 1.92553676e-03
 5.72914719e+02 1.96310079e-03
 5.73067964e+02 2.00122170e-03
 5.73221208e+02 2.03990361e-03
 5.73374453e+02 2.07915050e-03
 5.73527698e+02 2.11896632e-03
 5.73680942e+02 2.15935496e-03
 5.73834187e+02 2.20032018e-03
 5.73987432e+02 2.24186568e-03
 5.74140676e+02 2.28399511e-03
 5.74293921e+02 2.32671195e-03
 5.74447165e+02 2.37001967e-03
 5.74600410e+02 2.41392161e-03
 5.74753655e+02 2.45842097e-03
 5.74906899e+02 2.50352093e-03
 5.75060144e+02 2.54922451e-03
 5.75213389e+02 2.59553458e-03
 5.75366633e+02 2.64245402e-03
 5.75519878e+02 2.68998547e-03
 5.75673123e+02 2.73813149e-03
 5.75826367e+02 2.78689458e-03
 5.75979612e+02 2.83627701e-03
 5.76132856e+02 2.88628094e-03
 5.76286101e+02 2.93690849e-03
 5.76439346e+02 2.98816151e-03
 5.76592590e+02 3.04004176e-03
 5.76745835e+02 3.09255091e-03
 5.76899080e+02 3.14569037e-03
 5.77052324e+02 3.19946146e-03
 5.77205569e+02 3.25386537e-03
 5.77358814e+02 3.30890302e-03
 5.77512058e+02 3.36457527e-03
 5.77665303e+02 3.42088279e-03
 5.77818547e+02 3.47782597e-03
 5.77971792e+02 3.53540516e-03
 5.78125037e+02 3.59362047e-03
 5.78278281e+02 3.65247175e-03
 5.78431526e+02 3.71195878e-03
 5.78584771e+02 3.77208108e-03
 5.78738015e+02 3.83283789e-03
 5.78891260e+02 3.89422843e-03
 5.79044504e+02 3.95625154e-03
 5.79197749e+02 4.01890586e-03
 5.79350994e+02 4.08218996e-03
 5.79504238e+02 4.14610198e-03
 5.79657483e+02 4.21063991e-03
 5.79810728e+02 4.27580164e-03
 5.79963972e+02 4.34158457e-03
 5.80117217e+02 4.40798601e-03
 5.80270462e+02 4.47500308e-03
 5.80423706e+02 4.54263242e-03
 5.80576951e+02 4.61087061e-03
 5.80730195e+02 4.67971395e-03
 5.80883440e+02 4.74915831e-03
 5.81036685e+02 4.81919947e-03
 5.81189929e+02 4.88983289e-03
 5.81343174e+02 4.96105358e-03
 5.81496419e+02 5.03285651e-03
 5.81649663e+02 5.10523621e-03
 5.81802908e+02 5.17818683e-03
 5.81956153e+02 5.25170247e-03
 5.82109397e+02 5.32577669e-03
 5.82262642e+02 5.40040273e-03
 5.82415886e+02 5.47557376e-03
 5.82569131e+02 5.55128232e-03
 5.82722376e+02 5.62752072e-03
 5.82875620e+02 5.70428112e-03
 5.83028865e+02 5.78155503e-03
 5.83182110e+02 5.85933376e-03
 5.83335354e+02 5.93760842e-03
 5.83488599e+02 6.01636942e-03
 5.83641843e+02 6.09560707e-03
 5.83795088e+02 6.17531132e-03
 5.83948333e+02 6.25547150e-03
 5.84101577e+02 6.33607683e-03
 5.84254822e+02 6.41711608e-03
 5.84408067e+02 6.49857744e-03
 5.84561311e+02 6.58044899e-03
 5.84714556e+02 6.66271828e-03
 5.84867801e+02 6.74537230e-03
 5.85021045e+02 6.82839799e-03
 5.85174290e+02 6.91178159e-03
 5.85327534e+02 6.99550890e-03
 5.85480779e+02 7.07956562e-03
 5.85634024e+02 7.16393666e-03
 5.85787268e+02 7.24860660e-03
 5.85940513e+02 7.33355984e-03
 5.86093758e+02 7.41877995e-03
 5.86247002e+02 7.50425024e-03
 5.86400247e+02 7.58995376e-03
 5.86553492e+02 7.67587272e-03
 5.86706736e+02 7.76198913e-03
 5.86859981e+02 7.84828464e-03
 5.87013225e+02 7.93474008e-03
 5.87166470e+02 8.02133614e-03
 5.87319715e+02 8.10805302e-03
 5.87472959e+02 8.19487016e-03
 5.87626204e+02 8.28176690e-03
 5.87779449e+02 8.36872197e-03
 5.87932693e+02 8.45571341e-03
 5.88085938e+02 8.54271919e-03
 5.88239182e+02 8.62971652e-03
 5.88392427e+02 8.71668208e-03
 5.88545672e+02 8.80359241e-03
 5.88698916e+02 8.89042324e-03
 5.88852161e+02 8.97714985e-03
 5.89005406e+02 9.06374737e-03
 5.89158650e+02 9.15019004e-03
 5.89311895e+02 9.23645176e-03
 5.89465140e+02 9.32250623e-03
 5.89618384e+02 9.40832623e-03
 5.89771629e+02 9.49388431e-03
 5.89924873e+02 9.57915272e-03
 5.90078118e+02 9.66410283e-03
 5.90231363e+02 9.74870587e-03
 5.90384607e+02 9.83293265e-03
 5.90537852e+02 9.91675318e-03
 5.90691097e+02 1.00001374e-02
 5.90844341e+02 1.00830547e-02
 5.90997586e+02 1.01654739e-02
 5.91150831e+02 1.02473636e-02
 5.91304075e+02 1.03286919e-02
 5.91457320e+02 1.04094263e-02
 5.91610564e+02 1.04895343e-02
 5.91763809e+02 1.05689827e-02
 5.91917054e+02 1.06477379e-02
 5.92070298e+02 1.07257663e-02
 5.92223543e+02 1.08030335e-02
 5.92376788e+02 1.08795049e-02
 5.92530032e+02 1.09551458e-02
 5.92683277e+02 1.10299208e-02
 5.92836521e+02 1.11037945e-02
 5.92989766e+02 1.11767311e-02
 5.93143011e+02 1.12486945e-02
 5.93296255e+02 1.13196483e-02
 5.93449500e+02 1.13895560e-02
 5.93602745e+02 1.14583808e-02
 5.93755989e+02 1.15260857e-02
 5.93909234e+02 1.15926335e-02
 5.94062479e+02 1.16579868e-02
 5.94215723e+02 1.17221081e-02
 5.94368968e+02 1.17849599e-02
 5.94522212e+02 1.18465043e-02
 5.94675457e+02 1.19067037e-02
 5.94828702e+02 1.19655201e-02
 5.94981946e+02 1.20229156e-02
 5.95135191e+02 1.20788524e-02
 5.95288436e+02 1.21332925e-02
 5.95441680e+02 1.21861982e-02
 5.95594925e+02 1.22375316e-02
 5.95748170e+02 1.22872551e-02
 5.95901414e+02 1.23353313e-02
 5.96054659e+02 1.23817225e-02
 5.96207903e+02 1.24263919e-02
 5.96361148e+02 1.24693022e-02
 5.96514393e+02 1.25104167e-02
 5.96667637e+02 1.25496991e-02
 5.96820882e+02 1.25871131e-02
 5.96974127e+02 1.26226228e-02
 5.97127371e+02 1.26561929e-02
 5.97280616e+02 1.26877883e-02
 5.97433860e+02 1.27173743e-02
 5.97587105e+02 1.27449168e-02
 5.97740350e+02 1.27703821e-02
 5.97893594e+02 1.27937370e-02
 5.98046839e+02 1.28149491e-02
 5.98200084e+02 1.28339862e-02
 5.98353328e+02 1.28508170e-02
 5.98506573e+02 1.28654109e-02
 5.98659818e+02 1.28777377e-02
 5.98813062e+02 1.28877684e-02
 5.98966307e+02 1.28954743e-02
 5.99119551e+02 1.29008276e-02
 5.99272796e+02 1.29038015e-02
 5.99426041e+02 1.29043702e-02
 5.99579285e+02 1.29025080e-02
 5.99732530e+02 1.28981911e-02
 5.99885775e+02 1.28913961e-02
 6.00039019e+02 1.28821005e-02
 6.00192264e+02 1.28702834e-02
 6.00345508e+02 1.28559243e-02
 6.00498753e+02 1.28390038e-02
 6.00651998e+02 1.28195044e-02
 6.00805242e+02 1.27974086e-02
 6.00958487e+02 1.27727007e-02
 6.01111732e+02 1.27453665e-02
 6.01264976e+02 1.27153920e-02
 6.01418221e+02 1.26827653e-02
 6.01571466e+02 1.26474757e-02
 6.01724710e+02 1.26095129e-02
 6.01877955e+02 1.25688690e-02
 6.02031199e+02 1.25255372e-02
 6.02184444e+02 1.24795112e-02
 6.02337689e+02 1.24307871e-02
 6.02490933e+02 1.23793621e-02
 6.02644178e+02 1.23252340e-02
 6.02797423e+02 1.22684034e-02
 6.02950667e+02 1.22088714e-02
 6.03103912e+02 1.21466405e-02
 6.03257157e+02 1.20817155e-02
 6.03410401e+02 1.20141019e-02
 6.03563646e+02 1.19438065e-02
 6.03716890e+02 1.18708390e-02
 6.03870135e+02 1.17952092e-02
 6.04023380e+02 1.17169286e-02
 6.04176624e+02 1.16360116e-02
 6.04329869e+02 1.15524722e-02
 6.04483114e+02 1.14663274e-02
 6.04636358e+02 1.13775958e-02
 6.04789603e+02 1.12862965e-02
 6.04942847e+02 1.11924512e-02
 6.05096092e+02 1.10960835e-02
 6.05249337e+02 1.09972171e-02
 6.05402581e+02 1.08958792e-02
 6.05555826e+02 1.07920979e-02
 6.05709071e+02 1.06859022e-02
 6.05862315e+02 1.05773245e-02
 6.06015560e+02 1.04663978e-02
 6.06168805e+02 1.03531565e-02
 6.06322049e+02 1.02376382e-02
 6.06475294e+02 1.01198811e-02
 6.06628538e+02 9.99992498e-03
 6.06781783e+02 9.87781296e-03
 6.06935028e+02 9.75358849e-03
 6.07088272e+02 9.62729722e-03
 6.07241517e+02 9.49898775e-03
 6.07394762e+02 9.36870904e-03
 6.07548006e+02 9.23651279e-03
 6.07701251e+02 9.10245336e-03
 6.07854496e+02 8.96658547e-03
 6.08007740e+02 8.82896718e-03
 6.08160985e+02 8.68965879e-03
 6.08314229e+02 8.54872113e-03
 6.08467474e+02 8.40621891e-03
 6.08620719e+02 8.26221864e-03
 6.08773963e+02 8.11678767e-03
 6.08927208e+02 7.96999766e-03
 6.09080453e+02 7.82192161e-03
 6.09233697e+02 7.67263389e-03
 6.09386942e+02 7.52221337e-03
 6.09540186e+02 7.37073991e-03
 6.09693431e+02 7.21829537e-03
 6.09846676e+02 7.06496614e-03
 6.09999920e+02 6.91083934e-03
 6.10153165e+02 6.75600478e-03
 6.10306410e+02 6.60055668e-03
 6.10459654e+02 6.44458978e-03
 6.10612899e+02 6.28820237e-03
 6.10766144e+02 6.13149674e-03
 6.10919388e+02 5.97457566e-03
 6.11072633e+02 5.81754626e-03
 6.11225877e+02 5.66051914e-03
 6.11379122e+02 5.50360551e-03
 6.11532367e+02 5.34692162e-03
 6.11685611e+02 5.19058654e-03
 6.11838856e+02 5.03472023e-03
 6.11992101e+02 4.87944820e-03
 6.12145345e+02 4.72489804e-03
 6.12298590e+02 4.57119875e-03
 6.12451835e+02 4.41848497e-03
 6.12605079e+02 4.26689281e-03
 6.12758324e+02 4.11656035e-03
 6.12911568e+02 3.96763108e-03
 6.13064813e+02 3.82024944e-03
 6.13218058e+02 3.67456241e-03
 6.13371302e+02 3.53072178e-03
 6.13524547e+02 3.38887996e-03
 6.13677792e+02 3.24919233e-03
 6.13831036e+02 3.11181822e-03
 6.13984281e+02 2.97691737e-03
 6.14137525e+02 2.84465270e-03
 6.14290770e+02 2.71519002e-03
 6.14444015e+02 2.58869553e-03
 6.14597259e+02 2.46533833e-03
 6.14750504e+02 2.34528946e-03
 6.14903749e+02 2.22872027e-03
 6.15056993e+02 2.11580437e-03
 6.15210238e+02 2.00671637e-03
 6.15363483e+02 1.90163112e-03
 6.15516727e+02 1.80072458e-03
 6.15669972e+02 1.70417305e-03
 6.15823216e+02 1.61215271e-03
 6.15976461e+02 1.52483937e-03
 6.16129706e+02 1.44240877e-03
 6.16282950e+02 1.36503576e-03
 6.16436195e+02 1.29289322e-03
 6.16589440e+02 1.22615372e-03
 6.16742684e+02 1.16498761e-03
 6.16895929e+02 1.10956180e-03
 6.17049174e+02 1.06004275e-03
 6.17202418e+02 1.01659271e-03
 6.17355663e+02 9.79369378e-04
 6.17508907e+02 9.48529774e-04
 6.17662152e+02 9.24224134e-04
 6.17815397e+02 9.06597552e-04
 6.17968641e+02 8.95793914e-04
 6.18121886e+02 8.91947360e-04
 6.18275131e+02 8.95186868e-04
 6.18428375e+02 9.05639185e-04
 6.18581620e+02 9.23418257e-04
 6.18734864e+02 9.48633381e-04
 6.18888109e+02 9.81389878e-04
 6.19041354e+02 1.02177758e-03
 6.19194598e+02 1.06988253e-03
 6.19347843e+02 1.12578417e-03
 6.19501088e+02 1.18954463e-03
 6.19654332e+02 1.26122314e-03
 6.19807577e+02 1.34086889e-03
 6.19960822e+02 1.42851310e-03
 6.20114066e+02 1.52418466e-03
 6.20267311e+02 1.62789856e-03
 6.20420555e+02 1.73965219e-03
 6.20573800e+02 1.85944089e-03
 6.20727045e+02 1.98724190e-03
 6.20880289e+02 2.12301647e-03
 6.21033534e+02 2.26672330e-03
 6.21186779e+02 2.41829920e-03
 6.21340023e+02 2.57766736e-03
 6.21493268e+02 2.74474724e-03
 6.21646512e+02 2.91943337e-03
 6.21799757e+02 3.10160956e-03
 6.21953002e+02 3.29115388e-03
 6.22106246e+02 3.48791776e-03
 6.22259491e+02 3.69174488e-03
 6.22412736e+02 3.90247040e-03
 6.22565980e+02 4.11990289e-03
 6.22719225e+02 4.34384571e-03
 6.22872470e+02 4.57409049e-03
 6.23025714e+02 4.81040410e-03
 6.23178959e+02 5.05254994e-03
 6.23332203e+02 5.30027668e-03
 6.23485448e+02 5.55331130e-03
 6.23638693e+02 5.81137836e-03
 6.23791937e+02 6.07418523e-03
 6.23945182e+02 6.34142157e-03
 6.24098427e+02 6.61277484e-03
 6.24251671e+02 6.88791397e-03
 6.24404916e+02 7.16649443e-03
 6.24558161e+02 7.44816915e-03
 6.24711405e+02 7.73257251e-03
 6.24864650e+02 8.01932944e-03
 6.25017894e+02 8.30806174e-03
 6.25171139e+02 8.59837399e-03
 6.25324384e+02 8.88986486e-03
 6.25477628e+02 9.18212910e-03
 6.25630873e+02 9.47474709e-03
 6.25784118e+02 9.76729587e-03
 6.25937362e+02 1.00593482e-02
 6.26090607e+02 1.03504664e-02
 6.26243851e+02 1.06402108e-02
 6.26397096e+02 1.09281384e-02
 6.26550341e+02 1.12137994e-02
 6.26703585e+02 1.14967435e-02
 6.26856830e+02 1.17765182e-02
 6.27010075e+02 1.20526685e-02
 6.27163319e+02 1.23247392e-02
 6.27316564e+02 1.25922762e-02
 6.27469809e+02 1.28548255e-02
 6.27623053e+02 1.31119341e-02
 6.27776298e+02 1.33631535e-02
 6.27929542e+02 1.36080381e-02
 6.28082787e+02 1.38461439e-02
 6.28236032e+02 1.40770365e-02
 6.28389276e+02 1.43002853e-02
 6.28542521e+02 1.45154634e-02
 6.28695766e+02 1.47221584e-02
 6.28849010e+02 1.49199621e-02
 6.29002255e+02 1.51084729e-02
 6.29155500e+02 1.52873086e-02
 6.29308744e+02 1.54560907e-02
 6.29461989e+02 1.56144519e-02
 6.29615233e+02 1.57620479e-02
 6.29768478e+02 1.58985375e-02
 6.29921723e+02 1.60235970e-02
 6.30074967e+02 1.61369277e-02
 6.30228212e+02 1.62382335e-02
 6.30381457e+02 1.63272435e-02
 6.30534701e+02 1.64037117e-02
 6.30687946e+02 1.64673956e-02
 6.30841190e+02 1.65180858e-02
 6.30994435e+02 1.65555960e-02
 6.31147680e+02 1.65797455e-02
 6.31300924e+02 1.65903946e-02
 6.31454169e+02 1.65874232e-02
 6.31607414e+02 1.65707208e-02
 6.31760658e+02 1.65402241e-02
 6.31913903e+02 1.64958857e-02
 6.32067148e+02 1.64376728e-02
 6.32220392e+02 1.63656044e-02
 6.32373637e+02 1.62797107e-02
 6.32526881e+02 1.61800441e-02
 6.32680126e+02 1.60667092e-02
 6.32833371e+02 1.59398188e-02
 6.32986615e+02 1.57995156e-02
 6.33139860e+02 1.56459922e-02
 6.33293105e+02 1.54794468e-02
 6.33446349e+02 1.53001159e-02
 6.33599594e+02 1.51082800e-02
 6.33752839e+02 1.49042247e-02
 6.33906083e+02 1.46882804e-02
 6.34059328e+02 1.44608136e-02
 6.34212572e+02 1.42221971e-02
 6.34365817e+02 1.39728519e-02
 6.34519062e+02 1.37132270e-02
 6.34672306e+02 1.34437789e-02
 6.34825551e+02 1.31650133e-02
 6.34978796e+02 1.28774548e-02
 6.35132040e+02 1.25816384e-02
 6.35285285e+02 1.22781440e-02
 6.35438529e+02 1.19675632e-02
 6.35591774e+02 1.16505004e-02
 6.35745019e+02 1.13275966e-02
 6.35898263e+02 1.09994992e-02
 6.36051508e+02 1.06668690e-02
 6.36204753e+02 1.03303922e-02
 6.36357997e+02 9.99075865e-03
 6.36511242e+02 9.64866844e-03
 6.36664487e+02 9.30483605e-03
 6.36817731e+02 8.95997713e-03
 6.36970976e+02 8.61481142e-03
 6.37124220e+02 8.27006252e-03
 6.37277465e+02 7.92645366e-03
 6.37430710e+02 7.58470194e-03
 6.37583954e+02 7.24552036e-03
 6.37737199e+02 6.90961935e-03
 6.37890444e+02 6.57769014e-03
 6.38043688e+02 6.25041514e-03
 6.38196933e+02 5.92847009e-03
 6.38350178e+02 5.61249751e-03
 6.38503422e+02 5.30312949e-03
 6.38656667e+02 5.00098452e-03
 6.38809911e+02 4.70663524e-03
 6.38963156e+02 4.42064464e-03
 6.39116401e+02 4.14355170e-03
 6.39269645e+02 3.87584092e-03
 6.39422890e+02 3.61798866e-03
 6.39576135e+02 3.37043431e-03
 6.39729379e+02 3.13355915e-03
 6.39882624e+02 2.90773751e-03
 6.40035868e+02 2.69329260e-03
 6.40189113e+02 2.49049120e-03
 6.40342358e+02 2.29959297e-03
 6.40495602e+02 2.12079305e-03
 6.40648847e+02 1.95423655e-03
 6.40802092e+02 1.80005919e-03
 6.40955336e+02 1.65832189e-03
 6.41108581e+02 1.52904501e-03
 6.41261826e+02 1.41223520e-03
 6.41415070e+02 1.30781904e-03
 6.41568315e+02 1.21569333e-03
 6.41721559e+02 1.13573508e-03
 6.41874804e+02 1.06774249e-03
 6.42028049e+02 1.01149396e-03
 6.42181293e+02 9.66741515e-04
 6.42334538e+02 9.33166243e-04
 6.42487783e+02 9.10437108e-04
 6.42641027e+02 8.98191547e-04
 6.42794272e+02 8.96008840e-04
 6.42947517e+02 9.03461121e-04
 6.43100761e+02 9.20087147e-04
 6.43254006e+02 9.45382694e-04
 6.43407250e+02 9.78839118e-04
 6.43560495e+02 1.01991701e-03
 6.43713740e+02 1.06804911e-03
 6.43866984e+02 1.12266507e-03
 6.44020229e+02 1.18317123e-03
 6.44173474e+02 1.24895906e-03
 6.44326718e+02 1.31941819e-03
 6.44479963e+02 1.39392646e-03
 6.44633207e+02 1.47185654e-03
 6.44786452e+02 1.55258156e-03
 6.44939697e+02 1.63547702e-03
 6.45092941e+02 1.71991915e-03
 6.45246186e+02 1.80528937e-03
 6.45399431e+02 1.89098584e-03
 6.45552675e+02 1.97641007e-03
 6.45705920e+02 2.06097681e-03
 6.45859165e+02 2.14412948e-03
 6.46012409e+02 2.22531567e-03
 6.46165654e+02 2.30400725e-03
 6.46318898e+02 2.37971256e-03
 6.46472143e+02 2.45194447e-03
 6.46625388e+02 2.52025317e-03
 6.46778632e+02 2.58422832e-03
 6.46931877e+02 2.64346506e-03
 6.47085122e+02 2.69760933e-03
 6.47238366e+02 2.74634483e-03
 6.47391611e+02 2.78936331e-03
 6.47544855e+02 2.82641906e-03
 6.47698100e+02 2.85729877e-03
 6.47851345e+02 2.88180173e-03
 6.48004589e+02 2.89979770e-03
 6.48157834e+02 2.91118138e-03
 6.48311079e+02 2.91586659e-03
 6.48464323e+02 2.91383980e-03
 6.48617568e+02 2.90510479e-03
 6.48770813e+02 2.88969205e-03
 6.48924057e+02 2.86770040e-03
 6.49077302e+02 2.83923985e-03
 6.49230546e+02 2.80445377e-03
 6.49383791e+02 2.76354427e-03
 6.49537036e+02 2.71672052e-03
 6.49690280e+02 2.66422886e-03
 6.49843525e+02 2.60636142e-03
 6.49996770e+02 2.54341521e-03
 6.50150014e+02 2.47572380e-03
 6.50303259e+02 2.40365249e-03
 6.50456504e+02 2.32757054e-03
 6.50609748e+02 2.24787795e-03
 6.50762993e+02 2.16499347e-03
 6.50916237e+02 2.07933901e-03
 6.51069482e+02 1.99135646e-03
 6.51222727e+02 1.90149608e-03
 6.51375971e+02 1.81020940e-03
 6.51529216e+02 1.71795347e-03
 6.51682461e+02 1.62518695e-03
 6.51835705e+02 1.53236518e-03
 6.51988950e+02 1.43993358e-03
 6.52142194e+02 1.34833560e-03
 6.52295439e+02 1.25800335e-03
 6.52448684e+02 1.16934546e-03
 6.52601928e+02 1.08276717e-03
 6.52755173e+02 9.98651002e-04
 6.52908418e+02 9.17346743e-04
 6.53061662e+02 8.39200105e-04
 6.53214907e+02 7.64520688e-04
 6.53368152e+02 6.93581576e-04
 6.53521396e+02 6.26650538e-04
 6.53674641e+02 5.63946115e-04
 6.53827885e+02 5.05651864e-04
 6.53981130e+02 4.51943428e-04
 6.54134375e+02 4.02937027e-04
 6.54287619e+02 3.58719502e-04
 6.54440864e+02 3.19365634e-04
 6.54594109e+02 2.84885961e-04
 6.54747353e+02 2.55269343e-04
 6.54900598e+02 2.30487450e-04
 6.55053843e+02 2.10449845e-04
 6.55207087e+02 1.95051988e-04
 6.55360332e+02 1.84167544e-04
 6.55513576e+02 1.77616966e-04
 6.55666821e+02 1.75212421e-04
 6.55820066e+02 1.76742404e-04
 6.55973310e+02 1.81955544e-04
 6.56126555e+02 1.90595974e-04
 6.56279800e+02 2.02386611e-04
 6.56433044e+02 2.17025369e-04
 6.56586289e+02 2.34207899e-04
 6.56739533e+02 2.53616056e-04
 6.56892778e+02 2.74920242e-04
 6.57046023e+02 2.97790307e-04
 6.57199267e+02 3.21893985e-04
 6.57352512e+02 3.46897788e-04
 6.57505757e+02 3.72470045e-04
 6.57659001e+02 3.98291027e-04
 6.57812246e+02 4.24045776e-04
 6.57965491e+02 4.49425270e-04
 6.58118735e+02 4.74146033e-04
 6.58271980e+02 4.97931491e-04
 6.58425224e+02 5.20517411e-04
 6.58578469e+02 5.41675255e-04
 6.58731714e+02 5.61183056e-04
 6.58884958e+02 5.78839326e-04
 6.59038203e+02 5.94483036e-04
 6.59191448e+02 6.07958555e-04
 6.59344692e+02 6.19139015e-04
 6.59497937e+02 6.27937139e-04
 6.59651182e+02 6.34270154e-04
 6.59804426e+02 6.38090555e-04
 6.59957671e+02 6.39384964e-04
 6.60110915e+02 6.38144455e-04
 6.60264160e+02 6.34398308e-04
 6.60417405e+02 6.28201767e-04
 6.60570649e+02 6.19615224e-04
 6.60723894e+02 6.08735564e-04
 6.60877139e+02 5.95676893e-04
 6.61030383e+02 5.80559266e-04
 6.61183628e+02 5.63532847e-04
 6.61336872e+02 5.44757474e-04
 6.61490117e+02 5.24398856e-04
 6.61643362e+02 5.02642891e-04
 6.61796606e+02 4.79679830e-04
 6.61949851e+02 4.55703758e-04
 6.62103096e+02 4.30917681e-04
 6.62256340e+02 4.05525861e-04
 6.62409585e+02 3.79731775e-04
 6.62562830e+02 3.53737630e-04
 6.62716074e+02 3.27745256e-04
 6.62869319e+02 3.01948787e-04
 6.63022563e+02 2.76533682e-04
 6.63175808e+02 2.51683923e-04
 6.63329053e+02 2.27567666e-04
 6.63482297e+02 2.04340501e-04
 6.63635542e+02 1.82155194e-04
 6.63788787e+02 1.61140871e-04
 6.63942031e+02 1.41413541e-04
 6.64095276e+02 1.23084305e-04
 6.64248521e+02 1.06234806e-04
 6.64401765e+02 9.09354652e-05
 6.64555010e+02 7.72489124e-05
 6.64708254e+02 6.52059057e-05
 6.64861499e+02 5.48290164e-05
 6.65014744e+02 4.61298332e-05
 6.65167988e+02 3.90896944e-05
 6.65321233e+02 3.36846519e-05
 6.65474478e+02 2.98773824e-05
 6.65627722e+02 2.76053224e-05
 6.65780967e+02 2.68027628e-05
 6.65934211e+02 2.73901433e-05
 6.66087456e+02 2.92696693e-05
 6.66240701e+02 3.23417220e-05
 6.66393945e+02 3.64949925e-05
 6.66547190e+02 4.16073460e-05
 6.66700435e+02 4.75556603e-05
 6.66853679e+02 5.42100122e-05
 6.67006924e+02 6.14360585e-05
 6.67160169e+02 6.90994023e-05
 6.67313413e+02 7.70658092e-05
 6.67466658e+02 8.52011180e-05
 6.67619902e+02 9.33727751e-05
 6.67773147e+02 1.01456096e-04
 6.67926392e+02 1.09328802e-04
 6.68079636e+02 1.16873070e-04
 6.68232881e+02 1.23985650e-04
 6.68386126e+02 1.30566310e-04
 6.68539370e+02 1.36523261e-04
 6.68692615e+02 1.41783456e-04
 6.68845859e+02 1.46276590e-04
 6.68999104e+02 1.49945171e-04
 6.69152349e+02 1.52751423e-04
 6.69305593e+02 1.54659864e-04
 6.69458838e+02 1.55651423e-04
 6.69612083e+02 1.55724741e-04
 6.69765327e+02 1.54880574e-04
 6.69918572e+02 1.53137695e-04
 6.70071817e+02 1.50528570e-04
 6.70225061e+02 1.47087872e-04
 6.70378306e+02 1.42867106e-04
 6.70531550e+02 1.37926696e-04
 6.70684795e+02 1.32329322e-04
 6.70838040e+02 1.26150388e-04
 6.70991284e+02 1.19469924e-04
 6.71144529e+02 1.12369622e-04
 6.71297774e+02 1.04937651e-04
 6.71451018e+02 9.72637575e-05
 6.71604263e+02 8.94375346e-05
 6.71757508e+02 8.15481749e-05
 6.71910752e+02 7.36847695e-05
 6.72063997e+02 6.59329829e-05
 6.72217241e+02 5.83723033e-05
 6.72370486e+02 5.10813600e-05
 6.72523731e+02 4.41310905e-05
 6.72676975e+02 3.75827447e-05
 6.72830220e+02 3.14963151e-05
 6.72983465e+02 2.59198470e-05
 6.73136709e+02 2.08907959e-05
 6.73289954e+02 1.64448952e-05
 6.73443198e+02 1.26028941e-05
 6.73596443e+02 9.37623011e-06
 6.73749688e+02 6.77395659e-06
 6.73902932e+02 4.78932334e-06
 6.74056177e+02 3.40879190e-06
 6.74209422e+02 2.61579059e-06
 6.74362666e+02 2.37975225e-06
 6.74515911e+02 2.66603967e-06
 6.74669156e+02 3.43681852e-06
 6.74822400e+02 4.64430026e-06
 6.74975645e+02 6.23875072e-06
 6.75128889e+02 8.16813568e-06
 6.75282134e+02 1.03755474e-05
 6.75435379e+02 1.28034550e-05
 6.75588623e+02 1.53942300e-05
 6.75741868e+02 1.80900999e-05
 6.75895113e+02 2.08334083e-05
 6.76048357e+02 2.35696118e-05
 6.76201602e+02 2.62473844e-05
 6.76354847e+02 2.88160282e-05
 6.76508091e+02 3.12314420e-05
 6.76661336e+02 3.34543183e-05
 6.76814580e+02 3.54465628e-05
 6.76967825e+02 3.71795038e-05
 6.77121070e+02 3.86292374e-05
 6.77274314e+02 3.97738354e-05
 6.77427559e+02 4.06021550e-05
 6.77580804e+02 4.11067828e-05
 6.77734048e+02 4.12830832e-05
 6.77887293e+02 4.11367105e-05
 6.78040537e+02 4.06757127e-05
 6.78193782e+02 3.99113973e-05
 6.78347027e+02 3.88632226e-05
 6.78500271e+02 3.75519372e-05
 6.78653516e+02 3.60012747e-05
 6.78806761e+02 3.42401091e-05
 6.78960005e+02 3.22978766e-05
 6.79113250e+02 3.02057795e-05
 6.79266495e+02 2.79971488e-05
 6.79419739e+02 2.57054281e-05
 6.79572984e+02 2.33638078e-05
 6.79726228e+02 2.10052638e-05
 6.79879473e+02 1.86625121e-05
 6.80032718e+02 1.63656291e-05
 6.80185962e+02 1.41431239e-05
 6.80339207e+02 1.20227653e-05
 6.80492452e+02 1.00275187e-05
 6.80645696e+02 8.17838149e-06
 6.80798941e+02 6.49494767e-06
 6.80952186e+02 4.99062567e-06
 6.81105430e+02 3.67711205e-06
 6.81258675e+02 2.56393244e-06
 6.81411919e+02 1.65417770e-06
 6.81565164e+02 9.49732391e-07
 6.81718409e+02 4.49710724e-07
 6.81871653e+02 1.47624070e-07
 6.82024898e+02 3.62463063e-08
 6.82178143e+02 1.05465853e-07
 6.82331387e+02 3.41111338e-07
 6.82484632e+02 7.28603560e-07
 6.82637876e+02 1.25104616e-06
 6.82791121e+02 1.88925086e-06
 6.82944366e+02 2.62384894e-06
 6.83097610e+02 3.43440439e-06
 6.83250855e+02 4.29973936e-06
 6.83404100e+02 5.19873993e-06
 6.83557344e+02 6.11092857e-06
 6.83710589e+02 7.01613516e-06
 6.83863834e+02 7.89464307e-06
 6.84017078e+02 8.72912190e-06
 6.84170323e+02 9.50302682e-06
 6.84323567e+02 1.02008644e-05
 6.84476812e+02 1.08108482e-05
 6.84630057e+02 1.13220146e-05
 6.84783301e+02 1.17251793e-05
 6.84936546e+02 1.20154001e-05
 6.85089791e+02 1.21883873e-05
 6.85243035e+02 1.22422399e-05
 6.85396280e+02 1.21789895e-05
 6.85549525e+02 1.20011199e-05
 6.85702769e+02 1.17137021e-05
 6.85856014e+02 1.13247911e-05
 6.86009258e+02 1.08427413e-05
 6.86162503e+02 1.02780749e-05
 6.86315748e+02 9.64307405e-06
 6.86468992e+02 8.95018576e-06
 6.86622237e+02 8.21297741e-06
 6.86775482e+02 7.44565233e-06
 6.86928726e+02 6.66236890e-06
 6.87081971e+02 5.87695478e-06
 6.87235215e+02 5.10310848e-06
 6.87388460e+02 4.35410595e-06
 6.87541705e+02 3.64144657e-06
 6.87694949e+02 2.97616151e-06
 6.87848194e+02 2.36830070e-06
 6.88001439e+02 1.82514488e-06
 6.88154683e+02 1.35347637e-06
 6.88307928e+02 9.58499305e-07
 6.88461173e+02 6.42370312e-07
 6.88614417e+02 4.06851827e-07
 6.88767662e+02 2.51745944e-07
 6.88920906e+02 1.74216392e-07
 6.89074151e+02 1.71150223e-07
 6.89227396e+02 2.37538478e-07
 6.89380640e+02 3.66577308e-07
 6.89533885e+02 5.51285248e-07
 6.89687130e+02 7.83384210e-07
 6.89840374e+02 1.05373421e-06
 6.89993619e+02 1.35314295e-06
 6.90146863e+02 1.67213755e-06
 6.90300108e+02 2.00111577e-06
 6.90453353e+02 2.33064444e-06
 6.90606597e+02 2.65214300e-06
 6.90759842e+02 2.95729813e-06
 6.90913087e+02 3.23831361e-06
 6.91066331e+02 3.48912787e-06
 6.91219576e+02 3.70404671e-06
 6.91372821e+02 3.87829941e-06
 6.91526065e+02 4.00921483e-06
 6.91679310e+02 4.09443166e-06
 6.91832554e+02 4.13281075e-06
 6.91985799e+02 4.12513587e-06
 6.92139044e+02 4.07240419e-06
 6.92292288e+02 3.97684701e-06
 6.92445533e+02 3.84205778e-06
 6.92598778e+02 3.67176166e-06
 6.92752022e+02 3.47061539e-06
 6.92905267e+02 3.24399919e-06
 6.93058512e+02 2.99733166e-06
 6.93211756e+02 2.73621148e-06
 6.93365001e+02 2.46633498e-06
 6.93518245e+02 2.19339941e-06
 6.93671490e+02 1.92310207e-06
 6.93824735e+02 1.66114024e-06
