 2.68571650e+03 1.67595055e-06
 2.68645139e+03 1.74495922e-06
 2.68718628e+03 1.81663802e-06
 2.68792117e+03 1.89108290e-06
 2.68865605e+03 1.96839300e-06
 2.68939094e+03 2.04867067e-06
 2.69012583e+03 2.13202163e-06
 2.69086072e+03 2.21855498e-06
 2.69159560e+03 2.30838342e-06
 2.69233049e+03 2.40162322e-06
 2.69306538e+03 2.49839442e-06
 2.69380027e+03 2.59882088e-06
 2.69453515e+03 2.70303044e-06
 2.69527004e+03 2.81115497e-06
 2.69600493e+03 2.92333051e-06
 2.69673982e+03 3.03969743e-06
 2.69747470e+03 3.16040047e-06
 2.69820959e+03 3.28558891e-06
 2.69894448e+03 3.41541668e-06
 2.69967937e+03 3.55004252e-06
 2.70041425e+03 3.68963003e-06
 2.70114914e+03 3.83434790e-06
 2.70188403e+03 3.98436998e-06
 2.70261892e+03 4.13987543e-06
 2.70335380e+03 4.30104887e-06
 2.70408869e+03 4.46808054e-06
 2.70482358e+03 4.64116642e-06
 2.70555847e+03 4.82050839e-06
 2.70629335e+03 5.00631437e-06
 2.70702824e+03 5.19879853e-06
 2.70776313e+03 5.39818137e-06
 2.70849801e+03 5.60468996e-06
 2.70923290e+03 5.81855804e-06
 2.70996779e+03 6.04002625e-06
 2.71070268e+03 6.26934225e-06
 2.71143756e+03 6.50676095e-06
 2.71217245e+03 6.75254464e-06
 2.71290734e+03 7.00696320e-06
 2.71364223e+03 7.27029428e-06
 2.71437711e+03 7.54282350e-06
 2.71511200e+03 7.82484465e-06
 2.71584689e+03 8.11665983e-06
 2.71658178e+03 8.41857975e-06
 2.71731666e+03 8.73092386e-06
 2.71805155e+03 9.05402055e-06
 2.71878644e+03 9.38820745e-06
 2.71952133e+03 9.73383154e-06
 2.72025621e+03 1.00912494e-05
 2.72099110e+03 1.04608276e-05
 2.72172599e+03 1.08429426e-05
 2.72246088e+03 1.12379812e-05
 2.72319576e+03 1.16463407e-05
 2.72393065e+03 1.20684294e-05
 2.72466554e+03 1.25046664e-05
 2.72540043e+03 1.29554820e-05
 2.72613531e+03 1.34213182e-05
 2.72687020e+03 1.39026287e-05
 2.72760509e+03 1.43998793e-05
 2.72833998e+03 1.49135479e-05
 2.72907486e+03 1.54441250e-05
 2.72980975e+03 1.59921141e-05
 2.73054464e+03 1.65580316e-05
 2.73127953e+03 1.71424074e-05
 2.73201441e+03 1.77457850e-05
 2.73274930e+03 1.83687218e-05
 2.73348419e+03 1.90117895e-05
 2.73421907e+03 1.96755742e-05
 2.73495396e+03 2.03606770e-05
 2.73568885e+03 2.10677140e-05
 2.73642374e+03 2.17973168e-05
 2.73715862e+03 2.25501325e-05
 2.73789351e+03 2.33268246e-05
 2.73862840e+03 2.41280726e-05
 2.73936329e+03 2.49545730e-05
 2.74009817e+03 2.58070390e-05
 2.74083306e+03 2.66862013e-05
 2.74156795e+03 2.75928083e-05
 2.74230284e+03 2.85276261e-05
 2.74303772e+03 2.94914395e-05
 2.74377261e+03 3.04850516e-05
 2.74450750e+03 3.15092848e-05
 2.74524239e+03 3.25649806e-05
 2.74597727e+03 3.36530004e-05
 2.74671216e+03 3.47742255e-05
 2.74744705e+03 3.59295577e-05
 2.74818194e+03 3.71199196e-05
 2.74891682e+03 3.83462546e-05
 2.74965171e+03 3.96095280e-05
 2.75038660e+03 4.09107268e-05
 2.75112149e+03 4.22508600e-05
 2.75185637e+03 4.36309596e-05
 2.75259126e+03 4.50520802e-05
 2.75332615e+03 4.65153000e-05
 2.75406104e+03 4.80217206e-05
 2.75479592e+03 4.95724681e-05
 2.75553081e+03 5.11686927e-05
 2.75626570e+03 5.28115697e-05
 2.75700059e+03 5.45022995e-05
 2.75773547e+03 5.62421083e-05
 2.75847036e+03 5.80322481e-05
 2.75920525e+03 5.98739974e-05
 2.75994013e+03 6.17686615e-05
 2.76067502e+03 6.37175729e-05
 2.76140991e+03 6.57220917e-05
 2.76214480e+03 6.77836058e-05
 2.76287968e+03 6.99035317e-05
 2.76361457e+03 7.20833143e-05
 2.76434946e+03 7.43244280e-05
 2.76508435e+03 7.66283766e-05
 2.76581923e+03 7.89966936e-05
 2.76655412e+03 8.14309431e-05
 2.76728901e+03 8.39327198e-05
 2.76802390e+03 8.65036494e-05
 2.76875878e+03 8.91453892e-05
 2.76949367e+03 9.18596282e-05
 2.77022856e+03 9.46480877e-05
 2.77096345e+03 9.75125218e-05
 2.77169833e+03 1.00454717e-04
 2.77243322e+03 1.03476494e-04
 2.77316811e+03 1.06579707e-04
 2.77390300e+03 1.09766244e-04
 2.77463788e+03 1.13038026e-04
 2.77537277e+03 1.16397013e-04
 2.77610766e+03 1.19845197e-04
 2.77684255e+03 1.23384605e-04
 2.77757743e+03 1.27017301e-04
 2.77831232e+03 1.30745387e-04
 2.77904721e+03 1.34570999e-04
 2.77978210e+03 1.38496311e-04
 2.78051698e+03 1.42523533e-04
 2.78125187e+03 1.46654915e-04
 2.78198676e+03 1.50892743e-04
 2.78272165e+03 1.55239342e-04
 2.78345653e+03 1.59697075e-04
 2.78419142e+03 1.64268344e-04
 2.78492631e+03 1.68955589e-04
 2.78566119e+03 1.73761293e-04
 2.78639608e+03 1.78687973e-04
 2.78713097e+03 1.83738192e-04
 2.78786586e+03 1.88914548e-04
 2.78860074e+03 1.94219682e-04
 2.78933563e+03 1.99656275e-04
 2.79007052e+03 2.05227049e-04
 2.79080541e+03 2.10934767e-04
 2.79154029e+03 2.16782234e-04
 2.79227518e+03 2.22772294e-04
 2.79301007e+03 2.28907836e-04
 2.79374496e+03 2.35191788e-04
 2.79447984e+03 2.41627122e-04
 2.79521473e+03 2.48216850e-04
 2.79594962e+03 2.54964027e-04
 2.79668451e+03 2.61871752e-04
 2.79741939e+03 2.68943165e-04
 2.79815428e+03 2.76181448e-04
 2.79888917e+03 2.83589825e-04
 2.79962406e+03 2.91171566e-04
 2.80035894e+03 2.98929980e-04
 2.80109383e+03 3.06868420e-04
 2.80182872e+03 3.14990282e-04
 2.80256361e+03 3.23299005e-04
 2.80329849e+03 3.31798069e-04
 2.80403338e+03 3.40490999e-04
 2.80476827e+03 3.49381360e-04
 2.80550316e+03 3.58472761e-04
 2.80623804e+03 3.67768854e-04
 2.80697293e+03 3.77273331e-04
 2.80770782e+03 3.86989928e-04
 2.80844271e+03 3.96922422e-04
 2.80917759e+03 4.07074631e-04
 2.80991248e+03 4.17450417e-04
 2.81064737e+03 4.28053681e-04
 2.81138225e+03 4.38888365e-04
 2.81211714e+03 4.49958454e-04
 2.81285203e+03 4.61267971e-04
 2.81358692e+03 4.72820980e-04
 2.81432180e+03 4.84621585e-04
 2.81505669e+03 4.96673931e-04
 2.81579158e+03 5.08982198e-04
 2.81652647e+03 5.21550609e-04
 2.81726135e+03 5.34383421e-04
 2.81799624e+03 5.47484934e-04
 2.81873113e+03 5.60859479e-04
 2.81946602e+03 5.74511429e-04
 2.82020090e+03 5.88445191e-04
 2.82093579e+03 6.02665207e-04
 2.82167068e+03 6.17175954e-04
 2.82240557e+03 6.31981945e-04
 2.82314045e+03 6.47087725e-04
 2.82387534e+03 6.62497874e-04
 2.82461023e+03 6.78217001e-04
 2.82534512e+03 6.94249750e-04
 2.82608000e+03 7.10600795e-04
 2.82681489e+03 7.27274837e-04
 2.82754978e+03 7.44276610e-04
 2.82828467e+03 7.61610875e-04
 2.82901955e+03 7.79282420e-04
 2.82975444e+03 7.97296060e-04
 2.83048933e+03 8.15656634e-04
 2.83122422e+03 8.34369008e-04
 2.83195910e+03 8.53438069e-04
 2.83269399e+03 8.72868730e-04
 2.83342888e+03 8.92665921e-04
 2.83416377e+03 9.12834596e-04
 2.83489865e+03 9.33379726e-04
 2.83563354e+03 9.54306301e-04
 2.83636843e+03 9.75619327e-04
 2.83710331e+03 9.97323827e-04
 2.83783820e+03 1.01942484e-03
 2.83857309e+03 1.04192741e-03
 2.83930798e+03 1.06483660e-03
 2.84004286e+03 1.08815748e-03
 2.84077775e+03 1.11189513e-03
 2.84151264e+03 1.13605464e-03
 2.84224753e+03 1.16064111e-03
 2.84298241e+03 1.18565963e-03
 2.84371730e+03 1.21111530e-03
 2.84445219e+03 1.23701322e-03
 2.84518708e+03 1.26335851e-03
 2.84592196e+03 1.29015625e-03
 2.84665685e+03 1.31741155e-03
 2.84739174e+03 1.34512950e-03
 2.84812663e+03 1.37331518e-03
 2.84886151e+03 1.40197368e-03
 2.84959640e+03 1.43111005e-03
 2.85033129e+03 1.46072936e-03
 2.85106618e+03 1.49083664e-03
 2.85180106e+03 1.52143691e-03
 2.85253595e+03 1.55253519e-03
 2.85327084e+03 1.58413647e-03
 2.85400573e+03 1.61624570e-03
 2.85474061e+03 1.64886783e-03
 2.85547550e+03 1.68200778e-03
 2.85621039e+03 1.71567044e-03
 2.85694528e+03 1.74986066e-03
 2.85768016e+03 1.78458327e-03
 2.85841505e+03 1.81984307e-03
 2.85914994e+03 1.85564482e-03
 2.85988483e+03 1.89199323e-03
 2.86061971e+03 1.92889298e-03
 2.86135460e+03 1.96634871e-03
 2.86208949e+03 2.00436501e-03
 2.86282437e+03 2.04294643e-03
 2.86355926e+03 2.08209746e-03
 2.86429415e+03 2.12182254e-03
 2.86502904e+03 2.16212606e-03
 2.86576392e+03 2.20301236e-03
 2.86649881e+03 2.24448572e-03
 2.86723370e+03 2.28655033e-03
 2.86796859e+03 2.32921036e-03
 2.86870347e+03 2.37246988e-03
 2.86943836e+03 2.41633292e-03
 2.87017325e+03 2.46080341e-03
 2.87090814e+03 2.50588523e-03
 2.87164302e+03 2.55158217e-03
 2.87237791e+03 2.59789795e-03
 2.87311280e+03 2.64483621e-03
 2.87384769e+03 2.69240050e-03
 2.87458257e+03 2.74059429e-03
 2.87531746e+03 2.78942095e-03
 2.87605235e+03 2.83888377e-03
 2.87678724e+03 2.88898596e-03
 2.87752212e+03 2.93973061e-03
 2.87825701e+03 2.99112071e-03
 2.87899190e+03 3.04315917e-03
 2.87972679e+03 3.09584879e-03
 2.88046167e+03 3.14919225e-03
 2.88119656e+03 3.20319214e-03
 2.88193145e+03 3.25785092e-03
 2.88266634e+03 3.31317095e-03
 2.88340122e+03 3.36915448e-03
 2.88413611e+03 3.42580362e-03
 2.88487100e+03 3.48312037e-03
 2.88560589e+03 3.54110660e-03
 2.88634077e+03 3.59976408e-03
 2.88707566e+03 3.65909441e-03
 2.88781055e+03 3.71909909e-03
 2.88854543e+03 3.77977947e-03
 2.88928032e+03 3.84113678e-03
 2.89001521e+03 3.90317208e-03
 2.89075010e+03 3.96588632e-03
 2.89148498e+03 4.02928030e-03
 2.89221987e+03 4.09335466e-03
 2.89295476e+03 4.15810991e-03
 2.89368965e+03 4.22354639e-03
 2.89442453e+03 4.28966430e-03
 2.89515942e+03 4.35646369e-03
 2.89589431e+03 4.42394443e-03
 2.89662920e+03 4.49210626e-03
 2.89736408e+03 4.56094873e-03
 2.89809897e+03 4.63047125e-03
 2.89883386e+03 4.70067304e-03
 2.89956875e+03 4.77155317e-03
 2.90030363e+03 4.84311053e-03
 2.90103852e+03 4.91534384e-03
 2.90177341e+03 4.98825165e-03
 2.90250830e+03 5.06183233e-03
 2.90324318e+03 5.13608406e-03
 2.90397807e+03 5.21100487e-03
 2.90471296e+03 5.28659257e-03
 2.90544785e+03 5.36284482e-03
 2.90618273e+03 5.43975907e-03
 2.90691762e+03 5.51733259e-03
 2.90765251e+03 5.59556248e-03
 2.90838740e+03 5.67444561e-03
 2.90912228e+03 5.75397869e-03
 2.90985717e+03 5.83415824e-03
 2.91059206e+03 5.91498055e-03
 2.91132695e+03 5.99644176e-03
 2.91206183e+03 6.07853777e-03
 2.91279672e+03 6.16126431e-03
 2.91353161e+03 6.24461690e-03
 2.91426649e+03 6.32859086e-03
 2.91500138e+03 6.41318130e-03
 2.91573627e+03 6.49838314e-03
 2.91647116e+03 6.58419109e-03
 2.91720604e+03 6.67059966e-03
 2.91794093e+03 6.75760314e-03
 2.91867582e+03 6.84519563e-03
 2.91941071e+03 6.93337101e-03
 2.92014559e+03 7.02212298e-03
 2.92088048e+03 7.11144499e-03
 2.92161537e+03 7.20133030e-03
 2.92235026e+03 7.29177199e-03
 2.92308514e+03 7.38276288e-03
 2.92382003e+03 7.47429561e-03
 2.92455492e+03 7.56636262e-03
 2.92528981e+03 7.65895612e-03
 2.92602469e+03 7.75206812e-03
 2.92675958e+03 7.84569041e-03
 2.92749447e+03 7.93981458e-03
 2.92822936e+03 8.03443202e-03
 2.92896424e+03 8.12953391e-03
 2.92969913e+03 8.22511119e-03
 2.93043402e+03 8.32115464e-03
 2.93116891e+03 8.41765480e-03
 2.93190379e+03 8.51460202e-03
 2.93263868e+03 8.61198644e-03
 2.93337357e+03 8.70979799e-03
 2.93410846e+03 8.80802640e-03
 2.93484334e+03 8.90666121e-03
 2.93557823e+03 9.00569174e-03
 2.93631312e+03 9.10510712e-03
 2.93704801e+03 9.20489628e-03
 2.93778289e+03 9.30504796e-03
 2.93851778e+03 9.40555068e-03
 2.93925267e+03 9.50639280e-03
 2.93998755e+03 9.60756247e-03
 2.94072244e+03 9.70904764e-03
 2.94145733e+03 9.81083608e-03
 2.94219222e+03 9.91291538e-03
 2.94292710e+03 1.00152729e-02
 2.94366199e+03 1.01178960e-02
 2.94439688e+03 1.02207715e-02
 2.94513177e+03 1.03238864e-02
 2.94586665e+03 1.04272274e-02
 2.94660154e+03 1.05307809e-02
 2.94733643e+03 1.06345333e-02
 2.94807132e+03 1.07384707e-02
 2.94880620e+03 1.08425792e-02
 2.94954109e+03 1.09468447e-02
 2.95027598e+03 1.10512527e-02
 2.95101087e+03 1.11557888e-02
 2.95174575e+03 1.12604384e-02
 2.95248064e+03 1.13651867e-02
 2.95321553e+03 1.14700188e-02
 2.95395042e+03 1.15749195e-02
 2.95468530e+03 1.16798737e-02
 2.95542019e+03 1.17848661e-02
 2.95615508e+03 1.18898811e-02
 2.95688997e+03 1.19949032e-02
 2.95762485e+03 1.20999165e-02
 2.95835974e+03 1.22049053e-02
 2.95909463e+03 1.23098535e-02
 2.95982952e+03 1.24147451e-02
 2.96056440e+03 1.25195638e-02
 2.96129929e+03 1.26242934e-02
 2.96203418e+03 1.27289173e-02
 2.96276907e+03 1.28334192e-02
 2.96350395e+03 1.29377823e-02
 2.96423884e+03 1.30419900e-02
 2.96497373e+03 1.31460255e-02
 2.96570861e+03 1.32498719e-02
 2.96644350e+03 1.33535123e-02
 2.96717839e+03 1.34569297e-02
 2.96791328e+03 1.35601070e-02
 2.96864816e+03 1.36630270e-02
 2.96938305e+03 1.37656726e-02
 2.97011794e+03 1.38680264e-02
 2.97085283e+03 1.39700713e-02
 2.97158771e+03 1.40717897e-02
 2.97232260e+03 1.41731644e-02
 2.97305749e+03 1.42741779e-02
 2.97379238e+03 1.43748128e-02
 2.97452726e+03 1.44750516e-02
 2.97526215e+03 1.45748768e-02
 2.97599704e+03 1.46742709e-02
 2.97673193e+03 1.47732164e-02
 2.97746681e+03 1.48716957e-02
 2.97820170e+03 1.49696914e-02
 2.97893659e+03 1.50671860e-02
 2.97967148e+03 1.51641620e-02
 2.98040636e+03 1.52606018e-02
 2.98114125e+03 1.53564881e-02
 2.98187614e+03 1.54518033e-02
 2.98261103e+03 1.55465302e-02
 2.98334591e+03 1.56406514e-02
 2.98408080e+03 1.57341495e-02
 2.98481569e+03 1.58270074e-02
 2.98555058e+03 1.59192078e-02
 2.98628546e+03 1.60107335e-02
 2.98702035e+03 1.61015676e-02
 2.98775524e+03 1.61916929e-02
 2.98849013e+03 1.62810926e-02
 2.98922501e+03 1.63697499e-02
 2.98995990e+03 1.64576479e-02
 2.99069479e+03 1.65447701e-02
 2.99142967e+03 1.66310998e-02
 2.99216456e+03 1.67166206e-02
 2.99289945e+03 1.68013162e-02
 2.99363434e+03 1.68851703e-02
 2.99436922e+03 1.69681668e-02
 2.99510411e+03 1.70502896e-02
 2.99583900e+03 1.71315231e-02
 2.99657389e+03 1.72118513e-02
 2.99730877e+03 1.72912588e-02
 2.99804366e+03 1.73697301e-02
 2.99877855e+03 1.74472498e-02
 2.99951344e+03 1.75238030e-02
 3.00024832e+03 1.75993745e-02
 3.00098321e+03 1.76739496e-02
 3.00171810e+03 1.77475137e-02
 3.00245299e+03 1.78200522e-02
 3.00318787e+03 1.78915510e-02
 3.00392276e+03 1.79619958e-02
 3.00465765e+03 1.80313728e-02
 3.00539254e+03 1.80996684e-02
 3.00612742e+03 1.81668688e-02
 3.00686231e+03 1.82329609e-02
 3.00759720e+03 1.82979316e-02
 3.00833209e+03 1.83617679e-02
 3.00906697e+03 1.84244572e-02
 3.00980186e+03 1.84859870e-02
 3.01053675e+03 1.85463450e-02
 3.01127164e+03 1.86055194e-02
 3.01200652e+03 1.86634982e-02
 3.01274141e+03 1.87202700e-02
 3.01347630e+03 1.87758235e-02
 3.01421119e+03 1.88301476e-02
 3.01494607e+03 1.88832315e-02
 3.01568096e+03 1.89350647e-02
 3.01641585e+03 1.89856368e-02
 3.01715073e+03 1.90349379e-02
 3.01788562e+03 1.90829582e-02
 3.01862051e+03 1.91296881e-02
 3.01935540e+03 1.91751184e-02
 3.02009028e+03 1.92192401e-02
 3.02082517e+03 1.92620446e-02
 3.02156006e+03 1.93035234e-02
 3.02229495e+03 1.93436684e-02
 3.02302983e+03 1.93824717e-02
 3.02376472e+03 1.94199258e-02
 3.02449961e+03 1.94560233e-02
 3.02523450e+03 1.94907573e-02
 3.02596938e+03 1.95241211e-02
 3.02670427e+03 1.95561082e-02
 3.02743916e+03 1.95867125e-02
 3.02817405e+03 1.96159283e-02
 3.02890893e+03 1.96437500e-02
 3.02964382e+03 1.96701724e-02
 3.03037871e+03 1.96951906e-02
 3.03111360e+03 1.97187999e-02
 3.03184848e+03 1.97409962e-02
 3.03258337e+03 1.97617753e-02
 3.03331826e+03 1.97811337e-02
 3.03405315e+03 1.97990679e-02
 3.03478803e+03 1.98155748e-02
 3.03552292e+03 1.98306518e-02
 3.03625781e+03 1.98442964e-02
 3.03699270e+03 1.98565064e-02
 3.03772758e+03 1.98672801e-02
 3.03846247e+03 1.98766159e-02
 3.03919736e+03 1.98845126e-02
 3.03993225e+03 1.98909694e-02
 3.04066713e+03 1.98959858e-02
 3.04140202e+03 1.98995614e-02
 3.04213691e+03 1.99016964e-02
 3.04287179e+03 1.99023910e-02
 3.04360668e+03 1.99016461e-02
 3.04434157e+03 1.98994626e-02
 3.04507646e+03 1.98958419e-02
 3.04581134e+03 1.98907855e-02
 3.04654623e+03 1.98842954e-02
 3.04728112e+03 1.98763738e-02
 3.04801601e+03 1.98670234e-02
 3.04875089e+03 1.98562469e-02
 3.04948578e+03 1.98440475e-02
 3.05022067e+03 1.98304287e-02
 3.05095556e+03 1.98153943e-02
 3.05169044e+03 1.97989483e-02
 3.05242533e+03 1.97810951e-02
 3.05316022e+03 1.97618394e-02
 3.05389511e+03 1.97411862e-02
 3.05462999e+03 1.97191406e-02
 3.05536488e+03 1.96957082e-02
 3.05609977e+03 1.96708949e-02
 3.05683466e+03 1.96447068e-02
 3.05756954e+03 1.96171503e-02
 3.05830443e+03 1.95882321e-02
 3.05903932e+03 1.95579591e-02
 3.05977421e+03 1.95263386e-02
 3.06050909e+03 1.94933781e-02
 3.06124398e+03 1.94590853e-02
 3.06197887e+03 1.94234684e-02
 3.06271376e+03 1.93865356e-02
 3.06344864e+03 1.93482954e-02
 3.06418353e+03 1.93087569e-02
 3.06491842e+03 1.92679289e-02
 3.06565331e+03 1.92258209e-02
 3.06638819e+03 1.91824424e-02
 3.06712308e+03 1.91378032e-02
 3.06785797e+03 1.90919135e-02
 3.06859285e+03 1.90447835e-02
 3.06932774e+03 1.89964238e-02
 3.07006263e+03 1.89468450e-02
 3.07079752e+03 1.88960583e-02
 3.07153240e+03 1.88440748e-02
 3.07226729e+03 1.87909059e-02
 3.07300218e+03 1.87365633e-02
 3.07373707e+03 1.86810588e-02
 3.07447195e+03 1.86244044e-02
 3.07520684e+03 1.85666124e-02
 3.07594173e+03 1.85076953e-02
 3.07667662e+03 1.84476657e-02
 3.07741150e+03 1.83865364e-02
 3.07814639e+03 1.83243204e-02
 3.07888128e+03 1.82610308e-02
 3.07961617e+03 1.81966811e-02
 3.08035105e+03 1.81312848e-02
 3.08108594e+03 1.80648554e-02
 3.08182083e+03 1.79974070e-02
 3.08255572e+03 1.79289534e-02
 3.08329060e+03 1.78595089e-02
 3.08402549e+03 1.77890877e-02
 3.08476038e+03 1.77177042e-02
 3.08549527e+03 1.76453731e-02
 3.08623015e+03 1.75721090e-02
 3.08696504e+03 1.74979267e-02
 3.08769993e+03 1.74228411e-02
 3.08843482e+03 1.73468675e-02
 3.08916970e+03 1.72700208e-02
 3.08990459e+03 1.71923164e-02
 3.09063948e+03 1.71137696e-02
 3.09137437e+03 1.70343960e-02
 3.09210925e+03 1.69542111e-02
 3.09284414e+03 1.68732305e-02
 3.09357903e+03 1.67914700e-02
 3.09431391e+03 1.67089454e-02
 3.09504880e+03 1.66256726e-02
 3.09578369e+03 1.65416674e-02
 3.09651858e+03 1.64569459e-02
 3.09725346e+03 1.63715242e-02
 3.09798835e+03 1.62854184e-02
 3.09872324e+03 1.61986446e-02
 3.09945813e+03 1.61112191e-02
 3.10019301e+03 1.60231580e-02
 3.10092790e+03 1.59344777e-02
 3.10166279e+03 1.58451945e-02
 3.10239768e+03 1.57553246e-02
 3.10313256e+03 1.56648844e-02
 3.10386745e+03 1.55738902e-02
 3.10460234e+03 1.54823585e-02
 3.10533723e+03 1.53903056e-02
 3.10607211e+03 1.52977478e-02
 3.10680700e+03 1.52047015e-02
 3.10754189e+03 1.51111831e-02
 3.10827678e+03 1.50172088e-02
 3.10901166e+03 1.49227951e-02
 3.10974655e+03 1.48279581e-02
 3.11048144e+03 1.47327141e-02
 3.11121633e+03 1.46370795e-02
 3.11195121e+03 1.45410703e-02
 3.11268610e+03 1.44447027e-02
 3.11342099e+03 1.43479928e-02
 3.11415588e+03 1.42509567e-02
 3.11489076e+03 1.41536104e-02
 3.11562565e+03 1.40559698e-02
 3.11636054e+03 1.39580508e-02
 3.11709543e+03 1.38598692e-02
 3.11783031e+03 1.37614408e-02
 3.11856520e+03 1.36627813e-02
 3.11930009e+03 1.35639062e-02
 3.12003497e+03 1.34648310e-02
 3.12076986e+03 1.33655713e-02
 3.12150475e+03 1.32661423e-02
 3.12223964e+03 1.31665593e-02
 3.12297452e+03 1.30668375e-02
 3.12370941e+03 1.29669918e-02
 3.12444430e+03 1.28670374e-02
 3.12517919e+03 1.27669890e-02
 3.12591407e+03 1.26668613e-02
 3.12664896e+03 1.25666690e-02
 3.12738385e+03 1.24664267e-02
 3.12811874e+03 1.23661487e-02
 3.12885362e+03 1.22658493e-02
 3.12958851e+03 1.21655426e-02
 3.13032340e+03 1.20652427e-02
 3.13105829e+03 1.19649635e-02
 3.13179317e+03 1.18647188e-02
 3.13252806e+03 1.17645222e-02
 3.13326295e+03 1.16643871e-02
 3.13399784e+03 1.15643270e-02
 3.13473272e+03 1.14643551e-02
 3.13546761e+03 1.13644844e-02
 3.13620250e+03 1.12647279e-02
 3.13693739e+03 1.11650984e-02
 3.13767227e+03 1.10656084e-02
 3.13840716e+03 1.09662704e-02
 3.13914205e+03 1.08670969e-02
 3.13987694e+03 1.07680999e-02
 3.14061182e+03 1.06692915e-02
 3.14134671e+03 1.05706834e-02
 3.14208160e+03 1.04722875e-02
 3.14281649e+03 1.03741152e-02
 3.14355137e+03 1.02761779e-02
 3.14428626e+03 1.01784867e-02
 3.14502115e+03 1.00810527e-02
 3.14575603e+03 9.98388686e-03
 3.14649092e+03 9.88699972e-03
 3.14722581e+03 9.79040186e-03
 3.14796070e+03 9.69410363e-03
 3.14869558e+03 9.59811519e-03
 3.14943047e+03 9.50244656e-03
 3.15016536e+03 9.40710756e-03
 3.15090025e+03 9.31210783e-03
 3.15163513e+03 9.21745687e-03
 3.15237002e+03 9.12316396e-03
 3.15310491e+03 9.02923823e-03
 3.15383980e+03 8.93568863e-03
 3.15457468e+03 8.84252392e-03
 3.15530957e+03 8.74975270e-03
 3.15604446e+03 8.65738336e-03
 3.15677935e+03 8.56542415e-03
 3.15751423e+03 8.47388312e-03
 3.15824912e+03 8.38276813e-03
 3.15898401e+03 8.29208689e-03
 3.15971890e+03 8.20184690e-03
 3.16045378e+03 8.11205551e-03
 3.16118867e+03 8.02271986e-03
 3.16192356e+03 7.93384694e-03
 3.16265845e+03 7.84544354e-03
 3.16339333e+03 7.75751629e-03
 3.16412822e+03 7.67007162e-03
 3.16486311e+03 7.58311581e-03
 3.16559800e+03 7.49665495e-03
 3.16633288e+03 7.41069493e-03
 3.16706777e+03 7.32524151e-03
 3.16780266e+03 7.24030024e-03
 3.16853755e+03 7.15587651e-03
 3.16927243e+03 7.07197553e-03
 3.17000732e+03 6.98860234e-03
 3.17074221e+03 6.90576181e-03
 3.17147709e+03 6.82345864e-03
 3.17221198e+03 6.74169735e-03
 3.17294687e+03 6.66048231e-03
 3.17368176e+03 6.57981769e-03
 3.17441664e+03 6.49970753e-03
 3.17515153e+03 6.42015568e-03
 3.17588642e+03 6.34116583e-03
 3.17662131e+03 6.26274151e-03
 3.17735619e+03 6.18488608e-03
 3.17809108e+03 6.10760276e-03
 3.17882597e+03 6.03089458e-03
 3.17956086e+03 5.95476443e-03
 3.18029574e+03 5.87921503e-03
 3.18103063e+03 5.80424898e-03
 3.18176552e+03 5.72986867e-03
 3.18250041e+03 5.65607638e-03
 3.18323529e+03 5.58287423e-03
 3.18397018e+03 5.51026419e-03
 3.18470507e+03 5.43824806e-03
 3.18543996e+03 5.36682752e-03
 3.18617484e+03 5.29600410e-03
 3.18690973e+03 5.22577918e-03
 3.18764462e+03 5.15615401e-03
 3.18837951e+03 5.08712968e-03
 3.18911439e+03 5.01870716e-03
 3.18984928e+03 4.95088728e-03
 3.19058417e+03 4.88367074e-03
 3.19131906e+03 4.81705809e-03
 3.19205394e+03 4.75104976e-03
 3.19278883e+03 4.68564606e-03
 3.19352372e+03 4.62084716e-03
 3.19425861e+03 4.55665310e-03
 3.19499349e+03 4.49306382e-03
 3.19572838e+03 4.43007911e-03
 3.19646327e+03 4.36769866e-03
 3.19719815e+03 4.30592204e-03
 3.19793304e+03 4.24474869e-03
 3.19866793e+03 4.18417795e-03
 3.19940282e+03 4.12420904e-03
 3.20013770e+03 4.06484107e-03
 3.20087259e+03 4.00607306e-03
 3.20160748e+03 3.94790390e-03
 3.20234237e+03 3.89033239e-03
 3.20307725e+03 3.83335721e-03
 3.20381214e+03 3.77697696e-03
 3.20454703e+03 3.72119014e-03
 3.20528192e+03 3.66599513e-03
 3.20601680e+03 3.61139025e-03
 3.20675169e+03 3.55737371e-03
 3.20748658e+03 3.50394362e-03
 3.20822147e+03 3.45109801e-03
 3.20895635e+03 3.39883483e-03
 3.20969124e+03 3.34715194e-03
 3.21042613e+03 3.29604712e-03
 3.21116102e+03 3.24551807e-03
 3.21189590e+03 3.19556239e-03
 3.21263079e+03 3.14617764e-03
 3.21336568e+03 3.09736128e-03
 3.21410057e+03 3.04911070e-03
 3.21483545e+03 3.00142322e-03
 3.21557034e+03 2.95429611e-03
 3.21630523e+03 2.90772654e-03
 3.21704012e+03 2.86171163e-03
 3.21777500e+03 2.81624844e-03
 3.21850989e+03 2.77133397e-03
 3.21924478e+03 2.72696516e-03
 3.21997967e+03 2.68313887e-03
 3.22071455e+03 2.63985194e-03
 3.22144944e+03 2.59710113e-03
 3.22218433e+03 2.55488315e-03
 3.22291921e+03 2.51319467e-03
 3.22365410e+03 2.47203231e-03
 3.22438899e+03 2.43139263e-03
 3.22512388e+03 2.39127216e-03
 3.22585876e+03 2.35166737e-03
 3.22659365e+03 2.31257471e-03
 3.22732854e+03 2.27399056e-03
 3.22806343e+03 2.23591130e-03
 3.22879831e+03 2.19833324e-03
 3.22953320e+03 2.16125266e-03
 3.23026809e+03 2.12466583e-03
 3.23100298e+03 2.08856896e-03
 3.23173786e+03 2.05295824e-03
 3.23247275e+03 2.01782983e-03
 3.23320764e+03 1.98317987e-03
 3.23394253e+03 1.94900447e-03
 3.23467741e+03 1.91529971e-03
 3.23541230e+03 1.88206165e-03
 3.23614719e+03 1.84928633e-03
 3.23688208e+03 1.81696977e-03
 3.23761696e+03 1.78510798e-03
 3.23835185e+03 1.75369693e-03
 3.23908674e+03 1.72273260e-03
 3.23982163e+03 1.69221095e-03
 3.24055651e+03 1.66212790e-03
 3.24129140e+03 1.63247940e-03
 3.24202629e+03 1.60326137e-03
 3.24276118e+03 1.57446970e-03
 3.24349606e+03 1.54610032e-03
 3.24423095e+03 1.51814911e-03
 3.24496584e+03 1.49061196e-03
 3.24570073e+03 1.46348476e-03
 3.24643561e+03 1.43676340e-03
 3.24717050e+03 1.41044375e-03
 3.24790539e+03 1.38452171e-03
 3.24864027e+03 1.35899314e-03
 3.24937516e+03 1.33385394e-03
 3.25011005e+03 1.30909998e-03
 3.25084494e+03 1.28472717e-03
 3.25157982e+03 1.26073138e-03
 3.25231471e+03 1.23710853e-03
 3.25304960e+03 1.21385451e-03
 3.25378449e+03 1.19096525e-03
 3.25451937e+03 1.16843666e-03
 3.25525426e+03 1.14626467e-03
 3.25598915e+03 1.12444523e-03
 3.25672404e+03 1.10297428e-03
 3.25745892e+03 1.08184780e-03
 3.25819381e+03 1.06106176e-03
 3.25892870e+03 1.04061215e-03
 3.25966359e+03 1.02049498e-03
 3.26039847e+03 1.00070626e-03
 3.26113336e+03 9.81242028e-04
 3.26186825e+03 9.62098344e-04
 3.26260314e+03 9.43271275e-04
 3.26333802e+03 9.24756907e-04
 3.26407291e+03 9.06551347e-04
 3.26480780e+03 8.88650720e-04
 3.26554269e+03 8.71051173e-04
 3.26627757e+03 8.53748869e-04
 3.26701246e+03 8.36739997e-04
 3.26774735e+03 8.20020764e-04
 3.26848224e+03 8.03587400e-04
 3.26921712e+03 7.87436159e-04
 3.26995201e+03 7.71563316e-04
 3.27068690e+03 7.55965172e-04
 3.27142179e+03 7.40638049e-04
 3.27215667e+03 7.25578297e-04
 3.27289156e+03 7.10782288e-04
 3.27362645e+03 6.96246420e-04
 3.27436133e+03 6.81967119e-04
 3.27509622e+03 6.67940834e-04
 3.27583111e+03 6.54164042e-04
 3.27656600e+03 6.40633248e-04
 3.27730088e+03 6.27344981e-04
 3.27803577e+03 6.14295801e-04
 3.27877066e+03 6.01482293e-04
 3.27950555e+03 5.88901071e-04
 3.28024043e+03 5.76548778e-04
 3.28097532e+03 5.64422086e-04
 3.28171021e+03 5.52517693e-04
 3.28244510e+03 5.40832329e-04
 3.28317998e+03 5.29362751e-04
 3.28391487e+03 5.18105748e-04
 3.28464976e+03 5.07058136e-04
 3.28538465e+03 4.96216762e-04
 3.28611953e+03 4.85578503e-04
 3.28685442e+03 4.75140265e-04
 3.28758931e+03 4.64898987e-04
 3.28832420e+03 4.54851634e-04
 3.28905908e+03 4.44995204e-04
 3.28979397e+03 4.35326726e-04
 3.29052886e+03 4.25843258e-04
 3.29126375e+03 4.16541890e-04
 3.29199863e+03 4.07419741e-04
 3.29273352e+03 3.98473962e-04
 3.29346841e+03 3.89701734e-04
 3.29420330e+03 3.81100270e-04
 3.29493818e+03 3.72666812e-04
 3.29567307e+03 3.64398633e-04
 3.29640796e+03 3.56293039e-04
 3.29714284e+03 3.48347364e-04
 3.29787773e+03 3.40558974e-04
 3.29861262e+03 3.32925266e-04
 3.29934751e+03 3.25443666e-04
 3.30008239e+03 3.18111632e-04
 3.30081728e+03 3.10926652e-04
 3.30155217e+03 3.03886245e-04
 3.30228706e+03 2.96987960e-04
 3.30302194e+03 2.90229375e-04
 3.30375683e+03 2.83608100e-04
 3.30449172e+03 2.77121774e-04
 3.30522661e+03 2.70768066e-04
 3.30596149e+03 2.64544676e-04
 3.30669638e+03 2.58449332e-04
 3.30743127e+03 2.52479792e-04
 3.30816616e+03 2.46633844e-04
 3.30890104e+03 2.40909304e-04
 3.30963593e+03 2.35304019e-04
 3.31037082e+03 2.29815864e-04
 3.31110571e+03 2.24442743e-04
 3.31184059e+03 2.19182588e-04
 3.31257548e+03 2.14033359e-04
 3.31331037e+03 2.08993047e-04
 3.31404526e+03 2.04059668e-04
 3.31478014e+03 1.99231268e-04
 3.31551503e+03 1.94505920e-04
 3.31624992e+03 1.89881723e-04
 3.31698481e+03 1.85356806e-04
 3.31771969e+03 1.80929324e-04
 3.31845458e+03 1.76597459e-04
 3.31918947e+03 1.72359419e-04
 3.31992436e+03 1.68213439e-04
 3.32065924e+03 1.64157781e-04
 3.32139413e+03 1.60190732e-04
 3.32212902e+03 1.56310606e-04
 3.32286390e+03 1.52515741e-04
 3.32359879e+03 1.48804502e-04
 3.32433368e+03 1.45175279e-04
 3.32506857e+03 1.41626485e-04
 3.32580345e+03 1.38156561e-04
 3.32653834e+03 1.34763969e-04
 3.32727323e+03 1.31447198e-04
 3.32800812e+03 1.28204760e-04
 3.32874300e+03 1.25035190e-04
 3.32947789e+03 1.21937047e-04
 3.33021278e+03 1.18908914e-04
 3.33094767e+03 1.15949397e-04
 3.33168255e+03 1.13057124e-04
 3.33241744e+03 1.10230745e-04
 3.33315233e+03 1.07468934e-04
 3.33388722e+03 1.04770386e-04
 3.33462210e+03 1.02133818e-04
 3.33535699e+03 9.95579695e-05
 3.33609188e+03 9.70415993e-05
 3.33682677e+03 9.45834887e-05
 3.33756165e+03 9.21824397e-05
 3.33829654e+03 8.98372746e-05
 3.33903143e+03 8.75468362e-05
 3.33976632e+03 8.53099872e-05
 3.34050120e+03 8.31256104e-05
 3.34123609e+03 8.09926079e-05
 3.34197098e+03 7.89099013e-05
 3.34270587e+03 7.68764314e-05
 3.34344075e+03 7.48911576e-05
 3.34417564e+03 7.29530580e-05
 3.34491053e+03 7.10611292e-05
 3.34564542e+03 6.92143858e-05
 3.34638030e+03 6.74118602e-05
 3.34711519e+03 6.56526026e-05
 3.34785008e+03 6.39356805e-05
 3.34858496e+03 6.22601787e-05
 3.34931985e+03 6.06251987e-05
 3.35005474e+03 5.90298587e-05
 3.35078963e+03 5.74732937e-05
 3.35152451e+03 5.59546545e-05
 3.35225940e+03 5.44731080e-05
 3.35299429e+03 5.30278371e-05
 3.35372918e+03 5.16180398e-05
 3.35446406e+03 5.02429298e-05
 3.35519895e+03 4.89017356e-05
 3.35593384e+03 4.75937007e-05
 3.35666873e+03 4.63180831e-05
 3.35740361e+03 4.50741553e-05
 3.35813850e+03 4.38612039e-05
 3.35887339e+03 4.26785295e-05
 3.35960828e+03 4.15254466e-05
 3.36034316e+03 4.04012829e-05
 3.36107805e+03 3.93053797e-05
 3.36181294e+03 3.82370913e-05
 3.36254783e+03 3.71957849e-05
 3.36328271e+03 3.61808405e-05
 3.36401760e+03 3.51916504e-05
 3.36475249e+03 3.42276192e-05
 3.36548738e+03 3.32881639e-05
 3.36622226e+03 3.23727130e-05
 3.36695715e+03 3.14807069e-05
 3.36769204e+03 3.06115974e-05
 3.36842693e+03 2.97648477e-05
 3.36916181e+03 2.89399320e-05
 3.36989670e+03 2.81363355e-05
 3.37063159e+03 2.73535541e-05
 3.37136648e+03 2.65910943e-05
 3.37210136e+03 2.58484729e-05
 3.37283625e+03 2.51252169e-05
 3.37357114e+03 2.44208633e-05
 3.37430602e+03 2.37349591e-05
 3.37504091e+03 2.30670607e-05
 3.37577580e+03 2.24167342e-05
 3.37651069e+03 2.17835548e-05
 3.37724557e+03 2.11671071e-05
 3.37798046e+03 2.05669845e-05
 3.37871535e+03 1.99827893e-05
 3.37945024e+03 1.94141325e-05
 3.38018512e+03 1.88606334e-05
 3.38092001e+03 1.83219200e-05
 3.38165490e+03 1.77976281e-05
 3.38238979e+03 1.72874019e-05
 3.38312467e+03 1.67908931e-05
 3.38385956e+03 1.63077615e-05
 3.38459445e+03 1.58376742e-05
 3.38532934e+03 1.53803059e-05
 3.38606422e+03 1.49353387e-05
 3.38679911e+03 1.45024617e-05
 3.38753400e+03 1.40813710e-05
 3.38826889e+03 1.36717696e-05
 3.38900377e+03 1.32733675e-05
 3.38973866e+03 1.28858810e-05
 3.39047355e+03 1.25090330e-05
 3.39120844e+03 1.21425528e-05
 3.39194332e+03 1.17861760e-05
 3.39267821e+03 1.14396441e-05
 3.39341310e+03 1.11027049e-05
 3.39414799e+03 1.07751117e-05
 3.39488287e+03 1.04566239e-05
 3.39561776e+03 1.01470062e-05
 3.39635265e+03 9.84602913e-06
 3.39708754e+03 9.55346843e-06
 3.39782242e+03 9.26910519e-06
 3.39855731e+03 8.99272569e-06
 3.39929220e+03 8.72412128e-06
 3.40002708e+03 8.46308828e-06
 3.40076197e+03 8.20942787e-06
 3.40149686e+03 7.96294601e-06
 3.40223175e+03 7.72345332e-06
 3.40296663e+03 7.49076498e-06
 3.40370152e+03 7.26470064e-06
 3.40443641e+03 7.04508432e-06
 3.40517130e+03 6.83174433e-06
 3.40590618e+03 6.62451317e-06
 3.40664107e+03 6.42322741e-06
 3.40737596e+03 6.22772765e-06
 3.40811085e+03 6.03785841e-06
 3.40884573e+03 5.85346805e-06
 3.40958062e+03 5.67440866e-06
 3.41031551e+03 5.50053601e-06
 3.41105040e+03 5.33170946e-06
 3.41178528e+03 5.16779188e-06
 3.41252017e+03 5.00864956e-06
 3.41325506e+03 4.85415216e-06
 3.41398995e+03 4.70417259e-06
 3.41472483e+03 4.55858699e-06
 3.41545972e+03 4.41727461e-06
 3.41619461e+03 4.28011779e-06
 3.41692950e+03 4.14700183e-06
 3.41766438e+03 4.01781497e-06
 3.41839927e+03 3.89244830e-06
 3.41913416e+03 3.77079571e-06
 3.41986905e+03 3.65275381e-06
 3.42060393e+03 3.53822185e-06
 3.42133882e+03 3.42710172e-06
 3.42207371e+03 3.31929783e-06
 3.42280860e+03 3.21471707e-06
 3.42354348e+03 3.11326876e-06
 3.42427837e+03 3.01486458e-06
 3.42501326e+03 2.91941851e-06
 3.42574814e+03 2.82684681e-06
 3.42648303e+03 2.73706793e-06
 3.42721792e+03 2.65000246e-06
 3.42795281e+03 2.56557309e-06
 3.42868769e+03 2.48370458e-06
 3.42942258e+03 2.40432365e-06
 3.43015747e+03 2.32735900e-06
 3.43089236e+03 2.25274123e-06
 3.43162724e+03 2.18040277e-06
 3.43236213e+03 2.11027790e-06
 3.43309702e+03 2.04230263e-06
 3.43383191e+03 1.97641472e-06
 3.43456679e+03 1.91255361e-06
 3.43530168e+03 1.85066035e-06
 3.43603657e+03 1.79067762e-06
 3.43677146e+03 1.73254966e-06
 3.43750634e+03 1.67622220e-06
