 2.68650698e+03 1.76551977e-09
 2.68808577e+03 1.86666162e-09
 2.68966456e+03 1.97323906e-09
 2.69124335e+03 2.08551422e-09
 2.69282214e+03 2.20377642e-09
 2.69440093e+03 2.32831699e-09
 2.69597972e+03 2.45944314e-09
 2.69755851e+03 2.59748230e-09
 2.69913730e+03 2.74276224e-09
 2.70071609e+03 2.89564263e-09
 2.70229488e+03 3.05648359e-09
 2.70387367e+03 3.22566902e-09
 2.70545246e+03 3.40360162e-09
 2.70703125e+03 3.59068895e-09
 2.70861004e+03 3.78737585e-09
 2.71018883e+03 3.99410429e-09
 2.71176762e+03 4.21135270e-09
 2.71334641e+03 4.43961121e-09
 2.71492520e+03 4.67938700e-09
 2.71650399e+03 4.93122331e-09
 2.71808278e+03 5.19566319e-09
 2.71966157e+03 5.47329671e-09
 2.72124036e+03 5.76471807e-09
 2.72281915e+03 6.07055554e-09
 2.72439794e+03 6.39146629e-09
 2.72597673e+03 6.72811724e-09
 2.72755552e+03 7.08122856e-09
 2.72913431e+03 7.45151856e-09
 2.73071310e+03 7.83976128e-09
 2.73229189e+03 8.24674363e-09
 2.73387068e+03 8.67328649e-09
 2.73544947e+03 9.12025500e-09
 2.73702826e+03 9.58852182e-09
 2.73860706e+03 1.00790271e-08
 2.74018585e+03 1.05927118e-08
 2.74176464e+03 1.11305808e-08
 2.74334343e+03 1.16936615e-08
 2.74492222e+03 1.22830182e-08
 2.74650101e+03 1.28997734e-08
 2.74807980e+03 1.35450578e-08
 2.74965859e+03 1.42200855e-08
 2.75123738e+03 1.49260718e-08
 2.75281617e+03 1.56643117e-08
 2.75439496e+03 1.64361248e-08
 2.75597375e+03 1.72428813e-08
 2.75755254e+03 1.80860161e-08
 2.75913133e+03 1.89669805e-08
 2.76071012e+03 1.98873231e-08
 2.76228891e+03 2.08485944e-08
 2.76386770e+03 2.18524464e-08
 2.76544649e+03 2.29005513e-08
 2.76702528e+03 2.39946557e-08
 2.76860407e+03 2.51365692e-08
 2.77018286e+03 2.63281353e-08
 2.77176165e+03 2.75713047e-08
 2.77334044e+03 2.88680322e-08
 2.77491923e+03 3.02204021e-08
 2.77649802e+03 3.16305039e-08
 2.77807681e+03 3.31005444e-08
 2.77965560e+03 3.46327697e-08
 2.78123439e+03 3.62295039e-08
 2.78281318e+03 3.78931624e-08
 2.78439197e+03 3.96261932e-08
 2.78597076e+03 4.14311817e-08
 2.78754955e+03 4.33107179e-08
 2.78912834e+03 4.52675484e-08
 2.79070713e+03 4.73044293e-08
 2.79228592e+03 4.94242578e-08
 2.79386471e+03 5.16299787e-08
 2.79544350e+03 5.39246344e-08
 2.79702229e+03 5.63113723e-08
 2.79860108e+03 5.87933855e-08
 2.80017987e+03 6.13740265e-08
 2.80175866e+03 6.40566555e-08
 2.80333745e+03 6.68448228e-08
 2.80491625e+03 6.97420793e-08
 2.80649504e+03 7.27521625e-08
 2.80807383e+03 7.58788372e-08
 2.80965262e+03 7.91260197e-08
 2.81123141e+03 8.24977075e-08
 2.81281020e+03 8.59979942e-08
 2.81438899e+03 8.96311196e-08
 2.81596778e+03 9.34013626e-08
 2.81754657e+03 9.73132053e-08
 2.81912536e+03 1.01371128e-07
 2.82070415e+03 1.05579848e-07
 2.82228294e+03 1.09944069e-07
 2.82386173e+03 1.14468731e-07
 2.82544052e+03 1.19158784e-07
 2.82701931e+03 1.24019381e-07
 2.82859810e+03 1.29055736e-07
 2.83017689e+03 1.34273211e-07
 2.83175568e+03 1.39677295e-07
 2.83333447e+03 1.45273560e-07
 2.83491326e+03 1.51067774e-07
 2.83649205e+03 1.57065727e-07
 2.83807084e+03 1.63273461e-07
 2.83964963e+03 1.69697000e-07
 2.84122842e+03 1.76342652e-07
 2.84280721e+03 1.83216687e-07
 2.84438600e+03 1.90325671e-07
 2.84596479e+03 1.97676138e-07
 2.84754358e+03 2.05274895e-07
 2.84912237e+03 2.13128755e-07
 2.85070116e+03 2.21244760e-07
 2.85227995e+03 2.29630011e-07
 2.85385874e+03 2.38291774e-07
 2.85543753e+03 2.47237445e-07
 2.85701632e+03 2.56474515e-07
 2.85859511e+03 2.66010669e-07
 2.86017390e+03 2.75853622e-07
 2.86175269e+03 2.86011345e-07
 2.86333148e+03 2.96491782e-07
 2.86491027e+03 3.07303178e-07
 2.86648906e+03 3.18453707e-07
 2.86806785e+03 3.29951878e-07
 2.86964664e+03 3.41806099e-07
 2.87122543e+03 3.54025128e-07
 2.87280423e+03 3.66617610e-07
 2.87438302e+03 3.79592536e-07
 2.87596181e+03 3.92958789e-07
 2.87754060e+03 4.06725577e-07
 2.87911939e+03 4.20902017e-07
 2.88069818e+03 4.35497522e-07
 2.88227697e+03 4.50521438e-07
 2.88385576e+03 4.65983363e-07
 2.88543455e+03 4.81892866e-07
 2.88701334e+03 4.98259716e-07
 2.88859213e+03 5.15093692e-07
 2.89017092e+03 5.32404718e-07
 2.89174971e+03 5.50202771e-07
 2.89332850e+03 5.68497911e-07
 2.89490729e+03 5.87300296e-07
 2.89648608e+03 6.06620107e-07
 2.89806487e+03 6.26467664e-07
 2.89964366e+03 6.46853247e-07
 2.90122245e+03 6.67787317e-07
 2.90280124e+03 6.89280239e-07
 2.90438003e+03 7.11342586e-07
 2.90595882e+03 7.33984786e-07
 2.90753761e+03 7.57217498e-07
 2.90911640e+03 7.81051193e-07
 2.91069519e+03 8.05496589e-07
 2.91227398e+03 8.30564170e-07
 2.91385277e+03 8.56264686e-07
 2.91543156e+03 8.82608607e-07
 2.91701035e+03 9.09606683e-07
 2.91858914e+03 9.37269342e-07
 2.92016793e+03 9.65607299e-07
 2.92174672e+03 9.94630910e-07
 2.92332551e+03 1.02435082e-06
 2.92490430e+03 1.05477728e-06
 2.92648309e+03 1.08592082e-06
 2.92806188e+03 1.11779156e-06
 2.92964067e+03 1.15039988e-06
 2.93121946e+03 1.18375573e-06
 2.93279825e+03 1.21786929e-06
 2.93437704e+03 1.25275029e-06
 2.93595583e+03 1.28840869e-06
 2.93753462e+03 1.32485397e-06
 2.93911341e+03 1.36209581e-06
 2.94069221e+03 1.40014338e-06
 2.94227100e+03 1.43900605e-06
 2.94384979e+03 1.47869264e-06
 2.94542858e+03 1.51921215e-06
 2.94700737e+03 1.56057303e-06
 2.94858616e+03 1.60278383e-06
 2.95016495e+03 1.64585259e-06
 2.95174374e+03 1.68978737e-06
 2.95332253e+03 1.73459574e-06
 2.95490132e+03 1.78028524e-06
 2.95648011e+03 1.82686290e-06
 2.95805890e+03 1.87433567e-06
 2.95963769e+03 1.92271004e-06
 2.96121648e+03 1.97199228e-06
 2.96279527e+03 2.02218826e-06
 2.96437406e+03 2.07330357e-06
 2.96595285e+03 2.12534341e-06
 2.96753164e+03 2.17831257e-06
 2.96911043e+03 2.23221557e-06
 2.97068922e+03 2.28705636e-06
 2.97226801e+03 2.34283871e-06
 2.97384680e+03 2.39956565e-06
 2.97542559e+03 2.45724015e-06
 2.97700438e+03 2.51586429e-06
 2.97858317e+03 2.57544018e-06
 2.98016196e+03 2.63596890e-06
 2.98174075e+03 2.69745161e-06
 2.98331954e+03 2.75988836e-06
 2.98489833e+03 2.82327929e-06
 2.98647712e+03 2.88762338e-06
 2.98805591e+03 2.95291971e-06
 2.98963470e+03 3.01916611e-06
 2.99121349e+03 3.08636052e-06
 2.99279228e+03 3.15449965e-06
 2.99437107e+03 3.22358017e-06
 2.99594986e+03 3.29359765e-06
 2.99752865e+03 3.36454744e-06
 2.99910744e+03 3.43642393e-06
 3.00068623e+03 3.50922106e-06
 3.00226502e+03 3.58293203e-06
 3.00384381e+03 3.65754931e-06
 3.00542260e+03 3.73306487e-06
 3.00700139e+03 3.80946966e-06
 3.00858019e+03 3.88675438e-06
 3.01015898e+03 3.96490843e-06
 3.01173777e+03 4.04392114e-06
 3.01331656e+03 4.12378039e-06
 3.01489535e+03 4.20447408e-06
 3.01647414e+03 4.28598856e-06
 3.01805293e+03 4.36831018e-06
 3.01963172e+03 4.45142381e-06
 3.02121051e+03 4.53531418e-06
 3.02278930e+03 4.61996471e-06
 3.02436809e+03 4.70535840e-06
 3.02594688e+03 4.79147726e-06
 3.02752567e+03 4.87830248e-06
 3.02910446e+03 4.96581467e-06
 3.03068325e+03 5.05399322e-06
 3.03226204e+03 5.14281729e-06
 3.03384083e+03 5.23226448e-06
 3.03541962e+03 5.32231243e-06
 3.03699841e+03 5.41293705e-06
 3.03857720e+03 5.50411432e-06
 3.04015599e+03 5.59581859e-06
 3.04173478e+03 5.68802407e-06
 3.04331357e+03 5.78070364e-06
 3.04489236e+03 5.87382968e-06
 3.04647115e+03 5.96737368e-06
 3.04804994e+03 6.06130612e-06
 3.04962873e+03 6.15559714e-06
 3.05120752e+03 6.25021541e-06
 3.05278631e+03 6.34512963e-06
 3.05436510e+03 6.44030677e-06
 3.05594389e+03 6.53571403e-06
 3.05752268e+03 6.63131688e-06
 3.05910147e+03 6.72708083e-06
 3.06068026e+03 6.82297006e-06
 3.06225905e+03 6.91894832e-06
 3.06383784e+03 7.01497865e-06
 3.06541663e+03 7.11102301e-06
 3.06699542e+03 7.20704333e-06
 3.06857421e+03 7.30299997e-06
 3.07015300e+03 7.39885363e-06
 3.07173179e+03 7.49456330e-06
 3.07331058e+03 7.59008832e-06
 3.07488937e+03 7.68538662e-06
 3.07646817e+03 7.78041602e-06
 3.07804696e+03 7.87513365e-06
 3.07962575e+03 7.96949579e-06
 3.08120454e+03 8.06345883e-06
 3.08278333e+03 8.15697772e-06
 3.08436212e+03 8.25000802e-06
 3.08594091e+03 8.34250368e-06
 3.08751970e+03 8.43441922e-06
 3.08909849e+03 8.52570801e-06
 3.09067728e+03 8.61632340e-06
 3.09225607e+03 8.70621840e-06
 3.09383486e+03 8.79534528e-06
 3.09541365e+03 8.88365675e-06
 3.09699244e+03 8.97110425e-06
 3.09857123e+03 9.05764008e-06
 3.10015002e+03 9.14321528e-06
 3.10172881e+03 9.22778152e-06
 3.10330760e+03 9.31128991e-06
 3.10488639e+03 9.39369137e-06
 3.10646518e+03 9.47493727e-06
 3.10804397e+03 9.55497805e-06
 3.10962276e+03 9.63376525e-06
 3.11120155e+03 9.71124927e-06
 3.11278034e+03 9.78738157e-06
 3.11435913e+03 9.86211307e-06
 3.11593792e+03 9.93539500e-06
 3.11751671e+03 1.00071791e-05
 3.11909550e+03 1.00774165e-05
 3.12067429e+03 1.01460597e-05
 3.12225308e+03 1.02130604e-05
 3.12383187e+03 1.02783715e-05
 3.12541066e+03 1.03419457e-05
 3.12698945e+03 1.04037362e-05
 3.12856824e+03 1.04636972e-05
 3.13014703e+03 1.05217823e-05
 3.13172582e+03 1.05779471e-05
 3.13330461e+03 1.06321461e-05
 3.13488340e+03 1.06843360e-05
 3.13646219e+03 1.07344730e-05
 3.13804098e+03 1.07825145e-05
 3.13961977e+03 1.08284189e-05
 3.14119856e+03 1.08721445e-05
 3.14277736e+03 1.09136515e-05
 3.14435615e+03 1.09529001e-05
 3.14593494e+03 1.09898519e-05
 3.14751373e+03 1.10244693e-05
 3.14909252e+03 1.10567155e-05
 3.15067131e+03 1.10865553e-05
 3.15225010e+03 1.11139537e-05
 3.15382889e+03 1.11388776e-05
 3.15540768e+03 1.11612946e-05
 3.15698647e+03 1.11811735e-05
 3.15856526e+03 1.11984848e-05
 3.16014405e+03 1.12131992e-05
 3.16172284e+03 1.12252902e-05
 3.16330163e+03 1.12347312e-05
 3.16488042e+03 1.12414978e-05
 3.16645921e+03 1.12455670e-05
 3.16803800e+03 1.12469164e-05
 3.16961679e+03 1.12455264e-05
 3.17119558e+03 1.12413777e-05
 3.17277437e+03 1.12344533e-05
 3.17435316e+03 1.12247373e-05
 3.17593195e+03 1.12122156e-05
 3.17751074e+03 1.11968761e-05
 3.17908953e+03 1.11787072e-05
 3.18066832e+03 1.11577005e-05
 3.18224711e+03 1.11338482e-05
 3.18382590e+03 1.11071445e-05
 3.18540469e+03 1.10775857e-05
 3.18698348e+03 1.10451692e-05
 3.18856227e+03 1.10098951e-05
 3.19014106e+03 1.09717644e-05
 3.19171985e+03 1.09307803e-05
 3.19329864e+03 1.08869484e-05
 3.19487743e+03 1.08402751e-05
 3.19645622e+03 1.07907696e-05
 3.19803501e+03 1.07384425e-05
 3.19961380e+03 1.06833062e-05
 3.20119259e+03 1.06253758e-05
 3.20277138e+03 1.05646671e-05
 3.20435017e+03 1.05011991e-05
 3.20592896e+03 1.04349917e-05
 3.20750775e+03 1.03660672e-05
 3.20908654e+03 1.02944501e-05
 3.21066534e+03 1.02201661e-05
 3.21224413e+03 1.01432437e-05
 3.21382292e+03 1.00637127e-05
 3.21540171e+03 9.98160492e-06
 3.21698050e+03 9.89695461e-06
 3.21855929e+03 9.80979702e-06
 3.22013808e+03 9.72017030e-06
 3.22171687e+03 9.62811384e-06
 3.22329566e+03 9.53366894e-06
 3.22487445e+03 9.43687940e-06
 3.22645324e+03 9.33778986e-06
 3.22803203e+03 9.23644772e-06
 3.22961082e+03 9.13290178e-06
 3.23118961e+03 9.02720237e-06
 3.23276840e+03 8.91940240e-06
 3.23434719e+03 8.80955556e-06
 3.23592598e+03 8.69771794e-06
 3.23750477e+03 8.58394725e-06
 3.23908356e+03 8.46830230e-06
 3.24066235e+03 8.35084446e-06
 3.24224114e+03 8.23163588e-06
 3.24381993e+03 8.11074060e-06
 3.24539872e+03 7.98822451e-06
 3.24697751e+03 7.86415423e-06
 3.24855630e+03 7.73859865e-06
 3.25013509e+03 7.61162763e-06
 3.25171388e+03 7.48331226e-06
 3.25329267e+03 7.35372565e-06
 3.25487146e+03 7.22294132e-06
 3.25645025e+03 7.09103466e-06
 3.25802904e+03 6.95808221e-06
 3.25960783e+03 6.82416113e-06
 3.26118662e+03 6.68935047e-06
 3.26276541e+03 6.55372974e-06
 3.26434420e+03 6.41737954e-06
 3.26592299e+03 6.28038185e-06
 3.26750178e+03 6.14281885e-06
 3.26908057e+03 6.00477412e-06
 3.27065936e+03 5.86633192e-06
 3.27223815e+03 5.72757684e-06
 3.27381694e+03 5.58859480e-06
 3.27539573e+03 5.44947181e-06
 3.27697452e+03 5.31029450e-06
 3.27855332e+03 5.17115044e-06
 3.28013211e+03 5.03212694e-06
 3.28171090e+03 4.89331222e-06
 3.28328969e+03 4.75479474e-06
 3.28486848e+03 4.61666279e-06
 3.28644727e+03 4.47900550e-06
 3.28802606e+03 4.34191164e-06
 3.28960485e+03 4.20547008e-06
 3.29118364e+03 4.06977010e-06
 3.29276243e+03 3.93490033e-06
 3.29434122e+03 3.80094965e-06
 3.29592001e+03 3.66800681e-06
 3.29749880e+03 3.53615986e-06
 3.29907759e+03 3.40549704e-06
 3.30065638e+03 3.27610598e-06
 3.30223517e+03 3.14807366e-06
 3.30381396e+03 3.02148702e-06
 3.30539275e+03 2.89643201e-06
 3.30697154e+03 2.77299402e-06
 3.30855033e+03 2.65125804e-06
 3.31012912e+03 2.53130783e-06
 3.31170791e+03 2.41322662e-06
 3.31328670e+03 2.29709683e-06
 3.31486549e+03 2.18299955e-06
 3.31644428e+03 2.07101526e-06
 3.31802307e+03 1.96122324e-06
 3.31960186e+03 1.85370142e-06
 3.32118065e+03 1.74852695e-06
 3.32275944e+03 1.64577544e-06
 3.32433823e+03 1.54552120e-06
 3.32591702e+03 1.44783744e-06
 3.32749581e+03 1.35279566e-06
 3.32907460e+03 1.26046601e-06
 3.33065339e+03 1.17091728e-06
 3.33223218e+03 1.08421641e-06
 3.33381097e+03 1.00042890e-06
 3.33538976e+03 9.19618644e-07
 3.33696855e+03 8.41847584e-07
 3.33854734e+03 7.67176135e-07
 3.34012613e+03 6.95662847e-07
 3.34170492e+03 6.27364282e-07
 3.34328371e+03 5.62335326e-07
 3.34486250e+03 5.00628819e-07
 3.34644130e+03 4.42295566e-07
 3.34802009e+03 3.87384540e-07
 3.34959888e+03 3.35942532e-07
 3.35117767e+03 2.88014255e-07
 3.35275646e+03 2.43642429e-07
 3.35433525e+03 2.02867505e-07
 3.35591404e+03 1.65727795e-07
 3.35749283e+03 1.32259485e-07
 3.35907162e+03 1.02496432e-07
 3.36065041e+03 7.64702894e-08
 3.36222920e+03 5.42104715e-08
 3.36380799e+03 3.57440317e-08
 3.36538678e+03 2.10957520e-08
 3.36696557e+03 1.02880926e-08
 3.36854436e+03 3.34113620e-09
 3.37012315e+03 2.72631356e-10
 3.37170194e+03 1.09795008e-09
 3.37328073e+03 5.83008508e-09
 3.37485952e+03 1.44796402e-08
 3.37643831e+03 2.70548152e-08
 3.37801710e+03 4.35614412e-08
 3.37959589e+03 6.40029183e-08
 3.38117468e+03 8.83802389e-08
 3.38275347e+03 1.16692050e-07
 3.38433226e+03 1.48934541e-07
 3.38591105e+03 1.85101511e-07
 3.38748984e+03 2.25184450e-07
 3.38906863e+03 2.69172380e-07
 3.39064742e+03 3.17051968e-07
 3.39222621e+03 3.68807625e-07
 3.39380500e+03 4.24421300e-07
 3.39538379e+03 4.83872636e-07
 3.39696258e+03 5.47139089e-07
 3.39854137e+03 6.14195679e-07
 3.40012016e+03 6.85015179e-07
 3.40169895e+03 7.59568262e-07
 3.40327774e+03 8.37823208e-07
 3.40485653e+03 9.19746122e-07
 3.40643532e+03 1.00530111e-06
 3.40801411e+03 1.09444994e-06
 3.40959290e+03 1.18715231e-06
 3.41117169e+03 1.28336599e-06
 3.41275049e+03 1.38304655e-06
 3.41432928e+03 1.48614751e-06
 3.41590807e+03 1.59262066e-06
 3.41748686e+03 1.70241566e-06
 3.41906565e+03 1.81548019e-06
 3.42064444e+03 1.93176037e-06
 3.42222323e+03 2.05120030e-06
 3.42380202e+03 2.17374222e-06
 3.42538081e+03 2.29932691e-06
 3.42695960e+03 2.42789334e-06
 3.42853839e+03 2.55937864e-06
 3.43011718e+03 2.69371869e-06
 3.43169597e+03 2.83084772e-06
 3.43327476e+03 2.97069821e-06
 3.43485355e+03 3.11320153e-06
 3.43643234e+03 3.25828763e-06
 3.43801113e+03 3.40588478e-06
 3.43958992e+03 3.55592030e-06
 3.44116871e+03 3.70832029e-06
 3.44274750e+03 3.86300933e-06
 3.44432629e+03 4.01991109e-06
 3.44590508e+03 4.17894836e-06
 3.44748387e+03 4.34004250e-06
 3.44906266e+03 4.50311404e-06
 3.45064145e+03 4.66808290e-06
 3.45222024e+03 4.83486775e-06
 3.45379903e+03 5.00338648e-06
 3.45537782e+03 5.17355663e-06
 3.45695661e+03 5.34529472e-06
 3.45853540e+03 5.51851650e-06
 3.46011419e+03 5.69313759e-06
 3.46169298e+03 5.86907292e-06
 3.46327177e+03 6.04623664e-06
 3.46485056e+03 6.22454291e-06
 3.46642935e+03 6.40390559e-06
 3.46800814e+03 6.58423778e-06
 3.46958693e+03 6.76545267e-06
 3.47116572e+03 6.94746353e-06
 3.47274451e+03 7.13018298e-06
 3.47432330e+03 7.31352374e-06
 3.47590209e+03 7.49739892e-06
 3.47748088e+03 7.68172127e-06
 3.47905967e+03 7.86640350e-06
 3.48063847e+03 8.05135902e-06
 3.48221726e+03 8.23650119e-06
 3.48379605e+03 8.42174332e-06
 3.48537484e+03 8.60699946e-06
 3.48695363e+03 8.79218412e-06
 3.48853242e+03 8.97721172e-06
 3.49011121e+03 9.16199739e-06
 3.49169000e+03 9.34645716e-06
 3.49326879e+03 9.53050714e-06
 3.49484758e+03 9.71406399e-06
 3.49642637e+03 9.89704560e-06
 3.49800516e+03 1.00793702e-05
 3.49958395e+03 1.02609566e-05
 3.50116274e+03 1.04417248e-05
 3.50274153e+03 1.06215956e-05
 3.50432032e+03 1.08004904e-05
 3.50589911e+03 1.09783315e-05
 3.50747790e+03 1.11550428e-05
 3.50905669e+03 1.13305487e-05
 3.51063548e+03 1.15047744e-05
 3.51221427e+03 1.16776469e-05
 3.51379306e+03 1.18490939e-05
 3.51537185e+03 1.20190442e-05
 3.51695064e+03 1.21874278e-05
 3.51852943e+03 1.23541764e-05
 3.52010822e+03 1.25192224e-05
 3.52168701e+03 1.26824994e-05
 3.52326580e+03 1.28439431e-05
 3.52484459e+03 1.30034899e-05
 3.52642338e+03 1.31610775e-05
 3.52800217e+03 1.33166453e-05
 3.52958096e+03 1.34701344e-05
 3.53115975e+03 1.36214867e-05
 3.53273854e+03 1.37706457e-05
 3.53431733e+03 1.39175569e-05
 3.53589612e+03 1.40621670e-05
 3.53747491e+03 1.42044238e-05
 3.53905370e+03 1.43442773e-05
 3.54063249e+03 1.44816791e-05
 3.54221128e+03 1.46165816e-05
 3.54379007e+03 1.47489393e-05
 3.54536886e+03 1.48787086e-05
 3.54694765e+03 1.50058472e-05
 3.54852645e+03 1.51303140e-05
 3.55010524e+03 1.52520701e-05
 3.55168403e+03 1.53710784e-05
 3.55326282e+03 1.54873029e-05
 3.55484161e+03 1.56007092e-05
 3.55642040e+03 1.57112652e-05
 3.55799919e+03 1.58189401e-05
 3.55957798e+03 1.59237045e-05
 3.56115677e+03 1.60255308e-05
 3.56273556e+03 1.61243935e-05
 3.56431435e+03 1.62202683e-05
 3.56589314e+03 1.63131323e-05
 3.56747193e+03 1.64029650e-05
 3.56905072e+03 1.64897471e-05
 3.57062951e+03 1.65734607e-05
 3.57220830e+03 1.66540899e-05
 3.57378709e+03 1.67316204e-05
 3.57536588e+03 1.68060396e-05
 3.57694467e+03 1.68773358e-05
 3.57852346e+03 1.69454996e-05
 3.58010225e+03 1.70105233e-05
 3.58168104e+03 1.70724002e-05
 3.58325983e+03 1.71311252e-05
 3.58483862e+03 1.71866951e-05
 3.58641741e+03 1.72391083e-05
 3.58799620e+03 1.72883640e-05
 3.58957499e+03 1.73344633e-05
 3.59115378e+03 1.73774092e-05
 3.59273257e+03 1.74172055e-05
 3.59431136e+03 1.74538575e-05
 3.59589015e+03 1.74873722e-05
 3.59746894e+03 1.75177580e-05
 3.59904773e+03 1.75450244e-05
 3.60062652e+03 1.75691821e-05
 3.60220531e+03 1.75902435e-05
 3.60378410e+03 1.76082226e-05
 3.60536289e+03 1.76231338e-05
 3.60694168e+03 1.76349930e-05
 3.60852047e+03 1.76438180e-05
 3.61009926e+03 1.76496272e-05
 3.61167805e+03 1.76524401e-05
 3.61325684e+03 1.76522774e-05
 3.61483563e+03 1.76491614e-05
 3.61641443e+03 1.76431152e-05
 3.61799322e+03 1.76341626e-05
 3.61957201e+03 1.76223286e-05
 3.62115080e+03 1.76076399e-05
 3.62272959e+03 1.75901235e-05
 3.62430838e+03 1.75698071e-05
 3.62588717e+03 1.75467199e-05
 3.62746596e+03 1.75208921e-05
 3.62904475e+03 1.74923544e-05
 3.63062354e+03 1.74611381e-05
 3.63220233e+03 1.74272759e-05
 3.63378112e+03 1.73908012e-05
 3.63535991e+03 1.73517479e-05
 3.63693870e+03 1.73101503e-05
 3.63851749e+03 1.72660442e-05
 3.64009628e+03 1.72194658e-05
 3.64167507e+03 1.71704516e-05
 3.64325386e+03 1.71190387e-05
 3.64483265e+03 1.70652653e-05
 3.64641144e+03 1.70091699e-05
 3.64799023e+03 1.69507915e-05
 3.64956902e+03 1.68901692e-05
 3.65114781e+03 1.68273431e-05
 3.65272660e+03 1.67623540e-05
 3.65430539e+03 1.66952422e-05
 3.65588418e+03 1.66260489e-05
 3.65746297e+03 1.65548157e-05
 3.65904176e+03 1.64815847e-05
 3.66062055e+03 1.64063979e-05
 3.66219934e+03 1.63292973e-05
 3.66377813e+03 1.62503260e-05
 3.66535692e+03 1.61695269e-05
 3.66693571e+03 1.60869431e-05
 3.66851450e+03 1.60026174e-05
 3.67009329e+03 1.59165936e-05
 3.67167208e+03 1.58289152e-05
 3.67325087e+03 1.57396258e-05
 3.67482966e+03 1.56487687e-05
 3.67640845e+03 1.55563879e-05
 3.67798724e+03 1.54625273e-05
 3.67956603e+03 1.53672305e-05
 3.68114482e+03 1.52705410e-05
 3.68272361e+03 1.51725025e-05
 3.68430241e+03 1.50731589e-05
 3.68588120e+03 1.49725536e-05
 3.68745999e+03 1.48707297e-05
 3.68903878e+03 1.47677305e-05
 3.69061757e+03 1.46635993e-05
 3.69219636e+03 1.45583792e-05
 3.69377515e+03 1.44521126e-05
 3.69535394e+03 1.43448419e-05
 3.69693273e+03 1.42366098e-05
 3.69851152e+03 1.41274583e-05
 3.70009031e+03 1.40174290e-05
 3.70166910e+03 1.39065634e-05
 3.70324789e+03 1.37949027e-05
 3.70482668e+03 1.36824881e-05
 3.70640547e+03 1.35693600e-05
 3.70798426e+03 1.34555585e-05
 3.70956305e+03 1.33411235e-05
 3.71114184e+03 1.32260947e-05
 3.71272063e+03 1.31105112e-05
 3.71429942e+03 1.29944115e-05
 3.71587821e+03 1.28778340e-05
 3.71745700e+03 1.27608166e-05
 3.71903579e+03 1.26433970e-05
 3.72061458e+03 1.25256119e-05
 3.72219337e+03 1.24074979e-05
 3.72377216e+03 1.22890911e-05
 3.72535095e+03 1.21704273e-05
 3.72692974e+03 1.20515416e-05
 3.72850853e+03 1.19324684e-05
 3.73008732e+03 1.18132419e-05
 3.73166611e+03 1.16938959e-05
 3.73324490e+03 1.15744637e-05
 3.73482369e+03 1.14549775e-05
 3.73640248e+03 1.13354694e-05
 3.73798127e+03 1.12159712e-05
 3.73956006e+03 1.10965138e-05
 3.74113885e+03 1.09771277e-05
 3.74271764e+03 1.08578427e-05
 3.74429643e+03 1.07386880e-05
 3.74587522e+03 1.06196927e-05
 3.74745401e+03 1.05008851e-05
 3.74903280e+03 1.03822925e-05
 3.75061160e+03 1.02639422e-05
 3.75219039e+03 1.01458607e-05
 3.75376918e+03 1.00280742e-05
 3.75534797e+03 9.91060785e-06
 3.75692676e+03 9.79348646e-06
 3.75850555e+03 9.67673427e-06
 3.76008434e+03 9.56037511e-06
 3.76166313e+03 9.44443213e-06
 3.76324192e+03 9.32892773e-06
 3.76482071e+03 9.21388375e-06
 3.76639950e+03 9.09932169e-06
 3.76797829e+03 8.98526250e-06
 3.76955708e+03 8.87172638e-06
 3.77113587e+03 8.75873289e-06
 3.77271466e+03 8.64630109e-06
 3.77429345e+03 8.53444966e-06
 3.77587224e+03 8.42319671e-06
 3.77745103e+03 8.31255957e-06
 3.77902982e+03 8.20255500e-06
 3.78060861e+03 8.09319936e-06
 3.78218740e+03 7.98450857e-06
 3.78376619e+03 7.87649792e-06
 3.78534498e+03 7.76918200e-06
 3.78692377e+03 7.66257490e-06
 3.78850256e+03 7.55669030e-06
 3.79008135e+03 7.45154145e-06
 3.79166014e+03 7.34714095e-06
 3.79323893e+03 7.24350078e-06
 3.79481772e+03 7.14063244e-06
 3.79639651e+03 7.03854708e-06
 3.79797530e+03 6.93725536e-06
 3.79955409e+03 6.83676737e-06
 3.80113288e+03 6.73709259e-06
 3.80271167e+03 6.63824006e-06
 3.80429046e+03 6.54021852e-06
 3.80586925e+03 6.44303624e-06
 3.80744804e+03 6.34670089e-06
 3.80902683e+03 6.25121962e-06
 3.81060562e+03 6.15659921e-06
 3.81218441e+03 6.06284610e-06
 3.81376320e+03 5.96996631e-06
 3.81534199e+03 5.87796530e-06
 3.81692078e+03 5.78684808e-06
 3.81849958e+03 5.69661926e-06
 3.82007837e+03 5.60728319e-06
 3.82165716e+03 5.51884381e-06
 3.82323595e+03 5.43130458e-06
 3.82481474e+03 5.34466847e-06
 3.82639353e+03 5.25893817e-06
 3.82797232e+03 5.17411608e-06
 3.82955111e+03 5.09020426e-06
 3.83112990e+03 5.00720431e-06
 3.83270869e+03 4.92511742e-06
 3.83428748e+03 4.84394448e-06
 3.83586627e+03 4.76368614e-06
 3.83744506e+03 4.68434275e-06
 3.83902385e+03 4.60591428e-06
 3.84060264e+03 4.52840028e-06
 3.84218143e+03 4.45180004e-06
 3.84376022e+03 4.37611266e-06
 3.84533901e+03 4.30133695e-06
 3.84691780e+03 4.22747142e-06
 3.84849659e+03 4.15451420e-06
 3.85007538e+03 4.08246316e-06
 3.85165417e+03 4.01131600e-06
 3.85323296e+03 3.94107020e-06
 3.85481175e+03 3.87172298e-06
 3.85639054e+03 3.80327124e-06
 3.85796933e+03 3.73571162e-06
 3.85954812e+03 3.66904058e-06
 3.86112691e+03 3.60325447e-06
 3.86270570e+03 3.53834937e-06
 3.86428449e+03 3.47432114e-06
 3.86586328e+03 3.41116536e-06
 3.86744207e+03 3.34887747e-06
 3.86902086e+03 3.28745279e-06
 3.87059965e+03 3.22688647e-06
 3.87217844e+03 3.16717346e-06
 3.87375723e+03 3.10830851e-06
 3.87533602e+03 3.05028616e-06
 3.87691481e+03 2.99310087e-06
 3.87849360e+03 2.93674703e-06
 3.88007239e+03 2.88121885e-06
 3.88165118e+03 2.82651035e-06
 3.88322997e+03 2.77261540e-06
 3.88480876e+03 2.71952777e-06
 3.88638756e+03 2.66724116e-06
 3.88796635e+03 2.61574920e-06
 3.88954514e+03 2.56504535e-06
 3.89112393e+03 2.51512297e-06
 3.89270272e+03 2.46597526e-06
 3.89428151e+03 2.41759542e-06
 3.89586030e+03 2.36997656e-06
 3.89743909e+03 2.32311177e-06
 3.89901788e+03 2.27699398e-06
 3.90059667e+03 2.23161602e-06
 3.90217546e+03 2.18697069e-06
 3.90375425e+03 2.14305075e-06
 3.90533304e+03 2.09984893e-06
 3.90691183e+03 2.05735792e-06
 3.90849062e+03 2.01557031e-06
 3.91006941e+03 1.97447862e-06
 3.91164820e+03 1.93407536e-06
 3.91322699e+03 1.89435304e-06
 3.91480578e+03 1.85530417e-06
 3.91638457e+03 1.81692119e-06
 3.91796336e+03 1.77919651e-06
 3.91954215e+03 1.74212250e-06
 3.92112094e+03 1.70569152e-06
 3.92269973e+03 1.66989598e-06
 3.92427852e+03 1.63472827e-06
 3.92585731e+03 1.60018078e-06
 3.92743610e+03 1.56624584e-06
 3.92901489e+03 1.53291581e-06
 3.93059368e+03 1.50018303e-06
 3.93217247e+03 1.46803992e-06
 3.93375126e+03 1.43647889e-06
 3.93533005e+03 1.40549236e-06
 3.93690884e+03 1.37507275e-06
 3.93848763e+03 1.34521247e-06
 3.94006642e+03 1.31590399e-06
 3.94164521e+03 1.28713980e-06
 3.94322400e+03 1.25891245e-06
 3.94480279e+03 1.23121452e-06
 3.94638158e+03 1.20403856e-06
 3.94796037e+03 1.17737718e-06
 3.94953916e+03 1.15122300e-06
 3.95111795e+03 1.12556874e-06
 3.95269674e+03 1.10040713e-06
 3.95427554e+03 1.07573097e-06
 3.95585433e+03 1.05153308e-06
 3.95743312e+03 1.02780628e-06
 3.95901191e+03 1.00454347e-06
 3.96059070e+03 9.81737608e-07
 3.96216949e+03 9.59381718e-07
 3.96374828e+03 9.37468875e-07
 3.96532707e+03 9.15992190e-07
 3.96690586e+03 8.94944811e-07
 3.96848465e+03 8.74319936e-07
 3.97006344e+03 8.54110835e-07
 3.97164223e+03 8.34310854e-07
 3.97322102e+03 8.14913401e-07
 3.97479981e+03 7.95911935e-07
 3.97637860e+03 7.77299956e-07
 3.97795739e+03 7.59071017e-07
 3.97953618e+03 7.41218740e-07
 3.98111497e+03 7.23736825e-07
 3.98269376e+03 7.06619044e-07
 3.98427255e+03 6.89859236e-07
 3.98585134e+03 6.73451286e-07
 3.98743013e+03 6.57389135e-07
 3.98900892e+03 6.41666786e-07
 3.99058771e+03 6.26278315e-07
 3.99216650e+03 6.11217883e-07
 3.99374529e+03 5.96479720e-07
 3.99532408e+03 5.82058118e-07
 3.99690287e+03 5.67947425e-07
 3.99848166e+03 5.54142047e-07
 4.00006045e+03 5.40636458e-07
 4.00163924e+03 5.27425211e-07
 4.00321803e+03 5.14502936e-07
 4.00479682e+03 5.01864338e-07
 4.00637561e+03 4.89504179e-07
 4.00795440e+03 4.77417281e-07
 4.00953319e+03 4.65598527e-07
 4.01111198e+03 4.54042871e-07
 4.01269077e+03 4.42745342e-07
 4.01426956e+03 4.31701046e-07
 4.01584835e+03 4.20905160e-07
 4.01742714e+03 4.10352922e-07
 4.01900593e+03 4.00039629e-07
 4.02058472e+03 3.89960638e-07
 4.02216352e+03 3.80111376e-07
 4.02374231e+03 3.70487341e-07
 4.02532110e+03 3.61084110e-07
 4.02689989e+03 3.51897323e-07
 4.02847868e+03 3.42922685e-07
 4.03005747e+03 3.34155956e-07
 4.03163626e+03 3.25592957e-07
 4.03321505e+03 3.17229575e-07
 4.03479384e+03 3.09061763e-07
 4.03637263e+03 3.01085546e-07
 4.03795142e+03 2.93297017e-07
 4.03953021e+03 2.85692328e-07
 4.04110900e+03 2.78267687e-07
 4.04268779e+03 2.71019359e-07
 4.04426658e+03 2.63943667e-07
 4.04584537e+03 2.57037001e-07
 4.04742416e+03 2.50295813e-07
 4.04900295e+03 2.43716622e-07
 4.05058174e+03 2.37296005e-07
 4.05216053e+03 2.31030595e-07
 4.05373932e+03 2.24917074e-07
 4.05531811e+03 2.18952181e-07
 4.05689690e+03 2.13132714e-07
 4.05847569e+03 2.07455527e-07
 4.06005448e+03 2.01917538e-07
 4.06163327e+03 1.96515719e-07
 4.06321206e+03 1.91247098e-07
 4.06479085e+03 1.86108750e-07
 4.06636964e+03 1.81097802e-07
 4.06794843e+03 1.76211429e-07
 4.06952722e+03 1.71446861e-07
 4.07110601e+03 1.66801384e-07
 4.07268480e+03 1.62272334e-07
 4.07426359e+03 1.57857102e-07
 4.07584238e+03 1.53553125e-07
 4.07742117e+03 1.49357887e-07
 4.07899996e+03 1.45268915e-07
 4.08057875e+03 1.41283783e-07
 4.08215754e+03 1.37400113e-07
 4.08373633e+03 1.33615577e-07
 4.08531512e+03 1.29927894e-07
 4.08689391e+03 1.26334829e-07
 4.08847271e+03 1.22834190e-07
 4.09005150e+03 1.19423827e-07
 4.09163029e+03 1.16101630e-07
 4.09320908e+03 1.12865530e-07
 4.09478787e+03 1.09713498e-07
 4.09636666e+03 1.06643553e-07
 4.09794545e+03 1.03653753e-07
 4.09952424e+03 1.00742198e-07
 4.10110303e+03 9.79070266e-08
 4.10268182e+03 9.51464154e-08
 4.10426061e+03 9.24585752e-08
 4.10583940e+03 8.98417533e-08
 4.10741819e+03 8.72942336e-08
 4.10899698e+03 8.48143375e-08
 4.11057577e+03 8.24004239e-08
 4.11215456e+03 8.00508881e-08
 4.11373335e+03 7.77641601e-08
 4.11531214e+03 7.55387026e-08
 4.11689093e+03 7.33730101e-08
 4.11846972e+03 7.12656079e-08
 4.12004851e+03 6.92150527e-08
 4.12162730e+03 6.72199329e-08
 4.12320609e+03 6.52788693e-08
 4.12478488e+03 6.33905146e-08
 4.12636367e+03 6.15535521e-08
 4.12794246e+03 5.97666947e-08
 4.12952125e+03 5.80286830e-08
 4.13110004e+03 5.63382846e-08
 4.13267883e+03 5.46942938e-08
 4.13425762e+03 5.30955312e-08
 4.13583641e+03 5.15408449e-08
 4.13741520e+03 5.00291097e-08
 4.13899399e+03 4.85592277e-08
 4.14057278e+03 4.71301266e-08
 4.14215157e+03 4.57407592e-08
 4.14373036e+03 4.43901019e-08
 4.14530915e+03 4.30771538e-08
 4.14688794e+03 4.18009364e-08
 4.14846673e+03 4.05604936e-08
 4.15004552e+03 3.93548916e-08
 4.15162431e+03 3.81832195e-08
 4.15320310e+03 3.70445885e-08
 4.15478189e+03 3.59381316e-08
 4.15636069e+03 3.48630028e-08
 4.15793948e+03 3.38183764e-08
 4.15951827e+03 3.28034454e-08
 4.16109706e+03 3.18174218e-08
 4.16267585e+03 3.08595360e-08
 4.16425464e+03 2.99290366e-08
 4.16583343e+03 2.90251907e-08
 4.16741222e+03 2.81472839e-08
 4.16899101e+03 2.72946198e-08
 4.17056980e+03 2.64665195e-08
 4.17214859e+03 2.56623212e-08
 4.17372738e+03 2.48813790e-08
 4.17530617e+03 2.41230627e-08
 4.17688496e+03 2.33867572e-08
 4.17846375e+03 2.26718622e-08
 4.18004254e+03 2.19777923e-08
 4.18162133e+03 2.13039768e-08
 4.18320012e+03 2.06498600e-08
 4.18477891e+03 2.00149003e-08
 4.18635770e+03 1.93985705e-08
 4.18793649e+03 1.88003567e-08
 4.18951528e+03 1.82197581e-08
 4.19109407e+03 1.76562866e-08
 4.19267286e+03 1.71094661e-08
 4.19425165e+03 1.65788321e-08
 4.19583044e+03 1.60639322e-08
 4.19740923e+03 1.55643256e-08
 4.19898802e+03 1.50795830e-08
 4.20056681e+03 1.46092866e-08
 4.20214560e+03 1.41530296e-08
 4.20372439e+03 1.37104165e-08
 4.20530318e+03 1.32810618e-08
 4.20688197e+03 1.28645902e-08
 4.20846076e+03 1.24606361e-08
 4.21003955e+03 1.20688434e-08
 4.21161834e+03 1.16888649e-08
 4.21319713e+03 1.13203626e-08
 4.21477592e+03 1.09630076e-08
 4.21635471e+03 1.06164798e-08
 4.21793350e+03 1.02804677e-08
 4.21951229e+03 9.95466865e-09
 4.22109108e+03 9.63878814e-09
 4.22266987e+03 9.33253975e-09
 4.22424867e+03 9.03564474e-09
 4.22582746e+03 8.74783183e-09
 4.22740625e+03 8.46883692e-09
 4.22898504e+03 8.19840295e-09
 4.23056383e+03 7.93627970e-09
 4.23214262e+03 7.68222376e-09
 4.23372141e+03 7.43599843e-09
 4.23530020e+03 7.19737359e-09
 4.23687899e+03 6.96612562e-09
 4.23845778e+03 6.74203720e-09
 4.24003657e+03 6.52489715e-09
 4.24161536e+03 6.31450020e-09
 4.24319415e+03 6.11064677e-09
 4.24477294e+03 5.91314276e-09
 4.24635173e+03 5.72179941e-09
 4.24793052e+03 5.53643310e-09
 4.24950931e+03 5.35686530e-09
 4.25108810e+03 5.18292243e-09
 4.25266689e+03 5.01443580e-09
 4.25424568e+03 4.85124156e-09
 4.25582447e+03 4.69318055e-09
 4.25740326e+03 4.54009823e-09
 4.25898205e+03 4.39184454e-09
 4.26056084e+03 4.24827376e-09
 4.26213963e+03 4.10924435e-09
 4.26371842e+03 3.97461878e-09
 4.26529721e+03 3.84426345e-09
 4.26687600e+03 3.71804852e-09
 4.26845479e+03 3.59584779e-09
 4.27003358e+03 3.47753870e-09
 4.27161237e+03 3.36300215e-09
 4.27319116e+03 3.25212252e-09
 4.27476995e+03 3.14478755e-09
 4.27634874e+03 3.04088830e-09
 4.27792753e+03 2.94031907e-09
 4.27950632e+03 2.84297728e-09
 4.28108511e+03 2.74876342e-09
 4.28266390e+03 2.65758090e-09
 4.28424269e+03 2.56933600e-09
 4.28582148e+03 2.48393772e-09
 4.28740027e+03 2.40129772e-09
 4.28897906e+03 2.32133023e-09
 4.29055785e+03 2.24395200e-09
 4.29213665e+03 2.16908218e-09
 4.29371544e+03 2.09664235e-09
 4.29529423e+03 2.02655637e-09
 4.29687302e+03 1.95875041e-09
 4.29845181e+03 1.89315286e-09
 4.30003060e+03 1.82969430e-09
 4.30160939e+03 1.76830740e-09
