 1.32497793e+02 2.17437836e-09
 1.32578928e+02 2.29266561e-09
 1.32660064e+02 2.41606451e-09
 1.32741199e+02 2.54499484e-09
 1.32822335e+02 2.67987638e-09
 1.32903470e+02 2.82112891e-09
 1.32984605e+02 2.96917219e-09
 1.33065741e+02 3.12442600e-09
 1.33146876e+02 3.28731012e-09
 1.33228012e+02 3.45824432e-09
 1.33309147e+02 3.63764838e-09
 1.33390282e+02 3.82594207e-09
 1.33471418e+02 4.02354518e-09
 1.33552553e+02 4.23087746e-09
 1.33633688e+02 4.44835870e-09
 1.33714824e+02 4.67640868e-09
 1.33795959e+02 4.91544716e-09
 1.33877095e+02 5.16589393e-09
 1.33958230e+02 5.42816876e-09
 1.34039365e+02 5.70269189e-09
 1.34120501e+02 5.98995317e-09
 1.34201636e+02 6.29058561e-09
 1.34282771e+02 6.60523980e-09
 1.34363907e+02 6.93456635e-09
 1.34445042e+02 7.27921585e-09
 1.34526178e+02 7.63983891e-09
 1.34607313e+02 8.01708614e-09
 1.34688448e+02 8.41160812e-09
 1.34769584e+02 8.82405546e-09
 1.34850719e+02 9.25510378e-09
 1.34931854e+02 9.70558942e-09
 1.35012990e+02 1.01764123e-08
 1.35094125e+02 1.06684726e-08
 1.35175261e+02 1.11826705e-08
 1.35256396e+02 1.17199059e-08
 1.35337531e+02 1.22810791e-08
 1.35418667e+02 1.28670901e-08
 1.35499802e+02 1.34788391e-08
 1.35580937e+02 1.41172318e-08
 1.35662073e+02 1.47833294e-08
 1.35743208e+02 1.54783671e-08
 1.35824344e+02 1.62035889e-08
 1.35905479e+02 1.69602388e-08
 1.35986614e+02 1.77495609e-08
 1.36067750e+02 1.85727993e-08
 1.36148885e+02 1.94311979e-08
 1.36230020e+02 2.03260009e-08
 1.36311156e+02 2.12584522e-08
 1.36392291e+02 2.22298862e-08
 1.36473427e+02 2.32419261e-08
 1.36554562e+02 2.42962533e-08
 1.36635697e+02 2.53945492e-08
 1.36716833e+02 2.65384954e-08
 1.36797968e+02 2.77297730e-08
 1.36879103e+02 2.89700636e-08
 1.36960239e+02 3.02610485e-08
 1.37041374e+02 3.16044092e-08
 1.37122510e+02 3.30018568e-08
 1.37203645e+02 3.44554231e-08
 1.37284780e+02 3.59673355e-08
 1.37365916e+02 3.75398239e-08
 1.37447051e+02 3.91751183e-08
 1.37528187e+02 4.08754487e-08
 1.37609322e+02 4.26430450e-08
 1.37690457e+02 4.44801374e-08
 1.37771593e+02 4.63889557e-08
 1.37852728e+02 4.83717331e-08
 1.37933863e+02 5.04309365e-08
 1.38014999e+02 5.25694260e-08
 1.38096134e+02 5.47900996e-08
 1.38177270e+02 5.70958552e-08
 1.38258405e+02 5.94895908e-08
 1.38339540e+02 6.19742042e-08
 1.38420676e+02 6.45525935e-08
 1.38501811e+02 6.72276566e-08
 1.38582946e+02 7.00022914e-08
 1.38664082e+02 7.28794975e-08
 1.38745217e+02 7.58627955e-08
 1.38826353e+02 7.89558727e-08
 1.38907488e+02 8.21624165e-08
 1.38988623e+02 8.54861142e-08
 1.39069759e+02 8.89306532e-08
 1.39150894e+02 9.24997209e-08
 1.39232029e+02 9.61970047e-08
 1.39313165e+02 1.00026192e-07
 1.39394300e+02 1.03990992e-07
 1.39475436e+02 1.08095566e-07
 1.39556571e+02 1.12344486e-07
 1.39637706e+02 1.16742342e-07
 1.39718842e+02 1.21293722e-07
 1.39799977e+02 1.26003214e-07
 1.39881112e+02 1.30875409e-07
 1.39962248e+02 1.35914893e-07
 1.40043383e+02 1.41126257e-07
 1.40124519e+02 1.46514090e-07
 1.40205654e+02 1.52083226e-07
 1.40286789e+02 1.57839142e-07
 1.40367925e+02 1.63787414e-07
 1.40449060e+02 1.69933619e-07
 1.40530195e+02 1.76283336e-07
 1.40611331e+02 1.82842140e-07
 1.40692466e+02 1.89615609e-07
 1.40773602e+02 1.96609322e-07
 1.40854737e+02 2.03828853e-07
 1.40935872e+02 2.11279858e-07
 1.41017008e+02 2.18968624e-07
 1.41098143e+02 2.26901757e-07
 1.41179278e+02 2.35085865e-07
 1.41260414e+02 2.43527556e-07
 1.41341549e+02 2.52233439e-07
 1.41422685e+02 2.61210120e-07
 1.41503820e+02 2.70464209e-07
 1.41584955e+02 2.80002313e-07
 1.41666091e+02 2.89831049e-07
 1.41747226e+02 2.99957435e-07
 1.41828362e+02 3.10389043e-07
 1.41909497e+02 3.21133487e-07
 1.41990632e+02 3.32198379e-07
 1.42071768e+02 3.43591333e-07
 1.42152903e+02 3.55319961e-07
 1.42234038e+02 3.67391877e-07
 1.42315174e+02 3.79814694e-07
 1.42396309e+02 3.92596024e-07
 1.42477445e+02 4.05743626e-07
 1.42558580e+02 4.19265844e-07
 1.42639715e+02 4.33171180e-07
 1.42720851e+02 4.47468131e-07
 1.42801986e+02 4.62165197e-07
 1.42883121e+02 4.77270877e-07
 1.42964257e+02 4.92793668e-07
 1.43045392e+02 5.08742072e-07
 1.43126528e+02 5.25124585e-07
 1.43207663e+02 5.41949732e-07
 1.43288798e+02 5.59226386e-07
 1.43369934e+02 5.76963687e-07
 1.43451069e+02 5.95170783e-07
 1.43532204e+02 6.13856818e-07
 1.43613340e+02 6.33030941e-07
 1.43694475e+02 6.52702299e-07
 1.43775611e+02 6.72880037e-07
 1.43856746e+02 6.93573302e-07
 1.43937881e+02 7.14791242e-07
 1.44019017e+02 7.36543084e-07
 1.44100152e+02 7.58838221e-07
 1.44181287e+02 7.81686068e-07
 1.44262423e+02 8.05096041e-07
 1.44343558e+02 8.29077555e-07
 1.44424694e+02 8.53640025e-07
 1.44505829e+02 8.78792867e-07
 1.44586964e+02 9.04545496e-07
 1.44668100e+02 9.30907326e-07
 1.44749235e+02 9.57887748e-07
 1.44830370e+02 9.85495979e-07
 1.44911506e+02 1.01374117e-06
 1.44992641e+02 1.04263246e-06
 1.45073777e+02 1.07217901e-06
 1.45154912e+02 1.10238997e-06
 1.45236047e+02 1.13327447e-06
 1.45317183e+02 1.16484168e-06
 1.45398318e+02 1.19710073e-06
 1.45479453e+02 1.23006076e-06
 1.45560589e+02 1.26373048e-06
 1.45641724e+02 1.29811810e-06
 1.45722860e+02 1.33323181e-06
 1.45803995e+02 1.36907978e-06
 1.45885130e+02 1.40567022e-06
 1.45966266e+02 1.44301130e-06
 1.46047401e+02 1.48111121e-06
 1.46128537e+02 1.51997814e-06
 1.46209672e+02 1.55962027e-06
 1.46290807e+02 1.60004543e-06
 1.46371943e+02 1.64126025e-06
 1.46453078e+02 1.68327112e-06
 1.46534213e+02 1.72608440e-06
 1.46615349e+02 1.76970649e-06
 1.46696484e+02 1.81414377e-06
 1.46777620e+02 1.85940261e-06
 1.46858755e+02 1.90548941e-06
 1.46939890e+02 1.95241055e-06
 1.47021026e+02 2.00017226e-06
 1.47102161e+02 2.04877918e-06
 1.47183296e+02 2.09823495e-06
 1.47264432e+02 2.14854319e-06
 1.47345567e+02 2.19970751e-06
 1.47426703e+02 2.25173155e-06
 1.47507838e+02 2.30461892e-06
 1.47588973e+02 2.35837324e-06
 1.47670109e+02 2.41299814e-06
 1.47751244e+02 2.46849721e-06
 1.47832379e+02 2.52487277e-06
 1.47913515e+02 2.58212488e-06
 1.47994650e+02 2.64025337e-06
 1.48075786e+02 2.69925810e-06
 1.48156921e+02 2.75913889e-06
 1.48238056e+02 2.81989560e-06
 1.48319192e+02 2.88152806e-06
 1.48400327e+02 2.94403612e-06
 1.48481462e+02 3.00741961e-06
 1.48562598e+02 3.07167778e-06
 1.48643733e+02 3.13680672e-06
 1.48724869e+02 3.20280149e-06
 1.48806004e+02 3.26965715e-06
 1.48887139e+02 3.33736875e-06
 1.48968275e+02 3.40593136e-06
 1.49049410e+02 3.47534002e-06
 1.49130545e+02 3.54558980e-06
 1.49211681e+02 3.61667575e-06
 1.49292816e+02 3.68859279e-06
 1.49373952e+02 3.76133306e-06
 1.49455087e+02 3.83488602e-06
 1.49536222e+02 3.90924106e-06
 1.49617358e+02 3.98438757e-06
 1.49698493e+02 4.06031491e-06
 1.49779628e+02 4.13701248e-06
 1.49860764e+02 4.21446966e-06
 1.49941899e+02 4.29267581e-06
 1.50023035e+02 4.37162033e-06
 1.50104170e+02 4.45129104e-06
 1.50185305e+02 4.53167165e-06
 1.50266441e+02 4.61274520e-06
 1.50347576e+02 4.69449472e-06
 1.50428712e+02 4.77690323e-06
 1.50509847e+02 4.85995378e-06
 1.50590982e+02 4.94362938e-06
 1.50672118e+02 5.02791309e-06
 1.50753253e+02 5.11278792e-06
 1.50834388e+02 5.19823643e-06
 1.50915524e+02 5.28423709e-06
 1.50996659e+02 5.37076626e-06
 1.51077795e+02 5.45780028e-06
 1.51158930e+02 5.54531550e-06
 1.51240065e+02 5.63328827e-06
 1.51321201e+02 5.72169494e-06
 1.51402336e+02 5.81051185e-06
 1.51483471e+02 5.89971535e-06
 1.51564607e+02 5.98928173e-06
 1.51645742e+02 6.07918470e-06
 1.51726878e+02 6.16939431e-06
 1.51808013e+02 6.25988033e-06
 1.51889148e+02 6.35061253e-06
 1.51970284e+02 6.44156067e-06
 1.52051419e+02 6.53269454e-06
 1.52132554e+02 6.62398389e-06
 1.52213690e+02 6.71539850e-06
 1.52294825e+02 6.80690813e-06
 1.52375961e+02 6.89848163e-06
 1.52457096e+02 6.99008386e-06
 1.52538231e+02 7.08167867e-06
 1.52619367e+02 7.17322988e-06
 1.52700502e+02 7.26470134e-06
 1.52781637e+02 7.35605687e-06
 1.52862773e+02 7.44726030e-06
 1.52943908e+02 7.53827548e-06
 1.53025044e+02 7.62906623e-06
 1.53106179e+02 7.71959623e-06
 1.53187314e+02 7.80982660e-06
 1.53268450e+02 7.89971654e-06
 1.53349585e+02 7.98922517e-06
 1.53430720e+02 8.07831160e-06
 1.53511856e+02 8.16693498e-06
 1.53592991e+02 8.25505441e-06
 1.53674127e+02 8.34262904e-06
 1.53755262e+02 8.42961799e-06
 1.53836397e+02 8.51598037e-06
 1.53917533e+02 8.60167447e-06
 1.53998668e+02 8.68665677e-06
 1.54079803e+02 8.77088352e-06
 1.54160939e+02 8.85431094e-06
 1.54242074e+02 8.93689529e-06
 1.54323210e+02 9.01859281e-06
 1.54404345e+02 9.09935972e-06
 1.54485480e+02 9.17915229e-06
 1.54566616e+02 9.25792674e-06
 1.54647751e+02 9.33563927e-06
 1.54728887e+02 9.41224575e-06
 1.54810022e+02 9.48770189e-06
 1.54891157e+02 9.56196342e-06
 1.54972293e+02 9.63498608e-06
 1.55053428e+02 9.70672557e-06
 1.55134563e+02 9.77713764e-06
 1.55215699e+02 9.84617800e-06
 1.55296834e+02 9.91380237e-06
 1.55377970e+02 9.97996652e-06
 1.55459105e+02 1.00446272e-05
 1.55540240e+02 1.01077424e-05
 1.55621376e+02 1.01692701e-05
 1.55702511e+02 1.02291683e-05
 1.55783646e+02 1.02873950e-05
 1.55864782e+02 1.03439083e-05
 1.55945917e+02 1.03986661e-05
 1.56027053e+02 1.04516265e-05
 1.56108188e+02 1.05027474e-05
 1.56189323e+02 1.05519880e-05
 1.56270459e+02 1.05993109e-05
 1.56351594e+02 1.06446794e-05
 1.56432729e+02 1.06880569e-05
 1.56513865e+02 1.07294067e-05
 1.56595000e+02 1.07686923e-05
 1.56676136e+02 1.08058770e-05
 1.56757271e+02 1.08409242e-05
 1.56838406e+02 1.08737972e-05
 1.56919542e+02 1.09044599e-05
 1.57000677e+02 1.09328809e-05
 1.57081812e+02 1.09590320e-05
 1.57162948e+02 1.09828850e-05
 1.57244083e+02 1.10044119e-05
 1.57325219e+02 1.10235843e-05
 1.57406354e+02 1.10403743e-05
 1.57487489e+02 1.10547536e-05
 1.57568625e+02 1.10666940e-05
 1.57649760e+02 1.10761674e-05
 1.57730895e+02 1.10831497e-05
 1.57812031e+02 1.10876232e-05
 1.57893166e+02 1.10895713e-05
 1.57974302e+02 1.10889770e-05
 1.58055437e+02 1.10858238e-05
 1.58136572e+02 1.10800947e-05
 1.58217708e+02 1.10717729e-05
 1.58298843e+02 1.10608418e-05
 1.58379978e+02 1.10472844e-05
 1.58461114e+02 1.10310858e-05
 1.58542249e+02 1.10122398e-05
 1.58623385e+02 1.09907435e-05
 1.58704520e+02 1.09665939e-05
 1.58785655e+02 1.09397879e-05
 1.58866791e+02 1.09103227e-05
 1.58947926e+02 1.08781952e-05
 1.59029062e+02 1.08434024e-05
 1.59110197e+02 1.08059414e-05
 1.59191332e+02 1.07658095e-05
 1.59272468e+02 1.07230116e-05
 1.59353603e+02 1.06775599e-05
 1.59434738e+02 1.06294670e-05
 1.59515874e+02 1.05787453e-05
 1.59597009e+02 1.05254073e-05
 1.59678145e+02 1.04694655e-05
 1.59759280e+02 1.04109325e-05
 1.59840415e+02 1.03498206e-05
 1.59921551e+02 1.02861425e-05
 1.60002686e+02 1.02199145e-05
 1.60083821e+02 1.01511635e-05
 1.60164957e+02 1.00799183e-05
 1.60246092e+02 1.00062075e-05
 1.60327228e+02 9.93005982e-06
 1.60408363e+02 9.85150406e-06
 1.60489498e+02 9.77056891e-06
 1.60570634e+02 9.68728307e-06
 1.60651769e+02 9.60167528e-06
 1.60732904e+02 9.51377532e-06
 1.60814040e+02 9.42362266e-06
 1.60895175e+02 9.33126182e-06
 1.60976311e+02 9.23673737e-06
 1.61057446e+02 9.14009389e-06
 1.61138581e+02 9.04137593e-06
 1.61219717e+02 8.94062807e-06
 1.61300852e+02 8.83789489e-06
 1.61381987e+02 8.73322094e-06
 1.61463123e+02 8.62665091e-06
 1.61544258e+02 8.51823502e-06
 1.61625394e+02 8.40803151e-06
 1.61706529e+02 8.29609929e-06
 1.61787664e+02 8.18249723e-06
 1.61868800e+02 8.06728422e-06
 1.61949935e+02 7.95051917e-06
 1.62031070e+02 7.83226094e-06
 1.62112206e+02 7.71256844e-06
 1.62193341e+02 7.59150055e-06
 1.62274477e+02 7.46911794e-06
 1.62355612e+02 7.34548906e-06
 1.62436747e+02 7.22068444e-06
 1.62517883e+02 7.09477464e-06
 1.62599018e+02 6.96783019e-06
 1.62680154e+02 6.83992164e-06
 1.62761289e+02 6.71111953e-06
 1.62842424e+02 6.58149440e-06
 1.62923560e+02 6.45111681e-06
 1.63004695e+02 6.32005756e-06
 1.63085830e+02 6.18839172e-06
 1.63166966e+02 6.05619774e-06
 1.63248101e+02 5.92355415e-06
 1.63329237e+02 5.79053951e-06
 1.63410372e+02 5.65723234e-06
 1.63491507e+02 5.52371120e-06
 1.63572643e+02 5.39005463e-06
 1.63653778e+02 5.25634116e-06
 1.63734913e+02 5.12264935e-06
 1.63816049e+02 4.98905876e-06
 1.63897184e+02 4.85565120e-06
 1.63978320e+02 4.72250879e-06
 1.64059455e+02 4.58971366e-06
 1.64140590e+02 4.45734793e-06
 1.64221726e+02 4.32549371e-06
 1.64302861e+02 4.19423313e-06
 1.64383996e+02 4.06364830e-06
 1.64465132e+02 3.93382135e-06
 1.64546267e+02 3.80483428e-06
 1.64627403e+02 3.67676827e-06
 1.64708538e+02 3.54970414e-06
 1.64789673e+02 3.42372273e-06
 1.64870809e+02 3.29890486e-06
 1.64951944e+02 3.17533134e-06
 1.65033079e+02 3.05308302e-06
 1.65114215e+02 2.93224071e-06
 1.65195350e+02 2.81288524e-06
 1.65276486e+02 2.69509735e-06
 1.65357621e+02 2.57895506e-06
 1.65438756e+02 2.46453312e-06
 1.65519892e+02 2.35190609e-06
 1.65601027e+02 2.24114854e-06
 1.65682162e+02 2.13233503e-06
 1.65763298e+02 2.02554012e-06
 1.65844433e+02 1.92083836e-06
 1.65925569e+02 1.81830433e-06
 1.66006704e+02 1.71801259e-06
 1.66087839e+02 1.62003560e-06
 1.66168975e+02 1.52443856e-06
 1.66250110e+02 1.43128509e-06
 1.66331245e+02 1.34063879e-06
 1.66412381e+02 1.25256327e-06
 1.66493516e+02 1.16712214e-06
 1.66574652e+02 1.08437901e-06
 1.66655787e+02 1.00439749e-06
 1.66736922e+02 9.27241186e-07
 1.66818058e+02 8.52972991e-07
 1.66899193e+02 7.81647226e-07
 1.66980329e+02 7.13312598e-07
 1.67061464e+02 6.48017713e-07
 1.67142599e+02 5.85811179e-07
 1.67223735e+02 5.26741605e-07
 1.67304870e+02 4.70857598e-07
 1.67386005e+02 4.18207767e-07
 1.67467141e+02 3.68840718e-07
 1.67548276e+02 3.22804997e-07
 1.67629412e+02 2.80143145e-07
 1.67710547e+02 2.40886815e-07
 1.67791682e+02 2.05066514e-07
 1.67872818e+02 1.72712748e-07
 1.67953953e+02 1.43856024e-07
 1.68035088e+02 1.18526846e-07
 1.68116224e+02 9.67557228e-08
 1.68197359e+02 7.85731588e-08
 1.68278495e+02 6.40096607e-08
 1.68359630e+02 5.30933827e-08
 1.68440765e+02 4.58393608e-08
 1.68521901e+02 4.22580833e-08
 1.68603036e+02 4.23600345e-08
 1.68684171e+02 4.61556985e-08
 1.68765307e+02 5.36555595e-08
 1.68846442e+02 6.48701015e-08
 1.68927578e+02 7.98098087e-08
 1.69008713e+02 9.84851652e-08
 1.69089848e+02 1.20906214e-07
 1.69170984e+02 1.47073052e-07
 1.69252119e+02 1.76975953e-07
 1.69333254e+02 2.10604772e-07
 1.69414390e+02 2.47949363e-07
 1.69495525e+02 2.88999580e-07
 1.69576661e+02 3.33745279e-07
 1.69657796e+02 3.82176313e-07
 1.69738931e+02 4.34282538e-07
 1.69820067e+02 4.90053803e-07
 1.69901202e+02 5.49475328e-07
 1.69982337e+02 6.12519334e-07
 1.70063473e+02 6.79155777e-07
 1.70144608e+02 7.49354612e-07
 1.70225744e+02 8.23085793e-07
 1.70306879e+02 9.00319275e-07
 1.70388014e+02 9.81025014e-07
 1.70469150e+02 1.06517296e-06
 1.70550285e+02 1.15273308e-06
 1.70631420e+02 1.24367414e-06
 1.70712556e+02 1.33795407e-06
 1.70793691e+02 1.43552497e-06
 1.70874827e+02 1.53633887e-06
 1.70955962e+02 1.64034783e-06
 1.71037097e+02 1.74750387e-06
 1.71118233e+02 1.85775904e-06
 1.71199368e+02 1.97106538e-06
 1.71280504e+02 2.08737492e-06
 1.71361639e+02 2.20663961e-06
 1.71442774e+02 2.32880572e-06
 1.71523910e+02 2.45381113e-06
 1.71605045e+02 2.58159301e-06
 1.71686180e+02 2.71208856e-06
 1.71767316e+02 2.84523495e-06
 1.71848451e+02 2.98096937e-06
 1.71929587e+02 3.11922901e-06
 1.72010722e+02 3.25995105e-06
 1.72091857e+02 3.40307267e-06
 1.72172993e+02 3.54852943e-06
 1.72254128e+02 3.69624957e-06
 1.72335263e+02 3.84615929e-06
 1.72416399e+02 3.99818481e-06
 1.72497534e+02 4.15225233e-06
 1.72578670e+02 4.30828806e-06
 1.72659805e+02 4.46621821e-06
 1.72740940e+02 4.62596898e-06
 1.72822076e+02 4.78746659e-06
 1.72903211e+02 4.95063702e-06
 1.72984346e+02 5.11540281e-06
 1.73065482e+02 5.28168366e-06
 1.73146617e+02 5.44939920e-06
 1.73227753e+02 5.61846903e-06
 1.73308888e+02 5.78881279e-06
 1.73390023e+02 5.96035009e-06
 1.73471159e+02 6.13300055e-06
 1.73552294e+02 6.30668380e-06
 1.73633429e+02 6.48131945e-06
 1.73714565e+02 6.65682656e-06
 1.73795700e+02 6.83312292e-06
 1.73876836e+02 7.01012612e-06
 1.73957971e+02 7.18775378e-06
 1.74039106e+02 7.36592351e-06
 1.74120242e+02 7.54455290e-06
 1.74201377e+02 7.72355958e-06
 1.74282512e+02 7.90286113e-06
 1.74363648e+02 8.08237517e-06
 1.74444783e+02 8.26201952e-06
 1.74525919e+02 8.44171352e-06
 1.74607054e+02 8.62137721e-06
 1.74688189e+02 8.80093060e-06
 1.74769325e+02 8.98029373e-06
 1.74850460e+02 9.15938661e-06
 1.74931595e+02 9.33812928e-06
 1.75012731e+02 9.51644175e-06
 1.75093866e+02 9.69424406e-06
 1.75175002e+02 9.87145631e-06
 1.75256137e+02 1.00480014e-05
 1.75337272e+02 1.02238055e-05
 1.75418408e+02 1.03987951e-05
 1.75499543e+02 1.05728966e-05
 1.75580679e+02 1.07460366e-05
 1.75661814e+02 1.09181414e-05
 1.75742949e+02 1.10891375e-05
 1.75824085e+02 1.12589514e-05
 1.75905220e+02 1.14275095e-05
 1.75986355e+02 1.15947400e-05
 1.76067491e+02 1.17605778e-05
 1.76148626e+02 1.19249591e-05
 1.76229762e+02 1.20878200e-05
 1.76310897e+02 1.22490969e-05
 1.76392032e+02 1.24087259e-05
 1.76473168e+02 1.25666432e-05
 1.76554303e+02 1.27227851e-05
 1.76635438e+02 1.28770878e-05
 1.76716574e+02 1.30294881e-05
 1.76797709e+02 1.31799297e-05
 1.76878845e+02 1.33283611e-05
 1.76959980e+02 1.34747307e-05
 1.77041115e+02 1.36189871e-05
 1.77122251e+02 1.37610788e-05
 1.77203386e+02 1.39009543e-05
 1.77284521e+02 1.40385621e-05
 1.77365657e+02 1.41738508e-05
 1.77446792e+02 1.43067688e-05
 1.77527928e+02 1.44372693e-05
 1.77609063e+02 1.45653138e-05
 1.77690198e+02 1.46908646e-05
 1.77771334e+02 1.48138842e-05
 1.77852469e+02 1.49343349e-05
 1.77933604e+02 1.50521792e-05
 1.78014740e+02 1.51673795e-05
 1.78095875e+02 1.52798982e-05
 1.78177011e+02 1.53896977e-05
 1.78258146e+02 1.54967420e-05
 1.78339281e+02 1.56010048e-05
 1.78420417e+02 1.57024630e-05
 1.78501552e+02 1.58010936e-05
 1.78582687e+02 1.58968735e-05
 1.78663823e+02 1.59897797e-05
 1.78744958e+02 1.60797892e-05
 1.78826094e+02 1.61668791e-05
 1.78907229e+02 1.62510261e-05
 1.78988364e+02 1.63322076e-05
 1.79069500e+02 1.64104078e-05
 1.79150635e+02 1.64856176e-05
 1.79231770e+02 1.65578284e-05
 1.79312906e+02 1.66270315e-05
 1.79394041e+02 1.66932182e-05
 1.79475177e+02 1.67563799e-05
 1.79556312e+02 1.68165080e-05
 1.79637447e+02 1.68735937e-05
 1.79718583e+02 1.69276284e-05
 1.79799718e+02 1.69786065e-05
 1.79880854e+02 1.70265311e-05
 1.79961989e+02 1.70714070e-05
 1.80043124e+02 1.71132389e-05
 1.80124260e+02 1.71520315e-05
 1.80205395e+02 1.71877895e-05
 1.80286530e+02 1.72205177e-05
 1.80367666e+02 1.72502209e-05
 1.80448801e+02 1.72769036e-05
 1.80529937e+02 1.73005715e-05
 1.80611072e+02 1.73212371e-05
 1.80692207e+02 1.73389168e-05
 1.80773343e+02 1.73536273e-05
 1.80854478e+02 1.73653850e-05
 1.80935613e+02 1.73742065e-05
 1.81016749e+02 1.73801082e-05
 1.81097884e+02 1.73831068e-05
 1.81179020e+02 1.73832188e-05
 1.81260155e+02 1.73804607e-05
 1.81341290e+02 1.73748529e-05
 1.81422426e+02 1.73664211e-05
 1.81503561e+02 1.73551916e-05
 1.81584696e+02 1.73411907e-05
 1.81665832e+02 1.73244448e-05
 1.81746967e+02 1.73049801e-05
 1.81828103e+02 1.72828230e-05
 1.81909238e+02 1.72579996e-05
 1.81990373e+02 1.72305364e-05
 1.82071509e+02 1.72004607e-05
 1.82152644e+02 1.71678048e-05
 1.82233779e+02 1.71326026e-05
 1.82314915e+02 1.70948877e-05
 1.82396050e+02 1.70546939e-05
 1.82477186e+02 1.70120551e-05
 1.82558321e+02 1.69670049e-05
 1.82639456e+02 1.69195771e-05
 1.82720592e+02 1.68698055e-05
 1.82801727e+02 1.68177241e-05
 1.82882862e+02 1.67633693e-05
 1.82963998e+02 1.67067799e-05
 1.83045133e+02 1.66479948e-05
 1.83126269e+02 1.65870528e-05
 1.83207404e+02 1.65239928e-05
 1.83288539e+02 1.64588536e-05
 1.83369675e+02 1.63916740e-05
 1.83450810e+02 1.63224928e-05
 1.83531945e+02 1.62513490e-05
 1.83613081e+02 1.61782821e-05
 1.83694216e+02 1.61033334e-05
 1.83775352e+02 1.60265445e-05
 1.83856487e+02 1.59479569e-05
 1.83937622e+02 1.58676124e-05
 1.84018758e+02 1.57855524e-05
 1.84099893e+02 1.57018185e-05
 1.84181029e+02 1.56164524e-05
 1.84262164e+02 1.55294955e-05
 1.84343299e+02 1.54409896e-05
 1.84424435e+02 1.53509766e-05
 1.84505570e+02 1.52594988e-05
 1.84586705e+02 1.51665983e-05
 1.84667841e+02 1.50723172e-05
 1.84748976e+02 1.49766979e-05
 1.84830112e+02 1.48797824e-05
 1.84911247e+02 1.47816130e-05
 1.84992382e+02 1.46822318e-05
 1.85073518e+02 1.45816810e-05
 1.85154653e+02 1.44800023e-05
 1.85235788e+02 1.43772366e-05
 1.85316924e+02 1.42734248e-05
 1.85398059e+02 1.41686080e-05
 1.85479195e+02 1.40628269e-05
 1.85560330e+02 1.39561227e-05
 1.85641465e+02 1.38485361e-05
 1.85722601e+02 1.37401082e-05
 1.85803736e+02 1.36308798e-05
 1.85884871e+02 1.35208914e-05
 1.85966007e+02 1.34101816e-05
 1.86047142e+02 1.32987885e-05
 1.86128278e+02 1.31867503e-05
 1.86209413e+02 1.30741053e-05
 1.86290548e+02 1.29608915e-05
 1.86371684e+02 1.28471471e-05
 1.86452819e+02 1.27329104e-05
 1.86533954e+02 1.26182194e-05
 1.86615090e+02 1.25031121e-05
 1.86696225e+02 1.23876245e-05
 1.86777361e+02 1.22717907e-05
 1.86858496e+02 1.21556450e-05
 1.86939631e+02 1.20392218e-05
 1.87020767e+02 1.19225552e-05
 1.87101902e+02 1.18056795e-05
 1.87183037e+02 1.16886291e-05
 1.87264173e+02 1.15714381e-05
 1.87345308e+02 1.14541408e-05
 1.87426444e+02 1.13367701e-05
 1.87507579e+02 1.12193557e-05
 1.87588714e+02 1.11019274e-05
 1.87669850e+02 1.09845146e-05
 1.87750985e+02 1.08671471e-05
 1.87832120e+02 1.07498544e-05
 1.87913256e+02 1.06326662e-05
 1.87994391e+02 1.05156119e-05
 1.88075527e+02 1.03987212e-05
 1.88156662e+02 1.02820233e-05
 1.88237797e+02 1.01655437e-05
 1.88318933e+02 1.00493070e-05
 1.88400068e+02 9.93333777e-06
 1.88481204e+02 9.81766050e-06
 1.88562339e+02 9.70229970e-06
 1.88643474e+02 9.58727991e-06
 1.88724610e+02 9.47262565e-06
 1.88805745e+02 9.35836143e-06
 1.88886880e+02 9.24451167e-06
 1.88968016e+02 9.13109837e-06
 1.89049151e+02 9.01814097e-06
 1.89130287e+02 8.90565881e-06
 1.89211422e+02 8.79367123e-06
 1.89292557e+02 8.68219757e-06
 1.89373693e+02 8.57125716e-06
 1.89454828e+02 8.46086934e-06
 1.89535963e+02 8.35105344e-06
 1.89617099e+02 8.24182881e-06
 1.89698234e+02 8.13321366e-06
 1.89779370e+02 8.02522291e-06
 1.89860505e+02 7.91787086e-06
 1.89941640e+02 7.81117182e-06
 1.90022776e+02 7.70514010e-06
 1.90103911e+02 7.59979001e-06
 1.90185046e+02 7.49513584e-06
 1.90266182e+02 7.39119191e-06
 1.90347317e+02 7.28797251e-06
 1.90428453e+02 7.18549168e-06
 1.90509588e+02 7.08376063e-06
 1.90590723e+02 6.98278902e-06
 1.90671859e+02 6.88258648e-06
 1.90752994e+02 6.78316262e-06
 1.90834129e+02 6.68452709e-06
 1.90915265e+02 6.58668950e-06
 1.90996400e+02 6.48965950e-06
 1.91077536e+02 6.39344670e-06
 1.91158671e+02 6.29806071e-06
 1.91239806e+02 6.20350960e-06
 1.91320942e+02 6.10979902e-06
 1.91402077e+02 6.01693443e-06
 1.91483212e+02 5.92492126e-06
 1.91564348e+02 5.83376497e-06
 1.91645483e+02 5.74347102e-06
 1.91726619e+02 5.65404483e-06
 1.91807754e+02 5.56549187e-06
 1.91888889e+02 5.47781759e-06
 1.91970025e+02 5.39102692e-06
 1.92051160e+02 5.30512242e-06
 1.92132296e+02 5.22010595e-06
 1.92213431e+02 5.13597935e-06
 1.92294566e+02 5.05274449e-06
 1.92375702e+02 4.97040322e-06
 1.92456837e+02 4.88895738e-06
 1.92537972e+02 4.80840883e-06
 1.92619108e+02 4.72875943e-06
 1.92700243e+02 4.65001094e-06
 1.92781379e+02 4.57216360e-06
 1.92862514e+02 4.49521633e-06
 1.92943649e+02 4.41916801e-06
 1.93024785e+02 4.34401753e-06
 1.93105920e+02 4.26976378e-06
 1.93187055e+02 4.19640563e-06
 1.93268191e+02 4.12394197e-06
 1.93349326e+02 4.05237168e-06
 1.93430462e+02 3.98169364e-06
 1.93511597e+02 3.91190611e-06
 1.93592732e+02 3.84300585e-06
 1.93673868e+02 3.77498940e-06
 1.93755003e+02 3.70785329e-06
 1.93836138e+02 3.64159407e-06
 1.93917274e+02 3.57620827e-06
 1.93998409e+02 3.51169244e-06
 1.94079545e+02 3.44804310e-06
 1.94160680e+02 3.38525680e-06
 1.94241815e+02 3.32332994e-06
 1.94322951e+02 3.26225781e-06
 1.94404086e+02 3.20203520e-06
 1.94485221e+02 3.14265691e-06
 1.94566357e+02 3.08411772e-06
 1.94647492e+02 3.02641242e-06
 1.94728628e+02 2.96953580e-06
 1.94809763e+02 2.91348265e-06
 1.94890898e+02 2.85824775e-06
 1.94972034e+02 2.80382589e-06
 1.95053169e+02 2.75021133e-06
 1.95134304e+02 2.69739769e-06
 1.95215440e+02 2.64537856e-06
 1.95296575e+02 2.59414751e-06
 1.95377711e+02 2.54369812e-06
 1.95458846e+02 2.49402398e-06
 1.95539981e+02 2.44511865e-06
 1.95621117e+02 2.39697573e-06
 1.95702252e+02 2.34958879e-06
 1.95783387e+02 2.30295127e-06
 1.95864523e+02 2.25705614e-06
 1.95945658e+02 2.21189625e-06
 1.96026794e+02 2.16746442e-06
 1.96107929e+02 2.12375351e-06
 1.96189064e+02 2.08075636e-06
 1.96270200e+02 2.03846581e-06
 1.96351335e+02 1.99687470e-06
 1.96432471e+02 1.95597588e-06
 1.96513606e+02 1.91576217e-06
 1.96594741e+02 1.87622622e-06
 1.96675877e+02 1.83736052e-06
 1.96757012e+02 1.79915758e-06
 1.96838147e+02 1.76160992e-06
 1.96919283e+02 1.72471002e-06
 1.97000418e+02 1.68845039e-06
 1.97081554e+02 1.65282353e-06
 1.97162689e+02 1.61782196e-06
 1.97243824e+02 1.58343817e-06
 1.97324960e+02 1.54966465e-06
 1.97406095e+02 1.51649390e-06
 1.97487230e+02 1.48391841e-06
 1.97568366e+02 1.45193064e-06
 1.97649501e+02 1.42052310e-06
 1.97730637e+02 1.38968825e-06
 1.97811772e+02 1.35941860e-06
 1.97892907e+02 1.32970662e-06
 1.97974043e+02 1.30054480e-06
 1.98055178e+02 1.27192564e-06
 1.98136313e+02 1.24384181e-06
 1.98217449e+02 1.21628602e-06
 1.98298584e+02 1.18925097e-06
 1.98379720e+02 1.16272939e-06
 1.98460855e+02 1.13671399e-06
 1.98541990e+02 1.11119748e-06
 1.98623126e+02 1.08617257e-06
 1.98704261e+02 1.06163198e-06
 1.98785396e+02 1.03756842e-06
 1.98866532e+02 1.01397482e-06
 1.98947667e+02 9.90844272e-07
 1.99028803e+02 9.68169907e-07
 1.99109938e+02 9.45944845e-07
 1.99191073e+02 9.24162208e-07
 1.99272209e+02 9.02815116e-07
 1.99353344e+02 8.81896693e-07
 1.99434479e+02 8.61400059e-07
 1.99515615e+02 8.41318335e-07
 1.99596750e+02 8.21644759e-07
 1.99677886e+02 8.02372915e-07
 1.99759021e+02 7.83496453e-07
 1.99840156e+02 7.65009025e-07
 1.99921292e+02 7.46904280e-07
 2.00002427e+02 7.29175870e-07
 2.00083562e+02 7.11817445e-07
 2.00164698e+02 6.94822655e-07
 2.00245833e+02 6.78185153e-07
 2.00326969e+02 6.61898623e-07
 2.00408104e+02 6.45957107e-07
 2.00489239e+02 6.30354854e-07
 2.00570375e+02 6.15086114e-07
 2.00651510e+02 6.00145138e-07
 2.00732646e+02 5.85526177e-07
 2.00813781e+02 5.71223481e-07
 2.00894916e+02 5.57231301e-07
 2.00976052e+02 5.43543887e-07
 2.01057187e+02 5.30155495e-07
 2.01138322e+02 5.17060606e-07
 2.01219458e+02 5.04254068e-07
 2.01300593e+02 4.91730764e-07
 2.01381729e+02 4.79485574e-07
 2.01462864e+02 4.67513380e-07
 2.01543999e+02 4.55809062e-07
 2.01625135e+02 4.44367503e-07
 2.01706270e+02 4.33183583e-07
 2.01787405e+02 4.22252184e-07
 2.01868541e+02 4.11568272e-07
 2.01949676e+02 4.01127233e-07
 2.02030812e+02 3.90924578e-07
 2.02111947e+02 3.80955817e-07
 2.02193082e+02 3.71216461e-07
 2.02274218e+02 3.61702022e-07
 2.02355353e+02 3.52408011e-07
 2.02436488e+02 3.43329939e-07
 2.02517624e+02 3.34463317e-07
 2.02598759e+02 3.25803672e-07
 2.02679895e+02 3.17346842e-07
 2.02761030e+02 3.09088934e-07
 2.02842165e+02 3.01026066e-07
 2.02923301e+02 2.93154353e-07
 2.03004436e+02 2.85469915e-07
 2.03085571e+02 2.77968866e-07
 2.03166707e+02 2.70647325e-07
 2.03247842e+02 2.63501408e-07
 2.03328978e+02 2.56527233e-07
 2.03410113e+02 2.49721064e-07
 2.03491248e+02 2.43079530e-07
 2.03572384e+02 2.36599313e-07
 2.03653519e+02 2.30277098e-07
 2.03734654e+02 2.24109567e-07
 2.03815790e+02 2.18093402e-07
 2.03896925e+02 2.12225288e-07
 2.03978061e+02 2.06501907e-07
 2.04059196e+02 2.00919943e-07
 2.04140331e+02 1.95476119e-07
 2.04221467e+02 1.90167481e-07
 2.04302602e+02 1.84991227e-07
 2.04383737e+02 1.79944558e-07
 2.04464873e+02 1.75024672e-07
 2.04546008e+02 1.70228770e-07
 2.04627144e+02 1.65554050e-07
 2.04708279e+02 1.60997712e-07
 2.04789414e+02 1.56556955e-07
 2.04870550e+02 1.52228984e-07
 2.04951685e+02 1.48011193e-07
 2.05032821e+02 1.43901225e-07
 2.05113956e+02 1.39896741e-07
 2.05195091e+02 1.35995403e-07
 2.05276227e+02 1.32194871e-07
 2.05357362e+02 1.28492806e-07
 2.05438497e+02 1.24886870e-07
 2.05519633e+02 1.21374723e-07
 2.05600768e+02 1.17954026e-07
 2.05681904e+02 1.14622510e-07
 2.05763039e+02 1.11378175e-07
 2.05844174e+02 1.08219088e-07
 2.05925310e+02 1.05143314e-07
 2.06006445e+02 1.02148920e-07
 2.06087580e+02 9.92339715e-08
 2.06168716e+02 9.63965357e-08
 2.06249851e+02 9.36346784e-08
 2.06330987e+02 9.09464659e-08
 2.06412122e+02 8.83299785e-08
 2.06493257e+02 8.57834900e-08
 2.06574393e+02 8.33054137e-08
 2.06655528e+02 8.08941663e-08
 2.06736663e+02 7.85481642e-08
 2.06817799e+02 7.62658240e-08
 2.06898934e+02 7.40455623e-08
 2.06980070e+02 7.18857956e-08
 2.07061205e+02 6.97849404e-08
 2.07142340e+02 6.77414139e-08
 2.07223476e+02 6.57537253e-08
 2.07304611e+02 6.38205677e-08
 2.07385746e+02 6.19406562e-08
 2.07466882e+02 6.01127059e-08
 2.07548017e+02 5.83354320e-08
 2.07629153e+02 5.66075497e-08
 2.07710288e+02 5.49277740e-08
 2.07791423e+02 5.32948201e-08
 2.07872559e+02 5.17074031e-08
 2.07953694e+02 5.01642643e-08
 2.08034829e+02 4.86643071e-08
 2.08115965e+02 4.72064980e-08
 2.08197100e+02 4.57898032e-08
 2.08278236e+02 4.44131892e-08
 2.08359371e+02 4.30756224e-08
 2.08440506e+02 4.17760691e-08
 2.08521642e+02 4.05134959e-08
 2.08602777e+02 3.92868690e-08
 2.08683912e+02 3.80951584e-08
 2.08765048e+02 3.69374301e-08
 2.08846183e+02 3.58128540e-08
 2.08927319e+02 3.47206056e-08
 2.09008454e+02 3.36598601e-08
 2.09089589e+02 3.26297930e-08
 2.09170725e+02 3.16295796e-08
 2.09251860e+02 3.06583952e-08
 2.09332996e+02 2.97154152e-08
 2.09414131e+02 2.87998149e-08
 2.09495266e+02 2.79108060e-08
 2.09576402e+02 2.70477136e-08
 2.09657537e+02 2.62098850e-08
 2.09738672e+02 2.53966673e-08
 2.09819808e+02 2.46074077e-08
 2.09900943e+02 2.38414536e-08
 2.09982079e+02 2.30981521e-08
 2.10063214e+02 2.23768505e-08
 2.10144349e+02 2.16768960e-08
 2.10225485e+02 2.09976436e-08
 2.10306620e+02 2.03385311e-08
 2.10387755e+02 1.96990447e-08
 2.10468891e+02 1.90786718e-08
 2.10550026e+02 1.84768995e-08
 2.10631162e+02 1.78932148e-08
 2.10712297e+02 1.73271051e-08
 2.10793432e+02 1.67780573e-08
 2.10874568e+02 1.62455587e-08
 2.10955703e+02 1.57290971e-08
 2.11036838e+02 1.52282002e-08
 2.11117974e+02 1.47424621e-08
 2.11199109e+02 1.42714827e-08
 2.11280245e+02 1.38148623e-08
 2.11361380e+02 1.33722006e-08
 2.11442515e+02 1.29430980e-08
 2.11523651e+02 1.25271543e-08
 2.11604786e+02 1.21239696e-08
 2.11685921e+02 1.17331440e-08
 2.11767057e+02 1.13542895e-08
 2.11848192e+02 1.09870776e-08
 2.11929328e+02 1.06311983e-08
 2.12010463e+02 1.02863417e-08
 2.12091598e+02 9.95219779e-09
 2.12172734e+02 9.62845673e-09
 2.12253869e+02 9.31480852e-09
 2.12335004e+02 9.01094323e-09
 2.12416140e+02 8.71655091e-09
 2.12497275e+02 8.43132353e-09
 2.12578411e+02 8.15498942e-09
 2.12659546e+02 7.88730959e-09
 2.12740681e+02 7.62804620e-09
 2.12821817e+02 7.37696141e-09
 2.12902952e+02 7.13381739e-09
 2.12984087e+02 6.89837629e-09
 2.13065223e+02 6.67040029e-09
 2.13146358e+02 6.44965155e-09
 2.13227494e+02 6.23589225e-09
 2.13308629e+02 6.02889830e-09
 2.13389764e+02 5.82848019e-09
 2.13470900e+02 5.63445381e-09
 2.13552035e+02 5.44663505e-09
 2.13633171e+02 5.26483979e-09
 2.13714306e+02 5.08888391e-09
 2.13795441e+02 4.91858330e-09
 2.13876577e+02 4.75375385e-09
 2.13957712e+02 4.59421144e-09
 2.14038847e+02 4.43977599e-09
 2.14119983e+02 4.29030020e-09
 2.14201118e+02 4.14565273e-09
 2.14282254e+02 4.00570234e-09
 2.14363389e+02 3.87031779e-09
 2.14444524e+02 3.73936784e-09
 2.14525660e+02 3.61272124e-09
 2.14606795e+02 3.49024676e-09
 2.14687930e+02 3.37181316e-09
 2.14769066e+02 3.25728920e-09
 2.14850201e+02 3.14654364e-09
 2.14931337e+02 3.03944524e-09
 2.15012472e+02 2.93586275e-09
 2.15093607e+02 2.83566494e-09
 2.15174743e+02 2.73872057e-09
 2.15255878e+02 2.64489840e-09
 2.15337013e+02 2.55406718e-09
 2.15418149e+02 2.46609568e-09
 2.15499284e+02 2.38085266e-09
