 2.68041512e+02 2.08369261e-09
 2.68200061e+02 2.19995694e-09
 2.68358610e+02 2.32212883e-09
 2.68517159e+02 2.45056562e-09
 2.68675708e+02 2.58562464e-09
 2.68834257e+02 2.72766324e-09
 2.68992806e+02 2.87703875e-09
 2.69151355e+02 3.03410851e-09
 2.69309904e+02 3.19922986e-09
 2.69468453e+02 3.37276014e-09
 2.69627002e+02 3.55505771e-09
 2.69785551e+02 3.74652193e-09
 2.69944100e+02 3.94760624e-09
 2.70102649e+02 4.15876776e-09
 2.70261198e+02 4.38046361e-09
 2.70419747e+02 4.61315408e-09
 2.70578296e+02 4.85734834e-09
 2.70736845e+02 5.11359405e-09
 2.70895394e+02 5.38243989e-09
 2.71053943e+02 5.66443457e-09
 2.71212491e+02 5.96013616e-09
 2.71371040e+02 6.27017484e-09
 2.71529589e+02 6.59521409e-09
 2.71688138e+02 6.93591758e-09
 2.71846687e+02 7.29294898e-09
 2.72005236e+02 7.66699318e-09
 2.72163785e+02 8.05882357e-09
 2.72322334e+02 8.46923665e-09
 2.72480883e+02 8.89902889e-09
 2.72639432e+02 9.34899694e-09
 2.72797981e+02 9.81997959e-09
 2.72956530e+02 1.03129142e-08
 2.73115079e+02 1.08287524e-08
 2.73273628e+02 1.13684455e-08
 2.73432177e+02 1.19329467e-08
 2.73590726e+02 1.25232811e-08
 2.73749275e+02 1.31405720e-08
 2.73907824e+02 1.37859499e-08
 2.74066373e+02 1.44605454e-08
 2.74224921e+02 1.51654956e-08
 2.74383470e+02 1.59020457e-08
 2.74542019e+02 1.66715295e-08
 2.74700568e+02 1.74752833e-08
 2.74859117e+02 1.83146434e-08
 2.75017666e+02 1.91909642e-08
 2.75176215e+02 2.01057463e-08
 2.75334764e+02 2.10605603e-08
 2.75493313e+02 2.20569775e-08
 2.75651862e+02 2.30965690e-08
 2.75810411e+02 2.41809467e-08
 2.75968960e+02 2.53118996e-08
 2.76127509e+02 2.64912649e-08
 2.76286058e+02 2.77208799e-08
 2.76444607e+02 2.90025820e-08
 2.76603156e+02 3.03382875e-08
 2.76761705e+02 3.17301042e-08
 2.76920254e+02 3.31801687e-08
 2.77078803e+02 3.46906175e-08
 2.77237352e+02 3.62635899e-08
 2.77395900e+02 3.79013563e-08
 2.77554449e+02 3.96063734e-08
 2.77712998e+02 4.13811122e-08
 2.77871547e+02 4.32280436e-08
 2.78030096e+02 4.51496495e-08
 2.78188645e+02 4.71486038e-08
 2.78347194e+02 4.92277426e-08
 2.78505743e+02 5.13899075e-08
 2.78664292e+02 5.36379399e-08
 2.78822841e+02 5.59747110e-08
 2.78981390e+02 5.84033429e-08
 2.79139939e+02 6.09270830e-08
 2.79298488e+02 6.35491797e-08
 2.79457037e+02 6.62728814e-08
 2.79615586e+02 6.91015013e-08
 2.79774135e+02 7.20386475e-08
 2.79932684e+02 7.50880115e-08
 2.80091233e+02 7.82532851e-08
 2.80249782e+02 8.15381601e-08
 2.80408330e+02 8.49464502e-08
 2.80566879e+02 8.84822773e-08
 2.80725428e+02 9.21498116e-08
 2.80883977e+02 9.59532231e-08
 2.81042526e+02 9.98966859e-08
 2.81201075e+02 1.03984569e-07
 2.81359624e+02 1.08221531e-07
 2.81518173e+02 1.12612253e-07
 2.81676722e+02 1.17161416e-07
 2.81835271e+02 1.21873715e-07
 2.81993820e+02 1.26754123e-07
 2.82152369e+02 1.31807850e-07
 2.82310918e+02 1.37040119e-07
 2.82469467e+02 1.42456149e-07
 2.82628016e+02 1.48061200e-07
 2.82786565e+02 1.53860877e-07
 2.82945114e+02 1.59860960e-07
 2.83103663e+02 1.66067234e-07
 2.83262212e+02 1.72485482e-07
 2.83420760e+02 1.79121569e-07
 2.83579309e+02 1.85981745e-07
 2.83737858e+02 1.93072374e-07
 2.83896407e+02 2.00399818e-07
 2.84054956e+02 2.07970440e-07
 2.84213505e+02 2.15790750e-07
 2.84372054e+02 2.23867635e-07
 2.84530603e+02 2.32208045e-07
 2.84689152e+02 2.40818930e-07
 2.84847701e+02 2.49707246e-07
 2.85006250e+02 2.58880162e-07
 2.85164799e+02 2.68345185e-07
 2.85323348e+02 2.78109848e-07
 2.85481897e+02 2.88181685e-07
 2.85640446e+02 2.98568242e-07
 2.85798995e+02 3.09277353e-07
 2.85957544e+02 3.20317107e-07
 2.86116093e+02 3.31695605e-07
 2.86274642e+02 3.43420947e-07
 2.86433191e+02 3.55501268e-07
 2.86591739e+02 3.67945027e-07
 2.86750288e+02 3.80760857e-07
 2.86908837e+02 3.93957396e-07
 2.87067386e+02 4.07543277e-07
 2.87225935e+02 4.21527202e-07
 2.87384484e+02 4.35918193e-07
 2.87543033e+02 4.50725373e-07
 2.87701582e+02 4.65957863e-07
 2.87860131e+02 4.81624785e-07
 2.88018680e+02 4.97735361e-07
 2.88177229e+02 5.14299084e-07
 2.88335778e+02 5.31325495e-07
 2.88494327e+02 5.48824132e-07
 2.88652876e+02 5.66804539e-07
 2.88811425e+02 5.85276376e-07
 2.88969974e+02 6.04249495e-07
 2.89128523e+02 6.23733767e-07
 2.89287072e+02 6.43739059e-07
 2.89445621e+02 6.64275245e-07
 2.89604169e+02 6.85352308e-07
 2.89762718e+02 7.06980330e-07
 2.89921267e+02 7.29169397e-07
 2.90079816e+02 7.51929596e-07
 2.90238365e+02 7.75271018e-07
 2.90396914e+02 7.99203806e-07
 2.90555463e+02 8.23738126e-07
 2.90714012e+02 8.48884147e-07
 2.90872561e+02 8.74652037e-07
 2.91031110e+02 9.01051956e-07
 2.91189659e+02 9.28094010e-07
 2.91348208e+02 9.55788287e-07
 2.91506757e+02 9.84144879e-07
 2.91665306e+02 1.01317387e-06
 2.91823855e+02 1.04288530e-06
 2.91982404e+02 1.07328902e-06
 2.92140953e+02 1.10439485e-06
 2.92299502e+02 1.13621263e-06
 2.92458051e+02 1.16875217e-06
 2.92616600e+02 1.20202313e-06
 2.92775148e+02 1.23603489e-06
 2.92933697e+02 1.27079680e-06
 2.93092246e+02 1.30631822e-06
 2.93250795e+02 1.34260848e-06
 2.93409344e+02 1.37967658e-06
 2.93567893e+02 1.41753119e-06
 2.93726442e+02 1.45618094e-06
 2.93884991e+02 1.49563449e-06
 2.94043540e+02 1.53590043e-06
 2.94202089e+02 1.57698678e-06
 2.94360638e+02 1.61890124e-06
 2.94519187e+02 1.66165149e-06
 2.94677736e+02 1.70524521e-06
 2.94836285e+02 1.74968995e-06
 2.94994834e+02 1.79499242e-06
 2.95153383e+02 1.84115910e-06
 2.95311932e+02 1.88819642e-06
 2.95470481e+02 1.93611086e-06
 2.95629030e+02 1.98490851e-06
 2.95787578e+02 2.03459451e-06
 2.95946127e+02 2.08517379e-06
 2.96104676e+02 2.13665130e-06
 2.96263225e+02 2.18903194e-06
 2.96421774e+02 2.24232003e-06
 2.96580323e+02 2.29651880e-06
 2.96738872e+02 2.35163136e-06
 2.96897421e+02 2.40766083e-06
 2.97055970e+02 2.46461028e-06
 2.97214519e+02 2.52248181e-06
 2.97373068e+02 2.58127644e-06
 2.97531617e+02 2.64099519e-06
 2.97690166e+02 2.70163905e-06
 2.97848715e+02 2.76320890e-06
 2.98007264e+02 2.82570420e-06
 2.98165813e+02 2.88912354e-06
 2.98324362e+02 2.95346550e-06
 2.98482911e+02 3.01872869e-06
 2.98641460e+02 3.08491136e-06
 2.98800009e+02 3.15201001e-06
 2.98958557e+02 3.22002055e-06
 2.99117106e+02 3.28893883e-06
 2.99275655e+02 3.35876076e-06
 2.99434204e+02 3.42948157e-06
 2.99592753e+02 3.50109456e-06
 2.99751302e+02 3.57359264e-06
 2.99909851e+02 3.64696871e-06
 3.00068400e+02 3.72121567e-06
 3.00226949e+02 3.79632534e-06
 3.00385498e+02 3.87228761e-06
 3.00544047e+02 3.94909216e-06
 3.00702596e+02 4.02672868e-06
 3.00861145e+02 4.10518681e-06
 3.01019694e+02 4.18445456e-06
 3.01178243e+02 4.26451829e-06
 3.01336792e+02 4.34536426e-06
 3.01495341e+02 4.42697872e-06
 3.01653890e+02 4.50934776e-06
 3.01812439e+02 4.59245538e-06
 3.01970987e+02 4.67628427e-06
 3.02129536e+02 4.76081709e-06
 3.02288085e+02 4.84603652e-06
 3.02446634e+02 4.93192483e-06
 3.02605183e+02 5.01846186e-06
 3.02763732e+02 5.10562659e-06
 3.02922281e+02 5.19339798e-06
 3.03080830e+02 5.28175502e-06
 3.03239379e+02 5.37067592e-06
 3.03397928e+02 5.46013639e-06
 3.03556477e+02 5.55011167e-06
 3.03715026e+02 5.64057698e-06
 3.03873575e+02 5.73150755e-06
 3.04032124e+02 5.82287736e-06
 3.04190673e+02 5.91465818e-06
 3.04349222e+02 6.00682151e-06
 3.04507771e+02 6.09933885e-06
 3.04666320e+02 6.19218165e-06
 3.04824869e+02 6.28531969e-06
 3.04983417e+02 6.37872097e-06
 3.05141966e+02 6.47235337e-06
 3.05300515e+02 6.56618477e-06
 3.05459064e+02 6.66018290e-06
 3.05617613e+02 6.75431352e-06
 3.05776162e+02 6.84854109e-06
 3.05934711e+02 6.94283009e-06
 3.06093260e+02 7.03714496e-06
 3.06251809e+02 7.13144982e-06
 3.06410358e+02 7.22570675e-06
 3.06568907e+02 7.31987705e-06
 3.06727456e+02 7.41392202e-06
 3.06886005e+02 7.50780295e-06
 3.07044554e+02 7.60148060e-06
 3.07203103e+02 7.69491387e-06
 3.07361652e+02 7.78806125e-06
 3.07520201e+02 7.88088125e-06
 3.07678750e+02 7.97333237e-06
 3.07837299e+02 8.06537237e-06
 3.07995848e+02 8.15695758e-06
 3.08154396e+02 8.24804416e-06
 3.08312945e+02 8.33858828e-06
 3.08471494e+02 8.42854609e-06
 3.08630043e+02 8.51787291e-06
 3.08788592e+02 8.60652318e-06
 3.08947141e+02 8.69445126e-06
 3.09105690e+02 8.78161152e-06
 3.09264239e+02 8.86795830e-06
 3.09422788e+02 8.95344525e-06
 3.09581337e+02 9.03802558e-06
 3.09739886e+02 9.12165252e-06
 3.09898435e+02 9.20427926e-06
 3.10056984e+02 9.28585896e-06
 3.10215533e+02 9.36634451e-06
 3.10374082e+02 9.44568863e-06
 3.10532631e+02 9.52384409e-06
 3.10691180e+02 9.60076363e-06
 3.10849729e+02 9.67640006e-06
 3.11008278e+02 9.75070640e-06
 3.11166826e+02 9.82363570e-06
 3.11325375e+02 9.89514104e-06
 3.11483924e+02 9.96517547e-06
 3.11642473e+02 1.00336924e-05
 3.11801022e+02 1.01006460e-05
 3.11959571e+02 1.01659904e-05
 3.12118120e+02 1.02296798e-05
 3.12276669e+02 1.02916685e-05
 3.12435218e+02 1.03519116e-05
 3.12593767e+02 1.04103652e-05
 3.12752316e+02 1.04669856e-05
 3.12910865e+02 1.05217289e-05
 3.13069414e+02 1.05745515e-05
 3.13227963e+02 1.06254114e-05
 3.13386512e+02 1.06742676e-05
 3.13545061e+02 1.07210793e-05
 3.13703610e+02 1.07658055e-05
 3.13862159e+02 1.08084059e-05
 3.14020708e+02 1.08488422e-05
 3.14179257e+02 1.08870775e-05
 3.14337805e+02 1.09230745e-05
 3.14496354e+02 1.09567964e-05
 3.14654903e+02 1.09882068e-05
 3.14813452e+02 1.10172727e-05
 3.14972001e+02 1.10439616e-05
 3.15130550e+02 1.10682412e-05
 3.15289099e+02 1.10900792e-05
 3.15447648e+02 1.11094448e-05
 3.15606197e+02 1.11263107e-05
 3.15764746e+02 1.11406501e-05
 3.15923295e+02 1.11524363e-05
 3.16081844e+02 1.11616424e-05
 3.16240393e+02 1.11682444e-05
 3.16398942e+02 1.11722217e-05
 3.16557491e+02 1.11735537e-05
 3.16716040e+02 1.11722201e-05
 3.16874589e+02 1.11682005e-05
 3.17033138e+02 1.11614786e-05
 3.17191687e+02 1.11520411e-05
 3.17350235e+02 1.11398745e-05
 3.17508784e+02 1.11249654e-05
 3.17667333e+02 1.11073010e-05
 3.17825882e+02 1.10868737e-05
 3.17984431e+02 1.10636776e-05
 3.18142980e+02 1.10377071e-05
 3.18301529e+02 1.10089564e-05
 3.18460078e+02 1.09774214e-05
 3.18618627e+02 1.09431032e-05
 3.18777176e+02 1.09060042e-05
 3.18935725e+02 1.08661272e-05
 3.19094274e+02 1.08234744e-05
 3.19252823e+02 1.07780511e-05
 3.19411372e+02 1.07298676e-05
 3.19569921e+02 1.06789350e-05
 3.19728470e+02 1.06252644e-05
 3.19887019e+02 1.05688671e-05
 3.20045568e+02 1.05097579e-05
 3.20204117e+02 1.04479566e-05
 3.20362666e+02 1.03834830e-05
 3.20521214e+02 1.03163572e-05
 3.20679763e+02 1.02465994e-05
 3.20838312e+02 1.01742348e-05
 3.20996861e+02 1.00992920e-05
 3.21155410e+02 1.00218000e-05
 3.21313959e+02 9.94178764e-06
 3.21472508e+02 9.85928454e-06
 3.21631057e+02 9.77432591e-06
 3.21789606e+02 9.68694942e-06
 3.21948155e+02 9.59719277e-06
 3.22106704e+02 9.50509364e-06
 3.22265253e+02 9.41069116e-06
 3.22423802e+02 9.31403016e-06
 3.22582351e+02 9.21515688e-06
 3.22740900e+02 9.11411758e-06
 3.22899449e+02 9.01095853e-06
 3.23057998e+02 8.90572826e-06
 3.23216547e+02 8.79848047e-06
 3.23375096e+02 8.68926953e-06
 3.23533644e+02 8.57814982e-06
 3.23692193e+02 8.46517581e-06
 3.23850742e+02 8.35040504e-06
 3.24009291e+02 8.23389913e-06
 3.24167840e+02 8.11571999e-06
 3.24326389e+02 7.99592952e-06
 3.24484938e+02 7.87458987e-06
 3.24643487e+02 7.75176676e-06
 3.24802036e+02 7.62752879e-06
 3.24960585e+02 7.50194462e-06
 3.25119134e+02 7.37508289e-06
 3.25277683e+02 7.24701275e-06
 3.25436232e+02 7.11780699e-06
 3.25594781e+02 6.98754010e-06
 3.25753330e+02 6.85628656e-06
 3.25911879e+02 6.72412087e-06
 3.26070428e+02 6.59111830e-06
 3.26228977e+02 6.45735727e-06
 3.26387526e+02 6.32291707e-06
 3.26546074e+02 6.18787696e-06
 3.26704623e+02 6.05231622e-06
 3.26863172e+02 5.91631510e-06
 3.27021721e+02 5.77995616e-06
 3.27180270e+02 5.64332227e-06
 3.27338819e+02 5.50649631e-06
 3.27497368e+02 5.36956116e-06
 3.27655917e+02 5.23260068e-06
 3.27814466e+02 5.09569996e-06
 3.27973015e+02 4.95894422e-06
 3.28131564e+02 4.82241867e-06
 3.28290113e+02 4.68620854e-06
 3.28448662e+02 4.55039960e-06
 3.28607211e+02 4.41507803e-06
 3.28765760e+02 4.28033003e-06
 3.28924309e+02 4.14624179e-06
 3.29082858e+02 4.01289949e-06
 3.29241407e+02 3.88038903e-06
 3.29399956e+02 3.74879622e-06
 3.29558505e+02 3.61820685e-06
 3.29717053e+02 3.48870673e-06
 3.29875602e+02 3.36038137e-06
 3.30034151e+02 3.23331510e-06
 3.30192700e+02 3.10759190e-06
 3.30351249e+02 2.98329577e-06
 3.30509798e+02 2.86051069e-06
 3.30668347e+02 2.73931982e-06
 3.30826896e+02 2.61980425e-06
 3.30985445e+02 2.50204478e-06
 3.31143994e+02 2.38612218e-06
 3.31302543e+02 2.27211722e-06
 3.31461092e+02 2.16010886e-06
 3.31619641e+02 2.05017352e-06
 3.31778190e+02 1.94238744e-06
 3.31936739e+02 1.83682686e-06
 3.32095288e+02 1.73356782e-06
 3.32253837e+02 1.63268336e-06
 3.32412386e+02 1.53424395e-06
 3.32570935e+02 1.43831998e-06
 3.32729483e+02 1.34498183e-06
 3.32888032e+02 1.25429937e-06
 3.33046581e+02 1.16633814e-06
 3.33205130e+02 1.08116148e-06
 3.33363679e+02 9.98832763e-07
 3.33522228e+02 9.19415318e-07
 3.33680777e+02 8.42971306e-07
 3.33839326e+02 7.69557488e-07
 3.33997875e+02 6.99229092e-07
 3.34156424e+02 6.32041348e-07
 3.34314973e+02 5.68049478e-07
 3.34473522e+02 5.07306403e-07
 3.34632071e+02 4.49859212e-07
 3.34790620e+02 3.95754079e-07
 3.34949169e+02 3.45037181e-07
 3.35107718e+02 2.97754622e-07
 3.35266267e+02 2.53948745e-07
 3.35424816e+02 2.13656340e-07
 3.35583365e+02 1.76913754e-07
 3.35741914e+02 1.43757334e-07
 3.35900462e+02 1.14223138e-07
 3.36059011e+02 8.83419118e-08
 3.36217560e+02 6.61397280e-08
 3.36376109e+02 4.76425011e-08
 3.36534658e+02 3.28761452e-08
 3.36693207e+02 2.18658221e-08
 3.36851756e+02 1.46300696e-08
 3.37010305e+02 1.11839810e-08
 3.37168854e+02 1.15426205e-08
 3.37327403e+02 1.57210522e-08
 3.37485952e+02 2.37327889e-08
 3.37644501e+02 3.55839938e-08
 3.37803050e+02 5.12786556e-08
 3.37961599e+02 7.08207625e-08
 3.38120148e+02 9.42142977e-08
 3.38278697e+02 1.21460516e-07
 3.38437246e+02 1.52553474e-07
 3.38595795e+02 1.87486052e-07
 3.38754344e+02 2.26251132e-07
 3.38912892e+02 2.68841524e-07
 3.39071441e+02 3.15245953e-07
 3.39229990e+02 3.65446883e-07
 3.39388539e+02 4.19426252e-07
 3.39547088e+02 4.77165995e-07
 3.39705637e+02 5.38647780e-07
 3.39864186e+02 6.03847964e-07
 3.40022735e+02 6.72738067e-07
 3.40181284e+02 7.45289429e-07
 3.40339833e+02 8.21473392e-07
 3.40498382e+02 9.01260638e-07
 3.40656931e+02 9.84615760e-07
 3.40815480e+02 1.07150006e-06
 3.40974029e+02 1.16187482e-06
 3.41132578e+02 1.25570131e-06
 3.41291127e+02 1.35293954e-06
 3.41449676e+02 1.45354332e-06
 3.41608225e+02 1.55746456e-06
 3.41766774e+02 1.66465515e-06
 3.41925322e+02 1.77506697e-06
 3.42083871e+02 1.88864990e-06
 3.42242420e+02 2.00534825e-06
 3.42400969e+02 2.12510537e-06
 3.42559518e+02 2.24786461e-06
 3.42718067e+02 2.37356930e-06
 3.42876616e+02 2.50215999e-06
 3.43035165e+02 2.63357286e-06
 3.43193714e+02 2.76774370e-06
 3.43352263e+02 2.90460829e-06
 3.43510812e+02 3.04410226e-06
 3.43669361e+02 3.18615806e-06
 3.43827910e+02 3.33070509e-06
 3.43986459e+02 3.47767265e-06
 3.44145008e+02 3.62699002e-06
 3.44303557e+02 3.77858617e-06
 3.44462106e+02 3.93238686e-06
 3.44620655e+02 4.08831607e-06
 3.44779204e+02 4.24629775e-06
 3.44937753e+02 4.40625586e-06
 3.45096301e+02 4.56811383e-06
 3.45254850e+02 4.73179236e-06
 3.45413399e+02 4.89721129e-06
 3.45571948e+02 5.06429046e-06
 3.45730497e+02 5.23294971e-06
 3.45889046e+02 5.40310821e-06
 3.46047595e+02 5.57468327e-06
 3.46206144e+02 5.74759186e-06
 3.46364693e+02 5.92175095e-06
 3.46523242e+02 6.09707752e-06
 3.46681791e+02 6.27348795e-06
 3.46840340e+02 6.45089771e-06
 3.46998889e+02 6.62922217e-06
 3.47157438e+02 6.80837671e-06
 3.47315987e+02 6.98827668e-06
 3.47474536e+02 7.16883730e-06
 3.47633085e+02 7.34997359e-06
 3.47791634e+02 7.53160057e-06
 3.47950183e+02 7.71363329e-06
 3.48108731e+02 7.89598681e-06
 3.48267280e+02 8.07857673e-06
 3.48425829e+02 8.26131894e-06
 3.48584378e+02 8.44412934e-06
 3.48742927e+02 8.62692382e-06
 3.48901476e+02 8.80961853e-06
 3.49060025e+02 8.99213096e-06
 3.49218574e+02 9.17437902e-06
 3.49377123e+02 9.35628066e-06
 3.49535672e+02 9.53775379e-06
 3.49694221e+02 9.71871703e-06
 3.49852770e+02 9.89909105e-06
 3.50011319e+02 1.00787969e-05
 3.50169868e+02 1.02577556e-05
 3.50328417e+02 1.04358883e-05
 3.50486966e+02 1.06131173e-05
 3.50645515e+02 1.07893677e-05
 3.50804064e+02 1.09645646e-05
 3.50962613e+02 1.11386331e-05
 3.51121162e+02 1.13114985e-05
 3.51279710e+02 1.14830885e-05
 3.51438259e+02 1.16533331e-05
 3.51596808e+02 1.18221623e-05
 3.51755357e+02 1.19895065e-05
 3.51913906e+02 1.21552961e-05
 3.52072455e+02 1.23194649e-05
 3.52231004e+02 1.24819488e-05
 3.52389553e+02 1.26426837e-05
 3.52548102e+02 1.28016057e-05
 3.52706651e+02 1.29586513e-05
 3.52865200e+02 1.31137615e-05
 3.53023749e+02 1.32668785e-05
 3.53182298e+02 1.34179448e-05
 3.53340847e+02 1.35669027e-05
 3.53499396e+02 1.37136961e-05
 3.53657945e+02 1.38582732e-05
 3.53816494e+02 1.40005835e-05
 3.53975043e+02 1.41405761e-05
 3.54133592e+02 1.42782005e-05
 3.54292140e+02 1.44134084e-05
 3.54450689e+02 1.45461560e-05
 3.54609238e+02 1.46763998e-05
 3.54767787e+02 1.48040966e-05
 3.54926336e+02 1.49292029e-05
 3.55084885e+02 1.50516792e-05
 3.55243434e+02 1.51714895e-05
 3.55401983e+02 1.52885979e-05
 3.55560532e+02 1.54029686e-05
 3.55719081e+02 1.55145662e-05
 3.55877630e+02 1.56233598e-05
 3.56036179e+02 1.57293213e-05
 3.56194728e+02 1.58324225e-05
 3.56353277e+02 1.59326353e-05
 3.56511826e+02 1.60299324e-05
 3.56670375e+02 1.61242918e-05
 3.56828924e+02 1.62156928e-05
 3.56987473e+02 1.63041153e-05
 3.57146022e+02 1.63895387e-05
 3.57304571e+02 1.64719442e-05
 3.57463119e+02 1.65513180e-05
 3.57621668e+02 1.66276473e-05
 3.57780217e+02 1.67009193e-05
 3.57938766e+02 1.67711211e-05
 3.58097315e+02 1.68382425e-05
 3.58255864e+02 1.69022776e-05
 3.58414413e+02 1.69632207e-05
 3.58572962e+02 1.70210667e-05
 3.58731511e+02 1.70758100e-05
 3.58890060e+02 1.71274486e-05
 3.59048609e+02 1.71759840e-05
 3.59207158e+02 1.72214177e-05
 3.59365707e+02 1.72637514e-05
 3.59524256e+02 1.73029870e-05
 3.59682805e+02 1.73391303e-05
 3.59841354e+02 1.73721893e-05
 3.59999903e+02 1.74021725e-05
 3.60158452e+02 1.74290880e-05
 3.60317001e+02 1.74529448e-05
 3.60475549e+02 1.74737557e-05
 3.60634098e+02 1.74915352e-05
 3.60792647e+02 1.75062977e-05
 3.60951196e+02 1.75180576e-05
 3.61109745e+02 1.75268305e-05
 3.61268294e+02 1.75326355e-05
 3.61426843e+02 1.75354928e-05
 3.61585392e+02 1.75354225e-05
 3.61743941e+02 1.75324445e-05
 3.61902490e+02 1.75265805e-05
 3.62061039e+02 1.75178553e-05
 3.62219588e+02 1.75062940e-05
 3.62378137e+02 1.74919217e-05
 3.62536686e+02 1.74747635e-05
 3.62695235e+02 1.74548466e-05
 3.62853784e+02 1.74322004e-05
 3.63012333e+02 1.74068544e-05
 3.63170882e+02 1.73788382e-05
 3.63329431e+02 1.73481813e-05
 3.63487979e+02 1.73149158e-05
 3.63646528e+02 1.72790747e-05
 3.63805077e+02 1.72406916e-05
 3.63963626e+02 1.71997996e-05
 3.64122175e+02 1.71564324e-05
 3.64280724e+02 1.71106256e-05
 3.64439273e+02 1.70624158e-05
 3.64597822e+02 1.70118394e-05
 3.64756371e+02 1.69589327e-05
 3.64914920e+02 1.69037328e-05
 3.65073469e+02 1.68462782e-05
 3.65232018e+02 1.67866079e-05
 3.65390567e+02 1.67247609e-05
 3.65549116e+02 1.66607760e-05
 3.65707665e+02 1.65946928e-05
 3.65866214e+02 1.65265520e-05
 3.66024763e+02 1.64563944e-05
 3.66183312e+02 1.63842608e-05
 3.66341861e+02 1.63101920e-05
 3.66500410e+02 1.62342295e-05
 3.66658958e+02 1.61564152e-05
 3.66817507e+02 1.60767912e-05
 3.66976056e+02 1.59953996e-05
 3.67134605e+02 1.59122825e-05
 3.67293154e+02 1.58274823e-05
 3.67451703e+02 1.57410418e-05
 3.67610252e+02 1.56530036e-05
 3.67768801e+02 1.55634106e-05
 3.67927350e+02 1.54723055e-05
 3.68085899e+02 1.53797311e-05
 3.68244448e+02 1.52857303e-05
 3.68402997e+02 1.51903459e-05
 3.68561546e+02 1.50936207e-05
 3.68720095e+02 1.49955977e-05
 3.68878644e+02 1.48963193e-05
 3.69037193e+02 1.47958279e-05
 3.69195742e+02 1.46941662e-05
 3.69354291e+02 1.45913765e-05
 3.69512840e+02 1.44875012e-05
 3.69671388e+02 1.43825818e-05
 3.69829937e+02 1.42766601e-05
 3.69988486e+02 1.41697777e-05
 3.70147035e+02 1.40619762e-05
 3.70305584e+02 1.39532968e-05
 3.70464133e+02 1.38437798e-05
 3.70622682e+02 1.37334658e-05
 3.70781231e+02 1.36223950e-05
 3.70939780e+02 1.35106079e-05
 3.71098329e+02 1.33981438e-05
 3.71256878e+02 1.32850417e-05
 3.71415427e+02 1.31713404e-05
 3.71573976e+02 1.30570786e-05
 3.71732525e+02 1.29422949e-05
 3.71891074e+02 1.28270269e-05
 3.72049623e+02 1.27113114e-05
 3.72208172e+02 1.25951853e-05
 3.72366721e+02 1.24786856e-05
 3.72525270e+02 1.23618487e-05
 3.72683819e+02 1.22447098e-05
 3.72842367e+02 1.21273036e-05
 3.73000916e+02 1.20096649e-05
 3.73159465e+02 1.18918284e-05
 3.73318014e+02 1.17738282e-05
 3.73476563e+02 1.16556969e-05
 3.73635112e+02 1.15374669e-05
 3.73793661e+02 1.14191705e-05
 3.73952210e+02 1.13008403e-05
 3.74110759e+02 1.11825074e-05
 3.74269308e+02 1.10642019e-05
 3.74427857e+02 1.09459536e-05
 3.74586406e+02 1.08277926e-05
 3.74744955e+02 1.07097484e-05
 3.74903504e+02 1.05918496e-05
 3.75062053e+02 1.04741235e-05
 3.75220602e+02 1.03565974e-05
 3.75379151e+02 1.02392984e-05
 3.75537700e+02 1.01222538e-05
 3.75696249e+02 1.00054888e-05
 3.75854797e+02 9.88902803e-06
 3.76013346e+02 9.77289619e-06
 3.76171895e+02 9.65711787e-06
 3.76330444e+02 9.54171721e-06
 3.76488993e+02 9.42671660e-06
 3.76647542e+02 9.31213795e-06
 3.76806091e+02 9.19800319e-06
 3.76964640e+02 9.08433425e-06
 3.77123189e+02 8.97115227e-06
 3.77281738e+02 8.85847676e-06
 3.77440287e+02 8.74632694e-06
 3.77598836e+02 8.63472207e-06
 3.77757385e+02 8.52368136e-06
 3.77915934e+02 8.41322296e-06
 3.78074483e+02 8.30336357e-06
 3.78233032e+02 8.19411982e-06
 3.78391581e+02 8.08550832e-06
 3.78550130e+02 7.97754560e-06
 3.78708679e+02 7.87024683e-06
 3.78867227e+02 7.76362609e-06
 3.79025776e+02 7.65769746e-06
 3.79184325e+02 7.55247500e-06
 3.79342874e+02 7.44797256e-06
 3.79501423e+02 7.34420248e-06
 3.79659972e+02 7.24117637e-06
 3.79818521e+02 7.13890584e-06
 3.79977070e+02 7.03740251e-06
 3.80135619e+02 6.93667760e-06
 3.80294168e+02 6.83674082e-06
 3.80452717e+02 6.73760142e-06
 3.80611266e+02 6.63926870e-06
 3.80769815e+02 6.54175194e-06
 3.80928364e+02 6.44505980e-06
 3.81086913e+02 6.34919957e-06
 3.81245462e+02 6.25417835e-06
 3.81404011e+02 6.16000320e-06
 3.81562560e+02 6.06668120e-06
 3.81721109e+02 5.97421859e-06
 3.81879658e+02 5.88262049e-06
 3.82038206e+02 5.79189193e-06
 3.82196755e+02 5.70203795e-06
 3.82355304e+02 5.61306354e-06
 3.82513853e+02 5.52497267e-06
 3.82672402e+02 5.43776851e-06
 3.82830951e+02 5.35145422e-06
 3.82989500e+02 5.26603295e-06
 3.83148049e+02 5.18150771e-06
 3.83306598e+02 5.09788045e-06
 3.83465147e+02 5.01515260e-06
 3.83623696e+02 4.93332557e-06
 3.83782245e+02 4.85240080e-06
 3.83940794e+02 4.77237948e-06
 3.84099343e+02 4.69326175e-06
 3.84257892e+02 4.61504749e-06
 3.84416441e+02 4.53773655e-06
 3.84574990e+02 4.46132882e-06
 3.84733539e+02 4.38582378e-06
 3.84892088e+02 4.31122005e-06
 3.85050636e+02 4.23751611e-06
 3.85209185e+02 4.16471043e-06
 3.85367734e+02 4.09280149e-06
 3.85526283e+02 4.02178726e-06
 3.85684832e+02 3.95166506e-06
 3.85843381e+02 3.88243213e-06
 3.86001930e+02 3.81408572e-06
 3.86160479e+02 3.74662305e-06
 3.86319028e+02 3.68004080e-06
 3.86477577e+02 3.61433515e-06
 3.86636126e+02 3.54950230e-06
 3.86794675e+02 3.48553843e-06
 3.86953224e+02 3.42243966e-06
 3.87111773e+02 3.36020154e-06
 3.87270322e+02 3.29881935e-06
 3.87428871e+02 3.23828836e-06
 3.87587420e+02 3.17860385e-06
 3.87745969e+02 3.11976097e-06
 3.87904518e+02 3.06175438e-06
 3.88063067e+02 3.00457859e-06
 3.88221615e+02 2.94822810e-06
 3.88380164e+02 2.89269742e-06
 3.88538713e+02 2.83798089e-06
 3.88697262e+02 2.78407247e-06
 3.88855811e+02 2.73096604e-06
 3.89014360e+02 2.67865547e-06
 3.89172909e+02 2.62713464e-06
 3.89331458e+02 2.57639724e-06
 3.89490007e+02 2.52643667e-06
 3.89648556e+02 2.47724632e-06
 3.89807105e+02 2.42881957e-06
 3.89965654e+02 2.38114979e-06
 3.90124203e+02 2.33423017e-06
 3.90282752e+02 2.28805371e-06
 3.90441301e+02 2.24261342e-06
 3.90599850e+02 2.19790230e-06
 3.90758399e+02 2.15391334e-06
 3.90916948e+02 2.11063936e-06
 3.91075497e+02 2.06807310e-06
 3.91234045e+02 2.02620729e-06
 3.91392594e+02 1.98503466e-06
 3.91551143e+02 1.94454793e-06
 3.91709692e+02 1.90473969e-06
 3.91868241e+02 1.86560252e-06
 3.92026790e+02 1.82712896e-06
 3.92185339e+02 1.78931159e-06
 3.92343888e+02 1.75214295e-06
 3.92502437e+02 1.71561552e-06
 3.92660986e+02 1.67972180e-06
 3.92819535e+02 1.64445426e-06
 3.92978084e+02 1.60980538e-06
 3.93136633e+02 1.57576765e-06
 3.93295182e+02 1.54233353e-06
 3.93453731e+02 1.50949551e-06
 3.93612280e+02 1.47724605e-06
 3.93770829e+02 1.44557765e-06
 3.93929378e+02 1.41448280e-06
 3.94087927e+02 1.38395405e-06
 3.94246476e+02 1.35398394e-06
 3.94405024e+02 1.32456500e-06
 3.94563573e+02 1.29568978e-06
 3.94722122e+02 1.26735092e-06
 3.94880671e+02 1.23954105e-06
 3.95039220e+02 1.21225286e-06
 3.95197769e+02 1.18547900e-06
 3.95356318e+02 1.15921215e-06
 3.95514867e+02 1.13344512e-06
 3.95673416e+02 1.10817073e-06
 3.95831965e+02 1.08338182e-06
 3.95990514e+02 1.05907123e-06
 3.96149063e+02 1.03523184e-06
 3.96307612e+02 1.01185668e-06
 3.96466161e+02 9.88938780e-07
 3.96624710e+02 9.66471200e-07
 3.96783259e+02 9.44446986e-07
 3.96941808e+02 9.22859277e-07
 3.97100357e+02 9.01701354e-07
 3.97258906e+02 8.80966511e-07
 3.97417454e+02 8.60648043e-07
 3.97576003e+02 8.40739250e-07
 3.97734552e+02 8.21233567e-07
 3.97893101e+02 8.02124558e-07
 3.98051650e+02 7.83405790e-07
 3.98210199e+02 7.65070831e-07
 3.98368748e+02 7.47113267e-07
 3.98527297e+02 7.29526859e-07
 3.98685846e+02 7.12305468e-07
 3.98844395e+02 6.95442956e-07
 3.99002944e+02 6.78933184e-07
 3.99161493e+02 6.62770052e-07
 3.99320042e+02 6.46947666e-07
 3.99478591e+02 6.31460193e-07
 3.99637140e+02 6.16301803e-07
 3.99795689e+02 6.01466666e-07
 3.99954238e+02 5.86949023e-07
 4.00112787e+02 5.72743325e-07
 4.00271336e+02 5.58844056e-07
 4.00429884e+02 5.45245703e-07
 4.00588433e+02 5.31942754e-07
 4.00746982e+02 5.18929810e-07
 4.00905531e+02 5.06201663e-07
 4.01064080e+02 4.93753118e-07
 4.01222629e+02 4.81578983e-07
 4.01381178e+02 4.69674074e-07
 4.01539727e+02 4.58033360e-07
 4.01698276e+02 4.46651964e-07
 4.01856825e+02 4.35525015e-07
 4.02015374e+02 4.24647643e-07
 4.02173923e+02 4.14014995e-07
 4.02332472e+02 4.03622409e-07
 4.02491021e+02 3.93465331e-07
 4.02649570e+02 3.83539209e-07
 4.02808119e+02 3.73839491e-07
 4.02966668e+02 3.64361664e-07
 4.03125217e+02 3.55101421e-07
 4.03283766e+02 3.46054521e-07
 4.03442315e+02 3.37216728e-07
 4.03600863e+02 3.28583801e-07
 4.03759412e+02 3.20151570e-07
 4.03917961e+02 3.11916064e-07
 4.04076510e+02 3.03873348e-07
 4.04235059e+02 2.96019490e-07
 4.04393608e+02 2.88350556e-07
 4.04552157e+02 2.80862715e-07
 4.04710706e+02 2.73552313e-07
 4.04869255e+02 2.66415709e-07
 4.05027804e+02 2.59449264e-07
 4.05186353e+02 2.52649346e-07
 4.05344902e+02 2.46012455e-07
 4.05503451e+02 2.39535230e-07
 4.05662000e+02 2.33214314e-07
 4.05820549e+02 2.27046352e-07
 4.05979098e+02 2.21028003e-07
 4.06137647e+02 2.15156084e-07
 4.06296196e+02 2.09427508e-07
 4.06454745e+02 2.03839190e-07
 4.06613293e+02 1.98388045e-07
 4.06771842e+02 1.93071016e-07
 4.06930391e+02 1.87885217e-07
 4.07088940e+02 1.82827818e-07
 4.07247489e+02 1.77895990e-07
 4.07406038e+02 1.73086906e-07
 4.07564587e+02 1.68397788e-07
 4.07723136e+02 1.63826019e-07
 4.07881685e+02 1.59369012e-07
 4.08040234e+02 1.55024181e-07
 4.08198783e+02 1.50788942e-07
 4.08357332e+02 1.46660785e-07
 4.08515881e+02 1.42637338e-07
 4.08674430e+02 1.38716243e-07
 4.08832979e+02 1.34895143e-07
 4.08991528e+02 1.31171683e-07
 4.09150077e+02 1.27543608e-07
 4.09308626e+02 1.24008769e-07
 4.09467175e+02 1.20565021e-07
 4.09625724e+02 1.17210220e-07
 4.09784272e+02 1.13942232e-07
 4.09942821e+02 1.10759037e-07
 4.10101370e+02 1.07658689e-07
 4.10259919e+02 1.04639243e-07
 4.10418468e+02 1.01698754e-07
 4.10577017e+02 9.88352953e-08
 4.10735566e+02 9.60470642e-08
 4.10894115e+02 9.33322996e-08
 4.11052664e+02 9.06892412e-08
 4.11211213e+02 8.81161285e-08
 4.11369762e+02 8.56112359e-08
 4.11528311e+02 8.31729512e-08
 4.11686860e+02 8.07996851e-08
 4.11845409e+02 7.84898483e-08
 4.12003958e+02 7.62418518e-08
 4.12162507e+02 7.40541585e-08
 4.12321056e+02 7.19253264e-08
 4.12479605e+02 6.98539240e-08
 4.12638154e+02 6.78385197e-08
 4.12796702e+02 6.58776844e-08
 4.12955251e+02 6.39700552e-08
 4.13113800e+02 6.21143419e-08
 4.13272349e+02 6.03092579e-08
 4.13430898e+02 5.85535166e-08
 4.13589447e+02 5.68458380e-08
 4.13747996e+02 5.51850179e-08
 4.13906545e+02 5.35699017e-08
 4.14065094e+02 5.19993356e-08
 4.14223643e+02 5.04721660e-08
 4.14382192e+02 4.89872520e-08
 4.14540741e+02 4.75435313e-08
 4.14699290e+02 4.61399715e-08
 4.14857839e+02 4.47755403e-08
 4.15016388e+02 4.34492051e-08
 4.15174937e+02 4.21599553e-08
 4.15333486e+02 4.09068535e-08
 4.15492035e+02 3.96889779e-08
 4.15650584e+02 3.85054064e-08
 4.15809133e+02 3.73552174e-08
 4.15967681e+02 3.62375212e-08
 4.16126230e+02 3.51514891e-08
 4.16284779e+02 3.40962996e-08
 4.16443328e+02 3.30711311e-08
 4.16601877e+02 3.20751633e-08
 4.16760426e+02 3.11076168e-08
 4.16918975e+02 3.01677581e-08
 4.17077524e+02 2.92548567e-08
 4.17236073e+02 2.83681817e-08
 4.17394622e+02 2.75070061e-08
 4.17553171e+02 2.66706492e-08
 4.17711720e+02 2.58584616e-08
 4.17870269e+02 2.50697948e-08
 4.18028818e+02 2.43039999e-08
 4.18187367e+02 2.35604356e-08
 4.18345916e+02 2.28385085e-08
 4.18504465e+02 2.21376436e-08
 4.18663014e+02 2.14572662e-08
 4.18821563e+02 2.07968015e-08
 4.18980111e+02 2.01556872e-08
 4.19138660e+02 1.95334053e-08
 4.19297209e+02 1.89294474e-08
 4.19455758e+02 1.83433052e-08
 4.19614307e+02 1.77744705e-08
 4.19772856e+02 1.72224535e-08
 4.19931405e+02 1.66868010e-08
 4.20089954e+02 1.61670641e-08
 4.20248503e+02 1.56627943e-08
 4.20407052e+02 1.51735433e-08
 4.20565601e+02 1.46988866e-08
 4.20724150e+02 1.42384272e-08
 4.20882699e+02 1.37917694e-08
 4.21041248e+02 1.33585178e-08
 4.21199797e+02 1.29382790e-08
 4.21358346e+02 1.25306860e-08
 4.21516895e+02 1.21353904e-08
 4.21675444e+02 1.17520444e-08
 4.21833993e+02 1.13803000e-08
 4.21992541e+02 1.10198133e-08
 4.22151090e+02 1.06702676e-08
 4.22309639e+02 1.03313574e-08
 4.22468188e+02 1.00027770e-08
 4.22626737e+02 9.68422082e-09
 4.22785286e+02 9.37539019e-09
 4.22943835e+02 9.07601141e-09
 4.23102384e+02 8.78581655e-09
 4.23260933e+02 8.50453770e-09
 4.23419482e+02 8.23190700e-09
 4.23578031e+02 7.96766657e-09
 4.23736580e+02 7.71157931e-09
 4.23895129e+02 7.46341066e-09
 4.24053678e+02 7.22292611e-09
 4.24212227e+02 6.98989150e-09
 4.24370776e+02 6.76408535e-09
 4.24529325e+02 6.54530175e-09
 4.24687874e+02 6.33333571e-09
 4.24846423e+02 6.12798226e-09
 4.25004972e+02 5.92903745e-09
 4.25163520e+02 5.73631170e-09
 4.25322069e+02 5.54962589e-09
 4.25480618e+02 5.36880115e-09
 4.25639167e+02 5.19365860e-09
 4.25797716e+02 5.02402147e-09
 4.25956265e+02 4.85972763e-09
 4.26114814e+02 4.70062122e-09
 4.26273363e+02 4.54654642e-09
 4.26431912e+02 4.39734738e-09
 4.26590461e+02 4.25287178e-09
 4.26749010e+02 4.11298076e-09
 4.26907559e+02 3.97753868e-09
 4.27066108e+02 3.84640992e-09
 4.27224657e+02 3.71945885e-09
 4.27383206e+02 3.59655511e-09
 4.27541755e+02 3.47757960e-09
 4.27700304e+02 3.36241474e-09
 4.27858853e+02 3.25094290e-09
 4.28017402e+02 3.14304666e-09
 4.28175950e+02 3.03861477e-09
 4.28334499e+02 2.93754388e-09
 4.28493048e+02 2.83973112e-09
 4.28651597e+02 2.74507366e-09
 4.28810146e+02 2.65346925e-09
 4.28968695e+02 2.56482482e-09
 4.29127244e+02 2.47905419e-09
 4.29285793e+02 2.39607139e-09
 4.29444342e+02 2.31579043e-09
 4.29602891e+02 2.23812532e-09
 4.29761440e+02 2.16299008e-09
 4.29919989e+02 2.09029872e-09
 4.30078538e+02 2.01996525e-09
 4.30237087e+02 1.95190369e-09
