 1.34332964e+04 1.76826341e-09
 1.34411896e+04 1.86956636e-09
 1.34490828e+04 1.97630976e-09
 1.34569760e+04 2.08876368e-09
 1.34648692e+04 2.20721106e-09
 1.34727624e+04 2.33194752e-09
 1.34806556e+04 2.46328142e-09
 1.34885488e+04 2.60153584e-09
 1.34964420e+04 2.74704702e-09
 1.35043352e+04 2.90016714e-09
 1.35122284e+04 3.06126301e-09
 1.35201216e+04 3.23071756e-09
 1.35280149e+04 3.40893074e-09
 1.35359081e+04 3.59631851e-09
 1.35438013e+04 3.79331585e-09
 1.35516945e+04 4.00037477e-09
 1.35595877e+04 4.21796768e-09
 1.35674809e+04 4.44658590e-09
 1.35753741e+04 4.68674225e-09
 1.35832673e+04 4.93897118e-09
 1.35911605e+04 5.20382929e-09
 1.35990537e+04 5.48189722e-09
 1.36069469e+04 5.77377824e-09
 1.36148401e+04 6.08010129e-09
 1.36227333e+04 6.40151819e-09
 1.36306265e+04 6.73870801e-09
 1.36385197e+04 7.09237457e-09
 1.36464130e+04 7.46325178e-09
 1.36543062e+04 7.85210174e-09
 1.36621994e+04 8.25971993e-09
 1.36700926e+04 8.68693239e-09
 1.36779858e+04 9.13459893e-09
 1.36858790e+04 9.60360913e-09
 1.36937722e+04 1.00948858e-08
 1.37016654e+04 1.06093834e-08
 1.37095586e+04 1.11480945e-08
 1.37174518e+04 1.17120507e-08
 1.37253450e+04 1.23023272e-08
 1.37332382e+04 1.29200390e-08
 1.37411314e+04 1.35663415e-08
 1.37490246e+04 1.42424247e-08
 1.37569178e+04 1.49495204e-08
 1.37648111e+04 1.56889050e-08
 1.37727043e+04 1.64619103e-08
 1.37805975e+04 1.72699185e-08
 1.37884907e+04 1.81143610e-08
 1.37963839e+04 1.89967076e-08
 1.38042771e+04 1.99184744e-08
 1.38121703e+04 2.08812329e-08
 1.38200635e+04 2.18866219e-08
 1.38279567e+04 2.29363428e-08
 1.38358499e+04 2.40321446e-08
 1.38437431e+04 2.51758215e-08
 1.38516363e+04 2.63692229e-08
 1.38595295e+04 2.76142796e-08
 1.38674227e+04 2.89129974e-08
 1.38753160e+04 3.02674404e-08
 1.38832092e+04 3.16797142e-08
 1.38911024e+04 3.31519896e-08
 1.38989956e+04 3.46865332e-08
 1.39068888e+04 3.62856980e-08
 1.39147820e+04 3.79518919e-08
 1.39226752e+04 3.96875656e-08
 1.39305684e+04 4.14952605e-08
 1.39384616e+04 4.33776337e-08
 1.39463548e+04 4.53374182e-08
 1.39542480e+04 4.73773869e-08
 1.39621412e+04 4.95003851e-08
 1.39700344e+04 5.17093945e-08
 1.39779276e+04 5.40074982e-08
 1.39858208e+04 5.63978123e-08
 1.39937141e+04 5.88835246e-08
 1.40016073e+04 6.14679711e-08
 1.40095005e+04 6.41546066e-08
 1.40173937e+04 6.69469124e-08
 1.40252869e+04 6.98484441e-08
 1.40331801e+04 7.28629392e-08
 1.40410733e+04 7.59942411e-08
 1.40489665e+04 7.92462025e-08
 1.40568597e+04 8.26227980e-08
 1.40647529e+04 8.61282011e-08
 1.40726461e+04 8.97666419e-08
 1.40805393e+04 9.35423728e-08
 1.40884325e+04 9.74598452e-08
 1.40963257e+04 1.01523678e-07
 1.41042189e+04 1.05738474e-07
 1.41121122e+04 1.10108956e-07
 1.41200054e+04 1.14640103e-07
 1.41278986e+04 1.19336915e-07
 1.41357918e+04 1.24204420e-07
 1.41436850e+04 1.29247931e-07
 1.41515782e+04 1.34472859e-07
 1.41594714e+04 1.39884572e-07
 1.41673646e+04 1.45488719e-07
 1.41752578e+04 1.51291117e-07
 1.41831510e+04 1.57297499e-07
 1.41910442e+04 1.63513863e-07
 1.41989374e+04 1.69946427e-07
 1.42068306e+04 1.76601294e-07
 1.42147238e+04 1.83484841e-07
 1.42226170e+04 1.90603677e-07
 1.42305103e+04 1.97964274e-07
 1.42384035e+04 2.05573414e-07
 1.42462967e+04 2.13438086e-07
 1.42541899e+04 2.21565123e-07
 1.42620831e+04 2.29961754e-07
 1.42699763e+04 2.38635305e-07
 1.42778695e+04 2.47592992e-07
 1.42857627e+04 2.56842506e-07
 1.42936559e+04 2.66391461e-07
 1.43015491e+04 2.76247509e-07
 1.43094423e+04 2.86418773e-07
 1.43173355e+04 2.96913113e-07
 1.43252287e+04 3.07738714e-07
 1.43331219e+04 3.18904001e-07
 1.43410152e+04 3.30417140e-07
 1.43489084e+04 3.42286882e-07
 1.43568016e+04 3.54521781e-07
 1.43646948e+04 3.67130523e-07
 1.43725880e+04 3.80122219e-07
 1.43804812e+04 3.93505587e-07
 1.43883744e+04 4.07289967e-07
 1.43962676e+04 4.21484488e-07
 1.44041608e+04 4.36098398e-07
 1.44120540e+04 4.51141362e-07
 1.44199472e+04 4.66622602e-07
 1.44278404e+04 4.82552059e-07
 1.44357336e+04 4.98939236e-07
 1.44436268e+04 5.15794041e-07
 1.44515200e+04 5.33126455e-07
 1.44594133e+04 5.50946249e-07
 1.44673065e+04 5.69263817e-07
 1.44751997e+04 5.88088932e-07
 1.44830929e+04 6.07432175e-07
 1.44909861e+04 6.27303525e-07
 1.44988793e+04 6.47713526e-07
 1.45067725e+04 6.68672495e-07
 1.45146657e+04 6.90190829e-07
 1.45225589e+04 7.12279190e-07
 1.45304521e+04 7.34947830e-07
 1.45383453e+04 7.58207668e-07
 1.45462385e+04 7.82068870e-07
 1.45541317e+04 8.06542491e-07
 1.45620249e+04 8.31638677e-07
 1.45699181e+04 8.57368512e-07
 1.45778114e+04 8.83742159e-07
 1.45857046e+04 9.10770650e-07
 1.45935978e+04 9.38464166e-07
 1.46014910e+04 9.66833637e-07
 1.46093842e+04 9.95889236e-07
 1.46172774e+04 1.02564177e-06
 1.46251706e+04 1.05610134e-06
 1.46330638e+04 1.08727862e-06
 1.46409570e+04 1.11918359e-06
 1.46488502e+04 1.15182676e-06
 1.46567434e+04 1.18521794e-06
 1.46646366e+04 1.21936747e-06
 1.46725298e+04 1.25428488e-06
 1.46804230e+04 1.28998037e-06
 1.46883163e+04 1.32646312e-06
 1.46962095e+04 1.36374315e-06
 1.47041027e+04 1.40182924e-06
 1.47119959e+04 1.44073117e-06
 1.47198891e+04 1.48045731e-06
 1.47277823e+04 1.52101711e-06
 1.47356755e+04 1.56241857e-06
 1.47435687e+04 1.60467063e-06
 1.47514619e+04 1.64778100e-06
 1.47593551e+04 1.69175793e-06
 1.47672483e+04 1.73660897e-06
 1.47751415e+04 1.78234143e-06
 1.47830347e+04 1.82896276e-06
 1.47909279e+04 1.87647931e-06
 1.47988211e+04 1.92489824e-06
 1.48067144e+04 1.97422508e-06
 1.48146076e+04 2.02446637e-06
 1.48225008e+04 2.07562717e-06
 1.48303940e+04 2.12771289e-06
 1.48382872e+04 2.18072844e-06
 1.48461804e+04 2.23467785e-06
 1.48540736e+04 2.28956577e-06
 1.48619668e+04 2.34539510e-06
 1.48698600e+04 2.40216965e-06
 1.48777532e+04 2.45989185e-06
 1.48856464e+04 2.51856389e-06
 1.48935396e+04 2.57818807e-06
 1.49014328e+04 2.63876504e-06
 1.49093260e+04 2.70029631e-06
 1.49172192e+04 2.76278182e-06
 1.49251125e+04 2.82622131e-06
 1.49330057e+04 2.89061457e-06
 1.49408989e+04 2.95595958e-06
 1.49487921e+04 3.02225509e-06
 1.49566853e+04 3.08949853e-06
 1.49645785e+04 3.15768649e-06
 1.49724717e+04 3.22681606e-06
 1.49803649e+04 3.29688239e-06
 1.49882581e+04 3.36788076e-06
 1.49961513e+04 3.43980608e-06
 1.50040445e+04 3.51265147e-06
 1.50119377e+04 3.58641063e-06
 1.50198309e+04 3.66107611e-06
 1.50277241e+04 3.73663911e-06
 1.50356174e+04 3.81309143e-06
 1.50435106e+04 3.89042326e-06
 1.50514038e+04 3.96862383e-06
 1.50592970e+04 4.04768281e-06
 1.50671902e+04 4.12758806e-06
 1.50750834e+04 4.20832670e-06
 1.50829766e+04 4.28988616e-06
 1.50908698e+04 4.37225199e-06
 1.50987630e+04 4.45540903e-06
 1.51066562e+04 4.53934236e-06
 1.51145494e+04 4.62403530e-06
 1.51224426e+04 4.70947022e-06
 1.51303358e+04 4.79562980e-06
 1.51382290e+04 4.88249514e-06
 1.51461222e+04 4.97004609e-06
 1.51540155e+04 5.05826276e-06
 1.51619087e+04 5.14712412e-06
 1.51698019e+04 5.23660749e-06
 1.51776951e+04 5.32669024e-06
 1.51855883e+04 5.41734919e-06
 1.51934815e+04 5.50855934e-06
 1.52013747e+04 5.60029517e-06
 1.52092679e+04 5.69253112e-06
 1.52171611e+04 5.78524019e-06
 1.52250543e+04 5.87839404e-06
 1.52329475e+04 5.97196437e-06
 1.52408407e+04 6.06592223e-06
 1.52487339e+04 6.16023702e-06
 1.52566271e+04 6.25487742e-06
 1.52645203e+04 6.34981211e-06
 1.52724136e+04 6.44500873e-06
 1.52803068e+04 6.54043343e-06
 1.52882000e+04 6.63605196e-06
 1.52960932e+04 6.73182991e-06
 1.53039864e+04 6.82773175e-06
 1.53118796e+04 6.92372064e-06
 1.53197728e+04 7.01975937e-06
 1.53276660e+04 7.11581060e-06
 1.53355592e+04 7.21183592e-06
 1.53434524e+04 7.30779573e-06
 1.53513456e+04 7.40364997e-06
 1.53592388e+04 7.49935850e-06
 1.53671320e+04 7.59488039e-06
 1.53750252e+04 7.69017360e-06
 1.53829185e+04 7.78519543e-06
 1.53908117e+04 7.87990308e-06
 1.53987049e+04 7.97425342e-06
 1.54065981e+04 8.06820237e-06
 1.54144913e+04 8.16170503e-06
 1.54223845e+04 8.25471620e-06
 1.54302777e+04 8.34719061e-06
 1.54381709e+04 8.43908258e-06
 1.54460641e+04 8.53034562e-06
 1.54539573e+04 8.62093269e-06
 1.54618505e+04 8.71079655e-06
 1.54697437e+04 8.79988994e-06
 1.54776369e+04 8.88816536e-06
 1.54855301e+04 8.97557474e-06
 1.54934233e+04 9.06206956e-06
 1.55013166e+04 9.14760117e-06
 1.55092098e+04 9.23212097e-06
 1.55171030e+04 9.31558039e-06
 1.55249962e+04 9.39793060e-06
 1.55328894e+04 9.47912249e-06
 1.55407826e+04 9.55910681e-06
 1.55486758e+04 9.63783440e-06
 1.55565690e+04 9.71525630e-06
 1.55644622e+04 9.79132373e-06
 1.55723554e+04 9.86598790e-06
 1.55802486e+04 9.93920005e-06
 1.55881418e+04 1.00109115e-05
 1.55960350e+04 1.00810737e-05
 1.56039282e+04 1.01496387e-05
 1.56118214e+04 1.02165586e-05
 1.56197147e+04 1.02817863e-05
 1.56276079e+04 1.03452746e-05
 1.56355011e+04 1.04069769e-05
 1.56433943e+04 1.04668468e-05
 1.56512875e+04 1.05248385e-05
 1.56591807e+04 1.05809068e-05
 1.56670739e+04 1.06350072e-05
 1.56749671e+04 1.06870956e-05
 1.56828603e+04 1.07371288e-05
 1.56907535e+04 1.07850643e-05
 1.56986467e+04 1.08308601e-05
 1.57065399e+04 1.08744750e-05
 1.57144331e+04 1.09158689e-05
 1.57223263e+04 1.09550021e-05
 1.57302195e+04 1.09918361e-05
 1.57381128e+04 1.10263335e-05
 1.57460060e+04 1.10584576e-05
 1.57538992e+04 1.10881729e-05
 1.57617924e+04 1.11154450e-05
 1.57696856e+04 1.11402406e-05
 1.57775788e+04 1.11625274e-05
 1.57854720e+04 1.11822744e-05
 1.57933652e+04 1.11994517e-05
 1.58012584e+04 1.12140308e-05
 1.58091516e+04 1.12259844e-05
 1.58170448e+04 1.12352866e-05
 1.58249380e+04 1.12419127e-05
 1.58328312e+04 1.12458398e-05
 1.58407244e+04 1.12470459e-05
 1.58486177e+04 1.12455111e-05
 1.58565109e+04 1.12412164e-05
 1.58644041e+04 1.12341447e-05
 1.58722973e+04 1.12242805e-05
 1.58801905e+04 1.12116096e-05
 1.58880837e+04 1.11961197e-05
 1.58959769e+04 1.11778001e-05
 1.59038701e+04 1.11566415e-05
 1.59117633e+04 1.11326368e-05
 1.59196565e+04 1.11057803e-05
 1.59275497e+04 1.10760680e-05
 1.59354429e+04 1.10434979e-05
 1.59433361e+04 1.10080697e-05
 1.59512293e+04 1.09697849e-05
 1.59591225e+04 1.09286467e-05
 1.59670158e+04 1.08846605e-05
 1.59749090e+04 1.08378332e-05
 1.59828022e+04 1.07881739e-05
 1.59906954e+04 1.07356933e-05
 1.59985886e+04 1.06804041e-05
 1.60064818e+04 1.06223210e-05
 1.60143750e+04 1.05614607e-05
 1.60222682e+04 1.04978415e-05
 1.60301614e+04 1.04314839e-05
 1.60380546e+04 1.03624104e-05
 1.60459478e+04 1.02906451e-05
 1.60538410e+04 1.02162143e-05
 1.60617342e+04 1.01391463e-05
 1.60696274e+04 1.00594711e-05
 1.60775206e+04 9.97722085e-06
 1.60854139e+04 9.89242943e-06
 1.60933071e+04 9.80513278e-06
 1.61012003e+04 9.71536869e-06
 1.61090935e+04 9.62317684e-06
 1.61169867e+04 9.52859881e-06
 1.61248799e+04 9.43167805e-06
 1.61327731e+04 9.33245983e-06
 1.61406663e+04 9.23099130e-06
 1.61485595e+04 9.12732137e-06
 1.61564527e+04 9.02150080e-06
 1.61643459e+04 8.91358207e-06
 1.61722391e+04 8.80361945e-06
 1.61801323e+04 8.69166892e-06
 1.61880255e+04 8.57778816e-06
 1.61959188e+04 8.46203652e-06
 1.62038120e+04 8.34447497e-06
 1.62117052e+04 8.22516611e-06
 1.62195984e+04 8.10417408e-06
 1.62274916e+04 7.98156456e-06
 1.62353848e+04 7.85740469e-06
 1.62432780e+04 7.73176308e-06
 1.62511712e+04 7.60470973e-06
 1.62590644e+04 7.47631603e-06
 1.62669576e+04 7.34665469e-06
 1.62748508e+04 7.21579975e-06
 1.62827440e+04 7.08382652e-06
 1.62906372e+04 6.95081149e-06
 1.62985304e+04 6.81683234e-06
 1.63064236e+04 6.68196780e-06
 1.63143169e+04 6.54629763e-06
 1.63222101e+04 6.40990257e-06
 1.63301033e+04 6.27286427e-06
 1.63379965e+04 6.13526528e-06
 1.63458897e+04 5.99718904e-06
 1.63537829e+04 5.85871982e-06
 1.63616761e+04 5.71994264e-06
 1.63695693e+04 5.58094316e-06
 1.63774625e+04 5.44180763e-06
 1.63853557e+04 5.30262278e-06
 1.63932489e+04 5.16347577e-06
 1.64011421e+04 5.02445427e-06
 1.64090353e+04 4.88564637e-06
 1.64169285e+04 4.74714052e-06
 1.64248217e+04 4.60902545e-06
 1.64327150e+04 4.47138999e-06
 1.64406082e+04 4.33432301e-06
 1.64485014e+04 4.19791338e-06
 1.64563946e+04 4.06225006e-06
 1.64642878e+04 3.92742202e-06
 1.64721810e+04 3.79351818e-06
 1.64800742e+04 3.66062718e-06
 1.64879674e+04 3.52883730e-06
 1.64958606e+04 3.39823642e-06
 1.65037538e+04 3.26891209e-06
 1.65116470e+04 3.14095156e-06
 1.65195402e+04 3.01444162e-06
 1.65274334e+04 2.88946838e-06
 1.65353266e+04 2.76611715e-06
 1.65432199e+04 2.64447252e-06
 1.65511131e+04 2.52461847e-06
 1.65590063e+04 2.40663828e-06
 1.65668995e+04 2.29061426e-06
 1.65747927e+04 2.17662759e-06
 1.65826859e+04 2.06475840e-06
 1.65905791e+04 1.95508589e-06
 1.65984723e+04 1.84768828e-06
 1.66063655e+04 1.74264252e-06
 1.66142587e+04 1.64002412e-06
 1.66221519e+04 1.53990727e-06
 1.66300451e+04 1.44236500e-06
 1.66379383e+04 1.34746903e-06
 1.66458315e+04 1.25528943e-06
 1.66537247e+04 1.16589462e-06
 1.66616180e+04 1.07935154e-06
 1.66695112e+04 9.95725731e-07
 1.66774044e+04 9.15080969e-07
 1.66852976e+04 8.37479120e-07
 1.66931908e+04 7.62980321e-07
 1.67010840e+04 6.91643106e-07
 1.67089772e+04 6.23524148e-07
 1.67168704e+04 5.58678028e-07
 1.67247636e+04 4.97157392e-07
 1.67326568e+04 4.39013106e-07
 1.67405500e+04 3.84294024e-07
 1.67484432e+04 3.33046770e-07
 1.67563364e+04 2.85315906e-07
 1.67642296e+04 2.41144053e-07
 1.67721228e+04 2.00571637e-07
 1.67800161e+04 1.63636771e-07
 1.67879093e+04 1.30375438e-07
 1.67958025e+04 1.00821501e-07
 1.68036957e+04 7.50064758e-08
 1.68115889e+04 5.29595483e-08
 1.68194821e+04 3.47077052e-08
 1.68273753e+04 2.02756264e-08
 1.68352685e+04 9.68558694e-09
 1.68431617e+04 2.95754767e-09
 1.68510549e+04 1.09138093e-10
 1.68589481e+04 1.15558113e-09
 1.68668413e+04 6.10973842e-09
 1.68747345e+04 1.49820803e-08
 1.68826277e+04 2.77806507e-08
 1.68905210e+04 4.45111563e-08
 1.68984142e+04 6.51768830e-08
 1.69063074e+04 8.97786335e-08
 1.69142006e+04 1.18314926e-07
 1.69220938e+04 1.50781883e-07
 1.69299870e+04 1.87173075e-07
 1.69378802e+04 2.27479845e-07
 1.69457734e+04 2.71691209e-07
 1.69536666e+04 3.19793568e-07
 1.69615598e+04 3.71771166e-07
 1.69694530e+04 4.27606005e-07
 1.69773462e+04 4.87277419e-07
 1.69852394e+04 5.50762704e-07
 1.69931326e+04 6.18036969e-07
 1.70010258e+04 6.89072629e-07
 1.70089191e+04 7.63840245e-07
 1.70168123e+04 8.42308182e-07
 1.70247055e+04 9.24442139e-07
 1.70325987e+04 1.01020621e-06
 1.70404919e+04 1.09956218e-06
 1.70483851e+04 1.19246931e-06
 1.70562783e+04 1.28888554e-06
 1.70641715e+04 1.38876620e-06
 1.70720647e+04 1.49206459e-06
 1.70799579e+04 1.59873267e-06
 1.70878511e+04 1.70871962e-06
 1.70957443e+04 1.82197325e-06
 1.71036375e+04 1.93843967e-06
 1.71115307e+04 2.05806239e-06
 1.71194239e+04 2.18078416e-06
 1.71273172e+04 2.30654532e-06
 1.71352104e+04 2.43528450e-06
 1.71431036e+04 2.56693947e-06
 1.71509968e+04 2.70144522e-06
 1.71588900e+04 2.83873628e-06
 1.71667832e+04 2.97874520e-06
 1.71746764e+04 3.12140274e-06
 1.71825696e+04 3.26663937e-06
 1.71904628e+04 3.41438273e-06
 1.71983560e+04 3.56456054e-06
 1.72062492e+04 3.71709850e-06
 1.72141424e+04 3.87192106e-06
 1.72220356e+04 4.02895246e-06
 1.72299288e+04 4.18811434e-06
 1.72378221e+04 4.34932907e-06
 1.72457153e+04 4.51251649e-06
 1.72536085e+04 4.67759655e-06
 1.72615017e+04 4.84448813e-06
 1.72693949e+04 5.01310866e-06
 1.72772881e+04 5.18337624e-06
 1.72851813e+04 5.35520637e-06
 1.72930745e+04 5.52851604e-06
 1.73009677e+04 5.70321967e-06
 1.73088609e+04 5.87923280e-06
 1.73167541e+04 6.05646945e-06
 1.73246473e+04 6.23484361e-06
 1.73325405e+04 6.41426931e-06
 1.73404337e+04 6.59465923e-06
 1.73483269e+04 6.77592745e-06
 1.73562202e+04 6.95798582e-06
 1.73641134e+04 7.14074846e-06
 1.73720066e+04 7.32412686e-06
 1.73798998e+04 7.50803513e-06
 1.73877930e+04 7.69238487e-06
 1.73956862e+04 7.87709021e-06
 1.74035794e+04 8.06206323e-06
 1.74114726e+04 8.24721817e-06
 1.74193658e+04 8.43246788e-06
 1.74272590e+04 8.61772694e-06
 1.74351522e+04 8.80290912e-06
 1.74430454e+04 8.98792957e-06
 1.74509386e+04 9.17270317e-06
 1.74588318e+04 9.35714591e-06
 1.74667250e+04 9.54117388e-06
 1.74746183e+04 9.72470420e-06
 1.74825115e+04 9.90765426e-06
 1.74904047e+04 1.00899426e-05
 1.74982979e+04 1.02714881e-05
 1.75061911e+04 1.04522108e-05
 1.75140843e+04 1.06320312e-05
 1.75219775e+04 1.08108713e-05
 1.75298707e+04 1.09886531e-05
 1.75377639e+04 1.11653009e-05
 1.75456571e+04 1.13407383e-05
 1.75535503e+04 1.15148920e-05
 1.75614435e+04 1.16876874e-05
 1.75693367e+04 1.18590539e-05
 1.75772299e+04 1.20289187e-05
 1.75851231e+04 1.21972137e-05
 1.75930164e+04 1.23638687e-05
 1.76009096e+04 1.25288179e-05
 1.76088028e+04 1.26919940e-05
 1.76166960e+04 1.28533331e-05
 1.76245892e+04 1.30127715e-05
 1.76324824e+04 1.31702470e-05
 1.76403756e+04 1.33256998e-05
 1.76482688e+04 1.34790694e-05
 1.76561620e+04 1.36302998e-05
 1.76640552e+04 1.37793329e-05
 1.76719484e+04 1.39261157e-05
 1.76798416e+04 1.40705936e-05
 1.76877348e+04 1.42127156e-05
 1.76956280e+04 1.43524316e-05
 1.77035213e+04 1.44896922e-05
 1.77114145e+04 1.46244518e-05
 1.77193077e+04 1.47566632e-05
 1.77272009e+04 1.48862842e-05
 1.77350941e+04 1.50132715e-05
 1.77429873e+04 1.51375847e-05
 1.77508805e+04 1.52591857e-05
 1.77587737e+04 1.53780356e-05
 1.77666669e+04 1.54941005e-05
 1.77745601e+04 1.56073448e-05
 1.77824533e+04 1.57177369e-05
 1.77903465e+04 1.58252465e-05
 1.77982397e+04 1.59298431e-05
 1.78061329e+04 1.60315011e-05
 1.78140261e+04 1.61301933e-05
 1.78219194e+04 1.62258960e-05
 1.78298126e+04 1.63185875e-05
 1.78377058e+04 1.64082455e-05
 1.78455990e+04 1.64948523e-05
 1.78534922e+04 1.65783897e-05
 1.78613854e+04 1.66588413e-05
 1.78692786e+04 1.67361941e-05
 1.78771718e+04 1.68104341e-05
 1.78850650e+04 1.68815507e-05
 1.78929582e+04 1.69495350e-05
 1.79008514e+04 1.70143778e-05
 1.79087446e+04 1.70760738e-05
 1.79166378e+04 1.71346181e-05
 1.79245310e+04 1.71900064e-05
 1.79324242e+04 1.72422382e-05
 1.79403175e+04 1.72913127e-05
 1.79482107e+04 1.73372305e-05
 1.79561039e+04 1.73799955e-05
 1.79639971e+04 1.74196109e-05
 1.79718903e+04 1.74560820e-05
 1.79797835e+04 1.74894170e-05
 1.79876767e+04 1.75196232e-05
 1.79955699e+04 1.75467101e-05
 1.80034631e+04 1.75706898e-05
 1.80113563e+04 1.75915739e-05
 1.80192495e+04 1.76093755e-05
 1.80271427e+04 1.76241110e-05
 1.80350359e+04 1.76357956e-05
 1.80429291e+04 1.76444462e-05
 1.80508224e+04 1.76500826e-05
 1.80587156e+04 1.76527242e-05
 1.80666088e+04 1.76523908e-05
 1.80745020e+04 1.76491057e-05
 1.80823952e+04 1.76428920e-05
 1.80902884e+04 1.76337728e-05
 1.80981816e+04 1.76217739e-05
 1.81060748e+04 1.76069222e-05
 1.81139680e+04 1.75892439e-05
 1.81218612e+04 1.75687671e-05
 1.81297544e+04 1.75455219e-05
 1.81376476e+04 1.75195379e-05
 1.81455408e+04 1.74908449e-05
 1.81534340e+04 1.74594757e-05
 1.81613272e+04 1.74254630e-05
 1.81692205e+04 1.73888392e-05
 1.81771137e+04 1.73496384e-05
 1.81850069e+04 1.73078960e-05
 1.81929001e+04 1.72636474e-05
 1.82007933e+04 1.72169280e-05
 1.82086865e+04 1.71677747e-05
 1.82165797e+04 1.71162257e-05
 1.82244729e+04 1.70623184e-05
 1.82323661e+04 1.70060908e-05
 1.82402593e+04 1.69475823e-05
 1.82481525e+04 1.68868330e-05
 1.82560457e+04 1.68238823e-05
 1.82639389e+04 1.67587701e-05
 1.82718321e+04 1.66915377e-05
 1.82797253e+04 1.66222268e-05
 1.82876186e+04 1.65508785e-05
 1.82955118e+04 1.64775342e-05
 1.83034050e+04 1.64022364e-05
 1.83112982e+04 1.63250280e-05
 1.83191914e+04 1.62459515e-05
 1.83270846e+04 1.61650492e-05
 1.83349778e+04 1.60823643e-05
 1.83428710e+04 1.59979406e-05
 1.83507642e+04 1.59118216e-05
 1.83586574e+04 1.58240503e-05
 1.83665506e+04 1.57346701e-05
 1.83744438e+04 1.56437249e-05
 1.83823370e+04 1.55512589e-05
 1.83902302e+04 1.54573157e-05
 1.83981235e+04 1.53619385e-05
 1.84060167e+04 1.52651710e-05
 1.84139099e+04 1.51670572e-05
 1.84218031e+04 1.50676409e-05
 1.84296963e+04 1.49669655e-05
 1.84375895e+04 1.48650740e-05
 1.84454827e+04 1.47620095e-05
 1.84533759e+04 1.46578154e-05
 1.84612691e+04 1.45525350e-05
 1.84691623e+04 1.44462108e-05
 1.84770555e+04 1.43388851e-05
 1.84849487e+04 1.42306000e-05
 1.84928419e+04 1.41213977e-05
 1.85007351e+04 1.40113202e-05
 1.85086283e+04 1.39004092e-05
 1.85165216e+04 1.37887055e-05
 1.85244148e+04 1.36762501e-05
 1.85323080e+04 1.35630831e-05
 1.85402012e+04 1.34492452e-05
 1.85480944e+04 1.33347762e-05
 1.85559876e+04 1.32197157e-05
 1.85638808e+04 1.31041028e-05
 1.85717740e+04 1.29879760e-05
 1.85796672e+04 1.28713734e-05
 1.85875604e+04 1.27543330e-05
 1.85954536e+04 1.26368923e-05
 1.86033468e+04 1.25190885e-05
 1.86112400e+04 1.24009581e-05
 1.86191332e+04 1.22825370e-05
 1.86270264e+04 1.21638608e-05
 1.86349197e+04 1.20449644e-05
 1.86428129e+04 1.19258826e-05
 1.86507061e+04 1.18066495e-05
 1.86585993e+04 1.16872988e-05
 1.86664925e+04 1.15678637e-05
 1.86743857e+04 1.14483766e-05
 1.86822789e+04 1.13288697e-05
 1.86901721e+04 1.12093742e-05
 1.86980653e+04 1.10899212e-05
 1.87059585e+04 1.09705411e-05
 1.87138517e+04 1.08512637e-05
 1.87217449e+04 1.07321185e-05
 1.87296381e+04 1.06131342e-05
 1.87375313e+04 1.04943392e-05
 1.87454246e+04 1.03757609e-05
 1.87533178e+04 1.02574265e-05
 1.87612110e+04 1.01393624e-05
 1.87691042e+04 1.00215945e-05
 1.87769974e+04 9.90414824e-06
 1.87848906e+04 9.78704829e-06
 1.87927838e+04 9.67031894e-06
 1.88006770e+04 9.55398386e-06
 1.88085702e+04 9.43806615e-06
 1.88164634e+04 9.32258833e-06
 1.88243566e+04 9.20757231e-06
 1.88322498e+04 9.09303946e-06
 1.88401430e+04 8.97901054e-06
 1.88480362e+04 8.86550575e-06
 1.88559294e+04 8.75254473e-06
 1.88638227e+04 8.64014655e-06
 1.88717159e+04 8.52832972e-06
 1.88796091e+04 8.41711220e-06
 1.88875023e+04 8.30651140e-06
 1.88953955e+04 8.19654417e-06
 1.89032887e+04 8.08722681e-06
 1.89111819e+04 7.97857510e-06
 1.89190751e+04 7.87060424e-06
 1.89269683e+04 7.76332892e-06
 1.89348615e+04 7.65676327e-06
 1.89427547e+04 7.55092093e-06
 1.89506479e+04 7.44581496e-06
 1.89585411e+04 7.34145795e-06
 1.89664343e+04 7.23786194e-06
 1.89743275e+04 7.13503847e-06
 1.89822208e+04 7.03299859e-06
 1.89901140e+04 6.93175284e-06
 1.89980072e+04 6.83131127e-06
 1.90059004e+04 6.73168344e-06
 1.90137936e+04 6.63287844e-06
 1.90216868e+04 6.53490488e-06
 1.90295800e+04 6.43777090e-06
 1.90374732e+04 6.34148419e-06
 1.90453664e+04 6.24605198e-06
 1.90532596e+04 6.15148103e-06
 1.90611528e+04 6.05777771e-06
 1.90690460e+04 5.96494791e-06
 1.90769392e+04 5.87299710e-06
 1.90848324e+04 5.78193036e-06
 1.90927256e+04 5.69175233e-06
 1.91006189e+04 5.60246724e-06
 1.91085121e+04 5.51407893e-06
 1.91164053e+04 5.42659086e-06
 1.91242985e+04 5.34000609e-06
 1.91321917e+04 5.25432732e-06
 1.91400849e+04 5.16955684e-06
 1.91479781e+04 5.08569663e-06
 1.91558713e+04 5.00274829e-06
 1.91637645e+04 4.92071307e-06
 1.91716577e+04 4.83959188e-06
 1.91795509e+04 4.75938530e-06
 1.91874441e+04 4.68009360e-06
 1.91953373e+04 4.60171670e-06
 1.92032305e+04 4.52425424e-06
 1.92111238e+04 4.44770554e-06
 1.92190170e+04 4.37206963e-06
 1.92269102e+04 4.29734524e-06
 1.92348034e+04 4.22353083e-06
 1.92426966e+04 4.15062458e-06
 1.92505898e+04 4.07862441e-06
 1.92584830e+04 4.00752797e-06
 1.92663762e+04 3.93733267e-06
 1.92742694e+04 3.86803568e-06
 1.92821626e+04 3.79963391e-06
 1.92900558e+04 3.73212407e-06
 1.92979490e+04 3.66550263e-06
 1.93058422e+04 3.59976587e-06
 1.93137354e+04 3.53490982e-06
 1.93216286e+04 3.47093035e-06
 1.93295219e+04 3.40782309e-06
 1.93374151e+04 3.34558351e-06
 1.93453083e+04 3.28420686e-06
 1.93532015e+04 3.22368824e-06
 1.93610947e+04 3.16402256e-06
 1.93689879e+04 3.10520456e-06
 1.93768811e+04 3.04722884e-06
 1.93847743e+04 2.99008986e-06
 1.93926675e+04 2.93378195e-06
 1.94005607e+04 2.87829929e-06
 1.94084539e+04 2.82363594e-06
 1.94163471e+04 2.76978582e-06
 1.94242403e+04 2.71674273e-06
 1.94321335e+04 2.66450031e-06
 1.94400267e+04 2.61305212e-06
 1.94479200e+04 2.56239158e-06
 1.94558132e+04 2.51251204e-06
 1.94637064e+04 2.46340677e-06
 1.94715996e+04 2.41506898e-06
 1.94794928e+04 2.36749180e-06
 1.94873860e+04 2.32066827e-06
 1.94952792e+04 2.27459133e-06
 1.95031724e+04 2.22925384e-06
 1.95110656e+04 2.18464855e-06
 1.95189588e+04 2.14076820e-06
 1.95268520e+04 2.09760548e-06
 1.95347452e+04 2.05515309e-06
 1.95426384e+04 2.01340367e-06
 1.95505316e+04 1.97234981e-06
 1.95584249e+04 1.93198403e-06
 1.95663181e+04 1.89229875e-06
 1.95742113e+04 1.85328641e-06
 1.95821045e+04 1.81493943e-06
 1.95899977e+04 1.77725027e-06
 1.95978909e+04 1.74021140e-06
 1.96057841e+04 1.70381523e-06
 1.96136773e+04 1.66805410e-06
 1.96215705e+04 1.63292031e-06
 1.96294637e+04 1.59840618e-06
 1.96373569e+04 1.56450413e-06
 1.96452501e+04 1.53120657e-06
 1.96531433e+04 1.49850595e-06
 1.96610365e+04 1.46639460e-06
 1.96689297e+04 1.43486485e-06
 1.96768230e+04 1.40390907e-06
 1.96847162e+04 1.37351972e-06
 1.96926094e+04 1.34368933e-06
 1.97005026e+04 1.31441041e-06
 1.97083958e+04 1.28567539e-06
 1.97162890e+04 1.25747671e-06
 1.97241822e+04 1.22980692e-06
 1.97320754e+04 1.20265869e-06
 1.97399686e+04 1.17602471e-06
 1.97478618e+04 1.14989758e-06
 1.97557550e+04 1.12426992e-06
 1.97636482e+04 1.09913441e-06
 1.97715414e+04 1.07448394e-06
 1.97794346e+04 1.05031138e-06
 1.97873278e+04 1.02660957e-06
 1.97952211e+04 1.00337130e-06
 1.98031143e+04 9.80589535e-07
 1.98110075e+04 9.58257371e-07
 1.98189007e+04 9.36367940e-07
 1.98267939e+04 9.14914273e-07
 1.98346871e+04 8.93889439e-07
 1.98425803e+04 8.73286701e-07
 1.98504735e+04 8.53099457e-07
 1.98583667e+04 8.33321037e-07
 1.98662599e+04 8.13944714e-07
 1.98741531e+04 7.94963910e-07
 1.98820463e+04 7.76372256e-07
 1.98899395e+04 7.58163386e-07
 1.98978327e+04 7.40330826e-07
 1.99057260e+04 7.22868197e-07
 1.99136192e+04 7.05769363e-07
 1.99215124e+04 6.89028243e-07
 1.99294056e+04 6.72638628e-07
 1.99372988e+04 6.56594379e-07
 1.99451920e+04 6.40889613e-07
 1.99530852e+04 6.25518516e-07
 1.99609784e+04 6.10475141e-07
 1.99688716e+04 5.95753615e-07
 1.99767648e+04 5.81348335e-07
 1.99846580e+04 5.67253740e-07
 1.99925512e+04 5.53464127e-07
 2.00004444e+04 5.39973925e-07
 2.00083376e+04 5.26777831e-07
 2.00162308e+04 5.13870500e-07
 2.00241241e+04 5.01246479e-07
 2.00320173e+04 4.88900542e-07
 2.00399105e+04 4.76827665e-07
 2.00478037e+04 4.65022684e-07
 2.00556969e+04 4.53480442e-07
 2.00635901e+04 4.42196084e-07
 2.00714833e+04 4.31164789e-07
 2.00793765e+04 4.20381582e-07
 2.00872697e+04 4.09841691e-07
 2.00951629e+04 3.99540570e-07
 2.01030561e+04 3.89473521e-07
 2.01109493e+04 3.79635871e-07
 2.01188425e+04 3.70023258e-07
 2.01267357e+04 3.60631284e-07
 2.01346289e+04 3.51455431e-07
 2.01425222e+04 3.42491475e-07
 2.01504154e+04 3.33735286e-07
 2.01583086e+04 3.25182551e-07
 2.01662018e+04 3.16829171e-07
 2.01740950e+04 3.08671248e-07
 2.01819882e+04 3.00704691e-07
 2.01898814e+04 2.92925541e-07
 2.01977746e+04 2.85330101e-07
 2.02056678e+04 2.77914497e-07
 2.02135610e+04 2.70674926e-07
 2.02214542e+04 2.63607880e-07
 2.02293474e+04 2.56709683e-07
 2.02372406e+04 2.49976704e-07
 2.02451338e+04 2.43405613e-07
 2.02530271e+04 2.36992916e-07
 2.02609203e+04 2.30735161e-07
 2.02688135e+04 2.24629196e-07
 2.02767067e+04 2.18671681e-07
 2.02845999e+04 2.12859363e-07
 2.02924931e+04 2.07189253e-07
 2.03003863e+04 2.01658152e-07
 2.03082795e+04 1.96263017e-07
 2.03161727e+04 1.91001002e-07
 2.03240659e+04 1.85869045e-07
 2.03319591e+04 1.80864323e-07
 2.03398523e+04 1.75984104e-07
 2.03477455e+04 1.71225474e-07
 2.03556387e+04 1.66585832e-07
 2.03635319e+04 1.62062516e-07
 2.03714252e+04 1.57652805e-07
 2.03793184e+04 1.53354282e-07
 2.03872116e+04 1.49164340e-07
 2.03951048e+04 1.45080498e-07
 2.04029980e+04 1.41100448e-07
 2.04108912e+04 1.37221673e-07
 2.04187844e+04 1.33441947e-07
 2.04266776e+04 1.29758984e-07
 2.04345708e+04 1.26170458e-07
 2.04424640e+04 1.22674316e-07
 2.04503572e+04 1.19268287e-07
 2.04582504e+04 1.15950318e-07
 2.04661436e+04 1.12718382e-07
 2.04740368e+04 1.09570349e-07
 2.04819300e+04 1.06504373e-07
 2.04898233e+04 1.03518404e-07
 2.04977165e+04 1.00610587e-07
 2.05056097e+04 9.77790920e-08
 2.05135029e+04 9.50219996e-08
 2.05213961e+04 9.23376521e-08
 2.05292893e+04 8.97241820e-08
 2.05371825e+04 8.71799549e-08
 2.05450757e+04 8.47032803e-08
 2.05529689e+04 8.22924702e-08
 2.05608621e+04 7.99460162e-08
 2.05687553e+04 7.76622271e-08
 2.05766485e+04 7.54396823e-08
 2.05845417e+04 7.32767899e-08
 2.05924349e+04 7.11721220e-08
 2.06003282e+04 6.91242463e-08
 2.06082214e+04 6.71317011e-08
 2.06161146e+04 6.51931988e-08
 2.06240078e+04 6.33072832e-08
 2.06319010e+04 6.14727500e-08
 2.06397942e+04 5.96882112e-08
 2.06476874e+04 5.79524842e-08
 2.06555806e+04 5.62642933e-08
 2.06634738e+04 5.46224460e-08
 2.06713670e+04 5.30257892e-08
 2.06792602e+04 5.14731218e-08
 2.06871534e+04 4.99633952e-08
 2.06950466e+04 4.84954219e-08
 2.07029398e+04 4.70682280e-08
 2.07108330e+04 4.56806658e-08
 2.07187263e+04 4.43318082e-08
 2.07266195e+04 4.30205675e-08
 2.07345127e+04 4.17460437e-08
 2.07424059e+04 4.05072204e-08
 2.07502991e+04 3.93032149e-08
 2.07581923e+04 3.81330837e-08
 2.07660855e+04 3.69959594e-08
 2.07739787e+04 3.58909674e-08
 2.07818719e+04 3.48172582e-08
 2.07897651e+04 3.37740189e-08
 2.07976583e+04 3.27604220e-08
 2.08055515e+04 3.17757086e-08
 2.08134447e+04 3.08190780e-08
 2.08213379e+04 2.98898175e-08
 2.08292311e+04 2.89871568e-08
 2.08371244e+04 2.81104236e-08
 2.08450176e+04 2.72588804e-08
 2.08529108e+04 2.64318899e-08
 2.08608040e+04 2.56287498e-08
 2.08686972e+04 2.48488525e-08
 2.08765904e+04 2.40915330e-08
 2.08844836e+04 2.33562089e-08
 2.08923768e+04 2.26422541e-08
 2.09002700e+04 2.19491067e-08
 2.09081632e+04 2.12761820e-08
 2.09160564e+04 2.06229333e-08
 2.09239496e+04 1.99888194e-08
 2.09318428e+04 1.93733052e-08
 2.09397360e+04 1.87758934e-08
 2.09476292e+04 1.81960578e-08
 2.09555225e+04 1.76333447e-08
 2.09634157e+04 1.70872361e-08
 2.09713089e+04 1.65573182e-08
 2.09792021e+04 1.60430851e-08
 2.09870953e+04 1.55441545e-08
 2.09949885e+04 1.50600408e-08
 2.10028817e+04 1.45903806e-08
 2.10107749e+04 1.41347207e-08
 2.10186681e+04 1.36927022e-08
 2.10265613e+04 1.32639159e-08
 2.10344545e+04 1.28479952e-08
 2.10423477e+04 1.24445823e-08
 2.10502409e+04 1.20532985e-08
 2.10581341e+04 1.16738333e-08
 2.10660274e+04 1.13058053e-08
 2.10739206e+04 1.09489336e-08
 2.10818138e+04 1.06028550e-08
 2.10897070e+04 1.02672927e-08
 2.10976002e+04 9.94192521e-09
 2.11054934e+04 9.62645904e-09
 2.11133866e+04 9.32062489e-09
 2.11212798e+04 9.02411242e-09
 2.11291730e+04 8.73669014e-09
 2.11370662e+04 8.45805500e-09
 2.11449594e+04 8.18798060e-09
 2.11528526e+04 7.92620308e-09
 2.11607458e+04 7.67247480e-09
 2.11686390e+04 7.42658198e-09
 2.11765322e+04 7.18826159e-09
 2.11844255e+04 6.95732513e-09
 2.11923187e+04 6.73352962e-09
 2.12002119e+04 6.51667304e-09
 2.12081051e+04 6.30656033e-09
 2.12159983e+04 6.10296636e-09
 2.12238915e+04 5.90572868e-09
 2.12317847e+04 5.71463299e-09
 2.12396779e+04 5.52950627e-09
 2.12475711e+04 5.35017919e-09
 2.12554643e+04 5.17645493e-09
 2.12633575e+04 5.00819322e-09
 2.12712507e+04 4.84521085e-09
 2.12791439e+04 4.68735161e-09
 2.12870371e+04 4.53447628e-09
 2.12949303e+04 4.38641001e-09
 2.13028236e+04 4.24302872e-09
 2.13107168e+04 4.10418384e-09
 2.13186100e+04 3.96972704e-09
 2.13265032e+04 3.83954681e-09
 2.13343964e+04 3.71349343e-09
 2.13422896e+04 3.59144709e-09
 2.13501828e+04 3.47329646e-09
 2.13580760e+04 3.35890225e-09
 2.13659692e+04 3.24816540e-09
 2.13738624e+04 3.14097263e-09
 2.13817556e+04 3.03720123e-09
 2.13896488e+04 2.93676437e-09
 2.13975420e+04 2.83954993e-09
 2.14054352e+04 2.74545216e-09
 2.14133285e+04 2.65439121e-09
 2.14212217e+04 2.56625985e-09
 2.14291149e+04 2.48096667e-09
 2.14370081e+04 2.39843683e-09
 2.14449013e+04 2.31857022e-09
 2.14527945e+04 2.24128659e-09
 2.14606877e+04 2.16651601e-09
 2.14685809e+04 2.09416629e-09
 2.14764741e+04 2.02416550e-09
 2.14843673e+04 1.95644926e-09
 2.14922605e+04 1.89093323e-09
 2.15001537e+04 1.82755159e-09
 2.15080469e+04 1.76624607e-09
