 5.52623463e+03 1.06735456e-06
 5.52775802e+03 1.11359645e-06
 5.52928142e+03 1.16172604e-06
 5.53080481e+03 1.21181518e-06
 5.53232821e+03 1.26393826e-06
 5.53385160e+03 1.31817223e-06
 5.53537499e+03 1.37459672e-06
 5.53689839e+03 1.43329414e-06
 5.53842178e+03 1.49434970e-06
 5.53994517e+03 1.55785157e-06
 5.54146857e+03 1.62389093e-06
 5.54299196e+03 1.69256206e-06
 5.54451536e+03 1.76396245e-06
 5.54603875e+03 1.83819289e-06
 5.54756214e+03 1.91535757e-06
 5.54908554e+03 1.99556420e-06
 5.55060893e+03 2.07892406e-06
 5.55213232e+03 2.16555217e-06
 5.55365572e+03 2.25556737e-06
 5.55517911e+03 2.34909244e-06
 5.55670251e+03 2.44625421e-06
 5.55822590e+03 2.54718366e-06
 5.55974929e+03 2.65201610e-06
 5.56127269e+03 2.76089121e-06
 5.56279608e+03 2.87395324e-06
 5.56431947e+03 2.99135111e-06
 5.56584287e+03 3.11323853e-06
 5.56736626e+03 3.23977416e-06
 5.56888966e+03 3.37112174e-06
 5.57041305e+03 3.50745022e-06
 5.57193644e+03 3.64893394e-06
 5.57345984e+03 3.79575273e-06
 5.57498323e+03 3.94809210e-06
 5.57650662e+03 4.10614339e-06
 5.57803002e+03 4.27010391e-06
 5.57955341e+03 4.44017713e-06
 5.58107681e+03 4.61657281e-06
 5.58260020e+03 4.79950722e-06
 5.58412359e+03 4.98920326e-06
 5.58564699e+03 5.18589067e-06
 5.58717038e+03 5.38980621e-06
 5.58869377e+03 5.60119383e-06
 5.59021717e+03 5.82030486e-06
 5.59174056e+03 6.04739822e-06
 5.59326396e+03 6.28274060e-06
 5.59478735e+03 6.52660664e-06
 5.59631074e+03 6.77927921e-06
 5.59783414e+03 7.04104951e-06
 5.59935753e+03 7.31221737e-06
 5.60088092e+03 7.59309142e-06
 5.60240432e+03 7.88398934e-06
 5.60392771e+03 8.18523806e-06
 5.60545111e+03 8.49717398e-06
 5.60697450e+03 8.82014326e-06
 5.60849789e+03 9.15450199e-06
 5.61002129e+03 9.50061645e-06
 5.61154468e+03 9.85886339e-06
 5.61306807e+03 1.02296302e-05
 5.61459147e+03 1.06133154e-05
 5.61611486e+03 1.10103284e-05
 5.61763826e+03 1.14210905e-05
 5.61916165e+03 1.18460342e-05
 5.62068504e+03 1.22856046e-05
 5.62220844e+03 1.27402587e-05
 5.62373183e+03 1.32104661e-05
 5.62525522e+03 1.36967095e-05
 5.62677862e+03 1.41994845e-05
 5.62830201e+03 1.47193002e-05
 5.62982541e+03 1.52566795e-05
 5.63134880e+03 1.58121593e-05
 5.63287219e+03 1.63862909e-05
 5.63439559e+03 1.69796402e-05
 5.63591898e+03 1.75927881e-05
 5.63744237e+03 1.82263309e-05
 5.63896577e+03 1.88808804e-05
 5.64048916e+03 1.95570645e-05
 5.64201256e+03 2.02555272e-05
 5.64353595e+03 2.09769293e-05
 5.64505934e+03 2.17219486e-05
 5.64658274e+03 2.24912802e-05
 5.64810613e+03 2.32856367e-05
 5.64962952e+03 2.41057490e-05
 5.65115292e+03 2.49523663e-05
 5.65267631e+03 2.58262566e-05
 5.65419971e+03 2.67282070e-05
 5.65572310e+03 2.76590240e-05
 5.65724649e+03 2.86195343e-05
 5.65876989e+03 2.96105846e-05
 5.66029328e+03 3.06330423e-05
 5.66181667e+03 3.16877959e-05
 5.66334007e+03 3.27757555e-05
 5.66486346e+03 3.38978526e-05
 5.66638686e+03 3.50550415e-05
 5.66791025e+03 3.62482986e-05
 5.66943364e+03 3.74786238e-05
 5.67095704e+03 3.87470401e-05
 5.67248043e+03 4.00545947e-05
 5.67400382e+03 4.14023588e-05
 5.67552722e+03 4.27914286e-05
 5.67705061e+03 4.42229252e-05
 5.67857401e+03 4.56979953e-05
 5.68009740e+03 4.72178118e-05
 5.68162079e+03 4.87835737e-05
 5.68314419e+03 5.03965072e-05
 5.68466758e+03 5.20578654e-05
 5.68619097e+03 5.37689295e-05
 5.68771437e+03 5.55310087e-05
 5.68923776e+03 5.73454408e-05
 5.69076116e+03 5.92135925e-05
 5.69228455e+03 6.11368604e-05
 5.69380794e+03 6.31166707e-05
 5.69533134e+03 6.51544801e-05
 5.69685473e+03 6.72517760e-05
 5.69837812e+03 6.94100773e-05
 5.69990152e+03 7.16309346e-05
 5.70142491e+03 7.39159304e-05
 5.70294831e+03 7.62666800e-05
 5.70447170e+03 7.86848319e-05
 5.70599509e+03 8.11720680e-05
 5.70751849e+03 8.37301039e-05
 5.70904188e+03 8.63606901e-05
 5.71056527e+03 8.90656115e-05
 5.71208867e+03 9.18466886e-05
 5.71361206e+03 9.47057773e-05
 5.71513546e+03 9.76447700e-05
 5.71665885e+03 1.00665595e-04
 5.71818224e+03 1.03770220e-04
 5.71970564e+03 1.06960646e-04
 5.72122903e+03 1.10238915e-04
 5.72275242e+03 1.13607107e-04
 5.72427582e+03 1.17067339e-04
 5.72579921e+03 1.20621770e-04
 5.72732261e+03 1.24272596e-04
 5.72884600e+03 1.28022053e-04
 5.73036939e+03 1.31872420e-04
 5.73189279e+03 1.35826013e-04
 5.73341618e+03 1.39885192e-04
 5.73493957e+03 1.44052358e-04
 5.73646297e+03 1.48329951e-04
 5.73798636e+03 1.52720459e-04
 5.73950976e+03 1.57226406e-04
 5.74103315e+03 1.61850364e-04
 5.74255654e+03 1.66594945e-04
 5.74407994e+03 1.71462807e-04
 5.74560333e+03 1.76456651e-04
 5.74712672e+03 1.81579222e-04
 5.74865012e+03 1.86833308e-04
 5.75017351e+03 1.92221746e-04
 5.75169691e+03 1.97747414e-04
 5.75322030e+03 2.03413238e-04
 5.75474369e+03 2.09222187e-04
 5.75626709e+03 2.15177280e-04
 5.75779048e+03 2.21281577e-04
 5.75931387e+03 2.27538189e-04
 5.76083727e+03 2.33950270e-04
 5.76236066e+03 2.40521024e-04
 5.76388406e+03 2.47253699e-04
 5.76540745e+03 2.54151591e-04
 5.76693084e+03 2.61218043e-04
 5.76845424e+03 2.68456448e-04
 5.76997763e+03 2.75870242e-04
 5.77150102e+03 2.83462912e-04
 5.77302442e+03 2.91237991e-04
 5.77454781e+03 2.99199061e-04
 5.77607121e+03 3.07349749e-04
 5.77759460e+03 3.15693733e-04
 5.77911799e+03 3.24234737e-04
 5.78064139e+03 3.32976532e-04
 5.78216478e+03 3.41922940e-04
 5.78368818e+03 3.51077827e-04
 5.78521157e+03 3.60445109e-04
 5.78673496e+03 3.70028747e-04
 5.78825836e+03 3.79832752e-04
 5.78978175e+03 3.89861180e-04
 5.79130514e+03 4.00118136e-04
 5.79282854e+03 4.10607770e-04
 5.79435193e+03 4.21334280e-04
 5.79587533e+03 4.32301910e-04
 5.79739872e+03 4.43514948e-04
 5.79892211e+03 4.54977732e-04
 5.80044551e+03 4.66694642e-04
 5.80196890e+03 4.78670103e-04
 5.80349229e+03 4.90908588e-04
 5.80501569e+03 5.03414612e-04
 5.80653908e+03 5.16192733e-04
 5.80806248e+03 5.29247553e-04
 5.80958587e+03 5.42583720e-04
 5.81110926e+03 5.56205920e-04
 5.81263266e+03 5.70118883e-04
 5.81415605e+03 5.84327381e-04
 5.81567944e+03 5.98836224e-04
 5.81720284e+03 6.13650266e-04
 5.81872623e+03 6.28774396e-04
 5.82024963e+03 6.44213545e-04
 5.82177302e+03 6.59972681e-04
 5.82329641e+03 6.76056807e-04
 5.82481981e+03 6.92470966e-04
 5.82634320e+03 7.09220233e-04
 5.82786659e+03 7.26309720e-04
 5.82938999e+03 7.43744572e-04
 5.83091338e+03 7.61529965e-04
 5.83243678e+03 7.79671111e-04
 5.83396017e+03 7.98173248e-04
 5.83548356e+03 8.17041646e-04
 5.83700696e+03 8.36281605e-04
 5.83853035e+03 8.55898448e-04
 5.84005374e+03 8.75897530e-04
 5.84157714e+03 8.96284228e-04
 5.84310053e+03 9.17063942e-04
 5.84462393e+03 9.38242096e-04
 5.84614732e+03 9.59824136e-04
 5.84767071e+03 9.81815528e-04
 5.84919411e+03 1.00422175e-03
 5.85071750e+03 1.02704832e-03
 5.85224089e+03 1.05030073e-03
 5.85376429e+03 1.07398453e-03
 5.85528768e+03 1.09810526e-03
 5.85681108e+03 1.12266847e-03
 5.85833447e+03 1.14767973e-03
 5.85985786e+03 1.17314461e-03
 5.86138126e+03 1.19906869e-03
 5.86290465e+03 1.22545755e-03
 5.86442804e+03 1.25231678e-03
 5.86595144e+03 1.27965197e-03
 5.86747483e+03 1.30746869e-03
 5.86899823e+03 1.33577255e-03
 5.87052162e+03 1.36456910e-03
 5.87204501e+03 1.39386394e-03
 5.87356841e+03 1.42366261e-03
 5.87509180e+03 1.45397068e-03
 5.87661519e+03 1.48479369e-03
 5.87813859e+03 1.51613716e-03
 5.87966198e+03 1.54800660e-03
 5.88118538e+03 1.58040750e-03
 5.88270877e+03 1.61334533e-03
 5.88423216e+03 1.64682554e-03
 5.88575556e+03 1.68085355e-03
 5.88727895e+03 1.71543475e-03
 5.88880234e+03 1.75057451e-03
 5.89032574e+03 1.78627815e-03
 5.89184913e+03 1.82255097e-03
 5.89337253e+03 1.85939823e-03
 5.89489592e+03 1.89682515e-03
 5.89641931e+03 1.93483690e-03
 5.89794271e+03 1.97343862e-03
 5.89946610e+03 2.01263538e-03
 5.90098949e+03 2.05243224e-03
 5.90251289e+03 2.09283416e-03
 5.90403628e+03 2.13384607e-03
 5.90555968e+03 2.17547285e-03
 5.90708307e+03 2.21771930e-03
 5.90860646e+03 2.26059018e-03
 5.91012986e+03 2.30409015e-03
 5.91165325e+03 2.34822385e-03
 5.91317664e+03 2.39299580e-03
 5.91470004e+03 2.43841047e-03
 5.91622343e+03 2.48447227e-03
 5.91774683e+03 2.53118550e-03
 5.91927022e+03 2.57855438e-03
 5.92079361e+03 2.62658307e-03
 5.92231701e+03 2.67527563e-03
 5.92384040e+03 2.72463601e-03
 5.92536379e+03 2.77466810e-03
 5.92688719e+03 2.82537566e-03
 5.92841058e+03 2.87676238e-03
 5.92993398e+03 2.92883184e-03
 5.93145737e+03 2.98158749e-03
 5.93298076e+03 3.03503271e-03
 5.93450416e+03 3.08917074e-03
 5.93602755e+03 3.14400473e-03
 5.93755094e+03 3.19953769e-03
 5.93907434e+03 3.25577252e-03
 5.94059773e+03 3.31271201e-03
 5.94212113e+03 3.37035880e-03
 5.94364452e+03 3.42871542e-03
 5.94516791e+03 3.48778426e-03
 5.94669131e+03 3.54756759e-03
 5.94821470e+03 3.60806752e-03
 5.94973809e+03 3.66928603e-03
 5.95126149e+03 3.73122498e-03
 5.95278488e+03 3.79388604e-03
 5.95430828e+03 3.85727078e-03
 5.95583167e+03 3.92138057e-03
 5.95735506e+03 3.98621666e-03
 5.95887846e+03 4.05178014e-03
 5.96040185e+03 4.11807193e-03
 5.96192524e+03 4.18509278e-03
 5.96344864e+03 4.25284331e-03
 5.96497203e+03 4.32132393e-03
 5.96649543e+03 4.39053491e-03
 5.96801882e+03 4.46047632e-03
 5.96954221e+03 4.53114809e-03
 5.97106561e+03 4.60254995e-03
 5.97258900e+03 4.67468144e-03
 5.97411239e+03 4.74754193e-03
 5.97563579e+03 4.82113062e-03
 5.97715918e+03 4.89544648e-03
 5.97868258e+03 4.97048834e-03
 5.98020597e+03 5.04625480e-03
 5.98172936e+03 5.12274428e-03
 5.98325276e+03 5.19995500e-03
 5.98477615e+03 5.27788499e-03
 5.98629954e+03 5.35653206e-03
 5.98782294e+03 5.43589382e-03
 5.98934633e+03 5.51596770e-03
 5.99086973e+03 5.59675090e-03
 5.99239312e+03 5.67824041e-03
 5.99391651e+03 5.76043301e-03
 5.99543991e+03 5.84332528e-03
 5.99696330e+03 5.92691357e-03
 5.99848669e+03 6.01119402e-03
 6.00001009e+03 6.09616256e-03
 6.00153348e+03 6.18181489e-03
 6.00305688e+03 6.26814648e-03
 6.00458027e+03 6.35515261e-03
 6.00610366e+03 6.44282830e-03
 6.00762706e+03 6.53116837e-03
 6.00915045e+03 6.62016740e-03
 6.01067384e+03 6.70981975e-03
 6.01219724e+03 6.80011956e-03
 6.01372063e+03 6.89106072e-03
 6.01524403e+03 6.98263690e-03
 6.01676742e+03 7.07484155e-03
 6.01829081e+03 7.16766788e-03
 6.01981421e+03 7.26110887e-03
 6.02133760e+03 7.35515725e-03
 6.02286099e+03 7.44980555e-03
 6.02438439e+03 7.54504604e-03
 6.02590778e+03 7.64087078e-03
 6.02743118e+03 7.73727156e-03
 6.02895457e+03 7.83423998e-03
 6.03047796e+03 7.93176737e-03
 6.03200136e+03 8.02984485e-03
 6.03352475e+03 8.12846331e-03
 6.03504814e+03 8.22761337e-03
 6.03657154e+03 8.32728547e-03
 6.03809493e+03 8.42746977e-03
 6.03961833e+03 8.52815623e-03
 6.04114172e+03 8.62933456e-03
 6.04266511e+03 8.73099427e-03
 6.04418851e+03 8.83312459e-03
 6.04571190e+03 8.93571458e-03
 6.04723530e+03 9.03875303e-03
 6.04875869e+03 9.14222852e-03
 6.05028208e+03 9.24612940e-03
 6.05180548e+03 9.35044381e-03
 6.05332887e+03 9.45515965e-03
 6.05485226e+03 9.56026462e-03
 6.05637566e+03 9.66574618e-03
 6.05789905e+03 9.77159160e-03
 6.05942245e+03 9.87778790e-03
 6.06094584e+03 9.98432192e-03
 6.06246923e+03 1.00911803e-02
 6.06399263e+03 1.01983494e-02
 6.06551602e+03 1.03058154e-02
 6.06703941e+03 1.04135644e-02
 6.06856281e+03 1.05215821e-02
 6.07008620e+03 1.06298542e-02
 6.07160960e+03 1.07383660e-02
 6.07313299e+03 1.08471028e-02
 6.07465638e+03 1.09560496e-02
 6.07617978e+03 1.10651912e-02
 6.07770317e+03 1.11745122e-02
 6.07922656e+03 1.12839972e-02
 6.08074996e+03 1.13936304e-02
 6.08227335e+03 1.15033959e-02
 6.08379675e+03 1.16132778e-02
 6.08532014e+03 1.17232597e-02
 6.08684353e+03 1.18333253e-02
 6.08836693e+03 1.19434581e-02
 6.08989032e+03 1.20536414e-02
 6.09141371e+03 1.21638582e-02
 6.09293711e+03 1.22740917e-02
 6.09446050e+03 1.23843247e-02
 6.09598390e+03 1.24945399e-02
 6.09750729e+03 1.26047200e-02
 6.09903068e+03 1.27148473e-02
 6.10055408e+03 1.28249042e-02
 6.10207747e+03 1.29348729e-02
 6.10360086e+03 1.30447356e-02
 6.10512426e+03 1.31544741e-02
 6.10664765e+03 1.32640705e-02
 6.10817105e+03 1.33735064e-02
 6.10969444e+03 1.34827636e-02
 6.11121783e+03 1.35918237e-02
 6.11274123e+03 1.37006681e-02
 6.11426462e+03 1.38092783e-02
 6.11578801e+03 1.39176356e-02
 6.11731141e+03 1.40257213e-02
 6.11883480e+03 1.41335166e-02
 6.12035820e+03 1.42410027e-02
 6.12188159e+03 1.43481607e-02
 6.12340498e+03 1.44549715e-02
 6.12492838e+03 1.45614163e-02
 6.12645177e+03 1.46674760e-02
 6.12797516e+03 1.47731315e-02
 6.12949856e+03 1.48783638e-02
 6.13102195e+03 1.49831536e-02
 6.13254535e+03 1.50874820e-02
 6.13406874e+03 1.51913297e-02
 6.13559213e+03 1.52946777e-02
 6.13711553e+03 1.53975068e-02
 6.13863892e+03 1.54997978e-02
 6.14016231e+03 1.56015317e-02
 6.14168571e+03 1.57026894e-02
 6.14320910e+03 1.58032518e-02
 6.14473250e+03 1.59031999e-02
 6.14625589e+03 1.60025147e-02
 6.14777928e+03 1.61011772e-02
 6.14930268e+03 1.61991686e-02
 6.15082607e+03 1.62964701e-02
 6.15234946e+03 1.63930628e-02
 6.15387286e+03 1.64889280e-02
 6.15539625e+03 1.65840473e-02
 6.15691965e+03 1.66784019e-02
 6.15844304e+03 1.67719734e-02
 6.15996643e+03 1.68647436e-02
 6.16148983e+03 1.69566940e-02
 6.16301322e+03 1.70478067e-02
 6.16453661e+03 1.71380635e-02
 6.16606001e+03 1.72274465e-02
 6.16758340e+03 1.73159379e-02
 6.16910680e+03 1.74035200e-02
 6.17063019e+03 1.74901754e-02
 6.17215358e+03 1.75758866e-02
 6.17367698e+03 1.76606364e-02
 6.17520037e+03 1.77444077e-02
 6.17672376e+03 1.78271836e-02
 6.17824716e+03 1.79089474e-02
 6.17977055e+03 1.79896823e-02
 6.18129395e+03 1.80693721e-02
 6.18281734e+03 1.81480005e-02
 6.18434073e+03 1.82255515e-02
 6.18586413e+03 1.83020091e-02
 6.18738752e+03 1.83773579e-02
 6.18891091e+03 1.84515822e-02
 6.19043431e+03 1.85246670e-02
 6.19195770e+03 1.85965972e-02
 6.19348110e+03 1.86673579e-02
 6.19500449e+03 1.87369347e-02
 6.19652788e+03 1.88053131e-02
 6.19805128e+03 1.88724791e-02
 6.19957467e+03 1.89384189e-02
 6.20109806e+03 1.90031187e-02
 6.20262146e+03 1.90665653e-02
 6.20414485e+03 1.91287455e-02
 6.20566825e+03 1.91896465e-02
 6.20719164e+03 1.92492556e-02
 6.20871503e+03 1.93075607e-02
 6.21023843e+03 1.93645495e-02
 6.21176182e+03 1.94202104e-02
 6.21328521e+03 1.94745318e-02
 6.21480861e+03 1.95275026e-02
 6.21633200e+03 1.95791118e-02
 6.21785540e+03 1.96293488e-02
 6.21937879e+03 1.96782033e-02
 6.22090218e+03 1.97256653e-02
 6.22242558e+03 1.97717250e-02
 6.22394897e+03 1.98163729e-02
 6.22547236e+03 1.98596001e-02
 6.22699576e+03 1.99013977e-02
 6.22851915e+03 1.99417572e-02
 6.23004255e+03 1.99806704e-02
 6.23156594e+03 2.00181295e-02
 6.23308933e+03 2.00541270e-02
 6.23461273e+03 2.00886557e-02
 6.23613612e+03 2.01217088e-02
 6.23765951e+03 2.01532796e-02
 6.23918291e+03 2.01833620e-02
 6.24070630e+03 2.02119502e-02
 6.24222970e+03 2.02390386e-02
 6.24375309e+03 2.02646219e-02
 6.24527648e+03 2.02886955e-02
 6.24679988e+03 2.03112547e-02
 6.24832327e+03 2.03322953e-02
 6.24984666e+03 2.03518137e-02
 6.25137006e+03 2.03698062e-02
 6.25289345e+03 2.03862698e-02
 6.25441685e+03 2.04012017e-02
 6.25594024e+03 2.04145994e-02
 6.25746363e+03 2.04264609e-02
 6.25898703e+03 2.04367844e-02
 6.26051042e+03 2.04455686e-02
 6.26203381e+03 2.04528123e-02
 6.26355721e+03 2.04585150e-02
 6.26508060e+03 2.04626762e-02
 6.26660400e+03 2.04652960e-02
 6.26812739e+03 2.04663747e-02
 6.26965078e+03 2.04659131e-02
 6.27117418e+03 2.04639122e-02
 6.27269757e+03 2.04603734e-02
 6.27422096e+03 2.04552984e-02
 6.27574436e+03 2.04486894e-02
 6.27726775e+03 2.04405487e-02
 6.27879115e+03 2.04308791e-02
 6.28031454e+03 2.04196839e-02
 6.28183793e+03 2.04069663e-02
 6.28336133e+03 2.03927303e-02
 6.28488472e+03 2.03769799e-02
 6.28640811e+03 2.03597196e-02
 6.28793151e+03 2.03409543e-02
 6.28945490e+03 2.03206890e-02
 6.29097830e+03 2.02989291e-02
 6.29250169e+03 2.02756806e-02
 6.29402508e+03 2.02509494e-02
 6.29554848e+03 2.02247421e-02
 6.29707187e+03 2.01970653e-02
 6.29859526e+03 2.01679261e-02
 6.30011866e+03 2.01373319e-02
 6.30164205e+03 2.01052904e-02
 6.30316545e+03 2.00718095e-02
 6.30468884e+03 2.00368975e-02
 6.30621223e+03 2.00005630e-02
 6.30773563e+03 1.99628150e-02
 6.30925902e+03 1.99236625e-02
 6.31078242e+03 1.98831150e-02
 6.31230581e+03 1.98411824e-02
 6.31382920e+03 1.97978745e-02
 6.31535260e+03 1.97532018e-02
 6.31687599e+03 1.97071747e-02
 6.31839938e+03 1.96598042e-02
 6.31992278e+03 1.96111013e-02
 6.32144617e+03 1.95610774e-02
 6.32296957e+03 1.95097442e-02
 6.32449296e+03 1.94571135e-02
 6.32601635e+03 1.94031975e-02
 6.32753975e+03 1.93480085e-02
 6.32906314e+03 1.92915591e-02
 6.33058653e+03 1.92338622e-02
 6.33210993e+03 1.91749308e-02
 6.33363332e+03 1.91147783e-02
 6.33515672e+03 1.90534181e-02
 6.33668011e+03 1.89908639e-02
 6.33820350e+03 1.89271298e-02
 6.33972690e+03 1.88622297e-02
 6.34125029e+03 1.87961781e-02
 6.34277368e+03 1.87289896e-02
 6.34429708e+03 1.86606787e-02
 6.34582047e+03 1.85912604e-02
 6.34734387e+03 1.85207498e-02
 6.34886726e+03 1.84491621e-02
 6.35039065e+03 1.83765127e-02
 6.35191405e+03 1.83028173e-02
 6.35343744e+03 1.82280915e-02
 6.35496083e+03 1.81523512e-02
 6.35648423e+03 1.80756125e-02
 6.35800762e+03 1.79978915e-02
 6.35953102e+03 1.79192045e-02
 6.36105441e+03 1.78395679e-02
 6.36257780e+03 1.77589984e-02
 6.36410120e+03 1.76775124e-02
 6.36562459e+03 1.75951270e-02
 6.36714798e+03 1.75118588e-02
 6.36867138e+03 1.74277249e-02
 6.37019477e+03 1.73427425e-02
 6.37171817e+03 1.72569285e-02
 6.37324156e+03 1.71703004e-02
 6.37476495e+03 1.70828754e-02
 6.37628835e+03 1.69946709e-02
 6.37781174e+03 1.69057045e-02
 6.37933513e+03 1.68159935e-02
 6.38085853e+03 1.67255557e-02
 6.38238192e+03 1.66344086e-02
 6.38390532e+03 1.65425699e-02
 6.38542871e+03 1.64500574e-02
 6.38695210e+03 1.63568888e-02
 6.38847550e+03 1.62630819e-02
 6.38999889e+03 1.61686544e-02
 6.39152228e+03 1.60736243e-02
 6.39304568e+03 1.59780092e-02
 6.39456907e+03 1.58818272e-02
 6.39609247e+03 1.57850959e-02
 6.39761586e+03 1.56878333e-02
 6.39913925e+03 1.55900572e-02
 6.40066265e+03 1.54917854e-02
 6.40218604e+03 1.53930356e-02
 6.40370943e+03 1.52938257e-02
 6.40523283e+03 1.51941733e-02
 6.40675622e+03 1.50940963e-02
 6.40827962e+03 1.49936122e-02
 6.40980301e+03 1.48927387e-02
 6.41132640e+03 1.47914933e-02
 6.41284980e+03 1.46898937e-02
 6.41437319e+03 1.45879571e-02
 6.41589658e+03 1.44857011e-02
 6.41741998e+03 1.43831429e-02
 6.41894337e+03 1.42802998e-02
 6.42046677e+03 1.41771891e-02
 6.42199016e+03 1.40738277e-02
 6.42351355e+03 1.39702327e-02
 6.42503695e+03 1.38664211e-02
 6.42656034e+03 1.37624097e-02
 6.42808373e+03 1.36582151e-02
 6.42960713e+03 1.35538541e-02
 6.43113052e+03 1.34493432e-02
 6.43265392e+03 1.33446987e-02
 6.43417731e+03 1.32399371e-02
 6.43570070e+03 1.31350744e-02
 6.43722410e+03 1.30301267e-02
 6.43874749e+03 1.29251101e-02
 6.44027088e+03 1.28200402e-02
 6.44179428e+03 1.27149328e-02
 6.44331767e+03 1.26098035e-02
 6.44484107e+03 1.25046676e-02
 6.44636446e+03 1.23995404e-02
 6.44788785e+03 1.22944371e-02
 6.44941125e+03 1.21893726e-02
 6.45093464e+03 1.20843617e-02
 6.45245803e+03 1.19794192e-02
 6.45398143e+03 1.18745596e-02
 6.45550482e+03 1.17697972e-02
 6.45702822e+03 1.16651462e-02
 6.45855161e+03 1.15606207e-02
 6.46007500e+03 1.14562345e-02
 6.46159840e+03 1.13520014e-02
 6.46312179e+03 1.12479348e-02
 6.46464518e+03 1.11440483e-02
 6.46616858e+03 1.10403548e-02
 6.46769197e+03 1.09368676e-02
 6.46921537e+03 1.08335993e-02
 6.47073876e+03 1.07305627e-02
 6.47226215e+03 1.06277702e-02
 6.47378555e+03 1.05252342e-02
 6.47530894e+03 1.04229667e-02
 6.47683233e+03 1.03209796e-02
 6.47835573e+03 1.02192848e-02
 6.47987912e+03 1.01178936e-02
 6.48140252e+03 1.00168176e-02
 6.48292591e+03 9.91606779e-03
 6.48444930e+03 9.81565521e-03
 6.48597270e+03 9.71559062e-03
 6.48749609e+03 9.61588461e-03
 6.48901948e+03 9.51654756e-03
 6.49054288e+03 9.41758966e-03
 6.49206627e+03 9.31902092e-03
 6.49358967e+03 9.22085112e-03
 6.49511306e+03 9.12308987e-03
 6.49663645e+03 9.02574657e-03
 6.49815985e+03 8.92883042e-03
 6.49968324e+03 8.83235042e-03
 6.50120663e+03 8.73631539e-03
 6.50273003e+03 8.64073393e-03
 6.50425342e+03 8.54561444e-03
 6.50577682e+03 8.45096514e-03
 6.50730021e+03 8.35679403e-03
 6.50882360e+03 8.26310893e-03
 6.51034700e+03 8.16991744e-03
 6.51187039e+03 8.07722699e-03
 6.51339378e+03 7.98504478e-03
 6.51491718e+03 7.89337784e-03
 6.51644057e+03 7.80223299e-03
 6.51796397e+03 7.71161685e-03
 6.51948736e+03 7.62153586e-03
 6.52101075e+03 7.53199624e-03
 6.52253415e+03 7.44300403e-03
 6.52405754e+03 7.35456509e-03
 6.52558093e+03 7.26668507e-03
 6.52710433e+03 7.17936942e-03
 6.52862772e+03 7.09262342e-03
 6.53015112e+03 7.00645215e-03
 6.53167451e+03 6.92086051e-03
 6.53319790e+03 6.83585319e-03
 6.53472130e+03 6.75143472e-03
 6.53624469e+03 6.66760942e-03
 6.53776808e+03 6.58438146e-03
 6.53929148e+03 6.50175479e-03
 6.54081487e+03 6.41973320e-03
 6.54233827e+03 6.33832030e-03
 6.54386166e+03 6.25751951e-03
 6.54538505e+03 6.17733409e-03
 6.54690845e+03 6.09776711e-03
 6.54843184e+03 6.01882147e-03
 6.54995523e+03 5.94049991e-03
 6.55147863e+03 5.86280498e-03
 6.55300202e+03 5.78573907e-03
 6.55452542e+03 5.70930441e-03
 6.55604881e+03 5.63350306e-03
 6.55757220e+03 5.55833692e-03
 6.55909560e+03 5.48380771e-03
 6.56061899e+03 5.40991701e-03
 6.56214238e+03 5.33666625e-03
 6.56366578e+03 5.26405667e-03
 6.56518917e+03 5.19208940e-03
 6.56671257e+03 5.12076537e-03
 6.56823596e+03 5.05008541e-03
 6.56975935e+03 4.98005017e-03
 6.57128275e+03 4.91066015e-03
 6.57280614e+03 4.84191573e-03
 6.57432954e+03 4.77381713e-03
 6.57585293e+03 4.70636444e-03
 6.57737632e+03 4.63955761e-03
 6.57889972e+03 4.57339646e-03
 6.58042311e+03 4.50788065e-03
 6.58194650e+03 4.44300975e-03
 6.58346990e+03 4.37878318e-03
 6.58499329e+03 4.31520022e-03
 6.58651669e+03 4.25226005e-03
 6.58804008e+03 4.18996171e-03
 6.58956347e+03 4.12830413e-03
 6.59108687e+03 4.06728613e-03
 6.59261026e+03 4.00690638e-03
 6.59413365e+03 3.94716348e-03
 6.59565705e+03 3.88805589e-03
 6.59718044e+03 3.82958197e-03
 6.59870384e+03 3.77173997e-03
 6.60022723e+03 3.71452804e-03
 6.60175062e+03 3.65794423e-03
 6.60327402e+03 3.60198648e-03
 6.60479741e+03 3.54665264e-03
 6.60632080e+03 3.49194046e-03
 6.60784420e+03 3.43784760e-03
 6.60936759e+03 3.38437162e-03
 6.61089099e+03 3.33151001e-03
 6.61241438e+03 3.27926015e-03
 6.61393777e+03 3.22761935e-03
 6.61546117e+03 3.17658484e-03
 6.61698456e+03 3.12615376e-03
 6.61850795e+03 3.07632317e-03
 6.62003135e+03 3.02709006e-03
 6.62155474e+03 2.97845135e-03
 6.62307814e+03 2.93040388e-03
 6.62460153e+03 2.88294443e-03
 6.62612492e+03 2.83606971e-03
 6.62764832e+03 2.78977634e-03
 6.62917171e+03 2.74406092e-03
 6.63069510e+03 2.69891996e-03
 6.63221850e+03 2.65434991e-03
 6.63374189e+03 2.61034718e-03
 6.63526529e+03 2.56690811e-03
 6.63678868e+03 2.52402900e-03
 6.63831207e+03 2.48170608e-03
 6.63983547e+03 2.43993554e-03
 6.64135886e+03 2.39871353e-03
 6.64288225e+03 2.35803616e-03
 6.64440565e+03 2.31789946e-03
 6.64592904e+03 2.27829947e-03
 6.64745244e+03 2.23923214e-03
 6.64897583e+03 2.20069342e-03
 6.65049922e+03 2.16267921e-03
 6.65202262e+03 2.12518538e-03
 6.65354601e+03 2.08820775e-03
 6.65506940e+03 2.05174213e-03
 6.65659280e+03 2.01578429e-03
 6.65811619e+03 1.98032999e-03
 6.65963959e+03 1.94537493e-03
 6.66116298e+03 1.91091482e-03
 6.66268637e+03 1.87694534e-03
 6.66420977e+03 1.84346212e-03
 6.66573316e+03 1.81046082e-03
 6.66725655e+03 1.77793705e-03
 6.66877995e+03 1.74588641e-03
 6.67030334e+03 1.71430448e-03
 6.67182674e+03 1.68318684e-03
 6.67335013e+03 1.65252905e-03
 6.67487352e+03 1.62232667e-03
 6.67639692e+03 1.59257523e-03
 6.67792031e+03 1.56327028e-03
 6.67944370e+03 1.53440735e-03
 6.68096710e+03 1.50598195e-03
 6.68249049e+03 1.47798962e-03
 6.68401389e+03 1.45042587e-03
 6.68553728e+03 1.42328623e-03
 6.68706067e+03 1.39656622e-03
 6.68858407e+03 1.37026135e-03
 6.69010746e+03 1.34436716e-03
 6.69163085e+03 1.31887917e-03
 6.69315425e+03 1.29379293e-03
 6.69467764e+03 1.26910396e-03
 6.69620104e+03 1.24480782e-03
 6.69772443e+03 1.22090008e-03
 6.69924782e+03 1.19737628e-03
 6.70077122e+03 1.17423202e-03
 6.70229461e+03 1.15146289e-03
 6.70381800e+03 1.12906448e-03
 6.70534140e+03 1.10703241e-03
 6.70686479e+03 1.08536231e-03
 6.70838819e+03 1.06404983e-03
 6.70991158e+03 1.04309063e-03
 6.71143497e+03 1.02248039e-03
 6.71295837e+03 1.00221480e-03
 6.71448176e+03 9.82289578e-04
 6.71600515e+03 9.62700465e-04
 6.71752855e+03 9.43443211e-04
 6.71905194e+03 9.24513594e-04
 6.72057534e+03 9.05907411e-04
 6.72209873e+03 8.87620482e-04
 6.72362212e+03 8.69648651e-04
 6.72514552e+03 8.51987784e-04
 6.72666891e+03 8.34633771e-04
 6.72819230e+03 8.17582530e-04
 6.72971570e+03 8.00830001e-04
 6.73123909e+03 7.84372151e-04
 6.73276249e+03 7.68204975e-04
 6.73428588e+03 7.52324492e-04
 6.73580927e+03 7.36726752e-04
 6.73733267e+03 7.21407829e-04
 6.73885606e+03 7.06363830e-04
 6.74037945e+03 6.91590887e-04
 6.74190285e+03 6.77085163e-04
 6.74342624e+03 6.62842851e-04
 6.74494964e+03 6.48860173e-04
 6.74647303e+03 6.35133381e-04
 6.74799642e+03 6.21658760e-04
 6.74951982e+03 6.08432624e-04
 6.75104321e+03 5.95451319e-04
 6.75256660e+03 5.82711222e-04
 6.75409000e+03 5.70208743e-04
 6.75561339e+03 5.57940323e-04
 6.75713679e+03 5.45902437e-04
 6.75866018e+03 5.34091590e-04
 6.76018357e+03 5.22504322e-04
 6.76170697e+03 5.11137206e-04
 6.76323036e+03 4.99986846e-04
 6.76475375e+03 4.89049882e-04
 6.76627715e+03 4.78322984e-04
 6.76780054e+03 4.67802860e-04
 6.76932394e+03 4.57486249e-04
 6.77084733e+03 4.47369923e-04
 6.77237072e+03 4.37450689e-04
 6.77389412e+03 4.27725388e-04
 6.77541751e+03 4.18190896e-04
 6.77694090e+03 4.08844120e-04
 6.77846430e+03 3.99682004e-04
 6.77998769e+03 3.90701524e-04
 6.78151109e+03 3.81899692e-04
 6.78303448e+03 3.73273552e-04
 6.78455787e+03 3.64820184e-04
 6.78608127e+03 3.56536700e-04
 6.78760466e+03 3.48420249e-04
 6.78912805e+03 3.40468010e-04
 6.79065145e+03 3.32677199e-04
 6.79217484e+03 3.25045064e-04
 6.79369824e+03 3.17568888e-04
 6.79522163e+03 3.10245987e-04
 6.79674502e+03 3.03073710e-04
 6.79826842e+03 2.96049441e-04
 6.79979181e+03 2.89170595e-04
 6.80131520e+03 2.82434623e-04
 6.80283860e+03 2.75839008e-04
 6.80436199e+03 2.69381263e-04
 6.80588539e+03 2.63058939e-04
 6.80740878e+03 2.56869615e-04
 6.80893217e+03 2.50810906e-04
 6.81045557e+03 2.44880458e-04
 6.81197896e+03 2.39075947e-04
 6.81350235e+03 2.33395084e-04
 6.81502575e+03 2.27835611e-04
 6.81654914e+03 2.22395300e-04
 6.81807254e+03 2.17071957e-04
 6.81959593e+03 2.11863417e-04
 6.82111932e+03 2.06767547e-04
 6.82264272e+03 2.01782244e-04
 6.82416611e+03 1.96905436e-04
 6.82568950e+03 1.92135082e-04
 6.82721290e+03 1.87469169e-04
 6.82873629e+03 1.82905717e-04
 6.83025969e+03 1.78442773e-04
 6.83178308e+03 1.74078413e-04
 6.83330647e+03 1.69810746e-04
 6.83482987e+03 1.65637905e-04
 6.83635326e+03 1.61558056e-04
 6.83787666e+03 1.57569389e-04
 6.83940005e+03 1.53670125e-04
 6.84092344e+03 1.49858514e-04
 6.84244684e+03 1.46132830e-04
 6.84397023e+03 1.42491377e-04
 6.84549362e+03 1.38932485e-04
 6.84701702e+03 1.35454512e-04
 6.84854041e+03 1.32055841e-04
 6.85006381e+03 1.28734882e-04
 6.85158720e+03 1.25490072e-04
 6.85311059e+03 1.22319871e-04
 6.85463399e+03 1.19222768e-04
 6.85615738e+03 1.16197275e-04
 6.85768077e+03 1.13241928e-04
 6.85920417e+03 1.10355290e-04
 6.86072756e+03 1.07535948e-04
 6.86225096e+03 1.04782511e-04
 6.86377435e+03 1.02093615e-04
 6.86529774e+03 9.94679159e-05
 6.86682114e+03 9.69040957e-05
 6.86834453e+03 9.44008581e-05
 6.86986792e+03 9.19569299e-05
 6.87139132e+03 8.95710600e-05
 6.87291471e+03 8.72420196e-05
 6.87443811e+03 8.49686019e-05
 6.87596150e+03 8.27496213e-05
 6.87748489e+03 8.05839138e-05
 6.87900829e+03 7.84703363e-05
 6.88053168e+03 7.64077666e-05
 6.88205507e+03 7.43951027e-05
 6.88357847e+03 7.24312629e-05
 6.88510186e+03 7.05151857e-05
 6.88662526e+03 6.86458287e-05
 6.88814865e+03 6.68221694e-05
 6.88967204e+03 6.50432042e-05
 6.89119544e+03 6.33079482e-05
 6.89271883e+03 6.16154354e-05
 6.89424222e+03 5.99647178e-05
 6.89576562e+03 5.83548656e-05
 6.89728901e+03 5.67849668e-05
 6.89881241e+03 5.52541268e-05
 6.90033580e+03 5.37614685e-05
 6.90185919e+03 5.23061315e-05
 6.90338259e+03 5.08872723e-05
 6.90490598e+03 4.95040640e-05
 6.90642937e+03 4.81556957e-05
 6.90795277e+03 4.68413728e-05
 6.90947616e+03 4.55603162e-05
 6.91099956e+03 4.43117624e-05
 6.91252295e+03 4.30949631e-05
 6.91404634e+03 4.19091852e-05
 6.91556974e+03 4.07537100e-05
 6.91709313e+03 3.96278338e-05
 6.91861652e+03 3.85308668e-05
 6.92013992e+03 3.74621336e-05
 6.92166331e+03 3.64209723e-05
 6.92318671e+03 3.54067349e-05
 6.92471010e+03 3.44187868e-05
 6.92623349e+03 3.34565062e-05
 6.92775689e+03 3.25192846e-05
 6.92928028e+03 3.16065260e-05
 6.93080367e+03 3.07176471e-05
 6.93232707e+03 2.98520767e-05
 6.93385046e+03 2.90092558e-05
 6.93537386e+03 2.81886371e-05
 6.93689725e+03 2.73896852e-05
 6.93842064e+03 2.66118760e-05
 6.93994404e+03 2.58546966e-05
 6.94146743e+03 2.51176452e-05
 6.94299082e+03 2.44002309e-05
 6.94451422e+03 2.37019734e-05
 6.94603761e+03 2.30224029e-05
 6.94756101e+03 2.23610597e-05
 6.94908440e+03 2.17174946e-05
 6.95060779e+03 2.10912677e-05
 6.95213119e+03 2.04819494e-05
 6.95365458e+03 1.98891192e-05
 6.95517797e+03 1.93123662e-05
 6.95670137e+03 1.87512886e-05
 6.95822476e+03 1.82054935e-05
 6.95974816e+03 1.76745970e-05
 6.96127155e+03 1.71582237e-05
 6.96279494e+03 1.66560069e-05
 6.96431834e+03 1.61675881e-05
 6.96584173e+03 1.56926169e-05
 6.96736512e+03 1.52307510e-05
 6.96888852e+03 1.47816561e-05
 6.97041191e+03 1.43450053e-05
 6.97193531e+03 1.39204795e-05
 6.97345870e+03 1.35077668e-05
 6.97498209e+03 1.31065626e-05
 6.97650549e+03 1.27165696e-05
 6.97802888e+03 1.23374973e-05
 6.97955227e+03 1.19690619e-05
 6.98107567e+03 1.16109864e-05
 6.98259906e+03 1.12630004e-05
 6.98412246e+03 1.09248399e-05
 6.98564585e+03 1.05962470e-05
 6.98716924e+03 1.02769702e-05
 6.98869264e+03 9.96676388e-06
 6.99021603e+03 9.66538827e-06
 6.99173942e+03 9.37260946e-06
 6.99326282e+03 9.08819914e-06
 6.99478621e+03 8.81193455e-06
 6.99630961e+03 8.54359833e-06
 6.99783300e+03 8.28297841e-06
 6.99935639e+03 8.02986792e-06
 7.00087979e+03 7.78406503e-06
 7.00240318e+03 7.54537289e-06
 7.00392657e+03 7.31359951e-06
 7.00544997e+03 7.08855763e-06
 7.00697336e+03 6.87006462e-06
 7.00849676e+03 6.65794243e-06
 7.01002015e+03 6.45201742e-06
 7.01154354e+03 6.25212030e-06
 7.01306694e+03 6.05808603e-06
 7.01459033e+03 5.86975371e-06
 7.01611372e+03 5.68696651e-06
 7.01763712e+03 5.50957156e-06
 7.01916051e+03 5.33741988e-06
 7.02068391e+03 5.17036625e-06
 7.02220730e+03 5.00826919e-06
 7.02373069e+03 4.85099081e-06
 7.02525409e+03 4.69839677e-06
 7.02677748e+03 4.55035618e-06
 7.02830087e+03 4.40674152e-06
 7.02982427e+03 4.26742859e-06
 7.03134766e+03 4.13229639e-06
 7.03287106e+03 4.00122707e-06
 7.03439445e+03 3.87410583e-06
 7.03591784e+03 3.75082091e-06
 7.03744124e+03 3.63126346e-06
 7.03896463e+03 3.51532749e-06
 7.04048802e+03 3.40290979e-06
 7.04201142e+03 3.29390989e-06
 7.04353481e+03 3.18822998e-06
 7.04505821e+03 3.08577484e-06
 7.04658160e+03 2.98645178e-06
 7.04810499e+03 2.89017061e-06
 7.04962839e+03 2.79684352e-06
 7.05115178e+03 2.70638507e-06
 7.05267517e+03 2.61871211e-06
 7.05419857e+03 2.53374374e-06
 7.05572196e+03 2.45140125e-06
 7.05724536e+03 2.37160805e-06
 7.05876875e+03 2.29428963e-06
 7.06029214e+03 2.21937351e-06
 7.06181554e+03 2.14678921e-06
 7.06333893e+03 2.07646814e-06
 7.06486232e+03 2.00834362e-06
 7.06638572e+03 1.94235079e-06
 7.06790911e+03 1.87842659e-06
 7.06943251e+03 1.81650968e-06
 7.07095590e+03 1.75654043e-06
 7.07247929e+03 1.69846088e-06
 7.07400269e+03 1.64221467e-06
 7.07552608e+03 1.58774699e-06
 7.07704947e+03 1.53500461e-06
 7.07857287e+03 1.48393575e-06
 7.08009626e+03 1.43449010e-06
 7.08161966e+03 1.38661878e-06
 7.08314305e+03 1.34027425e-06
 7.08466644e+03 1.29541036e-06
