 2.76267458e+03 1.04910885e-06
 2.76343714e+03 1.09464190e-06
 2.76419970e+03 1.14203725e-06
 2.76496227e+03 1.19136595e-06
 2.76572483e+03 1.24270152e-06
 2.76648739e+03 1.29612005e-06
 2.76724995e+03 1.35170030e-06
 2.76801252e+03 1.40952374e-06
 2.76877508e+03 1.46967464e-06
 2.76953764e+03 1.53224022e-06
 2.77030020e+03 1.59731065e-06
 2.77106277e+03 1.66497919e-06
 2.77182533e+03 1.73534229e-06
 2.77258789e+03 1.80849967e-06
 2.77335045e+03 1.88455441e-06
 2.77411302e+03 1.96361308e-06
 2.77487558e+03 2.04578581e-06
 2.77563814e+03 2.13118642e-06
 2.77640070e+03 2.21993254e-06
 2.77716327e+03 2.31214567e-06
 2.77792583e+03 2.40795137e-06
 2.77868839e+03 2.50747930e-06
 2.77945095e+03 2.61086341e-06
 2.78021351e+03 2.71824200e-06
 2.78097608e+03 2.82975790e-06
 2.78173864e+03 2.94555856e-06
 2.78250120e+03 3.06579622e-06
 2.78326376e+03 3.19062800e-06
 2.78402633e+03 3.32021607e-06
 2.78478889e+03 3.45472779e-06
 2.78555145e+03 3.59433584e-06
 2.78631401e+03 3.73921838e-06
 2.78707658e+03 3.88955921e-06
 2.78783914e+03 4.04554790e-06
 2.78860170e+03 4.20737995e-06
 2.78936426e+03 4.37525700e-06
 2.79012683e+03 4.54938693e-06
 2.79088939e+03 4.72998407e-06
 2.79165195e+03 4.91726936e-06
 2.79241451e+03 5.11147052e-06
 2.79317708e+03 5.31282226e-06
 2.79393964e+03 5.52156640e-06
 2.79470220e+03 5.73795215e-06
 2.79546476e+03 5.96223622e-06
 2.79622733e+03 6.19468305e-06
 2.79698989e+03 6.43556502e-06
 2.79775245e+03 6.68516261e-06
 2.79851501e+03 6.94376467e-06
 2.79927758e+03 7.21166858e-06
 2.80004014e+03 7.48918049e-06
 2.80080270e+03 7.77661553e-06
 2.80156526e+03 8.07429804e-06
 2.80232783e+03 8.38256179e-06
 2.80309039e+03 8.70175023e-06
 2.80385295e+03 9.03221671e-06
 2.80461551e+03 9.37432471e-06
 2.80537808e+03 9.72844814e-06
 2.80614064e+03 1.00949715e-05
 2.80690320e+03 1.04742903e-05
 2.80766576e+03 1.08668109e-05
 2.80842833e+03 1.12729516e-05
 2.80919089e+03 1.16931418e-05
 2.80995345e+03 1.21278233e-05
 2.81071601e+03 1.25774499e-05
 2.81147858e+03 1.30424880e-05
 2.81224114e+03 1.35234168e-05
 2.81300370e+03 1.40207286e-05
 2.81376626e+03 1.45349289e-05
 2.81452882e+03 1.50665372e-05
 2.81529139e+03 1.56160868e-05
 2.81605395e+03 1.61841252e-05
 2.81681651e+03 1.67712148e-05
 2.81757907e+03 1.73779326e-05
 2.81834164e+03 1.80048711e-05
 2.81910420e+03 1.86526383e-05
 2.81986676e+03 1.93218579e-05
 2.82062932e+03 2.00131702e-05
 2.82139189e+03 2.07272318e-05
 2.82215445e+03 2.14647164e-05
 2.82291701e+03 2.22263148e-05
 2.82367957e+03 2.30127355e-05
 2.82444214e+03 2.38247051e-05
 2.82520470e+03 2.46629685e-05
 2.82596726e+03 2.55282890e-05
 2.82672982e+03 2.64214495e-05
 2.82749239e+03 2.73432519e-05
 2.82825495e+03 2.82945183e-05
 2.82901751e+03 2.92760907e-05
 2.82978007e+03 3.02888318e-05
 2.83054264e+03 3.13336255e-05
 2.83130520e+03 3.24113769e-05
 2.83206776e+03 3.35230127e-05
 2.83283032e+03 3.46694822e-05
 2.83359289e+03 3.58517570e-05
 2.83435545e+03 3.70708317e-05
 2.83511801e+03 3.83277245e-05
 2.83588057e+03 3.96234773e-05
 2.83664314e+03 4.09591562e-05
 2.83740570e+03 4.23358520e-05
 2.83816826e+03 4.37546807e-05
 2.83893082e+03 4.52167837e-05
 2.83969339e+03 4.67233284e-05
 2.84045595e+03 4.82755084e-05
 2.84121851e+03 4.98745444e-05
 2.84198107e+03 5.15216842e-05
 2.84274364e+03 5.32182032e-05
 2.84350620e+03 5.49654051e-05
 2.84426876e+03 5.67646222e-05
 2.84503132e+03 5.86172155e-05
 2.84579389e+03 6.05245759e-05
 2.84655645e+03 6.24881237e-05
 2.84731901e+03 6.45093101e-05
 2.84808157e+03 6.65896168e-05
 2.84884413e+03 6.87305566e-05
 2.84960670e+03 7.09336743e-05
 2.85036926e+03 7.32005468e-05
 2.85113182e+03 7.55327835e-05
 2.85189438e+03 7.79320269e-05
 2.85265695e+03 8.03999529e-05
 2.85341951e+03 8.29382715e-05
 2.85418207e+03 8.55487269e-05
 2.85494463e+03 8.82330984e-05
 2.85570720e+03 9.09932005e-05
 2.85646976e+03 9.38308831e-05
 2.85723232e+03 9.67480327e-05
 2.85799488e+03 9.97465722e-05
 2.85875745e+03 1.02828461e-04
 2.85952001e+03 1.05995698e-04
 2.86028257e+03 1.09250317e-04
 2.86104513e+03 1.12594392e-04
 2.86180770e+03 1.16030036e-04
 2.86257026e+03 1.19559400e-04
 2.86333282e+03 1.23184674e-04
 2.86409538e+03 1.26908091e-04
 2.86485795e+03 1.30731922e-04
 2.86562051e+03 1.34658478e-04
 2.86638307e+03 1.38690113e-04
 2.86714563e+03 1.42829223e-04
 2.86790820e+03 1.47078243e-04
 2.86867076e+03 1.51439653e-04
 2.86943332e+03 1.55915974e-04
 2.87019588e+03 1.60509772e-04
 2.87095845e+03 1.65223654e-04
 2.87172101e+03 1.70060273e-04
 2.87248357e+03 1.75022323e-04
 2.87324613e+03 1.80112545e-04
 2.87400870e+03 1.85333724e-04
 2.87477126e+03 1.90688689e-04
 2.87553382e+03 1.96180316e-04
 2.87629638e+03 2.01811523e-04
 2.87705895e+03 2.07585279e-04
 2.87782151e+03 2.13504594e-04
 2.87858407e+03 2.19572527e-04
 2.87934663e+03 2.25792183e-04
 2.88010919e+03 2.32166714e-04
 2.88087176e+03 2.38699317e-04
 2.88163432e+03 2.45393238e-04
 2.88239688e+03 2.52251769e-04
 2.88315944e+03 2.59278251e-04
 2.88392201e+03 2.66476071e-04
 2.88468457e+03 2.73848664e-04
 2.88544713e+03 2.81399513e-04
 2.88620969e+03 2.89132149e-04
 2.88697226e+03 2.97050149e-04
 2.88773482e+03 3.05157141e-04
 2.88849738e+03 3.13456798e-04
 2.88925994e+03 3.21952844e-04
 2.89002251e+03 3.30649048e-04
 2.89078507e+03 3.39549228e-04
 2.89154763e+03 3.48657251e-04
 2.89231019e+03 3.57977030e-04
 2.89307276e+03 3.67512526e-04
 2.89383532e+03 3.77267750e-04
 2.89459788e+03 3.87246757e-04
 2.89536044e+03 3.97453651e-04
 2.89612301e+03 4.07892583e-04
 2.89688557e+03 4.18567750e-04
 2.89764813e+03 4.29483398e-04
 2.89841069e+03 4.40643816e-04
 2.89917326e+03 4.52053341e-04
 2.89993582e+03 4.63716356e-04
 2.90069838e+03 4.75637289e-04
 2.90146094e+03 4.87820612e-04
 2.90222351e+03 5.00270843e-04
 2.90298607e+03 5.12992544e-04
 2.90374863e+03 5.25990321e-04
 2.90451119e+03 5.39268821e-04
 2.90527376e+03 5.52832737e-04
 2.90603632e+03 5.66686803e-04
 2.90679888e+03 5.80835792e-04
 2.90756144e+03 5.95284523e-04
 2.90832401e+03 6.10037852e-04
 2.90908657e+03 6.25100674e-04
 2.90984913e+03 6.40477926e-04
 2.91061169e+03 6.56174581e-04
 2.91137426e+03 6.72195650e-04
 2.91213682e+03 6.88546181e-04
 2.91289938e+03 7.05231258e-04
 2.91366194e+03 7.22256000e-04
 2.91442450e+03 7.39625559e-04
 2.91518707e+03 7.57345122e-04
 2.91594963e+03 7.75419906e-04
 2.91671219e+03 7.93855161e-04
 2.91747475e+03 8.12656166e-04
 2.91823732e+03 8.31828230e-04
 2.91899988e+03 8.51376688e-04
 2.91976244e+03 8.71306905e-04
 2.92052500e+03 8.91624268e-04
 2.92128757e+03 9.12334192e-04
 2.92205013e+03 9.33442111e-04
 2.92281269e+03 9.54953484e-04
 2.92357525e+03 9.76873790e-04
 2.92433782e+03 9.99208525e-04
 2.92510038e+03 1.02196320e-03
 2.92586294e+03 1.04514336e-03
 2.92662550e+03 1.06875454e-03
 2.92738807e+03 1.09280230e-03
 2.92815063e+03 1.11729221e-03
 2.92891319e+03 1.14222986e-03
 2.92967575e+03 1.16762082e-03
 2.93043832e+03 1.19347071e-03
 2.93120088e+03 1.21978512e-03
 2.93196344e+03 1.24656964e-03
 2.93272600e+03 1.27382990e-03
 2.93348857e+03 1.30157150e-03
 2.93425113e+03 1.32980003e-03
 2.93501369e+03 1.35852110e-03
 2.93577625e+03 1.38774030e-03
 2.93653882e+03 1.41746321e-03
 2.93730138e+03 1.44769542e-03
 2.93806394e+03 1.47844247e-03
 2.93882650e+03 1.50970993e-03
 2.93958907e+03 1.54150333e-03
 2.94035163e+03 1.57382817e-03
 2.94111419e+03 1.60668995e-03
 2.94187675e+03 1.64009415e-03
 2.94263932e+03 1.67404620e-03
 2.94340188e+03 1.70855152e-03
 2.94416444e+03 1.74361552e-03
 2.94492700e+03 1.77924353e-03
 2.94568957e+03 1.81544088e-03
 2.94645213e+03 1.85221286e-03
 2.94721469e+03 1.88956472e-03
 2.94797725e+03 1.92750165e-03
 2.94873981e+03 1.96602882e-03
 2.94950238e+03 2.00515133e-03
 2.95026494e+03 2.04487427e-03
 2.95102750e+03 2.08520263e-03
 2.95179006e+03 2.12614137e-03
 2.95255263e+03 2.16769539e-03
 2.95331519e+03 2.20986954e-03
 2.95407775e+03 2.25266859e-03
 2.95484031e+03 2.29609725e-03
 2.95560288e+03 2.34016018e-03
 2.95636544e+03 2.38486193e-03
 2.95712800e+03 2.43020702e-03
 2.95789056e+03 2.47619986e-03
 2.95865313e+03 2.52284481e-03
 2.95941569e+03 2.57014613e-03
 2.96017825e+03 2.61810798e-03
 2.96094081e+03 2.66673448e-03
 2.96170338e+03 2.71602961e-03
 2.96246594e+03 2.76599728e-03
 2.96322850e+03 2.81664131e-03
 2.96399106e+03 2.86796541e-03
 2.96475363e+03 2.91997318e-03
 2.96551619e+03 2.97266813e-03
 2.96627875e+03 3.02605367e-03
 2.96704131e+03 3.08013307e-03
 2.96780388e+03 3.13490951e-03
 2.96856644e+03 3.19038605e-03
 2.96932900e+03 3.24656562e-03
 2.97009156e+03 3.30345104e-03
 2.97085413e+03 3.36104499e-03
 2.97161669e+03 3.41935004e-03
 2.97237925e+03 3.47836862e-03
 2.97314181e+03 3.53810302e-03
 2.97390438e+03 3.59855541e-03
 2.97466694e+03 3.65972780e-03
 2.97542950e+03 3.72162206e-03
 2.97619206e+03 3.78423993e-03
 2.97695463e+03 3.84758299e-03
 2.97771719e+03 3.91165267e-03
 2.97847975e+03 3.97645024e-03
 2.97924231e+03 4.04197683e-03
 2.98000488e+03 4.10823340e-03
 2.98076744e+03 4.17522075e-03
 2.98153000e+03 4.24293950e-03
 2.98229256e+03 4.31139013e-03
 2.98305512e+03 4.38057292e-03
 2.98381769e+03 4.45048800e-03
 2.98458025e+03 4.52113531e-03
 2.98534281e+03 4.59251463e-03
 2.98610537e+03 4.66462553e-03
 2.98686794e+03 4.73746742e-03
 2.98763050e+03 4.81103953e-03
 2.98839306e+03 4.88534087e-03
 2.98915562e+03 4.96037028e-03
 2.98991819e+03 5.03612642e-03
 2.99068075e+03 5.11260773e-03
 2.99144331e+03 5.18981247e-03
 2.99220587e+03 5.26773869e-03
 2.99296844e+03 5.34638424e-03
 2.99373100e+03 5.42574676e-03
 2.99449356e+03 5.50582371e-03
 2.99525612e+03 5.58661232e-03
 2.99601869e+03 5.66810960e-03
 2.99678125e+03 5.75031238e-03
 2.99754381e+03 5.83321725e-03
 2.99830637e+03 5.91682059e-03
 2.99906894e+03 6.00111858e-03
 2.99983150e+03 6.08610716e-03
 3.00059406e+03 6.17178206e-03
 3.00135662e+03 6.25813879e-03
 3.00211919e+03 6.34517263e-03
 3.00288175e+03 6.43287865e-03
 3.00364431e+03 6.52125166e-03
 3.00440687e+03 6.61028630e-03
 3.00516944e+03 6.69997693e-03
 3.00593200e+03 6.79031770e-03
 3.00669456e+03 6.88130254e-03
 3.00745712e+03 6.97292514e-03
 3.00821969e+03 7.06517895e-03
 3.00898225e+03 7.15805721e-03
 3.00974481e+03 7.25155291e-03
 3.01050737e+03 7.34565881e-03
 3.01126994e+03 7.44036744e-03
 3.01203250e+03 7.53567109e-03
 3.01279506e+03 7.63156182e-03
 3.01355762e+03 7.72803145e-03
 3.01432018e+03 7.82507158e-03
 3.01508275e+03 7.92267356e-03
 3.01584531e+03 8.02082851e-03
 3.01660787e+03 8.11952732e-03
 3.01737043e+03 8.21876064e-03
 3.01813300e+03 8.31851889e-03
 3.01889556e+03 8.41879225e-03
 3.01965812e+03 8.51957068e-03
 3.02042068e+03 8.62084390e-03
 3.02118325e+03 8.72260140e-03
 3.02194581e+03 8.82483243e-03
 3.02270837e+03 8.92752604e-03
 3.02347093e+03 9.03067102e-03
 3.02423350e+03 9.13425594e-03
 3.02499606e+03 9.23826917e-03
 3.02575862e+03 9.34269881e-03
 3.02652118e+03 9.44753278e-03
 3.02728375e+03 9.55275876e-03
 3.02804631e+03 9.65836420e-03
 3.02880887e+03 9.76433635e-03
 3.02957143e+03 9.87066225e-03
 3.03033400e+03 9.97732870e-03
 3.03109656e+03 1.00843223e-02
 3.03185912e+03 1.01916295e-02
 3.03262168e+03 1.02992364e-02
 3.03338425e+03 1.04071290e-02
 3.03414681e+03 1.05152931e-02
 3.03490937e+03 1.06237143e-02
 3.03567193e+03 1.07323779e-02
 3.03643450e+03 1.08412692e-02
 3.03719706e+03 1.09503732e-02
 3.03795962e+03 1.10596746e-02
 3.03872218e+03 1.11691580e-02
 3.03948475e+03 1.12788080e-02
 3.04024731e+03 1.13886088e-02
 3.04100987e+03 1.14985445e-02
 3.04177243e+03 1.16085989e-02
 3.04253500e+03 1.17187559e-02
 3.04329756e+03 1.18289990e-02
 3.04406012e+03 1.19393117e-02
 3.04482268e+03 1.20496772e-02
 3.04558525e+03 1.21600787e-02
 3.04634781e+03 1.22704990e-02
 3.04711037e+03 1.23809211e-02
 3.04787293e+03 1.24913276e-02
 3.04863549e+03 1.26017011e-02
 3.04939806e+03 1.27120240e-02
 3.05016062e+03 1.28222785e-02
 3.05092318e+03 1.29324469e-02
 3.05168574e+03 1.30425112e-02
 3.05244831e+03 1.31524534e-02
 3.05321087e+03 1.32622552e-02
 3.05397343e+03 1.33718984e-02
 3.05473599e+03 1.34813647e-02
 3.05549856e+03 1.35906355e-02
 3.05626112e+03 1.36996924e-02
 3.05702368e+03 1.38085167e-02
 3.05778624e+03 1.39170897e-02
 3.05854881e+03 1.40253926e-02
 3.05931137e+03 1.41334065e-02
 3.06007393e+03 1.42411127e-02
 3.06083649e+03 1.43484920e-02
 3.06159906e+03 1.44555256e-02
 3.06236162e+03 1.45621942e-02
 3.06312418e+03 1.46684790e-02
 3.06388674e+03 1.47743606e-02
 3.06464931e+03 1.48798200e-02
 3.06541187e+03 1.49848380e-02
 3.06617443e+03 1.50893954e-02
 3.06693699e+03 1.51934731e-02
 3.06769956e+03 1.52970517e-02
 3.06846212e+03 1.54001121e-02
 3.06922468e+03 1.55026352e-02
 3.06998724e+03 1.56046017e-02
 3.07074981e+03 1.57059925e-02
 3.07151237e+03 1.58067884e-02
 3.07227493e+03 1.59069704e-02
 3.07303749e+03 1.60065194e-02
 3.07380006e+03 1.61054164e-02
 3.07456262e+03 1.62036425e-02
 3.07532518e+03 1.63011786e-02
 3.07608774e+03 1.63980060e-02
 3.07685031e+03 1.64941060e-02
 3.07761287e+03 1.65894597e-02
 3.07837543e+03 1.66840487e-02
 3.07913799e+03 1.67778543e-02
 3.07990056e+03 1.68708582e-02
 3.08066312e+03 1.69630420e-02
 3.08142568e+03 1.70543875e-02
 3.08218824e+03 1.71448766e-02
 3.08295080e+03 1.72344913e-02
 3.08371337e+03 1.73232136e-02
 3.08447593e+03 1.74110260e-02
 3.08523849e+03 1.74979107e-02
 3.08600105e+03 1.75838503e-02
 3.08676362e+03 1.76688275e-02
 3.08752618e+03 1.77528252e-02
 3.08828874e+03 1.78358263e-02
 3.08905130e+03 1.79178141e-02
 3.08981387e+03 1.79987717e-02
 3.09057643e+03 1.80786829e-02
 3.09133899e+03 1.81575312e-02
 3.09210155e+03 1.82353007e-02
 3.09286412e+03 1.83119752e-02
 3.09362668e+03 1.83875392e-02
 3.09438924e+03 1.84619771e-02
 3.09515180e+03 1.85352737e-02
 3.09591437e+03 1.86074137e-02
 3.09667693e+03 1.86783825e-02
 3.09743949e+03 1.87481653e-02
 3.09820205e+03 1.88167477e-02
 3.09896462e+03 1.88841157e-02
 3.09972718e+03 1.89502551e-02
 3.10048974e+03 1.90151524e-02
 3.10125230e+03 1.90787941e-02
 3.10201487e+03 1.91411671e-02
 3.10277743e+03 1.92022585e-02
 3.10353999e+03 1.92620555e-02
 3.10430255e+03 1.93205458e-02
 3.10506512e+03 1.93777173e-02
 3.10582768e+03 1.94335582e-02
 3.10659024e+03 1.94880569e-02
 3.10735280e+03 1.95412022e-02
 3.10811537e+03 1.95929831e-02
 3.10887793e+03 1.96433889e-02
 3.10964049e+03 1.96924092e-02
 3.11040305e+03 1.97400339e-02
 3.11116562e+03 1.97862533e-02
 3.11192818e+03 1.98310579e-02
 3.11269074e+03 1.98744385e-02
 3.11345330e+03 1.99163863e-02
 3.11421587e+03 1.99568928e-02
 3.11497843e+03 1.99959497e-02
 3.11574099e+03 2.00335491e-02
 3.11650355e+03 2.00696836e-02
 3.11726611e+03 2.01043458e-02
 3.11802868e+03 2.01375289e-02
 3.11879124e+03 2.01692262e-02
 3.11955380e+03 2.01994316e-02
 3.12031636e+03 2.02281391e-02
 3.12107893e+03 2.02553432e-02
 3.12184149e+03 2.02810387e-02
 3.12260405e+03 2.03052206e-02
 3.12336661e+03 2.03278844e-02
 3.12412918e+03 2.03490260e-02
 3.12489174e+03 2.03686415e-02
 3.12565430e+03 2.03867273e-02
 3.12641686e+03 2.04032803e-02
 3.12717943e+03 2.04182978e-02
 3.12794199e+03 2.04317773e-02
 3.12870455e+03 2.04437166e-02
 3.12946711e+03 2.04541139e-02
 3.13022968e+03 2.04629680e-02
 3.13099224e+03 2.04702777e-02
 3.13175480e+03 2.04760424e-02
 3.13251736e+03 2.04802616e-02
 3.13327993e+03 2.04829354e-02
 3.13404249e+03 2.04840641e-02
 3.13480505e+03 2.04836485e-02
 3.13556761e+03 2.04816895e-02
 3.13633018e+03 2.04781885e-02
 3.13709274e+03 2.04731474e-02
 3.13785530e+03 2.04665681e-02
 3.13861786e+03 2.04584532e-02
 3.13938043e+03 2.04488053e-02
 3.14014299e+03 2.04376277e-02
 3.14090555e+03 2.04249237e-02
 3.14166811e+03 2.04106972e-02
 3.14243068e+03 2.03949524e-02
 3.14319324e+03 2.03776936e-02
 3.14395580e+03 2.03589257e-02
 3.14471836e+03 2.03386538e-02
 3.14548093e+03 2.03168835e-02
 3.14624349e+03 2.02936204e-02
 3.14700605e+03 2.02688708e-02
 3.14776861e+03 2.02426410e-02
 3.14853117e+03 2.02149378e-02
 3.14929374e+03 2.01857683e-02
 3.15005630e+03 2.01551399e-02
 3.15081886e+03 2.01230603e-02
 3.15158142e+03 2.00895375e-02
 3.15234399e+03 2.00545798e-02
 3.15310655e+03 2.00181958e-02
 3.15386911e+03 1.99803944e-02
 3.15463167e+03 1.99411849e-02
 3.15539424e+03 1.99005767e-02
 3.15615680e+03 1.98585795e-02
 3.15691936e+03 1.98152035e-02
 3.15768192e+03 1.97704591e-02
 3.15844449e+03 1.97243567e-02
 3.15920705e+03 1.96769073e-02
 3.15996961e+03 1.96281221e-02
 3.16073217e+03 1.95780124e-02
 3.16149474e+03 1.95265899e-02
 3.16225730e+03 1.94738665e-02
 3.16301986e+03 1.94198545e-02
 3.16378242e+03 1.93645662e-02
 3.16454499e+03 1.93080142e-02
 3.16530755e+03 1.92502115e-02
 3.16607011e+03 1.91911711e-02
 3.16683267e+03 1.91309065e-02
 3.16759524e+03 1.90694311e-02
 3.16835780e+03 1.90067587e-02
 3.16912036e+03 1.89429034e-02
 3.16988292e+03 1.88778792e-02
 3.17064549e+03 1.88117007e-02
 3.17140805e+03 1.87443822e-02
 3.17217061e+03 1.86759388e-02
 3.17293317e+03 1.86063852e-02
 3.17369574e+03 1.85357366e-02
 3.17445830e+03 1.84640083e-02
 3.17522086e+03 1.83912158e-02
 3.17598342e+03 1.83173747e-02
 3.17674599e+03 1.82425009e-02
 3.17750855e+03 1.81666101e-02
 3.17827111e+03 1.80897186e-02
 3.17903367e+03 1.80118425e-02
 3.17979624e+03 1.79329983e-02
 3.18055880e+03 1.78532023e-02
 3.18132136e+03 1.77724712e-02
 3.18208392e+03 1.76908218e-02
 3.18284648e+03 1.76082708e-02
 3.18360905e+03 1.75248352e-02
 3.18437161e+03 1.74405321e-02
 3.18513417e+03 1.73553786e-02
 3.18589673e+03 1.72693919e-02
 3.18665930e+03 1.71825893e-02
 3.18742186e+03 1.70949883e-02
 3.18818442e+03 1.70066063e-02
 3.18894698e+03 1.69174608e-02
 3.18970955e+03 1.68275695e-02
 3.19047211e+03 1.67369499e-02
 3.19123467e+03 1.66456197e-02
 3.19199723e+03 1.65535968e-02
 3.19275980e+03 1.64608989e-02
 3.19352236e+03 1.63675437e-02
 3.19428492e+03 1.62735492e-02
 3.19504748e+03 1.61789333e-02
 3.19581005e+03 1.60837137e-02
 3.19657261e+03 1.59879084e-02
 3.19733517e+03 1.58915353e-02
 3.19809773e+03 1.57946123e-02
 3.19886030e+03 1.56971573e-02
 3.19962286e+03 1.55991881e-02
 3.20038542e+03 1.55007227e-02
 3.20114798e+03 1.54017790e-02
 3.20191055e+03 1.53023746e-02
 3.20267311e+03 1.52025275e-02
 3.20343567e+03 1.51022554e-02
 3.20419823e+03 1.50015760e-02
 3.20496080e+03 1.49005071e-02
 3.20572336e+03 1.47990661e-02
 3.20648592e+03 1.46972708e-02
 3.20724848e+03 1.45951386e-02
 3.20801105e+03 1.44926871e-02
 3.20877361e+03 1.43899334e-02
 3.20953617e+03 1.42868951e-02
 3.21029873e+03 1.41835893e-02
 3.21106130e+03 1.40800332e-02
 3.21182386e+03 1.39762439e-02
 3.21258642e+03 1.38722383e-02
 3.21334898e+03 1.37680333e-02
 3.21411155e+03 1.36636457e-02
 3.21487411e+03 1.35590922e-02
 3.21563667e+03 1.34543894e-02
 3.21639923e+03 1.33495538e-02
 3.21716179e+03 1.32446016e-02
 3.21792436e+03 1.31395492e-02
 3.21868692e+03 1.30344126e-02
 3.21944948e+03 1.29292078e-02
 3.22021204e+03 1.28239508e-02
 3.22097461e+03 1.27186572e-02
 3.22173717e+03 1.26133426e-02
 3.22249973e+03 1.25080225e-02
 3.22326229e+03 1.24027122e-02
 3.22402486e+03 1.22974269e-02
 3.22478742e+03 1.21921816e-02
 3.22554998e+03 1.20869911e-02
 3.22631254e+03 1.19818703e-02
 3.22707511e+03 1.18768335e-02
 3.22783767e+03 1.17718954e-02
 3.22860023e+03 1.16670700e-02
 3.22936279e+03 1.15623715e-02
 3.23012536e+03 1.14578138e-02
 3.23088792e+03 1.13534106e-02
 3.23165048e+03 1.12491755e-02
 3.23241304e+03 1.11451219e-02
 3.23317561e+03 1.10412630e-02
 3.23393817e+03 1.09376119e-02
 3.23470073e+03 1.08341815e-02
 3.23546329e+03 1.07309843e-02
 3.23622586e+03 1.06280330e-02
 3.23698842e+03 1.05253398e-02
 3.23775098e+03 1.04229169e-02
 3.23851354e+03 1.03207763e-02
 3.23927611e+03 1.02189296e-02
 3.24003867e+03 1.01173885e-02
 3.24080123e+03 1.00161643e-02
 3.24156379e+03 9.91526825e-03
 3.24232636e+03 9.81471129e-03
 3.24308892e+03 9.71450424e-03
 3.24385148e+03 9.61465769e-03
 3.24461404e+03 9.51518205e-03
 3.24537661e+03 9.41608753e-03
 3.24613917e+03 9.31738414e-03
 3.24690173e+03 9.21908169e-03
 3.24766429e+03 9.12118980e-03
 3.24842686e+03 9.02371789e-03
 3.24918942e+03 8.92667516e-03
 3.24995198e+03 8.83007065e-03
 3.25071454e+03 8.73391315e-03
 3.25147710e+03 8.63821130e-03
 3.25223967e+03 8.54297350e-03
 3.25300223e+03 8.44820798e-03
 3.25376479e+03 8.35392274e-03
 3.25452735e+03 8.26012562e-03
 3.25528992e+03 8.16682422e-03
 3.25605248e+03 8.07402597e-03
 3.25681504e+03 7.98173809e-03
 3.25757760e+03 7.88996759e-03
 3.25834017e+03 7.79872131e-03
 3.25910273e+03 7.70800586e-03
 3.25986529e+03 7.61782769e-03
 3.26062785e+03 7.52819302e-03
 3.26139042e+03 7.43910789e-03
 3.26215298e+03 7.35057815e-03
 3.26291554e+03 7.26260945e-03
 3.26367810e+03 7.17520725e-03
 3.26444067e+03 7.08837681e-03
 3.26520323e+03 7.00212322e-03
 3.26596579e+03 6.91645136e-03
 3.26672835e+03 6.83136593e-03
 3.26749092e+03 6.74687144e-03
 3.26825348e+03 6.66297221e-03
 3.26901604e+03 6.57967240e-03
 3.26977860e+03 6.49697596e-03
 3.27054117e+03 6.41488666e-03
 3.27130373e+03 6.33340810e-03
 3.27206629e+03 6.25254370e-03
 3.27282885e+03 6.17229670e-03
 3.27359142e+03 6.09267017e-03
 3.27435398e+03 6.01366699e-03
 3.27511654e+03 5.93528988e-03
 3.27587910e+03 5.85754139e-03
 3.27664167e+03 5.78042389e-03
 3.27740423e+03 5.70393961e-03
 3.27816679e+03 5.62809057e-03
 3.27892935e+03 5.55287867e-03
 3.27969192e+03 5.47830561e-03
 3.28045448e+03 5.40437297e-03
 3.28121704e+03 5.33108213e-03
 3.28197960e+03 5.25843436e-03
 3.28274217e+03 5.18643072e-03
 3.28350473e+03 5.11507217e-03
 3.28426729e+03 5.04435949e-03
 3.28502985e+03 4.97429332e-03
 3.28579241e+03 4.90487416e-03
 3.28655498e+03 4.83610234e-03
 3.28731754e+03 4.76797808e-03
 3.28808010e+03 4.70050145e-03
 3.28884266e+03 4.63367238e-03
 3.28960523e+03 4.56749065e-03
 3.29036779e+03 4.50195594e-03
 3.29113035e+03 4.43706776e-03
 3.29189291e+03 4.37282552e-03
 3.29265548e+03 4.30922849e-03
 3.29341804e+03 4.24627581e-03
 3.29418060e+03 4.18396652e-03
 3.29494316e+03 4.12229952e-03
 3.29570573e+03 4.06127359e-03
 3.29646829e+03 4.00088740e-03
 3.29723085e+03 3.94113952e-03
 3.29799341e+03 3.88202839e-03
 3.29875598e+03 3.82355234e-03
 3.29951854e+03 3.76570961e-03
 3.30028110e+03 3.70849832e-03
 3.30104366e+03 3.65191649e-03
 3.30180623e+03 3.59596204e-03
 3.30256879e+03 3.54063280e-03
 3.30333135e+03 3.48592650e-03
 3.30409391e+03 3.43184077e-03
 3.30485648e+03 3.37837315e-03
 3.30561904e+03 3.32552111e-03
 3.30638160e+03 3.27328200e-03
 3.30714416e+03 3.22165311e-03
 3.30790673e+03 3.17063164e-03
 3.30866929e+03 3.12021471e-03
 3.30943185e+03 3.07039936e-03
 3.31019441e+03 3.02118256e-03
 3.31095698e+03 2.97256120e-03
 3.31171954e+03 2.92453210e-03
 3.31248210e+03 2.87709201e-03
 3.31324466e+03 2.83023762e-03
 3.31400723e+03 2.78396554e-03
 3.31476979e+03 2.73827232e-03
 3.31553235e+03 2.69315447e-03
 3.31629491e+03 2.64860841e-03
 3.31705747e+03 2.60463053e-03
 3.31782004e+03 2.56121714e-03
 3.31858260e+03 2.51836451e-03
 3.31934516e+03 2.47606887e-03
 3.32010772e+03 2.43432638e-03
 3.32087029e+03 2.39313316e-03
 3.32163285e+03 2.35248529e-03
 3.32239541e+03 2.31237881e-03
 3.32315797e+03 2.27280970e-03
 3.32392054e+03 2.23377392e-03
 3.32468310e+03 2.19526739e-03
 3.32544566e+03 2.15728598e-03
 3.32620822e+03 2.11982553e-03
 3.32697079e+03 2.08288186e-03
 3.32773335e+03 2.04645076e-03
 3.32849591e+03 2.01052797e-03
 3.32925847e+03 1.97510922e-03
 3.33002104e+03 1.94019021e-03
 3.33078360e+03 1.90576662e-03
 3.33154616e+03 1.87183410e-03
 3.33230872e+03 1.83838830e-03
 3.33307129e+03 1.80542481e-03
 3.33383385e+03 1.77293925e-03
 3.33459641e+03 1.74092719e-03
 3.33535897e+03 1.70938420e-03
 3.33612154e+03 1.67830585e-03
 3.33688410e+03 1.64768766e-03
 3.33764666e+03 1.61752519e-03
 3.33840922e+03 1.58781394e-03
 3.33917179e+03 1.55854945e-03
 3.33993435e+03 1.52972723e-03
 3.34069691e+03 1.50134278e-03
 3.34145947e+03 1.47339161e-03
 3.34222204e+03 1.44586923e-03
 3.34298460e+03 1.41877114e-03
 3.34374716e+03 1.39209285e-03
 3.34450972e+03 1.36582986e-03
 3.34527229e+03 1.33997769e-03
 3.34603485e+03 1.31453185e-03
 3.34679741e+03 1.28948785e-03
 3.34755997e+03 1.26484123e-03
 3.34832254e+03 1.24058753e-03
 3.34908510e+03 1.21672228e-03
 3.34984766e+03 1.19324104e-03
 3.35061022e+03 1.17013937e-03
 3.35137278e+03 1.14741285e-03
 3.35213535e+03 1.12505708e-03
 3.35289791e+03 1.10306765e-03
 3.35366047e+03 1.08144018e-03
 3.35442303e+03 1.06017030e-03
 3.35518560e+03 1.03925368e-03
 3.35594816e+03 1.01868596e-03
 3.35671072e+03 9.98462842e-04
 3.35747328e+03 9.78580028e-04
 3.35823585e+03 9.59033240e-04
 3.35899841e+03 9.39818224e-04
 3.35976097e+03 9.20930747e-04
 3.36052353e+03 9.02366595e-04
 3.36128610e+03 8.84121579e-04
 3.36204866e+03 8.66191533e-04
 3.36281122e+03 8.48572314e-04
 3.36357378e+03 8.31259805e-04
 3.36433635e+03 8.14249912e-04
 3.36509891e+03 7.97538569e-04
 3.36586147e+03 7.81121734e-04
 3.36662403e+03 7.64995394e-04
 3.36738660e+03 7.49155561e-04
 3.36814916e+03 7.33598275e-04
 3.36891172e+03 7.18319607e-04
 3.36967428e+03 7.03315654e-04
 3.37043685e+03 6.88582542e-04
 3.37119941e+03 6.74116428e-04
 3.37196197e+03 6.59913497e-04
 3.37272453e+03 6.45969967e-04
 3.37348710e+03 6.32282083e-04
 3.37424966e+03 6.18846125e-04
 3.37501222e+03 6.05658400e-04
 3.37577478e+03 5.92715251e-04
 3.37653735e+03 5.80013048e-04
 3.37729991e+03 5.67548197e-04
 3.37806247e+03 5.55317136e-04
 3.37882503e+03 5.43316332e-04
 3.37958760e+03 5.31542289e-04
 3.38035016e+03 5.19991542e-04
 3.38111272e+03 5.08660659e-04
 3.38187528e+03 4.97546242e-04
 3.38263785e+03 4.86644927e-04
 3.38340041e+03 4.75953382e-04
 3.38416297e+03 4.65468309e-04
 3.38492553e+03 4.55186446e-04
 3.38568809e+03 4.45104562e-04
 3.38645066e+03 4.35219461e-04
 3.38721322e+03 4.25527984e-04
 3.38797578e+03 4.16027000e-04
 3.38873834e+03 4.06713419e-04
 3.38950091e+03 3.97584180e-04
 3.39026347e+03 3.88636259e-04
 3.39102603e+03 3.79866664e-04
 3.39178859e+03 3.71272441e-04
 3.39255116e+03 3.62850666e-04
 3.39331372e+03 3.54598451e-04
 3.39407628e+03 3.46512942e-04
 3.39483884e+03 3.38591321e-04
 3.39560141e+03 3.30830800e-04
 3.39636397e+03 3.23228627e-04
 3.39712653e+03 3.15782086e-04
 3.39788909e+03 3.08488491e-04
 3.39865166e+03 3.01345192e-04
 3.39941422e+03 2.94349571e-04
 3.40017678e+03 2.87499046e-04
 3.40093934e+03 2.80791066e-04
 3.40170191e+03 2.74223113e-04
 3.40246447e+03 2.67792704e-04
 3.40322703e+03 2.61497387e-04
 3.40398959e+03 2.55334744e-04
 3.40475216e+03 2.49302390e-04
 3.40551472e+03 2.43397969e-04
 3.40627728e+03 2.37619163e-04
 3.40703984e+03 2.31963680e-04
 3.40780241e+03 2.26429264e-04
 3.40856497e+03 2.21013689e-04
 3.40932753e+03 2.15714760e-04
 3.41009009e+03 2.10530316e-04
 3.41085266e+03 2.05458223e-04
 3.41161522e+03 2.00496381e-04
 3.41237778e+03 1.95642719e-04
 3.41314034e+03 1.90895197e-04
 3.41390291e+03 1.86251806e-04
 3.41466547e+03 1.81710564e-04
 3.41542803e+03 1.77269522e-04
 3.41619059e+03 1.72926758e-04
 3.41695316e+03 1.68680382e-04
 3.41771572e+03 1.64528529e-04
 3.41847828e+03 1.60469367e-04
 3.41924084e+03 1.56501088e-04
 3.42000340e+03 1.52621917e-04
 3.42076597e+03 1.48830103e-04
 3.42152853e+03 1.45123924e-04
 3.42229109e+03 1.41501686e-04
 3.42305365e+03 1.37961721e-04
 3.42381622e+03 1.34502389e-04
 3.42457878e+03 1.31122076e-04
 3.42534134e+03 1.27819195e-04
 3.42610390e+03 1.24592183e-04
 3.42686647e+03 1.21439506e-04
 3.42762903e+03 1.18359652e-04
 3.42839159e+03 1.15351136e-04
 3.42915415e+03 1.12412500e-04
 3.42991672e+03 1.09542306e-04
 3.43067928e+03 1.06739144e-04
 3.43144184e+03 1.04001627e-04
 3.43220440e+03 1.01328391e-04
 3.43296697e+03 9.87180978e-05
 3.43372953e+03 9.61694302e-05
 3.43449209e+03 9.36810949e-05
 3.43525465e+03 9.12518213e-05
 3.43601722e+03 8.88803610e-05
 3.43677978e+03 8.65654880e-05
 3.43754234e+03 8.43059979e-05
 3.43830490e+03 8.21007082e-05
 3.43906747e+03 7.99484573e-05
 3.43983003e+03 7.78481050e-05
 3.44059259e+03 7.57985316e-05
 3.44135515e+03 7.37986380e-05
 3.44211772e+03 7.18473453e-05
 3.44288028e+03 6.99435944e-05
 3.44364284e+03 6.80863460e-05
 3.44440540e+03 6.62745800e-05
 3.44516797e+03 6.45072957e-05
 3.44593053e+03 6.27835109e-05
 3.44669309e+03 6.11022621e-05
 3.44745565e+03 5.94626043e-05
 3.44821822e+03 5.78636102e-05
 3.44898078e+03 5.63043705e-05
 3.44974334e+03 5.47839934e-05
 3.45050590e+03 5.33016043e-05
 3.45126846e+03 5.18563455e-05
 3.45203103e+03 5.04473763e-05
 3.45279359e+03 4.90738721e-05
 3.45355615e+03 4.77350250e-05
 3.45431871e+03 4.64300428e-05
 3.45508128e+03 4.51581490e-05
 3.45584384e+03 4.39185826e-05
 3.45660640e+03 4.27105981e-05
 3.45736896e+03 4.15334647e-05
 3.45813153e+03 4.03864664e-05
 3.45889409e+03 3.92689019e-05
 3.45965665e+03 3.81800840e-05
 3.46041921e+03 3.71193396e-05
 3.46118178e+03 3.60860095e-05
 3.46194434e+03 3.50794480e-05
 3.46270690e+03 3.40990229e-05
 3.46346946e+03 3.31441148e-05
 3.46423203e+03 3.22141177e-05
 3.46499459e+03 3.13084379e-05
 3.46575715e+03 3.04264944e-05
 3.46651971e+03 2.95677183e-05
 3.46728228e+03 2.87315530e-05
 3.46804484e+03 2.79174534e-05
 3.46880740e+03 2.71248863e-05
 3.46956996e+03 2.63533299e-05
 3.47033253e+03 2.56022736e-05
 3.47109509e+03 2.48712177e-05
 3.47185765e+03 2.41596734e-05
 3.47262021e+03 2.34671626e-05
 3.47338278e+03 2.27932176e-05
 3.47414534e+03 2.21373810e-05
 3.47490790e+03 2.14992053e-05
 3.47567046e+03 2.08782529e-05
 3.47643303e+03 2.02740962e-05
 3.47719559e+03 1.96863166e-05
 3.47795815e+03 1.91145053e-05
 3.47872071e+03 1.85582623e-05
 3.47948328e+03 1.80171968e-05
 3.48024584e+03 1.74909267e-05
 3.48100840e+03 1.69790785e-05
 3.48177096e+03 1.64812874e-05
 3.48253353e+03 1.59971967e-05
 3.48329609e+03 1.55264578e-05
 3.48405865e+03 1.50687303e-05
 3.48482121e+03 1.46236814e-05
 3.48558377e+03 1.41909862e-05
 3.48634634e+03 1.37703271e-05
 3.48710890e+03 1.33613941e-05
 3.48787146e+03 1.29638843e-05
 3.48863402e+03 1.25775018e-05
 3.48939659e+03 1.22019578e-05
 3.49015915e+03 1.18369701e-05
 3.49092171e+03 1.14822634e-05
 3.49168427e+03 1.11375688e-05
 3.49244684e+03 1.08026237e-05
 3.49320940e+03 1.04771719e-05
 3.49397196e+03 1.01609632e-05
 3.49473452e+03 9.85375353e-06
 3.49549709e+03 9.55530456e-06
 3.49625965e+03 9.26538376e-06
 3.49702221e+03 8.98376425e-06
 3.49778477e+03 8.71022462e-06
 3.49854734e+03 8.44454886e-06
 3.49930990e+03 8.18652624e-06
 3.50007246e+03 7.93595117e-06
 3.50083502e+03 7.69262314e-06
 3.50159759e+03 7.45634654e-06
 3.50236015e+03 7.22693062e-06
 3.50312271e+03 7.00418935e-06
 3.50388527e+03 6.78794131e-06
 3.50464784e+03 6.57800962e-06
 3.50541040e+03 6.37422179e-06
 3.50617296e+03 6.17640969e-06
 3.50693552e+03 5.98440939e-06
 3.50769809e+03 5.79806109e-06
 3.50846065e+03 5.61720905e-06
 3.50922321e+03 5.44170147e-06
 3.50998577e+03 5.27139039e-06
 3.51074834e+03 5.10613163e-06
 3.51151090e+03 4.94578471e-06
 3.51227346e+03 4.79021274e-06
 3.51303602e+03 4.63928235e-06
 3.51379859e+03 4.49286359e-06
 3.51456115e+03 4.35082989e-06
 3.51532371e+03 4.21305795e-06
 3.51608627e+03 4.07942768e-06
 3.51684884e+03 3.94982210e-06
 3.51761140e+03 3.82412731e-06
 3.51837396e+03 3.70223237e-06
 3.51913652e+03 3.58402928e-06
 3.51989908e+03 3.46941284e-06
 3.52066165e+03 3.35828068e-06
 3.52142421e+03 3.25053310e-06
 3.52218677e+03 3.14607305e-06
 3.52294933e+03 3.04480608e-06
 3.52371190e+03 2.94664024e-06
 3.52447446e+03 2.85148606e-06
 3.52523702e+03 2.75925643e-06
 3.52599958e+03 2.66986663e-06
 3.52676215e+03 2.58323419e-06
 3.52752471e+03 2.49927886e-06
 3.52828727e+03 2.41792260e-06
 3.52904983e+03 2.33908946e-06
 3.52981240e+03 2.26270556e-06
 3.53057496e+03 2.18869904e-06
 3.53133752e+03 2.11700000e-06
 3.53210008e+03 2.04754046e-06
 3.53286265e+03 1.98025431e-06
 3.53362521e+03 1.91507727e-06
 3.53438777e+03 1.85194681e-06
 3.53515033e+03 1.79080215e-06
 3.53591290e+03 1.73158419e-06
 3.53667546e+03 1.67423547e-06
 3.53743802e+03 1.61870015e-06
 3.53820058e+03 1.56492393e-06
 3.53896315e+03 1.51285404e-06
 3.53972571e+03 1.46243918e-06
 3.54048827e+03 1.41362952e-06
 3.54125083e+03 1.36637662e-06
 3.54201340e+03 1.32063339e-06
 3.54277596e+03 1.27635411e-06
