 1.38155866e+04 7.18516132e-07
 1.38193938e+04 7.49611588e-07
 1.38232009e+04 7.82522109e-07
 1.38270081e+04 8.17003102e-07
 1.38308153e+04 8.52484393e-07
 1.38346225e+04 8.88962327e-07
 1.38384297e+04 9.27087086e-07
 1.38422369e+04 9.67331554e-07
 1.38460441e+04 1.00941244e-06
 1.38498512e+04 1.05275805e-06
 1.38536584e+04 1.09737022e-06
 1.38574656e+04 1.14391305e-06
 1.38612728e+04 1.19292029e-06
 1.38650800e+04 1.24418281e-06
 1.38688872e+04 1.29711038e-06
 1.38726944e+04 1.35158644e-06
 1.38765016e+04 1.40821628e-06
 1.38803087e+04 1.46766798e-06
 1.38841159e+04 1.52994310e-06
 1.38879231e+04 1.59447768e-06
 1.38917303e+04 1.66093358e-06
 1.38955375e+04 1.72971473e-06
 1.38993447e+04 1.80160077e-06
 1.39031519e+04 1.87694762e-06
 1.39069590e+04 1.95539157e-06
 1.39107662e+04 2.03638480e-06
 1.39145734e+04 2.11993650e-06
 1.39183806e+04 2.20672672e-06
 1.39221878e+04 2.29748342e-06
 1.39259950e+04 2.39231976e-06
 1.39298022e+04 2.49074658e-06
 1.39336093e+04 2.59232757e-06
 1.39374165e+04 2.69727389e-06
 1.39412237e+04 2.80636422e-06
 1.39450309e+04 2.92029226e-06
 1.39488381e+04 3.03911553e-06
 1.39526453e+04 3.16235078e-06
 1.39564525e+04 3.28960168e-06
 1.39602596e+04 3.42109602e-06
 1.39640668e+04 3.55762209e-06
 1.39678740e+04 3.69994543e-06
 1.39716812e+04 3.84826393e-06
 1.39754884e+04 4.00219830e-06
 1.39792956e+04 4.16130824e-06
 1.39831028e+04 4.32565547e-06
 1.39869099e+04 4.49592075e-06
 1.39907171e+04 4.67298988e-06
 1.39945243e+04 4.85738183e-06
 1.39983315e+04 5.04900427e-06
 1.40021387e+04 5.24742498e-06
 1.40059459e+04 5.45241686e-06
 1.40097531e+04 5.66433115e-06
 1.40135602e+04 5.88400984e-06
 1.40173674e+04 6.11232839e-06
 1.40211746e+04 6.34973210e-06
 1.40249818e+04 6.59611634e-06
 1.40287890e+04 6.85112199e-06
 1.40325962e+04 7.11461342e-06
 1.40364034e+04 7.38698653e-06
 1.40402106e+04 7.66910124e-06
 1.40440177e+04 7.96190161e-06
 1.40478249e+04 8.26600009e-06
 1.40516321e+04 8.58150499e-06
 1.40554393e+04 8.90819167e-06
 1.40592465e+04 9.24588925e-06
 1.40630537e+04 9.59482505e-06
 1.40668609e+04 9.95571566e-06
 1.40706680e+04 1.03295618e-05
 1.40744752e+04 1.07172906e-05
 1.40782824e+04 1.11194620e-05
 1.40820896e+04 1.15362096e-05
 1.40858968e+04 1.19674322e-05
 1.40897040e+04 1.24131163e-05
 1.40935112e+04 1.28736027e-05
 1.40973183e+04 1.33496596e-05
 1.41011255e+04 1.38423356e-05
 1.41049327e+04 1.43526836e-05
 1.41087399e+04 1.48815055e-05
 1.41125471e+04 1.54292415e-05
 1.41163543e+04 1.59960496e-05
 1.41201615e+04 1.65820228e-05
 1.41239686e+04 1.71874332e-05
 1.41277758e+04 1.78128904e-05
 1.41315830e+04 1.84593483e-05
 1.41353902e+04 1.91279718e-05
 1.41391974e+04 1.98199294e-05
 1.41430046e+04 2.05362064e-05
 1.41468118e+04 2.12775133e-05
 1.41506189e+04 2.20443194e-05
 1.41544261e+04 2.28369856e-05
 1.41582333e+04 2.36559423e-05
 1.41620405e+04 2.45018360e-05
 1.41658477e+04 2.53755991e-05
 1.41696549e+04 2.62784232e-05
 1.41734621e+04 2.72116532e-05
 1.41772692e+04 2.81766492e-05
 1.41810764e+04 2.91746624e-05
 1.41848836e+04 3.02067657e-05
 1.41886908e+04 3.12738561e-05
 1.41924980e+04 3.23767207e-05
 1.41963052e+04 3.35161408e-05
 1.42001124e+04 3.46929989e-05
 1.42039196e+04 3.59083619e-05
 1.42077267e+04 3.71635133e-05
 1.42115339e+04 3.84599413e-05
 1.42153411e+04 3.97992812e-05
 1.42191483e+04 4.11832414e-05
 1.42229555e+04 4.26135273e-05
 1.42267627e+04 4.40917861e-05
 1.42305699e+04 4.56195823e-05
 1.42343770e+04 4.71984059e-05
 1.42381842e+04 4.88297088e-05
 1.42419914e+04 5.05149580e-05
 1.42457986e+04 5.22556938e-05
 1.42496058e+04 5.40535789e-05
 1.42534130e+04 5.59104341e-05
 1.42572202e+04 5.78282535e-05
 1.42610273e+04 5.98091999e-05
 1.42648345e+04 6.18555883e-05
 1.42686417e+04 6.39698576e-05
 1.42724489e+04 6.61545435e-05
 1.42762561e+04 6.84122533e-05
 1.42800633e+04 7.07456501e-05
 1.42838705e+04 7.31574481e-05
 1.42876776e+04 7.56504186e-05
 1.42914848e+04 7.82274037e-05
 1.42952920e+04 8.08913420e-05
 1.42990992e+04 8.36452929e-05
 1.43029064e+04 8.64924683e-05
 1.43067136e+04 8.94362585e-05
 1.43105208e+04 9.24802616e-05
 1.43143279e+04 9.56283032e-05
 1.43181351e+04 9.88844621e-05
 1.43219423e+04 1.02253085e-04
 1.43257495e+04 1.05738806e-04
 1.43295567e+04 1.09346565e-04
 1.43333639e+04 1.13081626e-04
 1.43371711e+04 1.16949603e-04
 1.43409782e+04 1.20956481e-04
 1.43447854e+04 1.25108658e-04
 1.43485926e+04 1.29412973e-04
 1.43523998e+04 1.33876762e-04
 1.43562070e+04 1.38507908e-04
 1.43600142e+04 1.43314903e-04
 1.43638214e+04 1.48306926e-04
 1.43676286e+04 1.53493920e-04
 1.43714357e+04 1.58886695e-04
 1.43752429e+04 1.64497033e-04
 1.43790501e+04 1.70337813e-04
 1.43828573e+04 1.76423153e-04
 1.43866645e+04 1.82768571e-04
 1.43904717e+04 1.89391168e-04
 1.43942789e+04 1.96309838e-04
 1.43980860e+04 2.03545501e-04
 1.44018932e+04 2.11121378e-04
 1.44057004e+04 2.19063296e-04
 1.44095076e+04 2.27400037e-04
 1.44133148e+04 2.36163731e-04
 1.44171220e+04 2.45390309e-04
 1.44209292e+04 2.55120005e-04
 1.44247363e+04 2.65397926e-04
 1.44285435e+04 2.76274691e-04
 1.44323507e+04 2.87807142e-04
 1.44361579e+04 3.00059141e-04
 1.44399651e+04 3.13102438e-04
 1.44437723e+04 3.27017636e-04
 1.44475795e+04 3.41895231e-04
 1.44513866e+04 3.57836734e-04
 1.44551938e+04 3.74955868e-04
 1.44590010e+04 3.93379814e-04
 1.44628082e+04 4.13250499e-04
 1.44666154e+04 4.34725885e-04
 1.44704226e+04 4.57981221e-04
 1.44742298e+04 4.83210199e-04
 1.44780369e+04 5.10625959e-04
 1.44818441e+04 5.40461826e-04
 1.44856513e+04 5.72971707e-04
 1.44894585e+04 6.08430000e-04
 1.44932657e+04 6.47130873e-04
 1.44970729e+04 6.89386754e-04
 1.45008801e+04 7.35525846e-04
 1.45046872e+04 7.85888478e-04
 1.45084944e+04 8.40822096e-04
 1.45123016e+04 9.00674729e-04
 1.45161088e+04 9.65786744e-04
 1.45199160e+04 1.03648084e-03
 1.45237232e+04 1.11305019e-03
 1.45275304e+04 1.19574490e-03
 1.45313376e+04 1.28475692e-03
 1.45351447e+04 1.38020391e-03
 1.45389519e+04 1.48211264e-03
 1.45427591e+04 1.59040284e-03
 1.45465663e+04 1.70487260e-03
 1.45503735e+04 1.82518690e-03
 1.45541807e+04 1.95087074e-03
 1.45579879e+04 2.08130896e-03
 1.45617950e+04 2.21575463e-03
 1.45656022e+04 2.35334791e-03
 1.45694094e+04 2.49314703e-03
 1.45732166e+04 2.63417264e-03
 1.45770238e+04 2.77546556e-03
 1.45808310e+04 2.91615730e-03
 1.45846382e+04 3.05555072e-03
 1.45884453e+04 3.19320696e-03
 1.45922525e+04 3.32903227e-03
 1.45960597e+04 3.46335702e-03
 1.45998669e+04 3.59699714e-03
 1.46036741e+04 3.73128741e-03
 1.46074813e+04 3.86807603e-03
 1.46112885e+04 4.00967075e-03
 1.46150956e+04 4.15873032e-03
 1.46189028e+04 4.31809914e-03
 1.46227100e+04 4.49058999e-03
 1.46265172e+04 4.67872728e-03
 1.46303244e+04 4.88447220e-03
 1.46341316e+04 5.10895964e-03
 1.46379388e+04 5.35228290e-03
 1.46417459e+04 5.61336594e-03
 1.46455531e+04 5.88995998e-03
 1.46493603e+04 6.17879333e-03
 1.46531675e+04 6.47588644e-03
 1.46569747e+04 6.77702188e-03
 1.46607819e+04 7.07833067e-03
 1.46645891e+04 7.37692768e-03
 1.46683962e+04 7.67150346e-03
 1.46722034e+04 7.96276514e-03
 1.46760106e+04 8.25362011e-03
 1.46798178e+04 8.54901906e-03
 1.46836250e+04 8.85541985e-03
 1.46874322e+04 9.17989923e-03
 1.46912394e+04 9.52901630e-03
 1.46950466e+04 9.90760598e-03
 1.46988537e+04 1.03177353e-02
 1.47026609e+04 1.07580711e-02
 1.47064681e+04 1.12238685e-02
 1.47102753e+04 1.17076944e-02
 1.47140825e+04 1.22008491e-02
 1.47178897e+04 1.26952750e-02
 1.47216969e+04 1.31855771e-02
 1.47255040e+04 1.36706784e-02
 1.47293112e+04 1.41546276e-02
 1.47331184e+04 1.46462143e-02
 1.47369256e+04 1.51572996e-02
 1.47407328e+04 1.57001139e-02
 1.47445400e+04 1.62841165e-02
 1.47483472e+04 1.69132505e-02
 1.47521543e+04 1.75844619e-02
 1.47559615e+04 1.82881214e-02
 1.47597687e+04 1.90105028e-02
 1.47635759e+04 1.97378384e-02
 1.47673831e+04 2.04608672e-02
 1.47711903e+04 2.11784394e-02
 1.47749975e+04 2.18988172e-02
 1.47788046e+04 2.26378978e-02
 1.47826118e+04 2.34145596e-02
 1.47864190e+04 2.42444274e-02
 1.47902262e+04 2.51341582e-02
 1.47940334e+04 2.60784868e-02
 1.47978406e+04 2.70615457e-02
 1.48016478e+04 2.80624986e-02
 1.48054549e+04 2.90637672e-02
 1.48092621e+04 3.00587819e-02
 1.48130693e+04 3.10559229e-02
 1.48168765e+04 3.20764732e-02
 1.48206837e+04 3.31467365e-02
 1.48244909e+04 3.42871405e-02
 1.48282981e+04 3.55029481e-02
 1.48321052e+04 3.67811098e-02
 1.48359124e+04 3.80954907e-02
 1.48397196e+04 3.94189261e-02
 1.48435268e+04 4.07369360e-02
 1.48473340e+04 4.20563737e-02
 1.48511412e+04 4.34039799e-02
 1.48549484e+04 4.48144526e-02
 1.48587556e+04 4.63132160e-02
 1.48625627e+04 4.79026567e-02
 1.48663699e+04 4.95598224e-02
 1.48701771e+04 5.12481321e-02
 1.48739843e+04 5.29379062e-02
 1.48777915e+04 5.46246905e-02
 1.48815987e+04 5.63342694e-02
 1.48854059e+04 5.81099406e-02
 1.48892130e+04 5.99880126e-02
 1.48930202e+04 6.19756032e-02
 1.48968274e+04 6.40450680e-02
 1.49006346e+04 6.61503408e-02
 1.49044418e+04 6.82566727e-02
 1.49082490e+04 7.03652820e-02
 1.49120562e+04 7.25157159e-02
 1.49158633e+04 7.47621157e-02
 1.49196705e+04 7.71374472e-02
 1.49234777e+04 7.96299335e-02
 1.49272849e+04 8.21898492e-02
 1.49310921e+04 8.47645702e-02
 1.49348993e+04 8.73384738e-02
 1.49387065e+04 8.99480339e-02
 1.49425136e+04 9.26582647e-02
 1.49463208e+04 9.55152923e-02
 1.49501280e+04 9.85102951e-02
 1.49539352e+04 1.01584685e-01
 1.49577424e+04 1.04675995e-01
 1.49615496e+04 1.07770291e-01
 1.49653568e+04 1.10917914e-01
 1.49691639e+04 1.14196052e-01
 1.49729711e+04 1.17645678e-01
 1.49767783e+04 1.21235560e-01
 1.49805855e+04 1.24887376e-01
 1.49843927e+04 1.28544608e-01
 1.49881999e+04 1.32226446e-01
 1.49920071e+04 1.36015951e-01
 1.49958142e+04 1.39988116e-01
 1.49996214e+04 1.44140737e-01
 1.50034286e+04 1.48394312e-01
 1.50072358e+04 1.52666598e-01
 1.50110430e+04 1.56954716e-01
 1.50148502e+04 1.61343990e-01
 1.50186574e+04 1.65928910e-01
 1.50224646e+04 1.70719771e-01
 1.50262717e+04 1.75629972e-01
 1.50300789e+04 1.80563338e-01
 1.50338861e+04 1.85516974e-01
 1.50376933e+04 1.90591054e-01
 1.50415005e+04 1.95888062e-01
 1.50453077e+04 2.01403388e-01
 1.50491149e+04 2.07027586e-01
 1.50529220e+04 2.12665859e-01
 1.50567292e+04 2.18348090e-01
 1.50605364e+04 2.24202867e-01
 1.50643436e+04 2.30315900e-01
 1.50681508e+04 2.36630345e-01
 1.50719580e+04 2.43009864e-01
 1.50757652e+04 2.49400269e-01
 1.50795723e+04 2.55901062e-01
 1.50833795e+04 2.62653269e-01
 1.50871867e+04 2.69669749e-01
 1.50909939e+04 2.76816003e-01
 1.50948011e+04 2.83975741e-01
 1.50986083e+04 2.91202216e-01
 1.51024155e+04 2.98659382e-01
 1.51062226e+04 3.06415824e-01
 1.51100298e+04 3.14353054e-01
 1.51138370e+04 3.22317341e-01
 1.51176442e+04 3.30326717e-01
 1.51214514e+04 3.38555928e-01
 1.51252586e+04 3.47106096e-01
 1.51290658e+04 3.55864299e-01
 1.51328729e+04 3.64654680e-01
 1.51366801e+04 3.73485760e-01
 1.51404873e+04 3.82547636e-01
 1.51442945e+04 3.91948108e-01
 1.51481017e+04 4.01555120e-01
 1.51519089e+04 4.11182562e-01
 1.51557161e+04 4.20864786e-01
 1.51595232e+04 4.30815312e-01
 1.51633304e+04 4.41113769e-01
 1.51671376e+04 4.51581357e-01
 1.51709448e+04 4.62046475e-01
 1.51747520e+04 4.72611329e-01
 1.51785592e+04 4.83503303e-01
 1.51823664e+04 4.94722337e-01
 1.51861736e+04 5.06033482e-01
 1.51899807e+04 5.17335248e-01
 1.51937879e+04 5.28828354e-01
 1.51975951e+04 5.40699057e-01
 1.52014023e+04 5.52812282e-01
 1.52052095e+04 5.64924035e-01
 1.52090167e+04 5.77084718e-01
 1.52128239e+04 5.89562920e-01
 1.52166310e+04 6.02394877e-01
 1.52204382e+04 6.15313172e-01
 1.52242454e+04 6.28196875e-01
 1.52280526e+04 6.41284526e-01
 1.52318598e+04 6.54764213e-01
 1.52356670e+04 6.68436263e-01
 1.52394742e+04 6.82054000e-01
 1.52432813e+04 6.95761985e-01
 1.52470885e+04 7.09841954e-01
 1.52508957e+04 7.24198161e-01
 1.52547029e+04 7.38517408e-01
 1.52585101e+04 7.52837881e-01
 1.52623173e+04 7.67482264e-01
 1.52661245e+04 7.82452500e-01
 1.52699316e+04 7.97410331e-01
 1.52737388e+04 8.12306599e-01
 1.52775460e+04 8.27476176e-01
 1.52813532e+04 8.42991372e-01
 1.52851604e+04 8.58505031e-01
 1.52889676e+04 8.73912654e-01
 1.52927748e+04 8.89555987e-01
 1.52965819e+04 9.05542920e-01
 1.53003891e+04 9.21514031e-01
 1.53041963e+04 9.37346181e-01
 1.53080035e+04 9.53397234e-01
 1.53118107e+04 9.69771788e-01
 1.53156179e+04 9.86086075e-01
 1.53194251e+04 1.00224016e+00
 1.53232322e+04 1.01861953e+00
 1.53270394e+04 1.03527982e+00
 1.53308466e+04 1.05180597e+00
 1.53346538e+04 1.06817144e+00
 1.53384610e+04 1.08478740e+00
 1.53422682e+04 1.10160648e+00
 1.53460754e+04 1.11819840e+00
 1.53498826e+04 1.13466589e+00
 1.53536897e+04 1.15141083e+00
 1.53574969e+04 1.16823019e+00
 1.53613041e+04 1.18473717e+00
 1.53651113e+04 1.20120581e+00
 1.53689185e+04 1.21794423e+00
 1.53727257e+04 1.23457405e+00
 1.53765329e+04 1.25086113e+00
 1.53803400e+04 1.26723485e+00
 1.53841472e+04 1.28378433e+00
 1.53879544e+04 1.30002236e+00
 1.53917616e+04 1.31599308e+00
 1.53955688e+04 1.33215375e+00
 1.53993760e+04 1.34827510e+00
 1.54031832e+04 1.36395253e+00
 1.54069903e+04 1.37954856e+00
 1.54107975e+04 1.39530721e+00
 1.54146047e+04 1.41073670e+00
 1.54184119e+04 1.42577226e+00
 1.54222191e+04 1.44091642e+00
 1.54260263e+04 1.45598475e+00
 1.54298335e+04 1.47052872e+00
 1.54336406e+04 1.48492456e+00
 1.54374478e+04 1.49941781e+00
 1.54412550e+04 1.51347961e+00
 1.54450622e+04 1.52711120e+00
 1.54488694e+04 1.54082329e+00
 1.54526766e+04 1.55431289e+00
 1.54564838e+04 1.56720966e+00
 1.54602909e+04 1.58000889e+00
 1.54640981e+04 1.59277239e+00
 1.54679053e+04 1.60494099e+00
 1.54717125e+04 1.61677325e+00
 1.54755197e+04 1.62865083e+00
 1.54793269e+04 1.64004861e+00
 1.54831341e+04 1.65090461e+00
 1.54869412e+04 1.66177043e+00
 1.54907484e+04 1.67231567e+00
 1.54945556e+04 1.68219572e+00
 1.54983628e+04 1.69196950e+00
 1.55021700e+04 1.70156634e+00
 1.55059772e+04 1.71046024e+00
 1.55097844e+04 1.71909961e+00
 1.55135916e+04 1.72766020e+00
 1.55173987e+04 1.73554328e+00
 1.55212059e+04 1.74302972e+00
 1.55250131e+04 1.75048663e+00
 1.55288203e+04 1.75732526e+00
 1.55326275e+04 1.76365234e+00
 1.55364347e+04 1.76996190e+00
 1.55402419e+04 1.77572161e+00
 1.55440490e+04 1.78088831e+00
 1.55478562e+04 1.78602868e+00
 1.55516634e+04 1.79068083e+00
 1.55554706e+04 1.79468930e+00
 1.55592778e+04 1.79865663e+00
 1.55630850e+04 1.80218221e+00
 1.55668922e+04 1.80503827e+00
 1.55706993e+04 1.80784297e+00
 1.55745065e+04 1.81023368e+00
 1.55783137e+04 1.81194857e+00
 1.55821209e+04 1.81361227e+00
 1.55859281e+04 1.81486998e+00
 1.55897353e+04 1.81546222e+00
 1.55935425e+04 1.81601538e+00
 1.55973496e+04 1.81615062e+00
 1.56011568e+04 1.81564787e+00
 1.56049640e+04 1.81512748e+00
 1.56087712e+04 1.81415792e+00
 1.56125784e+04 1.81259853e+00
 1.56163856e+04 1.81104534e+00
 1.56201928e+04 1.80899503e+00
 1.56239999e+04 1.80642899e+00
 1.56278071e+04 1.80388402e+00
 1.56316143e+04 1.80078415e+00
 1.56354215e+04 1.79727286e+00
 1.56392287e+04 1.79377336e+00
 1.56430359e+04 1.78966513e+00
 1.56468431e+04 1.78527877e+00
 1.56506502e+04 1.78085482e+00
 1.56544574e+04 1.77579438e+00
 1.56582646e+04 1.77060545e+00
 1.56620718e+04 1.76527956e+00
 1.56658790e+04 1.75934333e+00
 1.56696862e+04 1.75341598e+00
 1.56734934e+04 1.74720870e+00
 1.56773006e+04 1.74049513e+00
 1.56811077e+04 1.73387223e+00
 1.56849149e+04 1.72681586e+00
 1.56887221e+04 1.71943790e+00
 1.56925293e+04 1.71213240e+00
 1.56963365e+04 1.70429013e+00
 1.57001437e+04 1.69635406e+00
 1.57039509e+04 1.68835477e+00
 1.57077580e+04 1.67983503e+00
 1.57115652e+04 1.67140907e+00
 1.57153724e+04 1.66270862e+00
 1.57191796e+04 1.65365754e+00
 1.57229868e+04 1.64474742e+00
 1.57267940e+04 1.63538684e+00
 1.57306012e+04 1.62594641e+00
 1.57344083e+04 1.61650522e+00
 1.57382155e+04 1.60660620e+00
 1.57420227e+04 1.59685032e+00
 1.57458299e+04 1.58683916e+00
 1.57496371e+04 1.57658209e+00
 1.57534443e+04 1.56647875e+00
 1.57572515e+04 1.55595077e+00
 1.57610586e+04 1.54548373e+00
 1.57648658e+04 1.53494180e+00
 1.57686730e+04 1.52407108e+00
 1.57724802e+04 1.51340857e+00
 1.57762874e+04 1.50240701e+00
 1.57800946e+04 1.49139410e+00
 1.57839018e+04 1.48042276e+00
 1.57877089e+04 1.46910763e+00
 1.57915161e+04 1.45801385e+00
 1.57953233e+04 1.44665462e+00
 1.57991305e+04 1.43525734e+00
 1.58029377e+04 1.42395798e+00
 1.58067449e+04 1.41233450e+00
 1.58105521e+04 1.40094333e+00
 1.58143592e+04 1.38932259e+00
 1.58181664e+04 1.37768676e+00
 1.58219736e+04 1.36615694e+00
 1.58257808e+04 1.35434130e+00
 1.58295880e+04 1.34277639e+00
 1.58333952e+04 1.33097975e+00
 1.58372024e+04 1.31923596e+00
 1.58410096e+04 1.30755976e+00
 1.58448167e+04 1.29566183e+00
 1.58486239e+04 1.28402439e+00
 1.58524311e+04 1.27213423e+00
 1.58562383e+04 1.26039728e+00
 1.58600455e+04 1.24864060e+00
 1.58638527e+04 1.23677342e+00
 1.58676599e+04 1.22513104e+00
 1.58714670e+04 1.21323947e+00
 1.58752742e+04 1.20159705e+00
 1.58790814e+04 1.18981735e+00
 1.58828886e+04 1.17809383e+00
 1.58866958e+04 1.16647719e+00
 1.58905030e+04 1.15470035e+00
 1.58943102e+04 1.14319076e+00
 1.58981173e+04 1.13146731e+00
 1.59019245e+04 1.11997040e+00
 1.59057317e+04 1.10839852e+00
 1.59095389e+04 1.09686634e+00
 1.59133461e+04 1.08547120e+00
 1.59171533e+04 1.07393586e+00
 1.59209605e+04 1.06266952e+00
 1.59247676e+04 1.05121430e+00
 1.59285748e+04 1.04000437e+00
 1.59323820e+04 1.02870707e+00
 1.59361892e+04 1.01751015e+00
 1.59399964e+04 1.00640167e+00
 1.59438036e+04 9.95227587e-01
 1.59476108e+04 9.84286507e-01
 1.59514179e+04 9.73186962e-01
 1.59552251e+04 9.62363431e-01
 1.59590323e+04 9.51401033e-01
 1.59628395e+04 9.40649345e-01
 1.59666467e+04 9.29868393e-01
 1.59704539e+04 9.19169464e-01
 1.59742611e+04 9.08582159e-01
 1.59780682e+04 8.97948352e-01
 1.59818754e+04 8.87538135e-01
 1.59856826e+04 8.77003591e-01
 1.59894898e+04 8.66739002e-01
 1.59932970e+04 8.56343944e-01
 1.59971042e+04 8.46194199e-01
 1.60009114e+04 8.35971188e-01
 1.60047186e+04 8.25917063e-01
 1.60085257e+04 8.15883591e-01
 1.60123329e+04 8.05921337e-01
 1.60161401e+04 7.96079187e-01
 1.60199473e+04 7.86218520e-01
 1.60237545e+04 7.76557807e-01
 1.60275617e+04 7.66816635e-01
 1.60313689e+04 7.57321690e-01
 1.60351760e+04 7.47720268e-01
 1.60389832e+04 7.38375045e-01
 1.60427904e+04 7.28931372e-01
 1.60465976e+04 7.19723129e-01
 1.60504048e+04 7.10450323e-01
 1.60542120e+04 7.01371288e-01
 1.60580192e+04 6.92276834e-01
 1.60618263e+04 6.83324235e-01
 1.60656335e+04 6.74410572e-01
 1.60694407e+04 6.65585644e-01
 1.60732479e+04 6.56851453e-01
 1.60770551e+04 6.48158043e-01
 1.60808623e+04 6.39599698e-01
 1.60846695e+04 6.31042896e-01
 1.60884766e+04 6.22655738e-01
 1.60922838e+04 6.14240781e-01
 1.60960910e+04 6.06020050e-01
 1.60998982e+04 5.97751596e-01
 1.61037054e+04 5.89693011e-01
 1.61075126e+04 5.81574740e-01
 1.61113198e+04 5.73674772e-01
 1.61151269e+04 5.65709257e-01
 1.61189341e+04 5.57965181e-01
 1.61227413e+04 5.50153931e-01
 1.61265485e+04 5.42563738e-01
 1.61303557e+04 5.34907345e-01
 1.61341629e+04 5.27469587e-01
 1.61379701e+04 5.19967914e-01
 1.61417772e+04 5.12681522e-01
 1.61455844e+04 5.05333907e-01
 1.61493916e+04 4.98198012e-01
 1.61531988e+04 4.91003454e-01
 1.61570060e+04 4.84017220e-01
 1.61608132e+04 4.76974554e-01
 1.61646204e+04 4.70137026e-01
 1.61684276e+04 4.63245075e-01
 1.61722347e+04 4.56555048e-01
 1.61760419e+04 4.49812767e-01
 1.61798491e+04 4.43268663e-01
 1.61836563e+04 4.36675260e-01
 1.61874635e+04 4.30275033e-01
 1.61912707e+04 4.23830072e-01
 1.61950779e+04 4.17571129e-01
 1.61988850e+04 4.11274592e-01
 1.62026922e+04 4.05153769e-01
 1.62064994e+04 3.99006066e-01
 1.62103066e+04 3.93019667e-01
 1.62141138e+04 3.87021551e-01
 1.62179210e+04 3.81165498e-01
 1.62217282e+04 3.75317874e-01
 1.62255353e+04 3.69587982e-01
 1.62293425e+04 3.63891561e-01
 1.62331497e+04 3.58283960e-01
 1.62369569e+04 3.52738777e-01
 1.62407641e+04 3.47250470e-01
 1.62445713e+04 3.41855291e-01
 1.62483785e+04 3.36484772e-01
 1.62521856e+04 3.31236491e-01
 1.62559928e+04 3.25984314e-01
 1.62598000e+04 3.20877496e-01
 1.62636072e+04 3.15746574e-01
 1.62674144e+04 3.10773372e-01
 1.62712216e+04 3.05768804e-01
 1.62750288e+04 3.00919462e-01
 1.62788359e+04 2.96047676e-01
 1.62826431e+04 2.91311773e-01
 1.62864503e+04 2.86578921e-01
 1.62902575e+04 2.81947306e-01
 1.62940647e+04 2.77357099e-01
 1.62978719e+04 2.72824156e-01
 1.63016791e+04 2.68375678e-01
 1.63054862e+04 2.63941247e-01
 1.63092934e+04 2.59627554e-01
 1.63131006e+04 2.55297579e-01
 1.63169078e+04 2.51106020e-01
 1.63207150e+04 2.46891125e-01
 1.63245222e+04 2.42805943e-01
 1.63283294e+04 2.38717715e-01
 1.63321366e+04 2.34724686e-01
 1.63359437e+04 2.30770485e-01
 1.63397509e+04 2.26862171e-01
 1.63435581e+04 2.23040436e-01
 1.63473653e+04 2.19219662e-01
 1.63511725e+04 2.15518293e-01
 1.63549797e+04 2.11797409e-01
 1.63587869e+04 2.08197129e-01
 1.63625940e+04 2.04592108e-01
 1.63664012e+04 2.01074459e-01
 1.63702084e+04 1.97595679e-01
 1.63740156e+04 1.94152253e-01
 1.63778228e+04 1.90796680e-01
 1.63816300e+04 1.87434098e-01
 1.63854372e+04 1.84184337e-01
 1.63892443e+04 1.80920501e-01
 1.63930515e+04 1.77753191e-01
 1.63968587e+04 1.74605184e-01
 1.64006659e+04 1.71505029e-01
 1.64044731e+04 1.68475561e-01
 1.64082803e+04 1.65445740e-01
 1.64120875e+04 1.62518313e-01
 1.64158946e+04 1.59578164e-01
 1.64197018e+04 1.56726818e-01
 1.64235090e+04 1.53895976e-01
 1.64273162e+04 1.51104389e-01
 1.64311234e+04 1.48384464e-01
 1.64349306e+04 1.45659176e-01
 1.64387378e+04 1.43029267e-01
 1.64425449e+04 1.40393526e-01
 1.64463521e+04 1.37826439e-01
 1.64501593e+04 1.35297181e-01
 1.64539665e+04 1.32783801e-01
 1.64577737e+04 1.30352380e-01
 1.64615809e+04 1.27910117e-01
 1.64653881e+04 1.25547943e-01
 1.64691952e+04 1.23201514e-01
 1.64730024e+04 1.20888236e-01
 1.64768096e+04 1.18640349e-01
 1.64806168e+04 1.16385343e-01
 1.64844240e+04 1.14210394e-01
 1.64882312e+04 1.12040769e-01
 1.64920384e+04 1.09912456e-01
 1.64958456e+04 1.07838063e-01
 1.64996527e+04 1.05760207e-01
 1.65034599e+04 1.03758082e-01
 1.65072671e+04 1.01758370e-01
 1.65110743e+04 9.97998787e-02
 1.65148815e+04 9.78907109e-02
 1.65186887e+04 9.59785089e-02
 1.65224959e+04 9.41367229e-02
 1.65263030e+04 9.22993479e-02
 1.65301102e+04 9.04965526e-02
 1.65339174e+04 8.87443267e-02
 1.65377246e+04 8.69869762e-02
 1.65415318e+04 8.52933147e-02
 1.65453390e+04 8.36107784e-02
 1.65491462e+04 8.19509546e-02
 1.65529533e+04 8.03461681e-02
 1.65567605e+04 7.87350162e-02
 1.65605677e+04 7.71766408e-02
 1.65643749e+04 7.56414453e-02
 1.65681821e+04 7.41142898e-02
 1.65719893e+04 7.26449920e-02
 1.65757965e+04 7.11741100e-02
 1.65796036e+04 6.97382744e-02
 1.65834108e+04 6.83411710e-02
 1.65872180e+04 6.69405896e-02
 1.65910252e+04 6.55919301e-02
 1.65948324e+04 6.42565200e-02
 1.65986396e+04 6.29337053e-02
 1.66024468e+04 6.16608318e-02
 1.66062539e+04 6.03854706e-02
 1.66100611e+04 5.91424924e-02
 1.66138683e+04 5.79339364e-02
 1.66176755e+04 5.67220010e-02
 1.66214827e+04 5.55546641e-02
 1.66252899e+04 5.44031936e-02
 1.66290971e+04 5.32581568e-02
 1.66329042e+04 5.21588556e-02
 1.66367114e+04 5.10618287e-02
 1.66405186e+04 4.99844671e-02
 1.66443258e+04 4.89454565e-02
 1.66481330e+04 4.79029491e-02
 1.66519402e+04 4.68910455e-02
 1.66557474e+04 4.59063259e-02
 1.66595546e+04 4.49190256e-02
 1.66633617e+04 4.39684545e-02
 1.66671689e+04 4.30341294e-02
 1.66709761e+04 4.21020249e-02
 1.66747833e+04 4.12080531e-02
 1.66785905e+04 4.03218060e-02
 1.66823977e+04 3.94437781e-02
 1.66862049e+04 3.86019638e-02
 1.66900120e+04 3.77623130e-02
 1.66938192e+04 3.69362981e-02
 1.66976264e+04 3.61428843e-02
 1.67014336e+04 3.53485943e-02
 1.67052408e+04 3.45719538e-02
 1.67090480e+04 3.38238993e-02
 1.67128552e+04 3.30736546e-02
 1.67166623e+04 3.23435172e-02
 1.67204695e+04 3.16383549e-02
 1.67242767e+04 3.09306524e-02
 1.67280839e+04 3.02441451e-02
 1.67318911e+04 2.95797984e-02
 1.67356983e+04 2.89129690e-02
 1.67395055e+04 2.82673351e-02
 1.67433126e+04 2.76419601e-02
 1.67471198e+04 2.70142481e-02
 1.67509270e+04 2.64068860e-02
 1.67547342e+04 2.58187551e-02
 1.67585414e+04 2.52284086e-02
 1.67623486e+04 2.46568721e-02
 1.67661558e+04 2.41042882e-02
 1.67699629e+04 2.35496382e-02
 1.67737701e+04 2.30116315e-02
 1.67775773e+04 2.24928589e-02
 1.67813845e+04 2.19723745e-02
 1.67851917e+04 2.14657665e-02
 1.67889989e+04 2.09789687e-02
 1.67928061e+04 2.04912749e-02
 1.67966132e+04 2.00141479e-02
 1.68004204e+04 1.95573363e-02
 1.68042276e+04 1.91011802e-02
 1.68080348e+04 1.86519142e-02
 1.68118420e+04 1.82229288e-02
 1.68156492e+04 1.77970750e-02
 1.68194564e+04 1.73744486e-02
 1.68232636e+04 1.69710066e-02
 1.68270707e+04 1.65740611e-02
 1.68308779e+04 1.61773198e-02
 1.68346851e+04 1.57971788e-02
 1.68384923e+04 1.54273724e-02
 1.68422995e+04 1.50561867e-02
 1.68461067e+04 1.46974368e-02
 1.68499139e+04 1.43524587e-02
 1.68537210e+04 1.40066815e-02
 1.68575282e+04 1.36681137e-02
 1.68613354e+04 1.33451420e-02
 1.68651426e+04 1.30243376e-02
 1.68689498e+04 1.27057156e-02
 1.68727570e+04 1.24017958e-02
 1.68765642e+04 1.21046598e-02
 1.68803713e+04 1.18066348e-02
 1.68841785e+04 1.15194202e-02
 1.68879857e+04 1.12434183e-02
 1.68917929e+04 1.09668676e-02
 1.68956001e+04 1.06954396e-02
 1.68994073e+04 1.04370959e-02
 1.69032145e+04 1.01819845e-02
 1.69070216e+04 9.92715419e-03
 1.69108288e+04 9.68320581e-03
 1.69146360e+04 9.44759778e-03
 1.69184432e+04 9.21109204e-03
 1.69222504e+04 8.98005358e-03
 1.69260576e+04 8.76024528e-03
 1.69298648e+04 8.54284116e-03
 1.69336719e+04 8.32575916e-03
 1.69374791e+04 8.11803819e-03
 1.69412863e+04 7.91788277e-03
 1.69450935e+04 7.71709647e-03
 1.69489007e+04 7.52017577e-03
 1.69527079e+04 7.33313570e-03
 1.69565151e+04 7.14940274e-03
 1.69603222e+04 6.96518151e-03
 1.69641294e+04 6.78774457e-03
 1.69679366e+04 6.61829953e-03
 1.69717438e+04 6.44935036e-03
 1.69755510e+04 6.28164076e-03
 1.69793582e+04 6.12193732e-03
 1.69831654e+04 5.96762794e-03
 1.69869726e+04 5.81270506e-03
 1.69907797e+04 5.66085635e-03
 1.69945869e+04 5.51684317e-03
 1.69983941e+04 5.37601312e-03
 1.70022013e+04 5.23454885e-03
 1.70060085e+04 5.09740420e-03
 1.70098157e+04 4.96724211e-03
 1.70136229e+04 4.83878403e-03
 1.70174300e+04 4.71008359e-03
 1.70212372e+04 4.58627076e-03
 1.70250444e+04 4.46846962e-03
 1.70288516e+04 4.35154437e-03
 1.70326588e+04 4.23474915e-03
 1.70364660e+04 4.12289766e-03
 1.70402732e+04 4.01626481e-03
 1.70440803e+04 3.91013310e-03
 1.70478875e+04 3.80430256e-03
 1.70516947e+04 3.70314629e-03
 1.70555019e+04 3.60668082e-03
 1.70593091e+04 3.51063809e-03
 1.70631163e+04 3.41484309e-03
 1.70669235e+04 3.32324013e-03
 1.70707306e+04 3.23603907e-03
 1.70745378e+04 3.14940441e-03
 1.70783450e+04 3.06279937e-03
 1.70821522e+04 2.97972975e-03
 1.70859594e+04 2.90091931e-03
 1.70897666e+04 2.82302389e-03
 1.70935738e+04 2.74489289e-03
 1.70973809e+04 2.66946832e-03
 1.71011881e+04 2.59816352e-03
 1.71049953e+04 2.52832164e-03
 1.71088025e+04 2.45809166e-03
 1.71126097e+04 2.38959040e-03
 1.71164169e+04 2.32489547e-03
 1.71202241e+04 2.26234561e-03
 1.71240312e+04 2.19955008e-03
 1.71278384e+04 2.13747494e-03
 1.71316456e+04 2.07854620e-03
 1.71354528e+04 2.02239295e-03
 1.71392600e+04 1.96655980e-03
 1.71430672e+04 1.91066171e-03
 1.71468744e+04 1.85685139e-03
 1.71506816e+04 1.80608033e-03
 1.71544887e+04 1.75655543e-03
 1.71582959e+04 1.70674203e-03
 1.71621031e+04 1.65776484e-03
 1.71659103e+04 1.61141547e-03
 1.71697175e+04 1.56722933e-03
 1.71735247e+04 1.52329343e-03
 1.71773319e+04 1.47926242e-03
 1.71811390e+04 1.43675860e-03
 1.71849462e+04 1.39672955e-03
 1.71887534e+04 1.35800276e-03
 1.71925606e+04 1.31913384e-03
 1.71963678e+04 1.28054396e-03
 1.72001750e+04 1.24374848e-03
 1.72039822e+04 1.20902628e-03
 1.72077893e+04 1.17504821e-03
 1.72115965e+04 1.14085841e-03
 1.72154037e+04 1.10719049e-03
 1.72192109e+04 1.07529122e-03
 1.72230181e+04 1.04509948e-03
 1.72268253e+04 1.01537833e-03
 1.72306325e+04 9.85468991e-04
 1.72344396e+04 9.56133091e-04
 1.72382468e+04 9.28401568e-04
 1.72420540e+04 9.02139057e-04
 1.72458612e+04 8.76269324e-04
 1.72496684e+04 8.50233432e-04
 1.72534756e+04 8.24668580e-04
 1.72572828e+04 8.00480773e-04
 1.72610899e+04 7.77635792e-04
 1.72648971e+04 7.55238731e-04
 1.72687043e+04 7.32698703e-04
 1.72725115e+04 7.10431027e-04
 1.72763187e+04 6.89257328e-04
 1.72801259e+04 6.69348456e-04
 1.72839331e+04 6.50038227e-04
 1.72877402e+04 6.30662405e-04
 1.72915474e+04 6.11336170e-04
 1.72953546e+04 5.92750266e-04
 1.72991618e+04 5.75307098e-04
 1.73029690e+04 5.58655645e-04
 1.73067762e+04 5.42128171e-04
 1.73105834e+04 5.25506811e-04
 1.73143906e+04 5.09224967e-04
 1.73181977e+04 4.93827305e-04
 1.73220049e+04 4.79346829e-04
 1.73258121e+04 4.65289465e-04
 1.73296193e+04 4.51191370e-04
 1.73334265e+04 4.37101307e-04
 1.73372337e+04 4.23483521e-04
 1.73410409e+04 4.10691027e-04
 1.73448480e+04 3.98596036e-04
 1.73486552e+04 3.86742952e-04
 1.73524624e+04 3.74823334e-04
 1.73562696e+04 3.62966410e-04
 1.73600768e+04 3.51570610e-04
 1.73638840e+04 3.40884563e-04
 1.73676912e+04 3.30766442e-04
 1.73714983e+04 3.20839431e-04
 1.73753055e+04 3.10858115e-04
 1.73791127e+04 3.00921995e-04
 1.73829199e+04 2.91351275e-04
 1.73867271e+04 2.82369453e-04
 1.73905343e+04 2.73900560e-04
 1.73943415e+04 2.65651410e-04
 1.73981486e+04 2.57381233e-04
 1.74019558e+04 2.49102521e-04
 1.74057630e+04 2.41046052e-04
 1.74095702e+04 2.33441428e-04
 1.74133774e+04 2.26317066e-04
 1.74171846e+04 2.19486235e-04
 1.74209918e+04 2.12711602e-04
 1.74247989e+04 2.05897837e-04
 1.74286061e+04 1.99152525e-04
 1.74324133e+04 1.92681278e-04
 1.74362205e+04 1.86614160e-04
 1.74400277e+04 1.80906379e-04
 1.74438349e+04 1.75381573e-04
 1.74476421e+04 1.69871301e-04
 1.74514492e+04 1.64336542e-04
 1.74552564e+04 1.58882401e-04
 1.74590636e+04 1.53667338e-04
 1.74628708e+04 1.48781818e-04
 1.74666780e+04 1.44186826e-04
 1.74704852e+04 1.39747628e-04
 1.74742924e+04 1.35331509e-04
 1.74780996e+04 1.30894706e-04
 1.74819067e+04 1.26502127e-04
 1.74857139e+04 1.22272805e-04
 1.74895211e+04 1.18295597e-04
 1.74933283e+04 1.14572318e-04
 1.74971355e+04 1.11021240e-04
 1.75009427e+04 1.07532696e-04
 1.75047499e+04 1.04036588e-04
 1.75085570e+04 1.00539945e-04
 1.75123642e+04 9.71138743e-05
 1.75161714e+04 9.38447482e-05
 1.75199786e+04 9.07809122e-05
 1.75237858e+04 8.79069636e-05
 1.75275930e+04 8.51556626e-05
 1.75314002e+04 8.24483915e-05
 1.75352073e+04 7.97373187e-05
 1.75390145e+04 7.70271389e-05
 1.75428217e+04 7.43662564e-05
 1.75466289e+04 7.18168415e-05
 1.75504361e+04 6.94204528e-05
 1.75542433e+04 6.71777328e-05
 1.75580505e+04 6.50504542e-05
 1.75618576e+04 6.29827724e-05
 1.75656648e+04 6.09283934e-05
 1.75694720e+04 5.88703609e-05
 1.75732792e+04 5.68254023e-05
 1.75770864e+04 5.48323715e-05
 1.75808936e+04 5.29318225e-05
 1.75847008e+04 5.11471124e-05
 1.75885079e+04 4.94754037e-05
 1.75923151e+04 4.78903830e-05
 1.75961223e+04 4.63546954e-05
 1.75999295e+04 4.48356377e-05
 1.76037367e+04 4.33173698e-05
 1.76075439e+04 4.18045684e-05
 1.76113511e+04 4.03182294e-05
 1.76151582e+04 3.88855370e-05
 1.76189654e+04 3.75285565e-05
 1.76227726e+04 3.62559548e-05
 1.76265798e+04 3.50610812e-05
 1.76303870e+04 3.39251680e-05
 1.76341942e+04 3.28245673e-05
 1.76380014e+04 3.17388618e-05
 1.76418086e+04 3.06570496e-05
 1.76456157e+04 2.95794478e-05
 1.76494229e+04 2.85162541e-05
 1.76532301e+04 2.74830119e-05
 1.76570373e+04 2.64948678e-05
 1.76608445e+04 2.55617335e-05
 1.76646517e+04 2.46858769e-05
 1.76684589e+04 2.38616311e-05
 1.76722660e+04 2.30775510e-05
 1.76760732e+04 2.23201115e-05
 1.76798804e+04 2.15772001e-05
 1.76836876e+04 2.08408330e-05
 1.76874948e+04 2.01086491e-05
 1.76913020e+04 1.93836760e-05
 1.76951092e+04 1.86725472e-05
 1.76989163e+04 1.79836093e-05
 1.77027235e+04 1.73244651e-05
 1.77065307e+04 1.67001438e-05
 1.77103379e+04 1.61121408e-05
