0	0.686109684721458
1	0.593401317687524
2	0.386666956489585
3	0.220903913362502
4	0.110860335122501
5	0.0310084989561356
6	0.000397425748694794
7	0.0279318687221318
8	0.0805955343231353
9	0.137535352243009
10	0.194821706081725
11	0.213431173809656
12	0.157238482703352
13	0.0837651578726303
14	0.0920793599325419
15	0.176225679926601
16	0.244532409489131
17	0.289497452639523
18	0.39939779222397
19	0.568234107643257
20	0.640357467415505
21	0.515460838360521
22	0.290427336071411
23	0.123017009132626
24	0.0610844803271568
25	0.0790325872220387
26	0.167321955746421
27	0.284493969770792
28	0.316345081882985
29	0.202973541444089
30	0.0493489792606492
31	0.00408167898077622
32	0.0709060409625656
33	0.135440886134876
34	0.139239636484514
35	0.125250118912954
36	0.132087227192076
37	0.147012510866116
38	0.169878117680317
39	0.234130106305912
40	0.336980145454926
41	0.413319303588137
42	0.411321509179012
43	0.350081637593944
44	0.277056722892731
45	0.210123363500573
46	0.153419728491897
47	0.133700758516058
48	0.172878883795372
49	0.236394357298572
50	0.255664129251762
51	0.214383755736788
52	0.183389315192191
53	0.24773412848049
54	0.407852234533435
55	0.567749631162941
56	0.618879770398407
57	0.528071519281605
58	0.349957937663954
59	0.171203266737486
60	0.0507331810300365
61	0.00244365840086717
62	0.0147382855026453
63	0.0730237963972794
64	0.163497935542766
65	0.264162094634138
66	0.341951591266778
67	0.365414738512537
68	0.324250429940049
69	0.238230291169352
70	0.1457748585098
71	0.0795574115926398
72	0.0481076036925719
73	0.0375979635211305
74	0.0299215142904541
75	0.0185290144027369
76	0.0079086448003446
77	0.00256514133310498
78	0.00421825671265944
79	0.0241636201120456
80	0.0930394675147686
81	0.244740848640567
82	0.478625217468395
83	0.736453653830627
84	0.925938994085424
85	0.978373406682152
86	0.890543744589067
87	0.715331756068446
88	0.516861010909043
89	0.336153667534049
90	0.190456966659654
91	0.0876831515205019
92	0.0298188554568187
93	0.00774585615719194
94	0.00751386294633678
95	0.0284038478169431
96	0.0881878864115267
97	0.202016595057516
98	0.35588856944639
99	0.505214209334242
100	0.600314441201056
101	0.613191434496207
102	0.546074502624894
103	0.424882871425297
104	0.287633574115416
105	0.170387887994101
106	0.0932036428516556
107	0.0553045990260425
108	0.0439267069307766
109	0.0467082545610666
110	0.0558447779125459
111	0.067940534247829
112	0.0901865219600881
113	0.145450490464929
114	0.254848440998944
115	0.402126367599248
116	0.523932599280616
117	0.554292839487185
118	0.480971669340049
119	0.347367151707606
120	0.205738970726644
121	0.0888063160313401
122	0.0188618580616031
123	0.00702735239409392
124	0.0323779548794209
125	0.0520734073742782
126	0.0474146052602074
127	0.0387495155290138
128	0.0480146737108846
129	0.0706317857180085
130	0.091042518984113
131	0.106321954758231
132	0.131019173140319
133	0.185047173819046
134	0.259646113913846
135	0.291692772055825
136	0.217298193127952
137	0.074965784835854
138	0.0037196275345265
139	0.0969438771360902
140	0.295788367986708
141	0.459786862787637
142	0.502105329636925
143	0.427953197717799
144	0.290527468472732
145	0.151865388603637
146	0.057550734453188
147	0.0152377620570291
148	0.00417092366780566
149	0.00609308116467478
150	0.011431833630718
151	0.00988839600114783
152	0.00157394855481284
153	0.00328696650692539
154	0.0206827453149684
155	0.0346865991685057
156	0.0370502290504943
157	0.0509287088509888
158	0.0886681159581871
159	0.116946572461146
160	0.0973490182421762
161	0.044546044293572
162	0.0146153079635609
163	0.0429993509316633
164	0.113020695816974
165	0.179531524610273
166	0.208647381736112
167	0.195452527049436
168	0.153124654891292
169	0.0944097601177827
170	0.0330614990651911
171	0
172	0.0316225644136009
173	0.120251036452441
174	0.195089304147188
175	0.192686673071402
176	0.146375361359186
177	0.155859081712407
178	0.244099972742261
179	0.299298615802574
180	0.218404995382439
181	0.0683531987962807
182	0.0167161446354284
183	0.115053491646095
184	0.251031032427271
185	0.320268344672037
186	0.328957342983705
187	0.300157569054178
188	0.216095072801475
189	0.117024288779471
190	0.116405197670974
191	0.220141530350134
192	0.264340874794321
193	0.153983036159059
194	0.0324777607646951
195	0.0644850230149345
196	0.173767991206022
197	0.17899487469449
198	0.0862382891944799
199	0.036828008060282
200	0.0429905722805058
201	0.0153012214154432
202	0.0192149087168251
203	0.24292996947215
204	0.667585832941454
205	0.996269681041731
206	1
207	0.764283525818046
208	0.50909332112699
209	0.326119319122118
210	0.202738362287548
211	0.162780596866327
212	0.228929381965985
213	0.315868289803664
214	0.30129358463893
215	0.18288769508036
216	0.065573775809581
217	0.0123413026328959
218	0.0014102128121826
219	0.0211640862451709
220	0.105791128473822
221	0.250504711817495
222	0.371300871901296
223	0.396045020093689
224	0.346599332586657
225	0.286719999998947
226	0.228416093854369
227	0.144061997638113
228	0.0481881774431059
229	0.0015929287083819
230	0.023885961455959
231	0.0550939476928411
232	0.0376394572498738
233	0.00616029109267438
234	0.052082029090769
235	0.20141249674519
236	0.36343070826621
237	0.416699016953822
238	0.329051632997073
239	0.177699612543597
240	0.062734604292849
241	0.0205964621587149
242	0.0202020561602332
243	0.0203166107411072
244	0.0130465557453495
245	0.0164237168972248
246	0.0416961527595399
247	0.0769743453931632
248	0.0987356386824676
249	0.0926544824725658
250	0.0634902108262934
251	0.0299262958194703
252	0.0122692299117711
253	0.0214962935542604
254	0.0538815066878574
255	0.0926839373784468
256	0.116958930680171
257	0.114614445282626
258	0.0923333951922712
259	0.0732489849522816
260	0.079658073348067
261	0.111664499784921
262	0.141800280780136
263	0.136390865512485
264	0.0887537034782888
265	0.0316139232257064
266	0.0107497101217045
267	0.0410676862881354
268	0.0896248364220823
269	0.106780221246802
270	0.0760465199303086
271	0.0303334822147304
272	0.016476393335072
273	0.0464232877209368
274	0.0882598397736976
275	0.104285915234103
276	0.0892113498819139
277	0.0649315574538037
278	0.0465753563172577
279	0.0326493692369051
280	0.0350683646098505
281	0.0982052523002536
282	0.257927141510123
283	0.475668064668286
284	0.637981032472727
285	0.645997076666996
286	0.503838049548332
287	0.307415996925564
288	0.153855940875085
289	0.0779366589525682
290	0.0654723214116866
291	0.0916382196481369
292	0.130810978945259
293	0.15590573904719
294	0.1577423332994
295	0.161214005006312
296	0.20591320515619
297	0.312586408037289
298	0.471966225397514
299	0.646601346251174
300	0.767565628882517
301	0.755239099238616
302	0.584477309424075
303	0.330112985152021
304	0.11773497114947
305	0.021828578280441
306	0.0268749669623716
307	0.0785903720785514
308	0.143659904607991
309	0.21937442671042
310	0.310148247320141
311	0.398556942673266
312	0.431839072393701
313	0.358086324978652
314	0.197006498343707
315	0.0491436531250864
316	0.00311721586900034
317	0.0499866438947222
318	0.109858870085869
319	0.118810696370696
320	0.0728627598838009
321	0.0166843456505608
322	0.00294256849475244
323	0.0345162499735316
324	0.0526864714015095
325	0.0247429265895743
326	0.0176500179760166
327	0.107279702470556
328	0.233190376300351
329	0.251431896504502
330	0.144086472005679
331	0.0640384085187099
332	0.125573937547932
333	0.244021733551597
334	0.25327596390656
335	0.126119239840305
336	0.00750587519828132
337	0.049303545573721
338	0.259871855579755
339	0.507483344144293
340	0.634712491726717
341	0.571155177857688
342	0.371435778190644
343	0.165061548983456
344	0.0546012467561844
345	0.041346950064804
346	0.0515724850041697
347	0.037195934982674
348	0.0221827134647669
349	0.0340248561917733
350	0.0451939284305148
351	0.0441689225892723
352	0.109973823408622
353	0.300768233964254
354	0.487856614100005
355	0.455621074002667
356	0.212526843160099
357	0.0515014816776696
358	0.198282653372164
359	0.516016577062161
