 2.91167573e+03 5.96487765e-10
 2.91258275e+03 6.27794693e-10
 2.91348976e+03 6.60648209e-10
 2.91439678e+03 6.95119429e-10
 2.91530379e+03 7.31282462e-10
 2.91621081e+03 7.69214524e-10
 2.91711782e+03 8.08996051e-10
 2.91802484e+03 8.50710820e-10
 2.91893186e+03 8.94446073e-10
 2.91983887e+03 9.40292642e-10
 2.92074589e+03 9.88345083e-10
 2.92165290e+03 1.03870181e-09
 2.92255992e+03 1.09146522e-09
 2.92346693e+03 1.14674187e-09
 2.92437395e+03 1.20464258e-09
 2.92528096e+03 1.26528262e-09
 2.92618798e+03 1.32878187e-09
 2.92709499e+03 1.39526492e-09
 2.92800201e+03 1.46486132e-09
 2.92890903e+03 1.53770569e-09
 2.92981604e+03 1.61393791e-09
 2.93072306e+03 1.69370331e-09
 2.93163007e+03 1.77715285e-09
 2.93253709e+03 1.86444328e-09
 2.93344410e+03 1.95573739e-09
 2.93435112e+03 2.05120417e-09
 2.93525813e+03 2.15101900e-09
 2.93616515e+03 2.25536392e-09
 2.93707216e+03 2.36442778e-09
 2.93797918e+03 2.47840649e-09
 2.93888620e+03 2.59750327e-09
 2.93979321e+03 2.72192882e-09
 2.94070023e+03 2.85190161e-09
 2.94160724e+03 2.98764812e-09
 2.94251426e+03 3.12940306e-09
 2.94342127e+03 3.27740964e-09
 2.94432829e+03 3.43191982e-09
 2.94523530e+03 3.59319461e-09
 2.94614232e+03 3.76150431e-09
 2.94704934e+03 3.93712879e-09
 2.94795635e+03 4.12035779e-09
 2.94886337e+03 4.31149120e-09
 2.94977038e+03 4.51083935e-09
 2.95067740e+03 4.71872334e-09
 2.95158441e+03 4.93547531e-09
 2.95249143e+03 5.16143879e-09
 2.95339844e+03 5.39696900e-09
 2.95430546e+03 5.64243320e-09
 2.95521247e+03 5.89821099e-09
 2.95611949e+03 6.16469467e-09
 2.95702651e+03 6.44228959e-09
 2.95793352e+03 6.73141450e-09
 2.95884054e+03 7.03250189e-09
 2.95974755e+03 7.34599838e-09
 2.96065457e+03 7.67236509e-09
 2.96156158e+03 8.01207798e-09
 2.96246860e+03 8.36562828e-09
 2.96337561e+03 8.73352284e-09
 2.96428263e+03 9.11628455e-09
 2.96518964e+03 9.51445272e-09
 2.96609666e+03 9.92858350e-09
 2.96700368e+03 1.03592503e-08
 2.96791069e+03 1.08070441e-08
 2.96881771e+03 1.12725742e-08
 2.96972472e+03 1.17564681e-08
 2.97063174e+03 1.22593723e-08
 2.97153875e+03 1.27819530e-08
 2.97244577e+03 1.33248957e-08
 2.97335278e+03 1.38889067e-08
 2.97425980e+03 1.44747124e-08
 2.97516682e+03 1.50830610e-08
 2.97607383e+03 1.57147218e-08
 2.97698085e+03 1.63704864e-08
 2.97788786e+03 1.70511689e-08
 2.97879488e+03 1.77576065e-08
 2.97970189e+03 1.84906597e-08
 2.98060891e+03 1.92512130e-08
 2.98151592e+03 2.00401754e-08
 2.98242294e+03 2.08584807e-08
 2.98332995e+03 2.17070880e-08
 2.98423697e+03 2.25869824e-08
 2.98514399e+03 2.34991752e-08
 2.98605100e+03 2.44447044e-08
 2.98695802e+03 2.54246356e-08
 2.98786503e+03 2.64400618e-08
 2.98877205e+03 2.74921044e-08
 2.98967906e+03 2.85819134e-08
 2.99058608e+03 2.97106679e-08
 2.99149309e+03 3.08795769e-08
 2.99240011e+03 3.20898791e-08
 2.99330712e+03 3.33428442e-08
 2.99421414e+03 3.46397725e-08
 2.99512116e+03 3.59819960e-08
 2.99602817e+03 3.73708786e-08
 2.99693519e+03 3.88078164e-08
 2.99784220e+03 4.02942384e-08
 2.99874922e+03 4.18316068e-08
 2.99965623e+03 4.34214175e-08
 3.00056325e+03 4.50652001e-08
 3.00147026e+03 4.67645191e-08
 3.00237728e+03 4.85209735e-08
 3.00328430e+03 5.03361975e-08
 3.00419131e+03 5.22118612e-08
 3.00509833e+03 5.41496702e-08
 3.00600534e+03 5.61513666e-08
 3.00691236e+03 5.82187291e-08
 3.00781937e+03 6.03535731e-08
 3.00872639e+03 6.25577515e-08
 3.00963340e+03 6.48331543e-08
 3.01054042e+03 6.71817095e-08
 3.01144743e+03 6.96053832e-08
 3.01235445e+03 7.21061792e-08
 3.01326147e+03 7.46861403e-08
 3.01416848e+03 7.73473474e-08
 3.01507550e+03 8.00919204e-08
 3.01598251e+03 8.29220181e-08
 3.01688953e+03 8.58398381e-08
 3.01779654e+03 8.88476171e-08
 3.01870356e+03 9.19476312e-08
 3.01961057e+03 9.51421954e-08
 3.02051759e+03 9.84336638e-08
 3.02142461e+03 1.01824430e-07
 3.02233162e+03 1.05316926e-07
 3.02323864e+03 1.08913624e-07
 3.02414565e+03 1.12617034e-07
 3.02505267e+03 1.16429705e-07
 3.02595968e+03 1.20354225e-07
 3.02686670e+03 1.24393219e-07
 3.02777371e+03 1.28549352e-07
 3.02868073e+03 1.32825324e-07
 3.02958774e+03 1.37223876e-07
 3.03049476e+03 1.41747783e-07
 3.03140178e+03 1.46399858e-07
 3.03230879e+03 1.51182950e-07
 3.03321581e+03 1.56099943e-07
 3.03412282e+03 1.61153757e-07
 3.03502984e+03 1.66347345e-07
 3.03593685e+03 1.71683696e-07
 3.03684387e+03 1.77165830e-07
 3.03775088e+03 1.82796800e-07
 3.03865790e+03 1.88579693e-07
 3.03956491e+03 1.94517622e-07
 3.04047193e+03 2.00613734e-07
 3.04137895e+03 2.06871203e-07
 3.04228596e+03 2.13293231e-07
 3.04319298e+03 2.19883048e-07
 3.04409999e+03 2.26643908e-07
 3.04500701e+03 2.33579091e-07
 3.04591402e+03 2.40691899e-07
 3.04682104e+03 2.47985657e-07
 3.04772805e+03 2.55463710e-07
 3.04863507e+03 2.63129424e-07
 3.04954209e+03 2.70986181e-07
 3.05044910e+03 2.79037378e-07
 3.05135612e+03 2.87286432e-07
 3.05226313e+03 2.95736766e-07
 3.05317015e+03 3.04391820e-07
 3.05407716e+03 3.13255041e-07
 3.05498418e+03 3.22329884e-07
 3.05589119e+03 3.31619810e-07
 3.05679821e+03 3.41128283e-07
 3.05770522e+03 3.50858770e-07
 3.05861224e+03 3.60814738e-07
 3.05951926e+03 3.70999649e-07
 3.06042627e+03 3.81416963e-07
 3.06133329e+03 3.92070132e-07
 3.06224030e+03 4.02962598e-07
 3.06314732e+03 4.14097791e-07
 3.06405433e+03 4.25479128e-07
 3.06496135e+03 4.37110009e-07
 3.06586836e+03 4.48993812e-07
 3.06677538e+03 4.61133896e-07
 3.06768239e+03 4.73533593e-07
 3.06858941e+03 4.86196208e-07
 3.06949643e+03 4.99125014e-07
 3.07040344e+03 5.12323252e-07
 3.07131046e+03 5.25794125e-07
 3.07221747e+03 5.39540797e-07
 3.07312449e+03 5.53566389e-07
 3.07403150e+03 5.67873976e-07
 3.07493852e+03 5.82466583e-07
 3.07584553e+03 5.97347182e-07
 3.07675255e+03 6.12518691e-07
 3.07765957e+03 6.27983965e-07
 3.07856658e+03 6.43745800e-07
 3.07947360e+03 6.59806923e-07
 3.08038061e+03 6.76169991e-07
 3.08128763e+03 6.92837589e-07
 3.08219464e+03 7.09812222e-07
 3.08310166e+03 7.27096316e-07
 3.08400867e+03 7.44692212e-07
 3.08491569e+03 7.62602161e-07
 3.08582270e+03 7.80828323e-07
 3.08672972e+03 7.99372760e-07
 3.08763674e+03 8.18237435e-07
 3.08854375e+03 8.37424207e-07
 3.08945077e+03 8.56934825e-07
 3.09035778e+03 8.76770927e-07
 3.09126480e+03 8.96934036e-07
 3.09217181e+03 9.17425551e-07
 3.09307883e+03 9.38246752e-07
 3.09398584e+03 9.59398785e-07
 3.09489286e+03 9.80882668e-07
 3.09579988e+03 1.00269928e-06
 3.09670689e+03 1.02484936e-06
 3.09761391e+03 1.04733350e-06
 3.09852092e+03 1.07015215e-06
 3.09942794e+03 1.09330560e-06
 3.10033495e+03 1.11679399e-06
 3.10124197e+03 1.14061728e-06
 3.10214898e+03 1.16477530e-06
 3.10305600e+03 1.18926767e-06
 3.10396301e+03 1.21409387e-06
 3.10487003e+03 1.23925319e-06
 3.10577705e+03 1.26474474e-06
 3.10668406e+03 1.29056743e-06
 3.10759108e+03 1.31672002e-06
 3.10849809e+03 1.34320103e-06
 3.10940511e+03 1.37000883e-06
 3.11031212e+03 1.39714155e-06
 3.11121914e+03 1.42459713e-06
 3.11212615e+03 1.45237333e-06
 3.11303317e+03 1.48046766e-06
 3.11394018e+03 1.50887743e-06
 3.11484720e+03 1.53759975e-06
 3.11575422e+03 1.56663148e-06
 3.11666123e+03 1.59596929e-06
 3.11756825e+03 1.62560959e-06
 3.11847526e+03 1.65554858e-06
 3.11938228e+03 1.68578222e-06
 3.12028929e+03 1.71630625e-06
 3.12119631e+03 1.74711615e-06
 3.12210332e+03 1.77820718e-06
 3.12301034e+03 1.80957434e-06
 3.12391736e+03 1.84121240e-06
 3.12482437e+03 1.87311587e-06
 3.12573139e+03 1.90527903e-06
 3.12663840e+03 1.93769590e-06
 3.12754542e+03 1.97036023e-06
 3.12845243e+03 2.00326555e-06
 3.12935945e+03 2.03640510e-06
 3.13026646e+03 2.06977191e-06
 3.13117348e+03 2.10335870e-06
 3.13208049e+03 2.13715797e-06
 3.13298751e+03 2.17116194e-06
 3.13389453e+03 2.20536259e-06
 3.13480154e+03 2.23975163e-06
 3.13570856e+03 2.27432051e-06
 3.13661557e+03 2.30906043e-06
 3.13752259e+03 2.34396232e-06
 3.13842960e+03 2.37901685e-06
 3.13933662e+03 2.41421446e-06
 3.14024363e+03 2.44954529e-06
 3.14115065e+03 2.48499927e-06
 3.14205766e+03 2.52056604e-06
 3.14296468e+03 2.55623501e-06
 3.14387170e+03 2.59199533e-06
 3.14477871e+03 2.62783592e-06
 3.14568573e+03 2.66374541e-06
 3.14659274e+03 2.69971225e-06
 3.14749976e+03 2.73572459e-06
 3.14840677e+03 2.77177038e-06
 3.14931379e+03 2.80783733e-06
 3.15022080e+03 2.84391290e-06
 3.15112782e+03 2.87998436e-06
 3.15203484e+03 2.91603872e-06
 3.15294185e+03 2.95206279e-06
 3.15384887e+03 2.98804317e-06
 3.15475588e+03 3.02396624e-06
 3.15566290e+03 3.05981818e-06
 3.15656991e+03 3.09558498e-06
 3.15747693e+03 3.13125242e-06
 3.15838394e+03 3.16680611e-06
 3.15929096e+03 3.20223148e-06
 3.16019797e+03 3.23751376e-06
 3.16110499e+03 3.27263803e-06
 3.16201201e+03 3.30758922e-06
 3.16291902e+03 3.34235208e-06
 3.16382604e+03 3.37691123e-06
 3.16473305e+03 3.41125115e-06
 3.16564007e+03 3.44535618e-06
 3.16654708e+03 3.47921055e-06
 3.16745410e+03 3.51279835e-06
 3.16836111e+03 3.54610359e-06
 3.16926813e+03 3.57911016e-06
 3.17017514e+03 3.61180188e-06
 3.17108216e+03 3.64416248e-06
 3.17198918e+03 3.67617561e-06
 3.17289619e+03 3.70782489e-06
 3.17380321e+03 3.73909385e-06
 3.17471022e+03 3.76996600e-06
 3.17561724e+03 3.80042482e-06
 3.17652425e+03 3.83045376e-06
 3.17743127e+03 3.86003628e-06
 3.17833828e+03 3.88915580e-06
 3.17924530e+03 3.91779581e-06
 3.18015232e+03 3.94593977e-06
 3.18105933e+03 3.97357120e-06
 3.18196635e+03 4.00067366e-06
 3.18287336e+03 4.02723077e-06
 3.18378038e+03 4.05322623e-06
 3.18468739e+03 4.07864379e-06
 3.18559441e+03 4.10346733e-06
 3.18650142e+03 4.12768080e-06
 3.18740844e+03 4.15126830e-06
 3.18831545e+03 4.17421403e-06
 3.18922247e+03 4.19650235e-06
 3.19012949e+03 4.21811778e-06
 3.19103650e+03 4.23904499e-06
 3.19194352e+03 4.25926884e-06
 3.19285053e+03 4.27877437e-06
 3.19375755e+03 4.29754685e-06
 3.19466456e+03 4.31557174e-06
 3.19557158e+03 4.33283475e-06
 3.19647859e+03 4.34932182e-06
 3.19738561e+03 4.36501915e-06
 3.19829263e+03 4.37991321e-06
 3.19919964e+03 4.39399076e-06
 3.20010666e+03 4.40723884e-06
 3.20101367e+03 4.41964479e-06
 3.20192069e+03 4.43119630e-06
 3.20282770e+03 4.44188136e-06
 3.20373472e+03 4.45168831e-06
 3.20464173e+03 4.46060586e-06
 3.20554875e+03 4.46862307e-06
 3.20645576e+03 4.47572940e-06
 3.20736278e+03 4.48191468e-06
 3.20826980e+03 4.48716917e-06
 3.20917681e+03 4.49148351e-06
 3.21008383e+03 4.49484880e-06
 3.21099084e+03 4.49725656e-06
 3.21189786e+03 4.49869877e-06
 3.21280487e+03 4.49916785e-06
 3.21371189e+03 4.49865671e-06
 3.21461890e+03 4.49715874e-06
 3.21552592e+03 4.49466781e-06
 3.21643293e+03 4.49117829e-06
 3.21733995e+03 4.48668506e-06
 3.21824697e+03 4.48118355e-06
 3.21915398e+03 4.47466966e-06
 3.22006100e+03 4.46713989e-06
 3.22096801e+03 4.45859124e-06
 3.22187503e+03 4.44902129e-06
 3.22278204e+03 4.43842816e-06
 3.22368906e+03 4.42681056e-06
 3.22459607e+03 4.41416776e-06
 3.22550309e+03 4.40049963e-06
 3.22641011e+03 4.38580660e-06
 3.22731712e+03 4.37008972e-06
 3.22822414e+03 4.35335064e-06
 3.22913115e+03 4.33559161e-06
 3.23003817e+03 4.31681547e-06
 3.23094518e+03 4.29702572e-06
 3.23185220e+03 4.27622643e-06
 3.23275921e+03 4.25442232e-06
 3.23366623e+03 4.23161873e-06
 3.23457324e+03 4.20782163e-06
 3.23548026e+03 4.18303761e-06
 3.23638728e+03 4.15727390e-06
 3.23729429e+03 4.13053835e-06
 3.23820131e+03 4.10283946e-06
 3.23910832e+03 4.07418636e-06
 3.24001534e+03 4.04458879e-06
 3.24092235e+03 4.01405716e-06
 3.24182937e+03 3.98260248e-06
 3.24273638e+03 3.95023640e-06
 3.24364340e+03 3.91697119e-06
 3.24455041e+03 3.88281977e-06
 3.24545743e+03 3.84779564e-06
 3.24636445e+03 3.81191295e-06
 3.24727146e+03 3.77518646e-06
 3.24817848e+03 3.73763151e-06
 3.24908549e+03 3.69926408e-06
 3.24999251e+03 3.66010071e-06
 3.25089952e+03 3.62015857e-06
 3.25180654e+03 3.57945539e-06
 3.25271355e+03 3.53800947e-06
 3.25362057e+03 3.49583969e-06
 3.25452759e+03 3.45296551e-06
 3.25543460e+03 3.40940690e-06
 3.25634162e+03 3.36518441e-06
 3.25724863e+03 3.32031909e-06
 3.25815565e+03 3.27483255e-06
 3.25906266e+03 3.22874688e-06
 3.25996968e+03 3.18208468e-06
 3.26087669e+03 3.13486906e-06
 3.26178371e+03 3.08712356e-06
 3.26269072e+03 3.03887224e-06
 3.26359774e+03 2.99013957e-06
 3.26450476e+03 2.94095048e-06
 3.26541177e+03 2.89133031e-06
 3.26631879e+03 2.84130482e-06
 3.26722580e+03 2.79090016e-06
 3.26813282e+03 2.74014286e-06
 3.26903983e+03 2.68905983e-06
 3.26994685e+03 2.63767830e-06
 3.27085386e+03 2.58602586e-06
 3.27176088e+03 2.53413041e-06
 3.27266790e+03 2.48202013e-06
 3.27357491e+03 2.42972350e-06
 3.27448193e+03 2.37726927e-06
 3.27538894e+03 2.32468642e-06
 3.27629596e+03 2.27200417e-06
 3.27720297e+03 2.21925195e-06
 3.27810999e+03 2.16645939e-06
 3.27901700e+03 2.11365626e-06
 3.27992402e+03 2.06087252e-06
 3.28083103e+03 2.00813825e-06
 3.28173805e+03 1.95548364e-06
 3.28264507e+03 1.90293899e-06
 3.28355208e+03 1.85053467e-06
 3.28445910e+03 1.79830109e-06
 3.28536611e+03 1.74626871e-06
 3.28627313e+03 1.69446800e-06
 3.28718014e+03 1.64292944e-06
 3.28808716e+03 1.59168346e-06
 3.28899417e+03 1.54076046e-06
 3.28990119e+03 1.49019076e-06
 3.29080820e+03 1.44000462e-06
 3.29171522e+03 1.39023214e-06
 3.29262224e+03 1.34090336e-06
 3.29352925e+03 1.29204810e-06
 3.29443627e+03 1.24369607e-06
 3.29534328e+03 1.19587674e-06
 3.29625030e+03 1.14861942e-06
 3.29715731e+03 1.10195313e-06
 3.29806433e+03 1.05590670e-06
 3.29897134e+03 1.01050863e-06
 3.29987836e+03 9.65787174e-07
 3.30078538e+03 9.21770250e-07
 3.30169239e+03 8.78485451e-07
 3.30259941e+03 8.35960021e-07
 3.30350642e+03 7.94220830e-07
 3.30441344e+03 7.53294362e-07
 3.30532045e+03 7.13206694e-07
 3.30622747e+03 6.73983474e-07
 3.30713448e+03 6.35649906e-07
 3.30804150e+03 5.98230733e-07
 3.30894851e+03 5.61750217e-07
 3.30985553e+03 5.26232122e-07
 3.31076255e+03 4.91699697e-07
 3.31166956e+03 4.58175661e-07
 3.31257658e+03 4.25682184e-07
 3.31348359e+03 3.94240875e-07
 3.31439061e+03 3.63872762e-07
 3.31529762e+03 3.34598280e-07
 3.31620464e+03 3.06437254e-07
 3.31711165e+03 2.79408886e-07
 3.31801867e+03 2.53531744e-07
 3.31892568e+03 2.28823742e-07
 3.31983270e+03 2.05302135e-07
 3.32073972e+03 1.82983498e-07
 3.32164673e+03 1.61883723e-07
 3.32255375e+03 1.42018000e-07
 3.32346076e+03 1.23400812e-07
 3.32436778e+03 1.06045920e-07
 3.32527479e+03 8.99663550e-08
 3.32618181e+03 7.51744109e-08
 3.32708882e+03 6.16816319e-08
 3.32799584e+03 4.94988066e-08
 3.32890286e+03 3.86359597e-08
 3.32980987e+03 2.91023448e-08
 3.33071689e+03 2.09064385e-08
 3.33162390e+03 1.40559335e-08
 3.33253092e+03 8.55773421e-09
 3.33343793e+03 4.41795123e-09
 3.33434495e+03 1.64189754e-09
 3.33525196e+03 2.34084774e-10
 3.33615898e+03 1.98220255e-10
 3.33706599e+03 1.53720455e-09
 3.33797301e+03 4.25312968e-09
 3.33888003e+03 8.34727789e-09
 3.33978704e+03 1.38201210e-08
 3.34069406e+03 2.06713206e-08
 3.34160107e+03 2.88997280e-08
 3.34250809e+03 3.85033865e-08
 3.34341510e+03 4.94795318e-08
 3.34432212e+03 6.18245956e-08
 3.34522913e+03 7.55342077e-08
 3.34613615e+03 9.06032000e-08
 3.34704316e+03 1.07025610e-07
 3.34795018e+03 1.24794687e-07
 3.34885720e+03 1.43902895e-07
 3.34976421e+03 1.64341920e-07
 3.35067123e+03 1.86102678e-07
 3.35157824e+03 2.09175317e-07
 3.35248526e+03 2.33549229e-07
 3.35339227e+03 2.59213059e-07
 3.35429929e+03 2.86154706e-07
 3.35520630e+03 3.14361343e-07
 3.35611332e+03 3.43819416e-07
 3.35702034e+03 3.74514662e-07
 3.35792735e+03 4.06432114e-07
 3.35883437e+03 4.39556118e-07
 3.35974138e+03 4.73870336e-07
 3.36064840e+03 5.09357768e-07
 3.36155541e+03 5.46000757e-07
 3.36246243e+03 5.83781004e-07
 3.36336944e+03 6.22679582e-07
 3.36427646e+03 6.62676951e-07
 3.36518347e+03 7.03752969e-07
 3.36609049e+03 7.45886907e-07
 3.36699751e+03 7.89057468e-07
 3.36790452e+03 8.33242795e-07
 3.36881154e+03 8.78420495e-07
 3.36971855e+03 9.24567648e-07
 3.37062557e+03 9.71660826e-07
 3.37153258e+03 1.01967611e-06
 3.37243960e+03 1.06858911e-06
 3.37334661e+03 1.11837497e-06
 3.37425363e+03 1.16900840e-06
 3.37516065e+03 1.22046368e-06
 3.37606766e+03 1.27271470e-06
 3.37697468e+03 1.32573496e-06
 3.37788169e+03 1.37949757e-06
 3.37878871e+03 1.43397531e-06
 3.37969572e+03 1.48914063e-06
 3.38060274e+03 1.54496566e-06
 3.38150975e+03 1.60142223e-06
 3.38241677e+03 1.65848192e-06
 3.38332378e+03 1.71611602e-06
 3.38423080e+03 1.77429561e-06
 3.38513782e+03 1.83299155e-06
 3.38604483e+03 1.89217448e-06
 3.38695185e+03 1.95181488e-06
 3.38785886e+03 2.01188308e-06
 3.38876588e+03 2.07234925e-06
 3.38967289e+03 2.13318344e-06
 3.39057991e+03 2.19435562e-06
 3.39148692e+03 2.25583566e-06
 3.39239394e+03 2.31759337e-06
 3.39330095e+03 2.37959852e-06
 3.39420797e+03 2.44182085e-06
 3.39511499e+03 2.50423011e-06
 3.39602200e+03 2.56679604e-06
 3.39692902e+03 2.62948843e-06
 3.39783603e+03 2.69227712e-06
 3.39874305e+03 2.75513201e-06
 3.39965006e+03 2.81802310e-06
 3.40055708e+03 2.88092048e-06
 3.40146409e+03 2.94379437e-06
 3.40237111e+03 3.00661515e-06
 3.40327813e+03 3.06935333e-06
 3.40418514e+03 3.13197961e-06
 3.40509216e+03 3.19446489e-06
 3.40599917e+03 3.25678026e-06
 3.40690619e+03 3.31889706e-06
 3.40781320e+03 3.38078685e-06
 3.40872022e+03 3.44242148e-06
 3.40962723e+03 3.50377303e-06
 3.41053425e+03 3.56481390e-06
 3.41144126e+03 3.62551679e-06
 3.41234828e+03 3.68585472e-06
 3.41325530e+03 3.74580103e-06
 3.41416231e+03 3.80532943e-06
 3.41506933e+03 3.86441396e-06
 3.41597634e+03 3.92302907e-06
 3.41688336e+03 3.98114957e-06
 3.41779037e+03 4.03875067e-06
 3.41869739e+03 4.09580801e-06
 3.41960440e+03 4.15229765e-06
 3.42051142e+03 4.20819606e-06
 3.42141843e+03 4.26348019e-06
 3.42232545e+03 4.31812742e-06
 3.42323247e+03 4.37211561e-06
 3.42413948e+03 4.42542310e-06
 3.42504650e+03 4.47802869e-06
 3.42595351e+03 4.52991170e-06
 3.42686053e+03 4.58105194e-06
 3.42776754e+03 4.63142975e-06
 3.42867456e+03 4.68102596e-06
 3.42958157e+03 4.72982194e-06
 3.43048859e+03 4.77779960e-06
 3.43139561e+03 4.82494137e-06
 3.43230262e+03 4.87123023e-06
 3.43320964e+03 4.91664973e-06
 3.43411665e+03 4.96118395e-06
 3.43502367e+03 5.00481755e-06
 3.43593068e+03 5.04753572e-06
 3.43683770e+03 5.08932426e-06
 3.43774471e+03 5.13016951e-06
 3.43865173e+03 5.17005840e-06
 3.43955874e+03 5.20897843e-06
 3.44046576e+03 5.24691768e-06
 3.44137278e+03 5.28386480e-06
 3.44227979e+03 5.31980904e-06
 3.44318681e+03 5.35474022e-06
 3.44409382e+03 5.38864875e-06
 3.44500084e+03 5.42152560e-06
 3.44590785e+03 5.45336235e-06
 3.44681487e+03 5.48415115e-06
 3.44772188e+03 5.51388473e-06
 3.44862890e+03 5.54255639e-06
 3.44953592e+03 5.57016003e-06
 3.45044293e+03 5.59669009e-06
 3.45134995e+03 5.62214161e-06
 3.45225696e+03 5.64651019e-06
 3.45316398e+03 5.66979200e-06
 3.45407099e+03 5.69198376e-06
 3.45497801e+03 5.71308275e-06
 3.45588502e+03 5.73308681e-06
 3.45679204e+03 5.75199433e-06
 3.45769905e+03 5.76980423e-06
 3.45860607e+03 5.78651599e-06
 3.45951309e+03 5.80212960e-06
 3.46042010e+03 5.81664559e-06
 3.46132712e+03 5.83006500e-06
 3.46223413e+03 5.84238941e-06
 3.46314115e+03 5.85362087e-06
 3.46404816e+03 5.86376195e-06
 3.46495518e+03 5.87281573e-06
 3.46586219e+03 5.88078574e-06
 3.46676921e+03 5.88767602e-06
 3.46767622e+03 5.89349107e-06
 3.46858324e+03 5.89823583e-06
 3.46949026e+03 5.90191573e-06
 3.47039727e+03 5.90453662e-06
 3.47130429e+03 5.90610481e-06
 3.47221130e+03 5.90662700e-06
 3.47311832e+03 5.90611036e-06
 3.47402533e+03 5.90456242e-06
 3.47493235e+03 5.90199114e-06
 3.47583936e+03 5.89840487e-06
 3.47674638e+03 5.89381233e-06
 3.47765340e+03 5.88822261e-06
 3.47856041e+03 5.88164517e-06
 3.47946743e+03 5.87408983e-06
 3.48037444e+03 5.86556674e-06
 3.48128146e+03 5.85608638e-06
 3.48218847e+03 5.84565955e-06
 3.48309549e+03 5.83429737e-06
 3.48400250e+03 5.82201126e-06
 3.48490952e+03 5.80881293e-06
 3.48581653e+03 5.79471437e-06
 3.48672355e+03 5.77972783e-06
 3.48763057e+03 5.76386584e-06
 3.48853758e+03 5.74714116e-06
 3.48944460e+03 5.72956679e-06
 3.49035161e+03 5.71115597e-06
 3.49125863e+03 5.69192215e-06
 3.49216564e+03 5.67187899e-06
 3.49307266e+03 5.65104034e-06
 3.49397967e+03 5.62942025e-06
 3.49488669e+03 5.60703293e-06
 3.49579370e+03 5.58389276e-06
 3.49670072e+03 5.56001428e-06
 3.49760774e+03 5.53541218e-06
 3.49851475e+03 5.51010126e-06
 3.49942177e+03 5.48409649e-06
 3.50032878e+03 5.45741290e-06
 3.50123580e+03 5.43006567e-06
 3.50214281e+03 5.40207006e-06
 3.50304983e+03 5.37344139e-06
 3.50395684e+03 5.34419511e-06
 3.50486386e+03 5.31434669e-06
 3.50577088e+03 5.28391167e-06
 3.50667789e+03 5.25290564e-06
 3.50758491e+03 5.22134423e-06
 3.50849192e+03 5.18924311e-06
 3.50939894e+03 5.15661794e-06
 3.51030595e+03 5.12348442e-06
 3.51121297e+03 5.08985824e-06
 3.51211998e+03 5.05575510e-06
 3.51302700e+03 5.02119065e-06
 3.51393401e+03 4.98618056e-06
 3.51484103e+03 4.95074045e-06
 3.51574805e+03 4.91488590e-06
 3.51665506e+03 4.87863244e-06
 3.51756208e+03 4.84199558e-06
 3.51846909e+03 4.80499072e-06
 3.51937611e+03 4.76763323e-06
 3.52028312e+03 4.72993839e-06
 3.52119014e+03 4.69192139e-06
 3.52209715e+03 4.65359736e-06
 3.52300417e+03 4.61498130e-06
 3.52391118e+03 4.57608813e-06
 3.52481820e+03 4.53693266e-06
 3.52572522e+03 4.49752958e-06
 3.52663223e+03 4.45789347e-06
 3.52753925e+03 4.41803877e-06
 3.52844626e+03 4.37797980e-06
 3.52935328e+03 4.33773075e-06
 3.53026029e+03 4.29730565e-06
 3.53116731e+03 4.25671840e-06
 3.53207432e+03 4.21598275e-06
 3.53298134e+03 4.17511228e-06
 3.53388836e+03 4.13412042e-06
 3.53479537e+03 4.09302044e-06
 3.53570239e+03 4.05182543e-06
 3.53660940e+03 4.01054832e-06
 3.53751642e+03 3.96920187e-06
 3.53842343e+03 3.92779863e-06
 3.53933045e+03 3.88635101e-06
 3.54023746e+03 3.84487120e-06
 3.54114448e+03 3.80337121e-06
 3.54205149e+03 3.76186288e-06
 3.54295851e+03 3.72035783e-06
 3.54386553e+03 3.67886750e-06
 3.54477254e+03 3.63740312e-06
 3.54567956e+03 3.59597573e-06
 3.54658657e+03 3.55459616e-06
 3.54749359e+03 3.51327503e-06
 3.54840060e+03 3.47202277e-06
 3.54930762e+03 3.43084960e-06
 3.55021463e+03 3.38976552e-06
 3.55112165e+03 3.34878033e-06
 3.55202867e+03 3.30790360e-06
 3.55293568e+03 3.26714473e-06
 3.55384270e+03 3.22651286e-06
 3.55474971e+03 3.18601695e-06
 3.55565673e+03 3.14566573e-06
 3.55656374e+03 3.10546773e-06
 3.55747076e+03 3.06543124e-06
 3.55837777e+03 3.02556438e-06
 3.55928479e+03 2.98587500e-06
 3.56019180e+03 2.94637079e-06
 3.56109882e+03 2.90705920e-06
 3.56200584e+03 2.86794746e-06
 3.56291285e+03 2.82904262e-06
 3.56381987e+03 2.79035147e-06
 3.56472688e+03 2.75188064e-06
 3.56563390e+03 2.71363653e-06
 3.56654091e+03 2.67562531e-06
 3.56744793e+03 2.63785298e-06
 3.56835494e+03 2.60032531e-06
 3.56926196e+03 2.56304788e-06
 3.57016897e+03 2.52602604e-06
 3.57107599e+03 2.48926498e-06
 3.57198301e+03 2.45276965e-06
 3.57289002e+03 2.41654483e-06
 3.57379704e+03 2.38059509e-06
 3.57470405e+03 2.34492480e-06
 3.57561107e+03 2.30953816e-06
 3.57651808e+03 2.27443915e-06
 3.57742510e+03 2.23963158e-06
 3.57833211e+03 2.20511907e-06
 3.57923913e+03 2.17090505e-06
 3.58014615e+03 2.13699279e-06
 3.58105316e+03 2.10338534e-06
 3.58196018e+03 2.07008562e-06
 3.58286719e+03 2.03709633e-06
 3.58377421e+03 2.00442002e-06
 3.58468122e+03 1.97205908e-06
 3.58558824e+03 1.94001572e-06
 3.58649525e+03 1.90829198e-06
 3.58740227e+03 1.87688975e-06
 3.58830928e+03 1.84581075e-06
 3.58921630e+03 1.81505655e-06
 3.59012332e+03 1.78462857e-06
 3.59103033e+03 1.75452807e-06
 3.59193735e+03 1.72475616e-06
 3.59284436e+03 1.69531381e-06
 3.59375138e+03 1.66620185e-06
 3.59465839e+03 1.63742097e-06
 3.59556541e+03 1.60897171e-06
 3.59647242e+03 1.58085449e-06
 3.59737944e+03 1.55306960e-06
 3.59828645e+03 1.52561718e-06
 3.59919347e+03 1.49849728e-06
 3.60010049e+03 1.47170979e-06
 3.60100750e+03 1.44525451e-06
 3.60191452e+03 1.41913110e-06
 3.60282153e+03 1.39333912e-06
 3.60372855e+03 1.36787802e-06
 3.60463556e+03 1.34274713e-06
 3.60554258e+03 1.31794569e-06
 3.60644959e+03 1.29347282e-06
 3.60735661e+03 1.26932756e-06
 3.60826363e+03 1.24550883e-06
 3.60917064e+03 1.22201548e-06
 3.61007766e+03 1.19884625e-06
 3.61098467e+03 1.17599981e-06
 3.61189169e+03 1.15347472e-06
 3.61279870e+03 1.13126948e-06
 3.61370572e+03 1.10938250e-06
 3.61461273e+03 1.08781210e-06
 3.61551975e+03 1.06655656e-06
 3.61642676e+03 1.04561405e-06
 3.61733378e+03 1.02498270e-06
 3.61824080e+03 1.00466054e-06
 3.61914781e+03 9.84645576e-07
 3.62005483e+03 9.64935719e-07
 3.62096184e+03 9.45528836e-07
 3.62186886e+03 9.26422736e-07
 3.62277587e+03 9.07615170e-07
 3.62368289e+03 8.89103841e-07
 3.62458990e+03 8.70886398e-07
 3.62549692e+03 8.52960448e-07
 3.62640394e+03 8.35323548e-07
 3.62731095e+03 8.17973216e-07
 3.62821797e+03 8.00906927e-07
 3.62912498e+03 7.84122119e-07
 3.63003200e+03 7.67616194e-07
 3.63093901e+03 7.51386521e-07
 3.63184603e+03 7.35430434e-07
 3.63275304e+03 7.19745240e-07
 3.63366006e+03 7.04328217e-07
 3.63456707e+03 6.89176619e-07
 3.63547409e+03 6.74287673e-07
 3.63638111e+03 6.59658585e-07
 3.63728812e+03 6.45286544e-07
 3.63819514e+03 6.31168716e-07
 3.63910215e+03 6.17302253e-07
 3.64000917e+03 6.03684292e-07
 3.64091618e+03 5.90311957e-07
 3.64182320e+03 5.77182359e-07
 3.64273021e+03 5.64292601e-07
 3.64363723e+03 5.51639777e-07
 3.64454424e+03 5.39220975e-07
 3.64545126e+03 5.27033275e-07
 3.64635828e+03 5.15073757e-07
 3.64726529e+03 5.03339497e-07
 3.64817231e+03 4.91827569e-07
 3.64907932e+03 4.80535049e-07
 3.64998634e+03 4.69459013e-07
 3.65089335e+03 4.58596542e-07
 3.65180037e+03 4.47944720e-07
 3.65270738e+03 4.37500636e-07
 3.65361440e+03 4.27261387e-07
 3.65452142e+03 4.17224076e-07
 3.65542843e+03 4.07385815e-07
 3.65633545e+03 3.97743728e-07
 3.65724246e+03 3.88294946e-07
 3.65814948e+03 3.79036615e-07
 3.65905649e+03 3.69965893e-07
 3.65996351e+03 3.61079950e-07
 3.66087052e+03 3.52375972e-07
 3.66177754e+03 3.43851161e-07
 3.66268455e+03 3.35502733e-07
 3.66359157e+03 3.27327922e-07
 3.66449859e+03 3.19323981e-07
 3.66540560e+03 3.11488179e-07
 3.66631262e+03 3.03817806e-07
 3.66721963e+03 2.96310170e-07
 3.66812665e+03 2.88962602e-07
 3.66903366e+03 2.81772450e-07
 3.66994068e+03 2.74737087e-07
 3.67084769e+03 2.67853906e-07
 3.67175471e+03 2.61120324e-07
 3.67266172e+03 2.54533779e-07
 3.67356874e+03 2.48091735e-07
 3.67447576e+03 2.41791678e-07
 3.67538277e+03 2.35631119e-07
 3.67628979e+03 2.29607593e-07
 3.67719680e+03 2.23718661e-07
 3.67810382e+03 2.17961908e-07
 3.67901083e+03 2.12334946e-07
 3.67991785e+03 2.06835412e-07
 3.68082486e+03 2.01460970e-07
 3.68173188e+03 1.96209309e-07
 3.68263890e+03 1.91078146e-07
 3.68354591e+03 1.86065225e-07
 3.68445293e+03 1.81168315e-07
 3.68535994e+03 1.76385214e-07
 3.68626696e+03 1.71713747e-07
 3.68717397e+03 1.67151765e-07
 3.68808099e+03 1.62697149e-07
 3.68898800e+03 1.58347804e-07
 3.68989502e+03 1.54101666e-07
 3.69080203e+03 1.49956697e-07
 3.69170905e+03 1.45910887e-07
 3.69261607e+03 1.41962254e-07
 3.69352308e+03 1.38108843e-07
 3.69443010e+03 1.34348726e-07
 3.69533711e+03 1.30680005e-07
 3.69624413e+03 1.27100809e-07
 3.69715114e+03 1.23609291e-07
 3.69805816e+03 1.20203637e-07
 3.69896517e+03 1.16882057e-07
 3.69987219e+03 1.13642788e-07
 3.70077920e+03 1.10484097e-07
 3.70168622e+03 1.07404274e-07
 3.70259324e+03 1.04401639e-07
 3.70350025e+03 1.01474539e-07
 3.70440727e+03 9.86213459e-08
 3.70531428e+03 9.58404588e-08
 3.70622130e+03 9.31303032e-08
 3.70712831e+03 9.04893309e-08
 3.70803533e+03 8.79160195e-08
 3.70894234e+03 8.54088726e-08
 3.70984936e+03 8.29664191e-08
 3.71075638e+03 8.05872135e-08
 3.71166339e+03 7.82698356e-08
 3.71257041e+03 7.60128899e-08
 3.71347742e+03 7.38150059e-08
 3.71438444e+03 7.16748374e-08
 3.71529145e+03 6.95910627e-08
 3.71619847e+03 6.75623840e-08
 3.71710548e+03 6.55875275e-08
 3.71801250e+03 6.36652428e-08
 3.71891951e+03 6.17943029e-08
 3.71982653e+03 5.99735039e-08
 3.72073355e+03 5.82016645e-08
 3.72164056e+03 5.64776263e-08
 3.72254758e+03 5.48002529e-08
 3.72345459e+03 5.31684301e-08
 3.72436161e+03 5.15810653e-08
 3.72526862e+03 5.00370875e-08
 3.72617564e+03 4.85354469e-08
 3.72708265e+03 4.70751147e-08
 3.72798967e+03 4.56550825e-08
 3.72889669e+03 4.42743627e-08
 3.72980370e+03 4.29319875e-08
 3.73071072e+03 4.16270090e-08
 3.73161773e+03 4.03584989e-08
 3.73252475e+03 3.91255483e-08
 3.73343176e+03 3.79272671e-08
 3.73433878e+03 3.67627839e-08
 3.73524579e+03 3.56312460e-08
 3.73615281e+03 3.45318186e-08
 3.73705982e+03 3.34636850e-08
 3.73796684e+03 3.24260460e-08
 3.73887386e+03 3.14181197e-08
 3.73978087e+03 3.04391413e-08
 3.74068789e+03 2.94883628e-08
 3.74159490e+03 2.85650528e-08
 3.74250192e+03 2.76684959e-08
 3.74340893e+03 2.67979929e-08
 3.74431595e+03 2.59528603e-08
 3.74522296e+03 2.51324298e-08
 3.74612998e+03 2.43360485e-08
 3.74703699e+03 2.35630783e-08
 3.74794401e+03 2.28128958e-08
 3.74885103e+03 2.20848919e-08
 3.74975804e+03 2.13784717e-08
 3.75066506e+03 2.06930542e-08
 3.75157207e+03 2.00280718e-08
 3.75247909e+03 1.93829706e-08
 3.75338610e+03 1.87572095e-08
 3.75429312e+03 1.81502605e-08
 3.75520013e+03 1.75616081e-08
 3.75610715e+03 1.69907492e-08
 3.75701417e+03 1.64371928e-08
 3.75792118e+03 1.59004600e-08
 3.75882820e+03 1.53800833e-08
 3.75973521e+03 1.48756069e-08
 3.76064223e+03 1.43865860e-08
 3.76154924e+03 1.39125870e-08
 3.76245626e+03 1.34531869e-08
 3.76336327e+03 1.30079733e-08
 3.76427029e+03 1.25765442e-08
 3.76517730e+03 1.21585076e-08
 3.76608432e+03 1.17534815e-08
 3.76699134e+03 1.13610936e-08
 3.76789835e+03 1.09809811e-08
 3.76880537e+03 1.06127904e-08
 3.76971238e+03 1.02561770e-08
 3.77061940e+03 9.91080540e-09
 3.77152641e+03 9.57634879e-09
 3.77243343e+03 9.25248882e-09
 3.77334044e+03 8.93891548e-09
 3.77424746e+03 8.63532691e-09
 3.77515447e+03 8.34142921e-09
 3.77606149e+03 8.05693625e-09
 3.77696851e+03 7.78156953e-09
 3.77787552e+03 7.51505797e-09
 3.77878254e+03 7.25713774e-09
 3.77968955e+03 7.00755214e-09
 3.78059657e+03 6.76605137e-09
 3.78150358e+03 6.53239243e-09
 3.78241060e+03 6.30633891e-09
 3.78331761e+03 6.08766088e-09
 3.78422463e+03 5.87613468e-09
 3.78513165e+03 5.67154285e-09
 3.78603866e+03 5.47367391e-09
 3.78694568e+03 5.28232225e-09
 3.78785269e+03 5.09728799e-09
 3.78875971e+03 4.91837682e-09
 3.78966672e+03 4.74539989e-09
 3.79057374e+03 4.57817365e-09
 3.79148075e+03 4.41651974e-09
 3.79238777e+03 4.26026485e-09
 3.79329478e+03 4.10924061e-09
 3.79420180e+03 3.96328344e-09
 3.79510882e+03 3.82223445e-09
 3.79601583e+03 3.68593931e-09
 3.79692285e+03 3.55424815e-09
 3.79782986e+03 3.42701542e-09
 3.79873688e+03 3.30409981e-09
 3.79964389e+03 3.18536412e-09
 3.80055091e+03 3.07067515e-09
 3.80145792e+03 2.95990361e-09
 3.80236494e+03 2.85292403e-09
 3.80327196e+03 2.74961461e-09
 3.80417897e+03 2.64985718e-09
 3.80508599e+03 2.55353708e-09
 3.80599300e+03 2.46054304e-09
 3.80690002e+03 2.37076716e-09
 3.80780703e+03 2.28410474e-09
 3.80871405e+03 2.20045424e-09
 3.80962106e+03 2.11971718e-09
 3.81052808e+03 2.04179807e-09
 3.81143509e+03 1.96660431e-09
 3.81234211e+03 1.89404613e-09
 3.81324913e+03 1.82403649e-09
 3.81415614e+03 1.75649103e-09
 3.81506316e+03 1.69132797e-09
 3.81597017e+03 1.62846805e-09
 3.81687719e+03 1.56783448e-09
 3.81778420e+03 1.50935284e-09
 3.81869122e+03 1.45295101e-09
 3.81959823e+03 1.39855915e-09
 3.82050525e+03 1.34610956e-09
 3.82141226e+03 1.29553672e-09
 3.82231928e+03 1.24677712e-09
 3.82322630e+03 1.19976928e-09
 3.82413331e+03 1.15445368e-09
 3.82504033e+03 1.11077264e-09
 3.82594734e+03 1.06867037e-09
 3.82685436e+03 1.02809283e-09
 3.82776137e+03 9.88987715e-10
 3.82866839e+03 9.51304394e-10
 3.82957540e+03 9.14993872e-10
 3.83048242e+03 8.80008734e-10
 3.83138944e+03 8.46303096e-10
 3.83229645e+03 8.13832565e-10
 3.83320347e+03 7.82554191e-10
 3.83411048e+03 7.52426425e-10
 3.83501750e+03 7.23409076e-10
 3.83592451e+03 6.95463271e-10
 3.83683153e+03 6.68551417e-10
 3.83773854e+03 6.42637157e-10
 3.83864556e+03 6.17685339e-10
 3.83955257e+03 5.93661972e-10
