 1.45583787e+03 1.46187389e-07
 1.45629137e+03 1.54375169e-07
 1.45674488e+03 1.62999250e-07
 1.45719839e+03 1.72081597e-07
 1.45765190e+03 1.81645211e-07
 1.45810540e+03 1.91714169e-07
 1.45855891e+03 2.02313680e-07
 1.45901242e+03 2.13470123e-07
 1.45946593e+03 2.25211107e-07
 1.45991944e+03 2.37565517e-07
 1.46037294e+03 2.50563570e-07
 1.46082645e+03 2.64236873e-07
 1.46127996e+03 2.78618482e-07
 1.46173347e+03 2.93742959e-07
 1.46218697e+03 3.09646440e-07
 1.46264048e+03 3.26366698e-07
 1.46309399e+03 3.43943212e-07
 1.46354750e+03 3.62417237e-07
 1.46400100e+03 3.81831877e-07
 1.46445451e+03 4.02232161e-07
 1.46490802e+03 4.23665123e-07
 1.46536153e+03 4.46179881e-07
 1.46581504e+03 4.69827725e-07
 1.46626854e+03 4.94662200e-07
 1.46672205e+03 5.20739199e-07
 1.46717556e+03 5.48117059e-07
 1.46762907e+03 5.76856654e-07
 1.46808257e+03 6.07021498e-07
 1.46853608e+03 6.38677847e-07
 1.46898959e+03 6.71894811e-07
 1.46944310e+03 7.06744460e-07
 1.46989661e+03 7.43301943e-07
 1.47035011e+03 7.81645606e-07
 1.47080362e+03 8.21857115e-07
 1.47125713e+03 8.64021583e-07
 1.47171064e+03 9.08227701e-07
 1.47216414e+03 9.54567878e-07
 1.47261765e+03 1.00313838e-06
 1.47307116e+03 1.05403946e-06
 1.47352467e+03 1.10737554e-06
 1.47397818e+03 1.16325534e-06
 1.47443168e+03 1.22179204e-06
 1.47488519e+03 1.28310345e-06
 1.47533870e+03 1.34731219e-06
 1.47579221e+03 1.41454585e-06
 1.47624571e+03 1.48493717e-06
 1.47669922e+03 1.55862424e-06
 1.47715273e+03 1.63575067e-06
 1.47760624e+03 1.71646583e-06
 1.47805975e+03 1.80092501e-06
 1.47851325e+03 1.88928964e-06
 1.47896676e+03 1.98172754e-06
 1.47942027e+03 2.07841310e-06
 1.47987378e+03 2.17952752e-06
 1.48032728e+03 2.28525909e-06
 1.48078079e+03 2.39580335e-06
 1.48123430e+03 2.51136344e-06
 1.48168781e+03 2.63215026e-06
 1.48214131e+03 2.75838282e-06
 1.48259482e+03 2.89028846e-06
 1.48304833e+03 3.02810314e-06
 1.48350184e+03 3.17207175e-06
 1.48395535e+03 3.32244836e-06
 1.48440885e+03 3.47949660e-06
 1.48486236e+03 3.64348989e-06
 1.48531587e+03 3.81471181e-06
 1.48576938e+03 3.99345643e-06
 1.48622288e+03 4.18002862e-06
 1.48667639e+03 4.37474442e-06
 1.48712990e+03 4.57793140e-06
 1.48758341e+03 4.78992899e-06
 1.48803692e+03 5.01108891e-06
 1.48849042e+03 5.24177551e-06
 1.48894393e+03 5.48236618e-06
 1.48939744e+03 5.73325176e-06
 1.48985095e+03 5.99483694e-06
 1.49030445e+03 6.26754068e-06
 1.49075796e+03 6.55179667e-06
 1.49121147e+03 6.84805377e-06
 1.49166498e+03 7.15677641e-06
 1.49211849e+03 7.47844515e-06
 1.49257199e+03 7.81355707e-06
 1.49302550e+03 8.16262630e-06
 1.49347901e+03 8.52618451e-06
 1.49393252e+03 8.90478142e-06
 1.49438602e+03 9.29898533e-06
 1.49483953e+03 9.70938362e-06
 1.49529304e+03 1.01365833e-05
 1.49574655e+03 1.05812117e-05
 1.49620005e+03 1.10439167e-05
 1.49665356e+03 1.15253677e-05
 1.49710707e+03 1.20262559e-05
 1.49756058e+03 1.25472952e-05
 1.49801409e+03 1.30892225e-05
 1.49846759e+03 1.36527985e-05
 1.49892110e+03 1.42388084e-05
 1.49937461e+03 1.48480624e-05
 1.49982812e+03 1.54813964e-05
 1.50028162e+03 1.61396726e-05
 1.50073513e+03 1.68237805e-05
 1.50118864e+03 1.75346374e-05
 1.50164215e+03 1.82731887e-05
 1.50209566e+03 1.90404095e-05
 1.50254916e+03 1.98373045e-05
 1.50300267e+03 2.06649093e-05
 1.50345618e+03 2.15242909e-05
 1.50390969e+03 2.24165484e-05
 1.50436319e+03 2.33428143e-05
 1.50481670e+03 2.43042543e-05
 1.50527021e+03 2.53020693e-05
 1.50572372e+03 2.63374954e-05
 1.50617723e+03 2.74118048e-05
 1.50663073e+03 2.85263070e-05
 1.50708424e+03 2.96823496e-05
 1.50753775e+03 3.08813187e-05
 1.50799126e+03 3.21246403e-05
 1.50844476e+03 3.34137810e-05
 1.50889827e+03 3.47502489e-05
 1.50935178e+03 3.61355943e-05
 1.50980529e+03 3.75714112e-05
 1.51025879e+03 3.90593375e-05
 1.51071230e+03 4.06010565e-05
 1.51116581e+03 4.21982975e-05
 1.51161932e+03 4.38528370e-05
 1.51207283e+03 4.55664994e-05
 1.51252633e+03 4.73411584e-05
 1.51297984e+03 4.91787376e-05
 1.51343335e+03 5.10812115e-05
 1.51388686e+03 5.30506068e-05
 1.51434036e+03 5.50890031e-05
 1.51479387e+03 5.71985340e-05
 1.51524738e+03 5.93813883e-05
 1.51570089e+03 6.16398107e-05
 1.51615440e+03 6.39761032e-05
 1.51660790e+03 6.63926258e-05
 1.51706141e+03 6.88917977e-05
 1.51751492e+03 7.14760983e-05
 1.51796843e+03 7.41480683e-05
 1.51842193e+03 7.69103107e-05
 1.51887544e+03 7.97654920e-05
 1.51932895e+03 8.27163428e-05
 1.51978246e+03 8.57656595e-05
 1.52023597e+03 8.89163047e-05
 1.52068947e+03 9.21712089e-05
 1.52114298e+03 9.55333708e-05
 1.52159649e+03 9.90058591e-05
 1.52205000e+03 1.02591813e-04
 1.52250350e+03 1.06294444e-04
 1.52295701e+03 1.10117035e-04
 1.52341052e+03 1.14062944e-04
 1.52386403e+03 1.18135603e-04
 1.52431753e+03 1.22338521e-04
 1.52477104e+03 1.26675282e-04
 1.52522455e+03 1.31149550e-04
 1.52567806e+03 1.35765066e-04
 1.52613157e+03 1.40525651e-04
 1.52658507e+03 1.45435207e-04
 1.52703858e+03 1.50497718e-04
 1.52749209e+03 1.55717251e-04
 1.52794560e+03 1.61097956e-04
 1.52839910e+03 1.66644066e-04
 1.52885261e+03 1.72359902e-04
 1.52930612e+03 1.78249868e-04
 1.52975963e+03 1.84318459e-04
 1.53021314e+03 1.90570253e-04
 1.53066664e+03 1.97009921e-04
 1.53112015e+03 2.03642220e-04
 1.53157366e+03 2.10472000e-04
 1.53202717e+03 2.17504199e-04
 1.53248067e+03 2.24743849e-04
 1.53293418e+03 2.32196072e-04
 1.53338769e+03 2.39866084e-04
 1.53384120e+03 2.47759195e-04
 1.53429471e+03 2.55880806e-04
 1.53474821e+03 2.64236417e-04
 1.53520172e+03 2.72831618e-04
 1.53565523e+03 2.81672099e-04
 1.53610874e+03 2.90763642e-04
 1.53656224e+03 3.00112128e-04
 1.53701575e+03 3.09723532e-04
 1.53746926e+03 3.19603928e-04
 1.53792277e+03 3.29759485e-04
 1.53837627e+03 3.40196471e-04
 1.53882978e+03 3.50921251e-04
 1.53928329e+03 3.61940285e-04
 1.53973680e+03 3.73260134e-04
 1.54019031e+03 3.84887455e-04
 1.54064381e+03 3.96829000e-04
 1.54109732e+03 4.09091622e-04
 1.54155083e+03 4.21682269e-04
 1.54200434e+03 4.34607986e-04
 1.54245784e+03 4.47875915e-04
 1.54291135e+03 4.61493294e-04
 1.54336486e+03 4.75467455e-04
 1.54381837e+03 4.89805828e-04
 1.54427188e+03 5.04515935e-04
 1.54472538e+03 5.19605394e-04
 1.54517889e+03 5.35081915e-04
 1.54563240e+03 5.50953301e-04
 1.54608591e+03 5.67227447e-04
 1.54653941e+03 5.83912337e-04
 1.54699292e+03 6.01016047e-04
 1.54744643e+03 6.18546740e-04
 1.54789994e+03 6.36512667e-04
 1.54835345e+03 6.54922165e-04
 1.54880695e+03 6.73783656e-04
 1.54926046e+03 6.93105647e-04
 1.54971397e+03 7.12896723e-04
 1.55016748e+03 7.33165554e-04
 1.55062098e+03 7.53920886e-04
 1.55107449e+03 7.75171544e-04
 1.55152800e+03 7.96926425e-04
 1.55198151e+03 8.19194502e-04
 1.55243501e+03 8.41984820e-04
 1.55288852e+03 8.65306489e-04
 1.55334203e+03 8.89168691e-04
 1.55379554e+03 9.13580668e-04
 1.55424905e+03 9.38551728e-04
 1.55470255e+03 9.64091237e-04
 1.55515606e+03 9.90208618e-04
 1.55560957e+03 1.01691335e-03
 1.55606308e+03 1.04421496e-03
 1.55651658e+03 1.07212303e-03
 1.55697009e+03 1.10064718e-03
 1.55742360e+03 1.12979707e-03
 1.55787711e+03 1.15958243e-03
 1.55833062e+03 1.19001298e-03
 1.55878412e+03 1.22109851e-03
 1.55923763e+03 1.25284882e-03
 1.55969114e+03 1.28527373e-03
 1.56014465e+03 1.31838312e-03
 1.56059815e+03 1.35218684e-03
 1.56105166e+03 1.38669478e-03
 1.56150517e+03 1.42191684e-03
 1.56195868e+03 1.45786293e-03
 1.56241219e+03 1.49454295e-03
 1.56286569e+03 1.53196680e-03
 1.56331920e+03 1.57014438e-03
 1.56377271e+03 1.60908558e-03
 1.56422622e+03 1.64880027e-03
 1.56467972e+03 1.68929830e-03
 1.56513323e+03 1.73058950e-03
 1.56558674e+03 1.77268367e-03
 1.56604025e+03 1.81559056e-03
 1.56649376e+03 1.85931990e-03
 1.56694726e+03 1.90388137e-03
 1.56740077e+03 1.94928460e-03
 1.56785428e+03 1.99553915e-03
 1.56830779e+03 2.04265455e-03
 1.56876129e+03 2.09064023e-03
 1.56921480e+03 2.13950557e-03
 1.56966831e+03 2.18925986e-03
 1.57012182e+03 2.23991233e-03
 1.57057532e+03 2.29147208e-03
 1.57102883e+03 2.34394816e-03
 1.57148234e+03 2.39734949e-03
 1.57193585e+03 2.45168489e-03
 1.57238936e+03 2.50696306e-03
 1.57284286e+03 2.56319261e-03
 1.57329637e+03 2.62038199e-03
 1.57374988e+03 2.67853953e-03
 1.57420339e+03 2.73767343e-03
 1.57465689e+03 2.79779174e-03
 1.57511040e+03 2.85890236e-03
 1.57556391e+03 2.92101303e-03
 1.57601742e+03 2.98413132e-03
 1.57647093e+03 3.04826464e-03
 1.57692443e+03 3.11342023e-03
 1.57737794e+03 3.17960512e-03
 1.57783145e+03 3.24682618e-03
 1.57828496e+03 3.31509006e-03
 1.57873846e+03 3.38440321e-03
 1.57919197e+03 3.45477189e-03
 1.57964548e+03 3.52620211e-03
 1.58009899e+03 3.59869968e-03
 1.58055250e+03 3.67227016e-03
 1.58100600e+03 3.74691890e-03
 1.58145951e+03 3.82265097e-03
 1.58191302e+03 3.89947122e-03
 1.58236653e+03 3.97738423e-03
 1.58282003e+03 4.05639430e-03
 1.58327354e+03 4.13650548e-03
 1.58372705e+03 4.21772152e-03
 1.58418056e+03 4.30004592e-03
 1.58463406e+03 4.38348185e-03
 1.58508757e+03 4.46803221e-03
 1.58554108e+03 4.55369956e-03
 1.58599459e+03 4.64048619e-03
 1.58644810e+03 4.72839405e-03
 1.58690160e+03 4.81742476e-03
 1.58735511e+03 4.90757963e-03
 1.58780862e+03 4.99885960e-03
 1.58826213e+03 5.09126531e-03
 1.58871563e+03 5.18479701e-03
 1.58916914e+03 5.27945461e-03
 1.58962265e+03 5.37523767e-03
 1.59007616e+03 5.47214537e-03
 1.59052967e+03 5.57017652e-03
 1.59098317e+03 5.66932955e-03
 1.59143668e+03 5.76960251e-03
 1.59189019e+03 5.87099304e-03
 1.59234370e+03 5.97349842e-03
 1.59279720e+03 6.07711550e-03
 1.59325071e+03 6.18184074e-03
 1.59370422e+03 6.28767019e-03
 1.59415773e+03 6.39459947e-03
 1.59461124e+03 6.50262380e-03
 1.59506474e+03 6.61173796e-03
 1.59551825e+03 6.72193631e-03
 1.59597176e+03 6.83321277e-03
 1.59642527e+03 6.94556084e-03
 1.59687877e+03 7.05897357e-03
 1.59733228e+03 7.17344354e-03
 1.59778579e+03 7.28896294e-03
 1.59823930e+03 7.40552345e-03
 1.59869280e+03 7.52311634e-03
 1.59914631e+03 7.64173239e-03
 1.59959982e+03 7.76136194e-03
 1.60005333e+03 7.88199488e-03
 1.60050684e+03 8.00362060e-03
 1.60096034e+03 8.12622805e-03
 1.60141385e+03 8.24980571e-03
 1.60186736e+03 8.37434159e-03
 1.60232087e+03 8.49982321e-03
 1.60277437e+03 8.62623764e-03
 1.60322788e+03 8.75357148e-03
 1.60368139e+03 8.88181083e-03
 1.60413490e+03 9.01094134e-03
 1.60458841e+03 9.14094818e-03
 1.60504191e+03 9.27181604e-03
 1.60549542e+03 9.40352914e-03
 1.60594893e+03 9.53607123e-03
 1.60640244e+03 9.66942557e-03
 1.60685594e+03 9.80357498e-03
 1.60730945e+03 9.93850178e-03
 1.60776296e+03 1.00741878e-02
 1.60821647e+03 1.02106145e-02
 1.60866998e+03 1.03477628e-02
 1.60912348e+03 1.04856131e-02
 1.60957699e+03 1.06241455e-02
 1.61003050e+03 1.07633395e-02
 1.61048401e+03 1.09031742e-02
 1.61093751e+03 1.10436283e-02
 1.61139102e+03 1.11846799e-02
 1.61184453e+03 1.13263069e-02
 1.61229804e+03 1.14684865e-02
 1.61275154e+03 1.16111956e-02
 1.61320505e+03 1.17544107e-02
 1.61365856e+03 1.18981079e-02
 1.61411207e+03 1.20422627e-02
 1.61456558e+03 1.21868504e-02
 1.61501908e+03 1.23318457e-02
 1.61547259e+03 1.24772231e-02
 1.61592610e+03 1.26229565e-02
 1.61637961e+03 1.27690196e-02
 1.61683311e+03 1.29153857e-02
 1.61728662e+03 1.30620275e-02
 1.61774013e+03 1.32089177e-02
 1.61819364e+03 1.33560283e-02
 1.61864715e+03 1.35033311e-02
 1.61910065e+03 1.36507976e-02
 1.61955416e+03 1.37983990e-02
 1.62000767e+03 1.39461059e-02
 1.62046118e+03 1.40938890e-02
 1.62091468e+03 1.42417184e-02
 1.62136819e+03 1.43895639e-02
 1.62182170e+03 1.45373952e-02
 1.62227521e+03 1.46851816e-02
 1.62272872e+03 1.48328922e-02
 1.62318222e+03 1.49804957e-02
 1.62363573e+03 1.51279608e-02
 1.62408924e+03 1.52752557e-02
 1.62454275e+03 1.54223486e-02
 1.62499625e+03 1.55692074e-02
 1.62544976e+03 1.57157997e-02
 1.62590327e+03 1.58620931e-02
 1.62635678e+03 1.60080549e-02
 1.62681028e+03 1.61536523e-02
 1.62726379e+03 1.62988523e-02
 1.62771730e+03 1.64436217e-02
 1.62817081e+03 1.65879274e-02
 1.62862432e+03 1.67317360e-02
 1.62907782e+03 1.68750140e-02
 1.62953133e+03 1.70177279e-02
 1.62998484e+03 1.71598441e-02
 1.63043835e+03 1.73013288e-02
 1.63089185e+03 1.74421485e-02
 1.63134536e+03 1.75822692e-02
 1.63179887e+03 1.77216572e-02
 1.63225238e+03 1.78602787e-02
 1.63270589e+03 1.79981000e-02
 1.63315939e+03 1.81350873e-02
 1.63361290e+03 1.82712069e-02
 1.63406641e+03 1.84064250e-02
 1.63451992e+03 1.85407082e-02
 1.63497342e+03 1.86740228e-02
 1.63542693e+03 1.88063354e-02
 1.63588044e+03 1.89376126e-02
 1.63633395e+03 1.90678214e-02
 1.63678746e+03 1.91969284e-02
 1.63724096e+03 1.93249010e-02
 1.63769447e+03 1.94517062e-02
 1.63814798e+03 1.95773114e-02
 1.63860149e+03 1.97016844e-02
 1.63905499e+03 1.98247927e-02
 1.63950850e+03 1.99466046e-02
 1.63996201e+03 2.00670882e-02
 1.64041552e+03 2.01862121e-02
 1.64086902e+03 2.03039450e-02
 1.64132253e+03 2.04202559e-02
 1.64177604e+03 2.05351141e-02
 1.64222955e+03 2.06484894e-02
 1.64268306e+03 2.07603516e-02
 1.64313656e+03 2.08706709e-02
 1.64359007e+03 2.09794182e-02
 1.64404358e+03 2.10865642e-02
 1.64449709e+03 2.11920804e-02
 1.64495059e+03 2.12959384e-02
 1.64540410e+03 2.13981104e-02
 1.64585761e+03 2.14985689e-02
 1.64631112e+03 2.15972869e-02
 1.64676463e+03 2.16942377e-02
 1.64721813e+03 2.17893952e-02
 1.64767164e+03 2.18827336e-02
 1.64812515e+03 2.19742277e-02
 1.64857866e+03 2.20638527e-02
 1.64903216e+03 2.21515843e-02
 1.64948567e+03 2.22373988e-02
 1.64993918e+03 2.23212729e-02
 1.65039269e+03 2.24031838e-02
 1.65084620e+03 2.24831094e-02
 1.65129970e+03 2.25610279e-02
 1.65175321e+03 2.26369183e-02
 1.65220672e+03 2.27107600e-02
 1.65266023e+03 2.27825330e-02
 1.65311373e+03 2.28522179e-02
 1.65356724e+03 2.29197960e-02
 1.65402075e+03 2.29852489e-02
 1.65447426e+03 2.30485592e-02
 1.65492777e+03 2.31097099e-02
 1.65538127e+03 2.31686845e-02
 1.65583478e+03 2.32254674e-02
 1.65628829e+03 2.32800434e-02
 1.65674180e+03 2.33323981e-02
 1.65719530e+03 2.33825177e-02
 1.65764881e+03 2.34303891e-02
 1.65810232e+03 2.34759997e-02
 1.65855583e+03 2.35193378e-02
 1.65900933e+03 2.35603922e-02
 1.65946284e+03 2.35991524e-02
 1.65991635e+03 2.36356086e-02
 1.66036986e+03 2.36697519e-02
 1.66082337e+03 2.37015736e-02
 1.66127687e+03 2.37310661e-02
 1.66173038e+03 2.37582224e-02
 1.66218389e+03 2.37830362e-02
 1.66263740e+03 2.38055018e-02
 1.66309090e+03 2.38256143e-02
 1.66354441e+03 2.38433694e-02
 1.66399792e+03 2.38587637e-02
 1.66445143e+03 2.38717943e-02
 1.66490494e+03 2.38824591e-02
 1.66535844e+03 2.38907567e-02
 1.66581195e+03 2.38966865e-02
 1.66626546e+03 2.39002484e-02
 1.66671897e+03 2.39014431e-02
 1.66717247e+03 2.39002720e-02
 1.66762598e+03 2.38967374e-02
 1.66807949e+03 2.38908419e-02
 1.66853300e+03 2.38825891e-02
 1.66898651e+03 2.38719832e-02
 1.66944001e+03 2.38590292e-02
 1.66989352e+03 2.38437325e-02
 1.67034703e+03 2.38260995e-02
 1.67080054e+03 2.38061371e-02
 1.67125404e+03 2.37838530e-02
 1.67170755e+03 2.37592555e-02
 1.67216106e+03 2.37323535e-02
 1.67261457e+03 2.37031567e-02
 1.67306807e+03 2.36716754e-02
 1.67352158e+03 2.36379205e-02
 1.67397509e+03 2.36019035e-02
 1.67442860e+03 2.35636368e-02
 1.67488211e+03 2.35231332e-02
 1.67533561e+03 2.34804061e-02
 1.67578912e+03 2.34354697e-02
 1.67624263e+03 2.33883386e-02
 1.67669614e+03 2.33390282e-02
 1.67714964e+03 2.32875544e-02
 1.67760315e+03 2.32339336e-02
 1.67805666e+03 2.31781830e-02
 1.67851017e+03 2.31203201e-02
 1.67896368e+03 2.30603631e-02
 1.67941718e+03 2.29983308e-02
 1.67987069e+03 2.29342425e-02
 1.68032420e+03 2.28681180e-02
 1.68077771e+03 2.27999775e-02
 1.68123121e+03 2.27298419e-02
 1.68168472e+03 2.26577327e-02
 1.68213823e+03 2.25836714e-02
 1.68259174e+03 2.25076806e-02
 1.68304525e+03 2.24297830e-02
 1.68349875e+03 2.23500017e-02
 1.68395226e+03 2.22683604e-02
 1.68440577e+03 2.21848833e-02
 1.68485928e+03 2.20995948e-02
 1.68531278e+03 2.20125200e-02
 1.68576629e+03 2.19236840e-02
 1.68621980e+03 2.18331127e-02
 1.68667331e+03 2.17408321e-02
 1.68712681e+03 2.16468686e-02
 1.68758032e+03 2.15512491e-02
 1.68803383e+03 2.14540006e-02
 1.68848734e+03 2.13551507e-02
 1.68894085e+03 2.12547271e-02
 1.68939435e+03 2.11527578e-02
 1.68984786e+03 2.10492713e-02
 1.69030137e+03 2.09442960e-02
 1.69075488e+03 2.08378610e-02
 1.69120838e+03 2.07299953e-02
 1.69166189e+03 2.06207282e-02
 1.69211540e+03 2.05100895e-02
 1.69256891e+03 2.03981087e-02
 1.69302242e+03 2.02848161e-02
 1.69347592e+03 2.01702416e-02
 1.69392943e+03 2.00544156e-02
 1.69438294e+03 1.99373687e-02
 1.69483645e+03 1.98191315e-02
 1.69528995e+03 1.96997347e-02
 1.69574346e+03 1.95792091e-02
 1.69619697e+03 1.94575859e-02
 1.69665048e+03 1.93348961e-02
 1.69710399e+03 1.92111707e-02
 1.69755749e+03 1.90864412e-02
 1.69801100e+03 1.89607386e-02
 1.69846451e+03 1.88340944e-02
 1.69891802e+03 1.87065400e-02
 1.69937152e+03 1.85781065e-02
 1.69982503e+03 1.84488255e-02
 1.70027854e+03 1.83187283e-02
 1.70073205e+03 1.81878463e-02
 1.70118555e+03 1.80562107e-02
 1.70163906e+03 1.79238528e-02
 1.70209257e+03 1.77908038e-02
 1.70254608e+03 1.76570949e-02
 1.70299959e+03 1.75227572e-02
 1.70345309e+03 1.73878215e-02
 1.70390660e+03 1.72523189e-02
 1.70436011e+03 1.71162801e-02
 1.70481362e+03 1.69797356e-02
 1.70526712e+03 1.68427162e-02
 1.70572063e+03 1.67052520e-02
 1.70617414e+03 1.65673733e-02
 1.70662765e+03 1.64291103e-02
 1.70708116e+03 1.62904927e-02
 1.70753466e+03 1.61515502e-02
 1.70798817e+03 1.60123125e-02
 1.70844168e+03 1.58728087e-02
 1.70889519e+03 1.57330680e-02
 1.70934869e+03 1.55931193e-02
 1.70980220e+03 1.54529912e-02
 1.71025571e+03 1.53127121e-02
 1.71070922e+03 1.51723102e-02
 1.71116273e+03 1.50318133e-02
 1.71161623e+03 1.48912493e-02
 1.71206974e+03 1.47506453e-02
 1.71252325e+03 1.46100286e-02
 1.71297676e+03 1.44694259e-02
 1.71343026e+03 1.43288639e-02
 1.71388377e+03 1.41883686e-02
 1.71433728e+03 1.40479661e-02
 1.71479079e+03 1.39076820e-02
 1.71524429e+03 1.37675415e-02
 1.71569780e+03 1.36275697e-02
 1.71615131e+03 1.34877912e-02
 1.71660482e+03 1.33482302e-02
 1.71705833e+03 1.32089109e-02
 1.71751183e+03 1.30698568e-02
 1.71796534e+03 1.29310912e-02
 1.71841885e+03 1.27926369e-02
 1.71887236e+03 1.26545167e-02
 1.71932586e+03 1.25167527e-02
 1.71977937e+03 1.23793668e-02
 1.72023288e+03 1.22423803e-02
 1.72068639e+03 1.21058144e-02
 1.72113990e+03 1.19696899e-02
 1.72159340e+03 1.18340271e-02
 1.72204691e+03 1.16988458e-02
 1.72250042e+03 1.15641658e-02
 1.72295393e+03 1.14300061e-02
 1.72340743e+03 1.12963856e-02
 1.72386094e+03 1.11633226e-02
 1.72431445e+03 1.10308353e-02
 1.72476796e+03 1.08989411e-02
 1.72522147e+03 1.07676574e-02
 1.72567497e+03 1.06370008e-02
 1.72612848e+03 1.05069879e-02
 1.72658199e+03 1.03776347e-02
 1.72703550e+03 1.02489567e-02
 1.72748900e+03 1.01209693e-02
 1.72794251e+03 9.99368715e-03
 1.72839602e+03 9.86712476e-03
 1.72884953e+03 9.74129612e-03
 1.72930303e+03 9.61621486e-03
 1.72975654e+03 9.49189420e-03
 1.73021005e+03 9.36834695e-03
 1.73066356e+03 9.24558553e-03
 1.73111707e+03 9.12362199e-03
 1.73157057e+03 9.00246794e-03
 1.73202408e+03 8.88213463e-03
 1.73247759e+03 8.76263291e-03
 1.73293110e+03 8.64397322e-03
 1.73338460e+03 8.52616565e-03
 1.73383811e+03 8.40921986e-03
 1.73429162e+03 8.29314516e-03
 1.73474513e+03 8.17795046e-03
 1.73519864e+03 8.06364431e-03
 1.73565214e+03 7.95023486e-03
 1.73610565e+03 7.83772990e-03
 1.73655916e+03 7.72613685e-03
 1.73701267e+03 7.61546275e-03
 1.73746617e+03 7.50571429e-03
 1.73791968e+03 7.39689779e-03
 1.73837319e+03 7.28901922e-03
 1.73882670e+03 7.18208419e-03
 1.73928021e+03 7.07609796e-03
 1.73973371e+03 6.97106544e-03
 1.74018722e+03 6.86699120e-03
 1.74064073e+03 6.76387947e-03
 1.74109424e+03 6.66173415e-03
 1.74154774e+03 6.56055881e-03
 1.74200125e+03 6.46035667e-03
 1.74245476e+03 6.36113066e-03
 1.74290827e+03 6.26288337e-03
 1.74336178e+03 6.16561708e-03
 1.74381528e+03 6.06933376e-03
 1.74426879e+03 5.97403509e-03
 1.74472230e+03 5.87972243e-03
 1.74517581e+03 5.78639684e-03
 1.74562931e+03 5.69405912e-03
 1.74608282e+03 5.60270975e-03
 1.74653633e+03 5.51234895e-03
 1.74698984e+03 5.42297666e-03
 1.74744334e+03 5.33459253e-03
 1.74789685e+03 5.24719597e-03
 1.74835036e+03 5.16078611e-03
 1.74880387e+03 5.07536183e-03
 1.74925738e+03 4.99092175e-03
 1.74971088e+03 4.90746427e-03
 1.75016439e+03 4.82498751e-03
 1.75061790e+03 4.74348939e-03
 1.75107141e+03 4.66296756e-03
 1.75152491e+03 4.58341947e-03
 1.75197842e+03 4.50484236e-03
 1.75243193e+03 4.42723322e-03
 1.75288544e+03 4.35058885e-03
 1.75333895e+03 4.27490584e-03
 1.75379245e+03 4.20018058e-03
 1.75424596e+03 4.12640927e-03
 1.75469947e+03 4.05358790e-03
 1.75515298e+03 3.98171230e-03
 1.75560648e+03 3.91077810e-03
 1.75605999e+03 3.84078077e-03
 1.75651350e+03 3.77171559e-03
 1.75696701e+03 3.70357769e-03
 1.75742052e+03 3.63636204e-03
 1.75787402e+03 3.57006346e-03
 1.75832753e+03 3.50467659e-03
 1.75878104e+03 3.44019596e-03
 1.75923455e+03 3.37661594e-03
 1.75968805e+03 3.31393077e-03
 1.76014156e+03 3.25213456e-03
 1.76059507e+03 3.19122128e-03
 1.76104858e+03 3.13118481e-03
 1.76150208e+03 3.07201888e-03
 1.76195559e+03 3.01371713e-03
 1.76240910e+03 2.95627307e-03
 1.76286261e+03 2.89968014e-03
 1.76331612e+03 2.84393164e-03
 1.76376962e+03 2.78902082e-03
 1.76422313e+03 2.73494082e-03
 1.76467664e+03 2.68168467e-03
 1.76513015e+03 2.62924537e-03
 1.76558365e+03 2.57761580e-03
 1.76603716e+03 2.52678879e-03
 1.76649067e+03 2.47675710e-03
 1.76694418e+03 2.42751341e-03
 1.76739769e+03 2.37905036e-03
 1.76785119e+03 2.33136052e-03
 1.76830470e+03 2.28443641e-03
 1.76875821e+03 2.23827051e-03
 1.76921172e+03 2.19285525e-03
 1.76966522e+03 2.14818301e-03
 1.77011873e+03 2.10424614e-03
 1.77057224e+03 2.06103696e-03
 1.77102575e+03 2.01854776e-03
 1.77147926e+03 1.97677079e-03
 1.77193276e+03 1.93569829e-03
 1.77238627e+03 1.89532247e-03
 1.77283978e+03 1.85563554e-03
 1.77329329e+03 1.81662967e-03
 1.77374679e+03 1.77829704e-03
 1.77420030e+03 1.74062982e-03
 1.77465381e+03 1.70362016e-03
 1.77510732e+03 1.66726023e-03
 1.77556082e+03 1.63154218e-03
 1.77601433e+03 1.59645818e-03
 1.77646784e+03 1.56200040e-03
 1.77692135e+03 1.52816102e-03
 1.77737486e+03 1.49493223e-03
 1.77782836e+03 1.46230624e-03
 1.77828187e+03 1.43027528e-03
 1.77873538e+03 1.39883157e-03
 1.77918889e+03 1.36796740e-03
 1.77964239e+03 1.33767504e-03
 1.78009590e+03 1.30794681e-03
 1.78054941e+03 1.27877505e-03
 1.78100292e+03 1.25015213e-03
 1.78145643e+03 1.22207046e-03
 1.78190993e+03 1.19452248e-03
 1.78236344e+03 1.16750066e-03
 1.78281695e+03 1.14099750e-03
 1.78327046e+03 1.11500558e-03
 1.78372396e+03 1.08951746e-03
 1.78417747e+03 1.06452581e-03
 1.78463098e+03 1.04002328e-03
 1.78508449e+03 1.01600261e-03
 1.78553800e+03 9.92456579e-04
 1.78599150e+03 9.69378002e-04
 1.78644501e+03 9.46759755e-04
 1.78689852e+03 9.24594761e-04
 1.78735203e+03 9.02875998e-04
 1.78780553e+03 8.81596497e-04
 1.78825904e+03 8.60749344e-04
 1.78871255e+03 8.40327682e-04
 1.78916606e+03 8.20324709e-04
 1.78961956e+03 8.00733684e-04
 1.79007307e+03 7.81547924e-04
 1.79052658e+03 7.62760803e-04
 1.79098009e+03 7.44365760e-04
 1.79143360e+03 7.26356293e-04
 1.79188710e+03 7.08725962e-04
 1.79234061e+03 6.91468392e-04
 1.79279412e+03 6.74577270e-04
 1.79324763e+03 6.58046346e-04
 1.79370113e+03 6.41869437e-04
 1.79415464e+03 6.26040423e-04
 1.79460815e+03 6.10553252e-04
 1.79506166e+03 5.95401935e-04
 1.79551517e+03 5.80580552e-04
 1.79596867e+03 5.66083249e-04
 1.79642218e+03 5.51904237e-04
 1.79687569e+03 5.38037798e-04
 1.79732920e+03 5.24478279e-04
 1.79778270e+03 5.11220095e-04
 1.79823621e+03 4.98257729e-04
 1.79868972e+03 4.85585733e-04
 1.79914323e+03 4.73198725e-04
 1.79959674e+03 4.61091392e-04
 1.80005024e+03 4.49258491e-04
 1.80050375e+03 4.37694845e-04
 1.80095726e+03 4.26395345e-04
 1.80141077e+03 4.15354952e-04
 1.80186427e+03 4.04568693e-04
 1.80231778e+03 3.94031663e-04
 1.80277129e+03 3.83739026e-04
 1.80322480e+03 3.73686012e-04
 1.80367830e+03 3.63867920e-04
 1.80413181e+03 3.54280115e-04
 1.80458532e+03 3.44918028e-04
 1.80503883e+03 3.35777159e-04
 1.80549234e+03 3.26853072e-04
 1.80594584e+03 3.18141397e-04
 1.80639935e+03 3.09637832e-04
 1.80685286e+03 3.01338139e-04
 1.80730637e+03 2.93238144e-04
 1.80775987e+03 2.85333738e-04
 1.80821338e+03 2.77620877e-04
 1.80866689e+03 2.70095580e-04
 1.80912040e+03 2.62753930e-04
 1.80957391e+03 2.55592073e-04
 1.81002741e+03 2.48606215e-04
 1.81048092e+03 2.41792627e-04
 1.81093443e+03 2.35147640e-04
 1.81138794e+03 2.28667647e-04
 1.81184144e+03 2.22349099e-04
 1.81229495e+03 2.16188509e-04
 1.81274846e+03 2.10182448e-04
 1.81320197e+03 2.04327549e-04
 1.81365548e+03 1.98620498e-04
 1.81410898e+03 1.93058044e-04
 1.81456249e+03 1.87636989e-04
 1.81501600e+03 1.82354194e-04
 1.81546951e+03 1.77206574e-04
 1.81592301e+03 1.72191103e-04
 1.81637652e+03 1.67304805e-04
 1.81683003e+03 1.62544762e-04
 1.81728354e+03 1.57908107e-04
 1.81773704e+03 1.53392027e-04
 1.81819055e+03 1.48993762e-04
 1.81864406e+03 1.44710603e-04
 1.81909757e+03 1.40539892e-04
 1.81955108e+03 1.36479021e-04
 1.82000458e+03 1.32525433e-04
 1.82045809e+03 1.28676619e-04
 1.82091160e+03 1.24930119e-04
 1.82136511e+03 1.21283521e-04
 1.82181861e+03 1.17734461e-04
 1.82227212e+03 1.14280621e-04
 1.82272563e+03 1.10919727e-04
 1.82317914e+03 1.07649554e-04
 1.82363265e+03 1.04467920e-04
 1.82408615e+03 1.01372686e-04
 1.82453966e+03 9.83617585e-05
 1.82499317e+03 9.54330851e-05
 1.82544668e+03 9.25846565e-05
 1.82590018e+03 8.98145049e-05
 1.82635369e+03 8.71207032e-05
 1.82680720e+03 8.45013647e-05
 1.82726071e+03 8.19546424e-05
 1.82771422e+03 7.94787282e-05
 1.82816772e+03 7.70718527e-05
 1.82862123e+03 7.47322841e-05
 1.82907474e+03 7.24583279e-05
 1.82952825e+03 7.02483262e-05
 1.82998175e+03 6.81006571e-05
 1.83043526e+03 6.60137342e-05
 1.83088877e+03 6.39860057e-05
 1.83134228e+03 6.20159543e-05
 1.83179579e+03 6.01020960e-05
 1.83224929e+03 5.82429802e-05
 1.83270280e+03 5.64371886e-05
 1.83315631e+03 5.46833348e-05
 1.83360982e+03 5.29800638e-05
 1.83406332e+03 5.13260513e-05
 1.83451683e+03 4.97200034e-05
 1.83497034e+03 4.81606557e-05
 1.83542385e+03 4.66467731e-05
 1.83587735e+03 4.51771490e-05
 1.83633086e+03 4.37506048e-05
 1.83678437e+03 4.23659896e-05
 1.83723788e+03 4.10221795e-05
 1.83769139e+03 3.97180769e-05
 1.83814489e+03 3.84526105e-05
 1.83859840e+03 3.72247342e-05
 1.83905191e+03 3.60334272e-05
 1.83950542e+03 3.48776929e-05
 1.83995892e+03 3.37565590e-05
 1.84041243e+03 3.26690765e-05
 1.84086594e+03 3.16143198e-05
 1.84131945e+03 3.05913855e-05
 1.84177296e+03 2.95993927e-05
 1.84222646e+03 2.86374820e-05
 1.84267997e+03 2.77048153e-05
 1.84313348e+03 2.68005754e-05
 1.84358699e+03 2.59239654e-05
 1.84404049e+03 2.50742082e-05
 1.84449400e+03 2.42505466e-05
 1.84494751e+03 2.34522423e-05
 1.84540102e+03 2.26785756e-05
 1.84585453e+03 2.19288452e-05
 1.84630803e+03 2.12023679e-05
 1.84676154e+03 2.04984778e-05
 1.84721505e+03 1.98165263e-05
 1.84766856e+03 1.91558812e-05
 1.84812206e+03 1.85159272e-05
 1.84857557e+03 1.78960648e-05
 1.84902908e+03 1.72957100e-05
 1.84948259e+03 1.67142944e-05
 1.84993609e+03 1.61512644e-05
 1.85038960e+03 1.56060812e-05
 1.85084311e+03 1.50782200e-05
 1.85129662e+03 1.45671702e-05
 1.85175013e+03 1.40724349e-05
 1.85220363e+03 1.35935303e-05
 1.85265714e+03 1.31299859e-05
 1.85311065e+03 1.26813436e-05
 1.85356416e+03 1.22471580e-05
 1.85401766e+03 1.18269956e-05
 1.85447117e+03 1.14204348e-05
 1.85492468e+03 1.10270657e-05
 1.85537819e+03 1.06464895e-05
 1.85583170e+03 1.02783184e-05
 1.85628520e+03 9.92217545e-06
 1.85673871e+03 9.57769403e-06
 1.85719222e+03 9.24451784e-06
 1.85764573e+03 8.92230051e-06
 1.85809923e+03 8.61070537e-06
 1.85855274e+03 8.30940525e-06
 1.85900625e+03 8.01808221e-06
 1.85945976e+03 7.73642732e-06
 1.85991327e+03 7.46414042e-06
 1.86036677e+03 7.20092993e-06
 1.86082028e+03 6.94651260e-06
 1.86127379e+03 6.70061330e-06
 1.86172730e+03 6.46296484e-06
 1.86218080e+03 6.23330774e-06
 1.86263431e+03 6.01139004e-06
 1.86308782e+03 5.79696709e-06
 1.86354133e+03 5.58980140e-06
 1.86399483e+03 5.38966240e-06
 1.86444834e+03 5.19632630e-06
 1.86490185e+03 5.00957589e-06
 1.86535536e+03 4.82920037e-06
 1.86580887e+03 4.65499518e-06
 1.86626237e+03 4.48676183e-06
 1.86671588e+03 4.32430777e-06
 1.86716939e+03 4.16744617e-06
 1.86762290e+03 4.01599581e-06
 1.86807640e+03 3.86978091e-06
 1.86852991e+03 3.72863100e-06
 1.86898342e+03 3.59238075e-06
 1.86943693e+03 3.46086986e-06
 1.86989044e+03 3.33394289e-06
 1.87034394e+03 3.21144914e-06
 1.87079745e+03 3.09324251e-06
 1.87125096e+03 2.97918141e-06
 1.87170447e+03 2.86912857e-06
 1.87215797e+03 2.76295097e-06
 1.87261148e+03 2.66051971e-06
 1.87306499e+03 2.56170988e-06
 1.87351850e+03 2.46640045e-06
 1.87397201e+03 2.37447417e-06
 1.87442551e+03 2.28581746e-06
 1.87487902e+03 2.20032029e-06
 1.87533253e+03 2.11787610e-06
 1.87578604e+03 2.03838169e-06
 1.87623954e+03 1.96173712e-06
 1.87669305e+03 1.88784561e-06
 1.87714656e+03 1.81661347e-06
 1.87760007e+03 1.74794999e-06
 1.87805357e+03 1.68176735e-06
 1.87850708e+03 1.61798056e-06
 1.87896059e+03 1.55650735e-06
 1.87941410e+03 1.49726810e-06
 1.87986761e+03 1.44018575e-06
 1.88032111e+03 1.38518577e-06
 1.88077462e+03 1.33219600e-06
 1.88122813e+03 1.28114667e-06
 1.88168164e+03 1.23197027e-06
 1.88213514e+03 1.18460148e-06
 1.88258865e+03 1.13897716e-06
 1.88304216e+03 1.09503621e-06
 1.88349567e+03 1.05271957e-06
 1.88394918e+03 1.01197011e-06
 1.88440268e+03 9.72732609e-07
 1.88485619e+03 9.34953666e-07
 1.88530970e+03 8.98581666e-07
 1.88576321e+03 8.63566712e-07
 1.88621671e+03 8.29860578e-07
 1.88667022e+03 7.97416654e-07
 1.88712373e+03 7.66189897e-07
 1.88757724e+03 7.36136781e-07
 1.88803075e+03 7.07215250e-07
 1.88848425e+03 6.79384671e-07
 1.88893776e+03 6.52605792e-07
 1.88939127e+03 6.26840694e-07
 1.88984478e+03 6.02052750e-07
 1.89029828e+03 5.78206588e-07
 1.89075179e+03 5.55268045e-07
 1.89120530e+03 5.33204131e-07
 1.89165881e+03 5.11982993e-07
 1.89211231e+03 4.91573875e-07
 1.89256582e+03 4.71947085e-07
 1.89301933e+03 4.53073960e-07
 1.89347284e+03 4.34926832e-07
 1.89392635e+03 4.17478997e-07
 1.89437985e+03 4.00704683e-07
 1.89483336e+03 3.84579016e-07
 1.89528687e+03 3.69077998e-07
 1.89574038e+03 3.54178472e-07
 1.89619388e+03 3.39858095e-07
 1.89664739e+03 3.26095315e-07
 1.89710090e+03 3.12869339e-07
 1.89755441e+03 3.00160115e-07
 1.89800792e+03 2.87948298e-07
 1.89846142e+03 2.76215236e-07
 1.89891493e+03 2.64942940e-07
 1.89936844e+03 2.54114065e-07
 1.89982195e+03 2.43711887e-07
 1.90027545e+03 2.33720282e-07
 1.90072896e+03 2.24123707e-07
 1.90118247e+03 2.14907179e-07
 1.90163598e+03 2.06056257e-07
 1.90208949e+03 1.97557021e-07
 1.90254299e+03 1.89396059e-07
 1.90299650e+03 1.81560444e-07
 1.90345001e+03 1.74037722e-07
 1.90390352e+03 1.66815893e-07
 1.90435702e+03 1.59883396e-07
 1.90481053e+03 1.53229094e-07
 1.90526404e+03 1.46842260e-07
 1.90571755e+03 1.40712560e-07
 1.90617105e+03 1.34830042e-07
 1.90662456e+03 1.29185124e-07
 1.90707807e+03 1.23768577e-07
 1.90753158e+03 1.18571515e-07
 1.90798509e+03 1.13585381e-07
 1.90843859e+03 1.08801940e-07
 1.90889210e+03 1.04213263e-07
 1.90934561e+03 9.98117165e-08
 1.90979912e+03 9.55899549e-08
 1.91025262e+03 9.15409079e-08
 1.91070613e+03 8.76577715e-08
 1.91115964e+03 8.39339982e-08
 1.91161315e+03 8.03632881e-08
 1.91206666e+03 7.69395797e-08
 1.91252016e+03 7.36570415e-08
 1.91297367e+03 7.05100636e-08
 1.91342718e+03 6.74932500e-08
 1.91388069e+03 6.46014103e-08
 1.91433419e+03 6.18295527e-08
 1.91478770e+03 5.91728766e-08
 1.91524121e+03 5.66267658e-08
 1.91569472e+03 5.41867812e-08
 1.91614823e+03 5.18486552e-08
 1.91660173e+03 4.96082845e-08
 1.91705524e+03 4.74617247e-08
 1.91750875e+03 4.54051843e-08
 1.91796226e+03 4.34350187e-08
 1.91841576e+03 4.15477253e-08
 1.91886927e+03 3.97399378e-08
 1.91932278e+03 3.80084212e-08
 1.91977629e+03 3.63500673e-08
