 2.89454292e+02 1.41452918e-07
 2.89547726e+02 1.49265464e-07
 2.89641160e+02 1.57476022e-07
 2.89734594e+02 1.66109783e-07
 2.89828028e+02 1.75191937e-07
 2.89921463e+02 1.84747676e-07
 2.90014897e+02 1.94802192e-07
 2.90108331e+02 2.05380674e-07
 2.90201765e+02 2.16508314e-07
 2.90295199e+02 2.28210304e-07
 2.90388633e+02 2.40511888e-07
 2.90482067e+02 2.53441223e-07
 2.90575501e+02 2.67030792e-07
 2.90668935e+02 2.81313430e-07
 2.90762369e+02 2.96321973e-07
 2.90855803e+02 3.12089428e-07
 2.90949237e+02 3.28652386e-07
 2.91042671e+02 3.46050806e-07
 2.91136105e+02 3.64324776e-07
 2.91229539e+02 3.83514387e-07
 2.91322973e+02 4.03660256e-07
 2.91416407e+02 4.24808503e-07
 2.91509841e+02 4.47008509e-07
 2.91603275e+02 4.70309698e-07
 2.91696710e+02 4.94761494e-07
 2.91790144e+02 5.20414552e-07
 2.91883578e+02 5.47326774e-07
 2.91977012e+02 5.75558700e-07
 2.92070446e+02 6.05170875e-07
 2.92163880e+02 6.36223844e-07
 2.92257314e+02 6.68780718e-07
 2.92350748e+02 7.02913519e-07
 2.92444182e+02 7.38696201e-07
 2.92537616e+02 7.76202721e-07
 2.92631050e+02 8.15507062e-07
 2.92724484e+02 8.56687971e-07
 2.92817918e+02 8.99834193e-07
 2.92911352e+02 9.45035735e-07
 2.93004786e+02 9.92382604e-07
 2.93098220e+02 1.04196501e-06
 2.93191654e+02 1.09388104e-06
 2.93285088e+02 1.14823917e-06
 2.93378523e+02 1.20514855e-06
 2.93471957e+02 1.26471835e-06
 2.93565391e+02 1.32705843e-06
 2.93658825e+02 1.39229053e-06
 2.93752259e+02 1.46054630e-06
 2.93845693e+02 1.53195764e-06
 2.93939127e+02 1.60665648e-06
 2.94032561e+02 1.68477662e-06
 2.94125995e+02 1.76646826e-06
 2.94219429e+02 1.85189022e-06
 2.94312863e+02 1.94120136e-06
 2.94406297e+02 2.03456055e-06
 2.94499731e+02 2.13213080e-06
 2.94593165e+02 2.23409607e-06
 2.94686599e+02 2.34064701e-06
 2.94780033e+02 2.45197428e-06
 2.94873467e+02 2.56826852e-06
 2.94966901e+02 2.68972851e-06
 2.95060335e+02 2.81657760e-06
 2.95153770e+02 2.94904376e-06
 2.95247204e+02 3.08735493e-06
 2.95340638e+02 3.23173924e-06
 2.95434072e+02 3.38243908e-06
 2.95527506e+02 3.53972322e-06
 2.95620940e+02 3.70386326e-06
 2.95714374e+02 3.87513084e-06
 2.95807808e+02 4.05379828e-06
 2.95901242e+02 4.24016048e-06
 2.95994676e+02 4.43453842e-06
 2.96088110e+02 4.63725458e-06
 2.96181544e+02 4.84863141e-06
 2.96274978e+02 5.06899368e-06
 2.96368412e+02 5.29869854e-06
 2.96461846e+02 5.53812688e-06
 2.96555280e+02 5.78766016e-06
 2.96648714e+02 6.04767982e-06
 2.96742148e+02 6.31857297e-06
 2.96835583e+02 6.60076950e-06
 2.96929017e+02 6.89471892e-06
 2.97022451e+02 7.20087082e-06
 2.97115885e+02 7.51967481e-06
 2.97209319e+02 7.85159229e-06
 2.97302753e+02 8.19713687e-06
 2.97396187e+02 8.55683654e-06
 2.97489621e+02 8.93121932e-06
 2.97583055e+02 9.32081324e-06
 2.97676489e+02 9.72616844e-06
 2.97769923e+02 1.01478933e-05
 2.97863357e+02 1.05866055e-05
 2.97956791e+02 1.10429230e-05
 2.98050225e+02 1.15174642e-05
 2.98143659e+02 1.20108840e-05
 2.98237093e+02 1.25238973e-05
 2.98330527e+02 1.30572244e-05
 2.98423961e+02 1.36115854e-05
 2.98517395e+02 1.41877030e-05
 2.98610830e+02 1.47863547e-05
 2.98704264e+02 1.54083744e-05
 2.98797698e+02 1.60545988e-05
 2.98891132e+02 1.67258645e-05
 2.98984566e+02 1.74230143e-05
 2.99078000e+02 1.81469668e-05
 2.99171434e+02 1.88986890e-05
 2.99264868e+02 1.96791491e-05
 2.99358302e+02 2.04893151e-05
 2.99451736e+02 2.13301696e-05
 2.99545170e+02 2.22027904e-05
 2.99638604e+02 2.31082934e-05
 2.99732038e+02 2.40477945e-05
 2.99825472e+02 2.50224098e-05
 2.99918906e+02 2.60332839e-05
 3.00012340e+02 2.70816722e-05
 3.00105774e+02 2.81688562e-05
 3.00199208e+02 2.92961178e-05
 3.00292643e+02 3.04647387e-05
 3.00386077e+02 3.16760516e-05
 3.00479511e+02 3.29315066e-05
 3.00572945e+02 3.42325699e-05
 3.00666379e+02 3.55807079e-05
 3.00759813e+02 3.69773886e-05
 3.00853247e+02 3.84241599e-05
 3.00946681e+02 3.99226841e-05
 3.01040115e+02 4.14746324e-05
 3.01133549e+02 4.30816760e-05
 3.01226983e+02 4.47454920e-05
 3.01320417e+02 4.64678708e-05
 3.01413851e+02 4.82507060e-05
 3.01507285e+02 5.00958948e-05
 3.01600719e+02 5.20053343e-05
 3.01694153e+02 5.39809367e-05
 3.01787587e+02 5.60247620e-05
 3.01881021e+02 5.81389544e-05
 3.01974455e+02 6.03256594e-05
 3.02067890e+02 6.25870222e-05
 3.02161324e+02 6.49252196e-05
 3.02254758e+02 6.73426058e-05
 3.02348192e+02 6.98415968e-05
 3.02441626e+02 7.24246090e-05
 3.02535060e+02 7.50940586e-05
 3.02628494e+02 7.78524203e-05
 3.02721928e+02 8.07023639e-05
 3.02815362e+02 8.36465999e-05
 3.02908796e+02 8.66878386e-05
 3.03002230e+02 8.98287909e-05
 3.03095664e+02 9.30722651e-05
 3.03189098e+02 9.64212654e-05
 3.03282532e+02 9.98788197e-05
 3.03375966e+02 1.03447956e-04
 3.03469400e+02 1.07131705e-04
 3.03562834e+02 1.10933244e-04
 3.03656268e+02 1.14855928e-04
 3.03749703e+02 1.18903126e-04
 3.03843137e+02 1.23078207e-04
 3.03936571e+02 1.27384551e-04
 3.04030005e+02 1.31825731e-04
 3.04123439e+02 1.36405475e-04
 3.04216873e+02 1.41127514e-04
 3.04310307e+02 1.45995579e-04
 3.04403741e+02 1.51013430e-04
 3.04497175e+02 1.56185063e-04
 3.04590609e+02 1.61514594e-04
 3.04684043e+02 1.67006138e-04
 3.04777477e+02 1.72663811e-04
 3.04870911e+02 1.78491784e-04
 3.04964345e+02 1.84494496e-04
 3.05057779e+02 1.90676466e-04
 3.05151213e+02 1.97042214e-04
 3.05244647e+02 2.03596260e-04
 3.05338081e+02 2.10343220e-04
 3.05431516e+02 2.17287985e-04
 3.05524950e+02 2.24435497e-04
 3.05618384e+02 2.31790697e-04
 3.05711818e+02 2.39358527e-04
 3.05805252e+02 2.47144078e-04
 3.05898686e+02 2.55152699e-04
 3.05992120e+02 2.63389769e-04
 3.06085554e+02 2.71860664e-04
 3.06178988e+02 2.80570768e-04
 3.06272422e+02 2.89525667e-04
 3.06365856e+02 2.98731173e-04
 3.06459290e+02 3.08193110e-04
 3.06552724e+02 3.17917301e-04
 3.06646158e+02 3.27909590e-04
 3.06739592e+02 3.38176069e-04
 3.06833026e+02 3.48723013e-04
 3.06926460e+02 3.59556698e-04
 3.07019894e+02 3.70683400e-04
 3.07113328e+02 3.82109436e-04
 3.07206763e+02 3.93841408e-04
 3.07300197e+02 4.05886048e-04
 3.07393631e+02 4.18250086e-04
 3.07487065e+02 4.30940251e-04
 3.07580499e+02 4.43963347e-04
 3.07673933e+02 4.57326473e-04
 3.07767367e+02 4.71036809e-04
 3.07860801e+02 4.85101535e-04
 3.07954235e+02 4.99527832e-04
 3.08047669e+02 5.14322992e-04
 3.08141103e+02 5.29494587e-04
 3.08234537e+02 5.45050237e-04
 3.08327971e+02 5.60997559e-04
 3.08421405e+02 5.77344173e-04
 3.08514839e+02 5.94097854e-04
 3.08608273e+02 6.11266618e-04
 3.08701707e+02 6.28858502e-04
 3.08795141e+02 6.46881542e-04
 3.08888576e+02 6.65343784e-04
 3.08982010e+02 6.84253460e-04
 3.09075444e+02 7.03618994e-04
 3.09168878e+02 7.23448811e-04
 3.09262312e+02 7.43751341e-04
 3.09355746e+02 7.64535032e-04
 3.09449180e+02 7.85808535e-04
 3.09542614e+02 8.07580634e-04
 3.09636048e+02 8.29860112e-04
 3.09729482e+02 8.52655753e-04
 3.09822916e+02 8.75976373e-04
 3.09916350e+02 8.99830989e-04
 3.10009784e+02 9.24228694e-04
 3.10103218e+02 9.49178581e-04
 3.10196652e+02 9.74689745e-04
 3.10290086e+02 1.00077132e-03
 3.10383520e+02 1.02743263e-03
 3.10476954e+02 1.05468301e-03
 3.10570388e+02 1.08253180e-03
 3.10663823e+02 1.11098837e-03
 3.10757257e+02 1.14006210e-03
 3.10850691e+02 1.16976253e-03
 3.10944125e+02 1.20009917e-03
 3.11037559e+02 1.23108158e-03
 3.11130993e+02 1.26271928e-03
 3.11224427e+02 1.29502185e-03
 3.11317861e+02 1.32799894e-03
 3.11411295e+02 1.36166020e-03
 3.11504729e+02 1.39601526e-03
 3.11598163e+02 1.43107378e-03
 3.11691597e+02 1.46684541e-03
 3.11785031e+02 1.50333982e-03
 3.11878465e+02 1.54056668e-03
 3.11971899e+02 1.57853565e-03
 3.12065333e+02 1.61725641e-03
 3.12158767e+02 1.65673857e-03
 3.12252201e+02 1.69699172e-03
 3.12345636e+02 1.73802545e-03
 3.12439070e+02 1.77984936e-03
 3.12532504e+02 1.82247302e-03
 3.12625938e+02 1.86590588e-03
 3.12719372e+02 1.91015734e-03
 3.12812806e+02 1.95523681e-03
 3.12906240e+02 2.00115370e-03
 3.12999674e+02 2.04791735e-03
 3.13093108e+02 2.09553691e-03
 3.13186542e+02 2.14402149e-03
 3.13279976e+02 2.19338018e-03
 3.13373410e+02 2.24362209e-03
 3.13466844e+02 2.29475619e-03
 3.13560278e+02 2.34679118e-03
 3.13653712e+02 2.39973573e-03
 3.13747146e+02 2.45359852e-03
 3.13840580e+02 2.50838821e-03
 3.13934014e+02 2.56411322e-03
 3.14027448e+02 2.62078167e-03
 3.14120883e+02 2.67840167e-03
 3.14214317e+02 2.73698133e-03
 3.14307751e+02 2.79652872e-03
 3.14401185e+02 2.85705154e-03
 3.14494619e+02 2.91855720e-03
 3.14588053e+02 2.98105309e-03
 3.14681487e+02 3.04454660e-03
 3.14774921e+02 3.10904506e-03
 3.14868355e+02 3.17455527e-03
 3.14961789e+02 3.24108376e-03
 3.15055223e+02 3.30863708e-03
 3.15148657e+02 3.37722175e-03
 3.15242091e+02 3.44684418e-03
 3.15335525e+02 3.51751008e-03
 3.15428959e+02 3.58922498e-03
 3.15522393e+02 3.66199440e-03
 3.15615827e+02 3.73582388e-03
 3.15709261e+02 3.81071867e-03
 3.15802696e+02 3.88668326e-03
 3.15896130e+02 3.96372201e-03
 3.15989564e+02 4.04183928e-03
 3.16082998e+02 4.12103945e-03
 3.16176432e+02 4.20132640e-03
 3.16269866e+02 4.28270327e-03
 3.16363300e+02 4.36517309e-03
 3.16456734e+02 4.44873893e-03
 3.16550168e+02 4.53340380e-03
 3.16643602e+02 4.61917004e-03
 3.16737036e+02 4.70603929e-03
 3.16830470e+02 4.79401312e-03
 3.16923904e+02 4.88309312e-03
 3.17017338e+02 4.97328079e-03
 3.17110772e+02 5.06457675e-03
 3.17204206e+02 5.15698098e-03
 3.17297640e+02 5.25049346e-03
 3.17391074e+02 5.34511416e-03
 3.17484508e+02 5.44084290e-03
 3.17577943e+02 5.53767838e-03
 3.17671377e+02 5.63561884e-03
 3.17764811e+02 5.73466251e-03
 3.17858245e+02 5.83480762e-03
 3.17951679e+02 5.93605210e-03
 3.18045113e+02 6.03839263e-03
 3.18138547e+02 6.14182557e-03
 3.18231981e+02 6.24634729e-03
 3.18325415e+02 6.35195415e-03
 3.18418849e+02 6.45864199e-03
 3.18512283e+02 6.56640539e-03
 3.18605717e+02 6.67523874e-03
 3.18699151e+02 6.78513643e-03
 3.18792585e+02 6.89609282e-03
 3.18886019e+02 7.00810151e-03
 3.18979453e+02 7.12115491e-03
 3.19072887e+02 7.23524533e-03
 3.19166321e+02 7.35036509e-03
 3.19259756e+02 7.46650646e-03
 3.19353190e+02 7.58366064e-03
 3.19446624e+02 7.70181785e-03
 3.19540058e+02 7.82096824e-03
 3.19633492e+02 7.94110200e-03
 3.19726926e+02 8.06220917e-03
 3.19820360e+02 8.18427849e-03
 3.19913794e+02 8.30729796e-03
 3.20007228e+02 8.43125553e-03
 3.20100662e+02 8.55613918e-03
 3.20194096e+02 8.68193662e-03
 3.20287530e+02 8.80863414e-03
 3.20380964e+02 8.93621748e-03
 3.20474398e+02 9.06467236e-03
 3.20567832e+02 9.19398453e-03
 3.20661266e+02 9.32413931e-03
 3.20754700e+02 9.45512053e-03
 3.20848134e+02 9.58691169e-03
 3.20941568e+02 9.71949629e-03
 3.21035003e+02 9.85285784e-03
 3.21128437e+02 9.98697919e-03
 3.21221871e+02 1.01218418e-02
 3.21315305e+02 1.02574270e-02
 3.21408739e+02 1.03937160e-02
 3.21502173e+02 1.05306902e-02
 3.21595607e+02 1.06683299e-02
 3.21689041e+02 1.08066143e-02
 3.21782475e+02 1.09455226e-02
 3.21875909e+02 1.10850339e-02
 3.21969343e+02 1.12251273e-02
 3.22062777e+02 1.13657808e-02
 3.22156211e+02 1.15069715e-02
 3.22249645e+02 1.16486763e-02
 3.22343079e+02 1.17908725e-02
 3.22436513e+02 1.19335369e-02
 3.22529947e+02 1.20766452e-02
 3.22623381e+02 1.22201726e-02
 3.22716816e+02 1.23640942e-02
 3.22810250e+02 1.25083850e-02
 3.22903684e+02 1.26530199e-02
 3.22997118e+02 1.27979725e-02
 3.23090552e+02 1.29432162e-02
 3.23183986e+02 1.30887243e-02
 3.23277420e+02 1.32344699e-02
 3.23370854e+02 1.33804260e-02
 3.23464288e+02 1.35265645e-02
 3.23557722e+02 1.36728569e-02
 3.23651156e+02 1.38192749e-02
 3.23744590e+02 1.39657901e-02
 3.23838024e+02 1.41123736e-02
 3.23931458e+02 1.42589958e-02
 3.24024892e+02 1.44056267e-02
 3.24118326e+02 1.45522366e-02
 3.24211760e+02 1.46987955e-02
 3.24305194e+02 1.48452732e-02
 3.24398628e+02 1.49916385e-02
 3.24492063e+02 1.51378605e-02
 3.24585497e+02 1.52839080e-02
 3.24678931e+02 1.54297500e-02
 3.24772365e+02 1.55753548e-02
 3.24865799e+02 1.57206905e-02
 3.24959233e+02 1.58657248e-02
 3.25052667e+02 1.60104259e-02
 3.25146101e+02 1.61547617e-02
 3.25239535e+02 1.62986995e-02
 3.25332969e+02 1.64422067e-02
 3.25426403e+02 1.65852504e-02
 3.25519837e+02 1.67277980e-02
 3.25613271e+02 1.68698166e-02
 3.25706705e+02 1.70112732e-02
 3.25800139e+02 1.71521346e-02
 3.25893573e+02 1.72923676e-02
 3.25987007e+02 1.74319390e-02
 3.26080441e+02 1.75708157e-02
 3.26173876e+02 1.77089643e-02
 3.26267310e+02 1.78463517e-02
 3.26360744e+02 1.79829445e-02
 3.26454178e+02 1.81187094e-02
 3.26547612e+02 1.82536133e-02
 3.26641046e+02 1.83876230e-02
 3.26734480e+02 1.85207055e-02
 3.26827914e+02 1.86528276e-02
 3.26921348e+02 1.87839564e-02
 3.27014782e+02 1.89140589e-02
 3.27108216e+02 1.90431026e-02
 3.27201650e+02 1.91710549e-02
 3.27295084e+02 1.92978834e-02
 3.27388518e+02 1.94235554e-02
 3.27481952e+02 1.95480389e-02
 3.27575386e+02 1.96713022e-02
 3.27668820e+02 1.97933136e-02
 3.27762254e+02 1.99140414e-02
 3.27855688e+02 2.00334539e-02
 3.27949123e+02 2.01515203e-02
 3.28042557e+02 2.02682101e-02
 3.28135991e+02 2.03834927e-02
 3.28229425e+02 2.04973375e-02
 3.28322859e+02 2.06097142e-02
 3.28416293e+02 2.07205937e-02
 3.28509727e+02 2.08299466e-02
 3.28603161e+02 2.09377441e-02
 3.28696595e+02 2.10439570e-02
 3.28790029e+02 2.11485568e-02
 3.28883463e+02 2.12515159e-02
 3.28976897e+02 2.13528072e-02
 3.29070331e+02 2.14524033e-02
 3.29163765e+02 2.15502769e-02
 3.29257199e+02 2.16464016e-02
 3.29350633e+02 2.17407520e-02
 3.29444067e+02 2.18333030e-02
 3.29537501e+02 2.19240294e-02
 3.29630936e+02 2.20129059e-02
 3.29724370e+02 2.20999085e-02
 3.29817804e+02 2.21850144e-02
 3.29911238e+02 2.22682007e-02
 3.30004672e+02 2.23494445e-02
 3.30098106e+02 2.24287230e-02
 3.30191540e+02 2.25060151e-02
 3.30284974e+02 2.25813004e-02
 3.30378408e+02 2.26545587e-02
 3.30471842e+02 2.27257696e-02
 3.30565276e+02 2.27949131e-02
 3.30658710e+02 2.28619712e-02
 3.30752144e+02 2.29269262e-02
 3.30845578e+02 2.29897607e-02
 3.30939012e+02 2.30504571e-02
 3.31032446e+02 2.31089985e-02
 3.31125880e+02 2.31653701e-02
 3.31219314e+02 2.32195571e-02
 3.31312748e+02 2.32715452e-02
 3.31406183e+02 2.33213198e-02
 3.31499617e+02 2.33688672e-02
 3.31593051e+02 2.34141760e-02
 3.31686485e+02 2.34572345e-02
 3.31779919e+02 2.34980315e-02
 3.31873353e+02 2.35365555e-02
 3.31966787e+02 2.35727966e-02
 3.32060221e+02 2.36067465e-02
 3.32153655e+02 2.36383969e-02
 3.32247089e+02 2.36677398e-02
 3.32340523e+02 2.36947671e-02
 3.32433957e+02 2.37194724e-02
 3.32527391e+02 2.37418508e-02
 3.32620825e+02 2.37618976e-02
 3.32714259e+02 2.37796078e-02
 3.32807693e+02 2.37949769e-02
 3.32901127e+02 2.38080022e-02
 3.32994561e+02 2.38186824e-02
 3.33087996e+02 2.38270158e-02
 3.33181430e+02 2.38330010e-02
 3.33274864e+02 2.38366370e-02
 3.33368298e+02 2.38379249e-02
 3.33461732e+02 2.38368665e-02
 3.33555166e+02 2.38334638e-02
 3.33648600e+02 2.38277185e-02
 3.33742034e+02 2.38196334e-02
 3.33835468e+02 2.38092131e-02
 3.33928902e+02 2.37964628e-02
 3.34022336e+02 2.37813877e-02
 3.34115770e+02 2.37639930e-02
 3.34209204e+02 2.37442849e-02
 3.34302638e+02 2.37222717e-02
 3.34396072e+02 2.36979617e-02
 3.34489506e+02 2.36713634e-02
 3.34582940e+02 2.36424852e-02
 3.34676374e+02 2.36113371e-02
 3.34769808e+02 2.35779303e-02
 3.34863243e+02 2.35422765e-02
 3.34956677e+02 2.35043873e-02
 3.35050111e+02 2.34642742e-02
 3.35143545e+02 2.34219506e-02
 3.35236979e+02 2.33774309e-02
 3.35330413e+02 2.33307298e-02
 3.35423847e+02 2.32818616e-02
 3.35517281e+02 2.32308412e-02
 3.35610715e+02 2.31776850e-02
 3.35704149e+02 2.31224104e-02
 3.35797583e+02 2.30650348e-02
 3.35891017e+02 2.30055753e-02
 3.35984451e+02 2.29440498e-02
 3.36077885e+02 2.28804777e-02
 3.36171319e+02 2.28148789e-02
 3.36264753e+02 2.27472733e-02
 3.36358187e+02 2.26776809e-02
 3.36451621e+02 2.26061220e-02
 3.36545056e+02 2.25326188e-02
 3.36638490e+02 2.24571936e-02
 3.36731924e+02 2.23798686e-02
 3.36825358e+02 2.23006661e-02
 3.36918792e+02 2.22196092e-02
 3.37012226e+02 2.21367221e-02
 3.37105660e+02 2.20520292e-02
 3.37199094e+02 2.19655550e-02
 3.37292528e+02 2.18773238e-02
 3.37385962e+02 2.17873610e-02
 3.37479396e+02 2.16956927e-02
 3.37572830e+02 2.16023451e-02
 3.37666264e+02 2.15073446e-02
 3.37759698e+02 2.14107174e-02
 3.37853132e+02 2.13124907e-02
 3.37946566e+02 2.12126924e-02
 3.38040000e+02 2.11113501e-02
 3.38133434e+02 2.10084916e-02
 3.38226868e+02 2.09041450e-02
 3.38320303e+02 2.07983389e-02
 3.38413737e+02 2.06911023e-02
 3.38507171e+02 2.05824644e-02
 3.38600605e+02 2.04724542e-02
 3.38694039e+02 2.03611008e-02
 3.38787473e+02 2.02484343e-02
 3.38880907e+02 2.01344846e-02
 3.38974341e+02 2.00192816e-02
 3.39067775e+02 1.99028555e-02
 3.39161209e+02 1.97852365e-02
 3.39254643e+02 1.96664552e-02
 3.39348077e+02 1.95465423e-02
 3.39441511e+02 1.94255284e-02
 3.39534945e+02 1.93034443e-02
 3.39628379e+02 1.91803208e-02
 3.39721813e+02 1.90561890e-02
 3.39815247e+02 1.89310800e-02
 3.39908681e+02 1.88050247e-02
 3.40002116e+02 1.86780544e-02
 3.40095550e+02 1.85502000e-02
 3.40188984e+02 1.84214928e-02
 3.40282418e+02 1.82919639e-02
 3.40375852e+02 1.81616445e-02
 3.40469286e+02 1.80305657e-02
 3.40562720e+02 1.78987585e-02
 3.40656154e+02 1.77662539e-02
 3.40749588e+02 1.76330830e-02
 3.40843022e+02 1.74992765e-02
 3.40936456e+02 1.73648656e-02
 3.41029890e+02 1.72298807e-02
 3.41123324e+02 1.70943525e-02
 3.41216758e+02 1.69583113e-02
 3.41310192e+02 1.68217878e-02
 3.41403626e+02 1.66848123e-02
 3.41497060e+02 1.65474147e-02
 3.41590494e+02 1.64096248e-02
 3.41683928e+02 1.62714725e-02
 3.41777363e+02 1.61329875e-02
 3.41870797e+02 1.59941995e-02
 3.41964231e+02 1.58551373e-02
 3.42057665e+02 1.57158298e-02
 3.42151099e+02 1.55763059e-02
 3.42244533e+02 1.54365945e-02
 3.42337967e+02 1.52967241e-02
 3.42431401e+02 1.51567223e-02
 3.42524835e+02 1.50166169e-02
 3.42618269e+02 1.48764357e-02
 3.42711703e+02 1.47362065e-02
 3.42805137e+02 1.45959561e-02
 3.42898571e+02 1.44557111e-02
 3.42992005e+02 1.43154979e-02
 3.43085439e+02 1.41753429e-02
 3.43178873e+02 1.40352724e-02
 3.43272307e+02 1.38953120e-02
 3.43365741e+02 1.37554864e-02
 3.43459176e+02 1.36158208e-02
 3.43552610e+02 1.34763400e-02
 3.43646044e+02 1.33370687e-02
 3.43739478e+02 1.31980307e-02
 3.43832912e+02 1.30592493e-02
 3.43926346e+02 1.29207478e-02
 3.44019780e+02 1.27825496e-02
 3.44113214e+02 1.26446776e-02
 3.44206648e+02 1.25071536e-02
 3.44300082e+02 1.23699993e-02
 3.44393516e+02 1.22332362e-02
 3.44486950e+02 1.20968861e-02
 3.44580384e+02 1.19609698e-02
 3.44673818e+02 1.18255073e-02
 3.44767252e+02 1.16905184e-02
 3.44860686e+02 1.15560229e-02
 3.44954120e+02 1.14220406e-02
 3.45047554e+02 1.12885904e-02
 3.45140988e+02 1.11556903e-02
 3.45234423e+02 1.10233582e-02
 3.45327857e+02 1.08916121e-02
 3.45421291e+02 1.07604699e-02
 3.45514725e+02 1.06299482e-02
 3.45608159e+02 1.05000632e-02
 3.45701593e+02 1.03708309e-02
 3.45795027e+02 1.02422673e-02
 3.45888461e+02 1.01143883e-02
 3.45981895e+02 9.98720842e-03
 3.46075329e+02 9.86074189e-03
 3.46168763e+02 9.73500278e-03
 3.46262197e+02 9.61000519e-03
 3.46355631e+02 9.48576292e-03
 3.46449065e+02 9.36228849e-03
 3.46542499e+02 9.23959408e-03
 3.46635933e+02 9.11769190e-03
 3.46729367e+02 8.99659412e-03
 3.46822801e+02 8.87631244e-03
 3.46916236e+02 8.75685736e-03
 3.47009670e+02 8.63823916e-03
 3.47103104e+02 8.52046815e-03
 3.47196538e+02 8.40355462e-03
 3.47289972e+02 8.28750816e-03
 3.47383406e+02 8.17233732e-03
 3.47476840e+02 8.05805056e-03
 3.47570274e+02 7.94465633e-03
 3.47663708e+02 7.83216305e-03
 3.47757142e+02 7.72057826e-03
 3.47850576e+02 7.60990866e-03
 3.47944010e+02 7.50016093e-03
 3.48037444e+02 7.39134175e-03
 3.48130878e+02 7.28345768e-03
 3.48224312e+02 7.17651431e-03
 3.48317746e+02 7.07051661e-03
 3.48411180e+02 6.96546954e-03
 3.48504614e+02 6.86137808e-03
 3.48598048e+02 6.75824699e-03
 3.48691483e+02 6.65608003e-03
 3.48784917e+02 6.55488053e-03
 3.48878351e+02 6.45465184e-03
 3.48971785e+02 6.35539729e-03
 3.49065219e+02 6.25711995e-03
 3.49158653e+02 6.15982186e-03
 3.49252087e+02 6.06350484e-03
 3.49345521e+02 5.96817070e-03
 3.49438955e+02 5.87382125e-03
 3.49532389e+02 5.78045792e-03
 3.49625823e+02 5.68808119e-03
 3.49719257e+02 5.59669149e-03
 3.49812691e+02 5.50628920e-03
 3.49906125e+02 5.41687471e-03
 3.49999559e+02 5.32844788e-03
 3.50092993e+02 5.24100786e-03
 3.50186427e+02 5.15455373e-03
 3.50279861e+02 5.06908458e-03
 3.50373296e+02 4.98459948e-03
 3.50466730e+02 4.90109687e-03
 3.50560164e+02 4.81857467e-03
 3.50653598e+02 4.73703077e-03
 3.50747032e+02 4.65646308e-03
 3.50840466e+02 4.57686944e-03
 3.50933900e+02 4.49824701e-03
 3.51027334e+02 4.42059264e-03
 3.51120768e+02 4.34390316e-03
 3.51214202e+02 4.26817539e-03
 3.51307636e+02 4.19340605e-03
 3.51401070e+02 4.11959121e-03
 3.51494504e+02 4.04672675e-03
 3.51587938e+02 3.97480855e-03
 3.51681372e+02 3.90383249e-03
 3.51774806e+02 3.83379426e-03
 3.51868240e+02 3.76468902e-03
 3.51961674e+02 3.69651180e-03
 3.52055108e+02 3.62925764e-03
 3.52148543e+02 3.56292159e-03
 3.52241977e+02 3.49749846e-03
 3.52335411e+02 3.43298261e-03
 3.52428845e+02 3.36936837e-03
 3.52522279e+02 3.30665005e-03
 3.52615713e+02 3.24482199e-03
 3.52709147e+02 3.18387822e-03
 3.52802581e+02 3.12381247e-03
 3.52896015e+02 3.06461848e-03
 3.52989449e+02 3.00628994e-03
 3.53082883e+02 2.94882057e-03
 3.53176317e+02 2.89220378e-03
 3.53269751e+02 2.83643281e-03
 3.53363185e+02 2.78150086e-03
 3.53456619e+02 2.72740116e-03
 3.53550053e+02 2.67412690e-03
 3.53643487e+02 2.62167101e-03
 3.53736921e+02 2.57002633e-03
 3.53830356e+02 2.51918566e-03
 3.53923790e+02 2.46914184e-03
 3.54017224e+02 2.41988765e-03
 3.54110658e+02 2.37141567e-03
 3.54204092e+02 2.32371841e-03
 3.54297526e+02 2.27678842e-03
 3.54390960e+02 2.23061821e-03
 3.54484394e+02 2.18520026e-03
 3.54577828e+02 2.14052690e-03
 3.54671262e+02 2.09659046e-03
 3.54764696e+02 2.05338325e-03
 3.54858130e+02 2.01089759e-03
 3.54951564e+02 1.96912575e-03
 3.55044998e+02 1.92805993e-03
 3.55138432e+02 1.88769232e-03
 3.55231866e+02 1.84801511e-03
 3.55325300e+02 1.80902049e-03
 3.55418734e+02 1.77070064e-03
 3.55512168e+02 1.73304769e-03
 3.55605603e+02 1.69605379e-03
 3.55699037e+02 1.65971107e-03
 3.55792471e+02 1.62401169e-03
 3.55885905e+02 1.58894779e-03
 3.55979339e+02 1.55451155e-03
 3.56072773e+02 1.52069511e-03
 3.56166207e+02 1.48749064e-03
 3.56259641e+02 1.45489031e-03
 3.56353075e+02 1.42288634e-03
 3.56446509e+02 1.39147096e-03
 3.56539943e+02 1.36063643e-03
 3.56633377e+02 1.33037498e-03
 3.56726811e+02 1.30067887e-03
 3.56820245e+02 1.27154046e-03
 3.56913679e+02 1.24295212e-03
 3.57007113e+02 1.21490622e-03
 3.57100547e+02 1.18739514e-03
 3.57193981e+02 1.16041130e-03
 3.57287416e+02 1.13394724e-03
 3.57380850e+02 1.10799551e-03
 3.57474284e+02 1.08254865e-03
 3.57567718e+02 1.05759924e-03
 3.57661152e+02 1.03313990e-03
 3.57754586e+02 1.00916339e-03
 3.57848020e+02 9.85662498e-04
 3.57941454e+02 9.62629981e-04
 3.58034888e+02 9.40058620e-04
 3.58128322e+02 9.17941318e-04
 3.58221756e+02 8.96271091e-04
 3.58315190e+02 8.75040963e-04
 3.58408624e+02 8.54243956e-04
 3.58502058e+02 8.33873106e-04
 3.58595492e+02 8.13921618e-04
 3.58688926e+02 7.94382788e-04
 3.58782360e+02 7.75249917e-04
 3.58875794e+02 7.56516302e-04
 3.58969228e+02 7.38175279e-04
 3.59062663e+02 7.20220373e-04
 3.59156097e+02 7.02645181e-04
 3.59249531e+02 6.85443301e-04
 3.59342965e+02 6.68608329e-04
 3.59436399e+02 6.52133924e-04
 3.59529833e+02 6.36013950e-04
 3.59623267e+02 6.20242319e-04
 3.59716701e+02 6.04812939e-04
 3.59810135e+02 5.89719721e-04
 3.59903569e+02 5.74956673e-04
 3.59997003e+02 5.60518002e-04
 3.60090437e+02 5.46397942e-04
 3.60183871e+02 5.32590726e-04
 3.60277305e+02 5.19090590e-04
 3.60370739e+02 5.05891907e-04
 3.60464173e+02 4.92989228e-04
 3.60557607e+02 4.80377114e-04
 3.60651041e+02 4.68050128e-04
 3.60744476e+02 4.56002842e-04
 3.60837910e+02 4.44230001e-04
 3.60931344e+02 4.32726495e-04
 3.61024778e+02 4.21487217e-04
 3.61118212e+02 4.10507058e-04
 3.61211646e+02 3.99780935e-04
 3.61305080e+02 3.89303965e-04
 3.61398514e+02 3.79071370e-04
 3.61491948e+02 3.69078371e-04
 3.61585382e+02 3.59320190e-04
 3.61678816e+02 3.49792093e-04
 3.61772250e+02 3.40489558e-04
 3.61865684e+02 3.31408133e-04
 3.61959118e+02 3.22543364e-04
 3.62052552e+02 3.13890797e-04
 3.62145986e+02 3.05446050e-04
 3.62239420e+02 2.97204948e-04
 3.62332854e+02 2.89163355e-04
 3.62426288e+02 2.81317136e-04
 3.62519723e+02 2.73662156e-04
 3.62613157e+02 2.66194382e-04
 3.62706591e+02 2.58909968e-04
 3.62800025e+02 2.51805084e-04
 3.62893459e+02 2.44875905e-04
 3.62986893e+02 2.38118607e-04
 3.63080327e+02 2.31529500e-04
 3.63173761e+02 2.25105045e-04
 3.63267195e+02 2.18841713e-04
 3.63360629e+02 2.12735972e-04
 3.63454063e+02 2.06784304e-04
 3.63547497e+02 2.00983349e-04
 3.63640931e+02 1.95329857e-04
 3.63734365e+02 1.89820583e-04
 3.63827799e+02 1.84452283e-04
 3.63921233e+02 1.79221734e-04
 3.64014667e+02 1.74125884e-04
 3.64108101e+02 1.69161759e-04
 3.64201536e+02 1.64326386e-04
 3.64294970e+02 1.59616790e-04
 3.64388404e+02 1.55030038e-04
 3.64481838e+02 1.50563365e-04
 3.64575272e+02 1.46214055e-04
 3.64668706e+02 1.41979392e-04
 3.64762140e+02 1.37856659e-04
 3.64855574e+02 1.33843200e-04
 3.64949008e+02 1.29936516e-04
 3.65042442e+02 1.26134132e-04
 3.65135876e+02 1.22433575e-04
 3.65229310e+02 1.18832371e-04
 3.65322744e+02 1.15328131e-04
 3.65416178e+02 1.11918595e-04
 3.65509612e+02 1.08601518e-04
 3.65603046e+02 1.05374652e-04
 3.65696480e+02 1.02235755e-04
 3.65789914e+02 9.91826875e-05
 3.65883348e+02 9.62134094e-05
 3.65976783e+02 9.33258873e-05
 3.66070217e+02 9.05180871e-05
 3.66163651e+02 8.77879849e-05
 3.66257085e+02 8.51336702e-05
 3.66350519e+02 8.25533058e-05
 3.66443953e+02 8.00450553e-05
 3.66537387e+02 7.76070824e-05
 3.66630821e+02 7.52375693e-05
 3.66724255e+02 7.29348161e-05
 3.66817689e+02 7.06971695e-05
 3.66911123e+02 6.85229763e-05
 3.67004557e+02 6.64105834e-05
 3.67097991e+02 6.43583675e-05
 3.67191425e+02 6.23648177e-05
 3.67284859e+02 6.04284498e-05
 3.67378293e+02 5.85477797e-05
 3.67471727e+02 5.67213232e-05
 3.67565161e+02 5.49476397e-05
 3.67658596e+02 5.32253866e-05
 3.67752030e+02 5.15532349e-05
 3.67845464e+02 4.99298557e-05
 3.67938898e+02 4.83539213e-05
 3.68032332e+02 4.68241598e-05
 3.68125766e+02 4.53393784e-05
 3.68219200e+02 4.38983905e-05
 3.68312634e+02 4.25000091e-05
 3.68406068e+02 4.11430511e-05
 3.68499502e+02 3.98263986e-05
 3.68592936e+02 3.85489925e-05
 3.68686370e+02 3.73097758e-05
 3.68779804e+02 3.61076913e-05
 3.68873238e+02 3.49416894e-05
 3.68966672e+02 3.38107908e-05
 3.69060106e+02 3.27140558e-05
 3.69153540e+02 3.16505455e-05
 3.69246974e+02 3.06193208e-05
 3.69340408e+02 2.96194551e-05
 3.69433843e+02 2.86500921e-05
 3.69527277e+02 2.77103996e-05
 3.69620711e+02 2.67995454e-05
 3.69714145e+02 2.59166974e-05
 3.69807579e+02 2.50610427e-05
 3.69901013e+02 2.42318328e-05
 3.69994447e+02 2.34283320e-05
 3.70087881e+02 2.26498047e-05
 3.70181315e+02 2.18955154e-05
 3.70274749e+02 2.11647557e-05
 3.70368183e+02 2.04568705e-05
 3.70461617e+02 1.97712111e-05
 3.70555051e+02 1.91071290e-05
 3.70648485e+02 1.84639764e-05
 3.70741919e+02 1.78411387e-05
 3.70835353e+02 1.72380427e-05
 3.70928787e+02 1.66541178e-05
 3.71022221e+02 1.60887935e-05
 3.71115656e+02 1.55415016e-05
 3.71209090e+02 1.50117110e-05
 3.71302524e+02 1.44989203e-05
 3.71395958e+02 1.40026287e-05
 3.71489392e+02 1.35223355e-05
 3.71582826e+02 1.30575447e-05
 3.71676260e+02 1.26077986e-05
 3.71769694e+02 1.21726588e-05
 3.71863128e+02 1.17516869e-05
 3.71956562e+02 1.13444445e-05
 3.72049996e+02 1.09505010e-05
 3.72143430e+02 1.05694623e-05
 3.72236864e+02 1.02009456e-05
 3.72330298e+02 9.84456805e-06
 3.72423732e+02 9.49994673e-06
 3.72517166e+02 9.16671005e-06
 3.72610600e+02 8.84451864e-06
 3.72704034e+02 8.53303884e-06
 3.72797468e+02 8.23193701e-06
 3.72890903e+02 7.94087966e-06
 3.72984337e+02 7.65954813e-06
 3.73077771e+02 7.38764970e-06
 3.73171205e+02 7.12489429e-06
 3.73264639e+02 6.87099181e-06
 3.73358073e+02 6.62565279e-06
 3.73451507e+02 6.38860529e-06
 3.73544941e+02 6.15959667e-06
 3.73638375e+02 5.93837528e-06
 3.73731809e+02 5.72468947e-06
 3.73825243e+02 5.51828905e-06
 3.73918677e+02 5.31894275e-06
 3.74012111e+02 5.12643247e-06
 3.74105545e+02 4.94054042e-06
 3.74198979e+02 4.76104878e-06
 3.74292413e+02 4.58774239e-06
 3.74385847e+02 4.42042492e-06
 3.74479281e+02 4.25890823e-06
 3.74572716e+02 4.10300422e-06
 3.74666150e+02 3.95252477e-06
 3.74759584e+02 3.80728594e-06
 3.74853018e+02 3.66712110e-06
 3.74946452e+02 3.53186815e-06
 3.75039886e+02 3.40136499e-06
 3.75133320e+02 3.27544953e-06
 3.75226754e+02 3.15396554e-06
 3.75320188e+02 3.03677139e-06
 3.75413622e+02 2.92372769e-06
 3.75507056e+02 2.81469506e-06
 3.75600490e+02 2.70953422e-06
 3.75693924e+02 2.60811326e-06
 3.75787358e+02 2.51031162e-06
 3.75880792e+02 2.41600968e-06
 3.75974226e+02 2.32508785e-06
 3.76067660e+02 2.23742690e-06
 3.76161094e+02 2.15291595e-06
 3.76254528e+02 2.07145227e-06
 3.76347963e+02 1.99293343e-06
 3.76441397e+02 1.91725704e-06
 3.76534831e+02 1.84432148e-06
 3.76628265e+02 1.77403383e-06
 3.76721699e+02 1.70630650e-06
 3.76815133e+02 1.64105201e-06
 3.76908567e+02 1.57818286e-06
 3.77002001e+02 1.51761289e-06
 3.77095435e+02 1.45926434e-06
 3.77188869e+02 1.40306258e-06
 3.77282303e+02 1.34893301e-06
 3.77375737e+02 1.29680103e-06
 3.77469171e+02 1.24659408e-06
 3.77562605e+02 1.19824699e-06
 3.77656039e+02 1.15169629e-06
 3.77749473e+02 1.10687849e-06
 3.77842907e+02 1.06373012e-06
 3.77936341e+02 1.02219048e-06
 3.78029776e+02 9.82204865e-07
 3.78123210e+02 9.43719364e-07
 3.78216644e+02 9.06680076e-07
 3.78310078e+02 8.71033171e-07
 3.78403512e+02 8.36728133e-07
 3.78496946e+02 8.03718958e-07
 3.78590380e+02 7.71959965e-07
 3.78683814e+02 7.41405472e-07
 3.78777248e+02 7.12010002e-07
 3.78870682e+02 6.83731696e-07
 3.78964116e+02 6.56531817e-07
 3.79057550e+02 6.30371733e-07
 3.79150984e+02 6.05212809e-07
 3.79244418e+02 5.81016804e-07
 3.79337852e+02 5.57749117e-07
 3.79431286e+02 5.35377120e-07
 3.79524720e+02 5.13868205e-07
 3.79618154e+02 4.93189764e-07
 3.79711588e+02 4.73309823e-07
 3.79805023e+02 4.54199796e-07
 3.79898457e+02 4.35832211e-07
 3.79991891e+02 4.18179602e-07
 3.80085325e+02 4.01214499e-07
 3.80178759e+02 3.84910353e-07
 3.80272193e+02 3.69243504e-07
 3.80365627e+02 3.54190857e-07
 3.80459061e+02 3.39729319e-07
 3.80552495e+02 3.25835809e-07
 3.80645929e+02 3.12488425e-07
 3.80739363e+02 2.99667533e-07
 3.80832797e+02 2.87353758e-07
 3.80926231e+02 2.75527721e-07
 3.81019665e+02 2.64170087e-07
 3.81113099e+02 2.53262888e-07
 3.81206533e+02 2.42789798e-07
 3.81299967e+02 2.32734589e-07
 3.81393401e+02 2.23081034e-07
 3.81486836e+02 2.13813003e-07
 3.81580270e+02 2.04915807e-07
 3.81673704e+02 1.96375854e-07
 3.81767138e+02 1.88179580e-07
 3.81860572e+02 1.80313422e-07
 3.81954006e+02 1.72763993e-07
 3.82047440e+02 1.65519304e-07
 3.82140874e+02 1.58568038e-07
 3.82234308e+02 1.51898876e-07
 3.82327742e+02 1.45500503e-07
 3.82421176e+02 1.39361877e-07
 3.82514610e+02 1.33473212e-07
 3.82608044e+02 1.27825087e-07
 3.82701478e+02 1.22408080e-07
 3.82794912e+02 1.17212771e-07
 3.82888346e+02 1.12230114e-07
 3.82981780e+02 1.07452100e-07
 3.83075214e+02 1.02870893e-07
 3.83168648e+02 9.84786589e-08
 3.83262083e+02 9.42675700e-08
 3.83355517e+02 9.02302690e-08
 3.83448951e+02 8.63601944e-08
 3.83542385e+02 8.26508613e-08
 3.83635819e+02 7.90957846e-08
 3.83729253e+02 7.56884986e-08
 3.83822687e+02 7.24230301e-08
 3.83916121e+02 6.92939300e-08
 3.84009555e+02 6.62957746e-08
 3.84102989e+02 6.34231402e-08
 3.84196423e+02 6.06706555e-08
 3.84289857e+02 5.80335958e-08
 3.84383291e+02 5.55076707e-08
 3.84476725e+02 5.30885985e-08
 3.84570159e+02 5.07720969e-08
 3.84663593e+02 4.85538841e-08
 3.84757027e+02 4.64296780e-08
 3.84850461e+02 4.43951966e-08
 3.84943896e+02 4.24461579e-08
 3.85037330e+02 4.05782799e-08
