0	0.33576708934376
0.01	0.33628102218668
0.02	0.336799670252369
0.03	0.337323073286994
0.04	0.337851271588319
0.05	0.338384306014341
0.06	0.338922217992108
0.07	0.339465049526707
0.08	0.340012843210433
0.09	0.340565642232133
0.1	0.341123490386752
0.11	0.341686432085054
0.12	0.34225451236355
0.13	0.342827776894622
0.14	0.34340627199685
0.15	0.343990044645555
0.16	0.34457914248355
0.17	0.345173613832111
0.18	0.345773507702179
0.19	0.346378873805788
0.2	0.346989762567722
0.21	0.347606225137427
0.22	0.348228313401158
0.23	0.348856079994387
0.24	0.349489578314459
0.25	0.350128862533527
0.26	0.35077398761175
0.27	0.351425009310769
0.28	0.352081984207468
0.29	0.352744969708034
0.3	0.353414024062305
0.31	0.354089206378435
0.32	0.354770576637861
0.33	0.355458195710607
0.34	0.356152125370901
0.35	0.356852428313147
0.36	0.357559168168228
0.37	0.358272409520175
0.38	0.358992217923195
0.39	0.359718659919077
0.4	0.360451803054976
0.41	0.361191715901589
0.42	0.361938468071744
0.43	0.362692130239389
0.44	0.363452774159016
0.45	0.36422047268551
0.46	0.364995299794455
0.47	0.365777330602889
0.48	0.366566641390533
0.49	0.367363309621506
0.5	0.368167413966523
0.51	0.36897903432562
0.52	0.369798251851383
0.53	0.370625148972724
0.54	0.371459809419202
0.55	0.372302318245913
0.56	0.373152761858957
0.57	0.374011228041503
0.58	0.374877805980466
0.59	0.375752586293817
0.6	0.376635661058528
0.61	0.377527123839201
0.62	0.378427069717358
0.63	0.379335595321452
0.64	0.380252798857585
0.65	0.38117878014098
0.66	0.382113640628205
0.67	0.383057483450188
0.68	0.384010413446039
0.69	0.384972537197697
0.7	0.385943963065433
0.71	0.386924801224235
0.72	0.387915163701089
0.73	0.388915164413192
0.74	0.389924919207129
0.75	0.390944545899021
0.76	0.3919741643157
0.77	0.39301389633692
0.78	0.394063865938643
0.79	0.395124199237433
0.8	0.396195024535992
0.81	0.397276472369864
0.820000000000001	0.398368675555351
0.830000000000001	0.399471769238677
0.840000000000001	0.400585890946432
0.850000000000001	0.401711180637338
0.860000000000001	0.402847780755387
0.870000000000001	0.403995836284369
0.880000000000001	0.405155494803866
0.890000000000001	0.406326906546728
0.900000000000001	0.407510224458092
0.910000000000001	0.408705604255995
0.920000000000001	0.409913204493619
0.930000000000001	0.411133186623234
0.940000000000001	0.412365715061877
0.950000000000001	0.41361095725884
0.960000000000001	0.414869083765009
0.970000000000001	0.416140268304128
0.980000000000001	0.417424687846037
0.990000000000001	0.418722522681958
1	0.420033956501889
1.01	0.421359176474186
1.02	0.422698373327388
1.03	0.424051741434378
1.04	0.425419478898942
1.05	0.426801787644818
1.06	0.428198873507316
1.07	0.429610946327585
1.08	0.431038220049633
1.09	0.43248091282019
1.1	0.433939247091497
1.11	0.435413449727145
1.12	0.436903752111049
1.13	0.43841039025968
1.14	0.439933604937664
1.15	0.44147364177686
1.16	0.443030751399056
1.17	0.444605189542392
1.18	0.446197217191659
1.19	0.447807100712607
1.2	0.449435111990398
1.21	0.451081528572375
1.22	0.452746633815281
1.23	0.454430717037109
1.24	0.456134073673742
1.25	0.457857005440566
1.26	0.459599820499243
1.27	0.461362833629826
1.28	0.463146366408434
1.29	0.46495074739068
1.3	0.466776312301085
1.31	0.468623404228694
1.32	0.470492373829146
1.33	0.472383579533437
1.34	0.474297387763635
1.35	0.476234173155833
1.36	0.478194318790609
1.37	0.480178216431292
1.38	0.482186266770357
1.39	0.484218879684256
1.4	0.486276474497038
1.41	0.488359480253105
1.42	0.490468335999484
1.43	0.492603491077994
1.44	0.494765405427722
1.45	0.496954549898236
1.46	0.499171406573974
1.47	0.501416469110289
1.48	0.503690243081629
1.49	0.505993246342376
1.5	0.508326009400879
1.51	0.510689075807247
1.52	0.513083002555503
1.53	0.51550836050071
1.54	0.51796573479174
1.55	0.520455725320356
1.56	0.52297894718735
1.57	0.525536031186479
1.58	0.528127624307002
1.59	0.530754390255668
1.6	0.533417009999025
1.61	0.536116182326982
1.62	0.538852624438611
1.63	0.541627072551206
1.64	0.544440282533701
1.65	0.547293030565565
1.66	0.550186113822408
1.67	0.553120351189547
1.68	0.556096584004879
1.69	0.55911567683248
1.7	0.562178518268412
1.71	0.565286021780328
1.72	0.568439126582516
1.73	0.571638798548177
1.74	0.574886031160755
1.75	0.578181846506322
1.76	0.581527296309073
1.77	0.584923463012143
1.78	0.588371460906079
1.79	0.591872437307432
1.8	0.595427573790084
1.81	0.599038087472093
1.82	0.602705232360978
1.83	0.606430300760597
1.84	0.610214624742891
1.85	0.614059577688053
1.86	0.617966575896831
1.87	0.621937080278946
1.88	0.625972598121862
1.89	0.630074684944391
1.9	0.634244946439918
1.91	0.638485040514357
1.92	0.642796679424252
1.93	0.647181632020822
1.94	0.651641726106122
1.95	0.656178850907916
1.96	0.660794959680284
1.97	0.665492072437498
1.98	0.670272278829188
1.99	0.6751377411654
2	0.680090697600738
2.01	0.685133465487442
2.02	0.690268444907938
2.03	0.695498122398193
2.04	0.700825074873979
2.05	0.706251973773084
2.06	0.711781589427455
2.07	0.717416795680289
2.08	0.723160574764245
2.09	0.729016022458166
2.1	0.734986353541041
2.11	0.741074907563387
2.12	0.747285154957821
2.13	0.753620703512299
2.14	0.760085305231393
2.15	0.766682863613018
2.16	0.773417441370251
2.17	0.780293268630327
2.18	0.787314751645591
2.19	0.79448648205407
2.2	0.801813246730567
2.21	0.809300038272682
2.22	0.816952066170003
2.23	0.824774768708999
2.24	0.832773825670738
2.25	0.840955171883747
2.26	0.849325011699966
2.27	0.85788983446797
2.28	0.866656431084562
2.29	0.875631911713443
2.29999999999999	0.884823724768103
2.30999999999999	0.894239677265435
2.31999999999999	0.903887956666969
2.32999999999999	0.913777154336106
2.33999999999999	0.923916290752625
2.34999999999999	0.934314842639966
2.35999999999999	0.944982772176737
2.36999999999999	0.955930558481725
2.37999999999999	0.967169231581522
2.38999999999999	0.978710409092204
2.39999999999999	0.990566335871488
2.40999999999999	1.00274992692582
2.41999999999999	1.01527481388847
2.42999999999999	1.02815539542022
2.43999999999999	1.04140689192435
2.44999999999999	1.0550454050132
2.45999999999999	1.06908798221441
2.46999999999999	1.08355268746397
2.47999999999999	1.09845867799857
2.48999999999999	1.11382628833564
2.49999999999999	1.12967712211516
2.50999999999999	1.14603415267538
2.51999999999999	1.16292183334719
2.52999999999999	1.18036621858055
2.53999999999999	1.19839509716502
2.54999999999999	1.21703813897669
2.55999999999999	1.23632705688169
2.56999999999999	1.25629578565443
2.57999999999999	1.276980680034
2.58999999999999	1.29842073435022
2.59999999999999	1.32065782651086
2.60999999999999	1.34373698956167
2.61999999999999	1.36770671452448
2.62999999999999	1.39261928879866
2.63999999999999	1.41853117509544
2.64999999999999	1.44550343668469
2.65999999999999	1.47360221569504
2.66999999999999	1.50289927235314
2.67999999999999	1.533472594417
2.68999999999999	1.56540708769985
2.69999999999999	1.59879536055814
2.70999999999999	1.63373861760732
2.71999999999999	1.67034768082981
2.72999999999999	1.70874415977597
2.73999999999999	1.74906179688894
2.74999999999999	1.79144801931125
2.75999999999999	1.83606573511659
2.76999999999998	1.8830954200938
2.77999999999998	1.9327375514339
2.78999999999998	1.98521545751742
2.79999999999998	2.04077866923657
2.80999999999998	2.09970687894008
2.81999999999998	2.1623146395337
2.82999999999998	2.22895697036987
2.83999999999998	2.30003608085773
2.84999999999998	2.37600948072786
2.85999999999998	2.45739982247026
2.86999999999998	2.54480692348909
2.87999999999998	2.63892255273445
2.88999999999998	2.74054875300161
2.89999999999998	2.85062072616262
2.90999999999998	2.97023566446807
2.91999999999998	3.10068941190391
2.92999999999998	3.24352355413894
2.93999999999998	3.40058657021281
2.94999999999998	3.57411420142598
2.95999999999998	3.76683647245819
2.96999999999998	3.98212227958227
2.97999999999998	4.22417788680437
2.98999999999998	4.4983243322878
2.99999999999998	4.8113929404035
3.00999999999998	5.17230208400667
3.01999999999998	5.5929201149044
3.02999999999998	6.0893950461362
3.03999999999998	6.68427470831053
3.04999999999998	7.41002591868978
3.05999999999998	8.31516276257294
3.06999999999998	9.47555896377765
3.07999999999998	11.0169003324997
3.08999999999998	13.1635892206013
3.09999999999998	16.3593424368
3.10999999999998	21.6217481448853
3.11999999999998	31.9133293985955
3.12999999999998	61.0404340026558
3.13999999999998	717.93395040335
3.14999999999998	73.5108633700937
3.15999999999998	35.0107426674449
3.16999999999998	22.9967164375361
3.17999999999998	17.1324288783879
3.18999999999998	13.6582609981772
3.19999999999998	11.3603797450152
3.20999999999998	9.72788953115007
3.21999999999998	8.50834041502775
3.22999999999998	7.56265134283432
3.23999999999997	6.80789476670812
3.24999999999997	6.19155516791129
3.25999999999997	5.67875862388692
3.26999999999997	5.24543879654256
3.27999999999997	4.87445132564493
3.28999999999997	4.55325213991508
3.29999999999997	4.27245148039477
3.30999999999997	4.02488106956918
3.31999999999997	3.80497383544677
3.32999999999997	3.60834047360591
3.33999999999997	3.43147363277731
3.34999999999997	3.27153699396557
3.35999999999997	3.12621211711096
3.36999999999997	2.99358540264457
3.37999999999997	2.87206342234495
3.38999999999997	2.76030864649727
3.39999999999997	2.65719005637365
3.40999999999997	2.56174476956788
3.41999999999997	2.47314791581617
3.42999999999997	2.39068876541419
3.43999999999997	2.31375164676455
3.44999999999997	2.24180056839121
3.45999999999997	2.17436673271195
3.46999999999997	2.11103832643601
3.47999999999997	2.05145211758703
3.48999999999997	1.99528649686572
3.49999999999997	1.94225568178279
3.50999999999997	1.89210486302525
3.51999999999997	1.84460611906199
3.52999999999997	1.79955496077068
3.53999999999997	1.75676739557586
3.54999999999997	1.71607742219992
3.55999999999997	1.67733488409938
3.56999999999997	1.64040362306937
3.57999999999997	1.60515988516157
3.58999999999997	1.5714909395855
3.59999999999997	1.53929387811737
3.60999999999997	1.50847456807902
3.61999999999997	1.47894673644807
3.62999999999997	1.45063116633059
3.63999999999997	1.42345499003636
3.64999999999997	1.39735106547335
3.65999999999997	1.37225742462532
3.66999999999997	1.34811678457543
3.67999999999997	1.32487611295411
3.68999999999997	1.30248624087266
3.69999999999997	1.28090151739722
3.70999999999996	1.26007950045307
3.71999999999996	1.2399806797557
3.72999999999996	1.22056822796269
3.73999999999996	1.20180777674901
3.74999999999996	1.18366721494124
3.75999999999996	1.16611650621644
3.76999999999996	1.14912752418869
3.77999999999996	1.13267390297872
3.78999999999996	1.11673090159677
3.79999999999996	1.10127528067175
3.80999999999996	1.08628519023477
3.81999999999996	1.07174006741776
3.82999999999996	1.05762054305977
3.83999999999996	1.04390835632913
3.84999999999996	1.03058627657003
3.85999999999996	1.01763803167032
3.86999999999996	1.00504824232442
3.87999999999996	0.992802361632841
3.88999999999996	0.980886619539879
3.89999999999996	0.969287971663068
3.90999999999996	0.957994052114801
3.91999999999996	0.946993129957375
3.92999999999996	0.936274068969138
3.93999999999996	0.92582629043168
3.94999999999996	0.915639738676696
3.95999999999996	0.905704849156659
3.96999999999996	0.896012518826232
3.97999999999996	0.886554078641631
3.98999999999996	0.87732126800333
3.99999999999996	0.86830621098376
4.00999999999996	0.859501394196238
4.01999999999996	0.850899646174416
4.02999999999996	0.84249411814334
4.03999999999996	0.834278266073755
4.04999999999996	0.826245833920861
4.05999999999996	0.818390837957296
4.06999999999996	0.810707552117895
4.07999999999996	0.803190494280836
4.08999999999996	0.795834413416068
4.09999999999996	0.788634277537755
4.10999999999996	0.781585262402638
4.11999999999996	0.77468274090099
4.12999999999996	0.767922273091157
4.13999999999996	0.761299596832573
4.14999999999996	0.754810618975746
4.15999999999996	0.748451407070959
4.16999999999996	0.742218181560385
4.17999999999996	0.736107308421072
4.18999999999996	0.730115292228698
4.19999999999995	0.724238769614282
4.20999999999995	0.718474503088141
4.21999999999995	0.712819375207246
4.22999999999995	0.707270383063924
4.23999999999995	0.701824633075423
4.24999999999995	0.696479336055368
4.25999999999995	0.691231802549459
4.26999999999995	0.686079438419042
4.27999999999995	0.681019740657309
4.28999999999995	0.676050293423964
4.29999999999995	0.671168764285159
4.30999999999995	0.666372900646402
4.31999999999995	0.661660526366995
4.32999999999995	0.657029538545304
4.33999999999995	0.652477904464886
4.34999999999995	0.648003658692172
4.35999999999995	0.643604900316996
4.36999999999995	0.639279790327831
4.37999999999995	0.635026549114129
4.38999999999995	0.630843454088642
4.39999999999995	0.626728837423042
4.40999999999995	0.622681083890611
4.41999999999995	0.618698628810118
4.42999999999995	0.614779956085405
4.43999999999995	0.610923596335525
4.44999999999995	0.60712812511057
4.45999999999995	0.603392161188671
4.46999999999995	0.599714364949876
4.47999999999995	0.59609343682288
4.48999999999995	0.592528115800855
4.49999999999995	0.589017178022796
4.50999999999995	0.585559435417036
4.51999999999995	0.582153734403788
4.52999999999995	0.578798954653729
4.53999999999995	0.575494007899822
4.54999999999995	0.572237836799732
4.55999999999995	0.569029413846349
4.56999999999995	0.565867740324045
4.57999999999995	0.562751845308455
4.58999999999995	0.559680784707673
4.59999999999995	0.556653640342879
4.60999999999995	0.553669519066511
4.61999999999995	0.550727551916218
4.62999999999995	0.547826893302898
4.63999999999995	0.544966720231239
4.64999999999995	0.542146231551251
4.65999999999995	0.539364647239364
4.66999999999994	0.536621207707735
4.67999999999994	0.533915173140484
4.68999999999994	0.531245822855635
4.69999999999994	0.528612454691625
4.70999999999994	0.526014384417262
4.71999999999994	0.523450945164109
4.72999999999994	0.520921486880307
4.73999999999994	0.51842537580488
4.74999999999994	0.515961993961653
4.75999999999994	0.513530738671927
4.76999999999994	0.511131022085094
4.77999999999994	0.508762270726448
4.78999999999994	0.506423925061442
4.79999999999994	0.504115439075704
4.80999999999994	0.501836279870157
4.81999999999994	0.499585927270606
4.82999999999994	0.497363873451192
4.83999999999994	0.495169622571149
4.84999999999994	0.493002690424315
4.85999999999994	0.490862604100868
4.86999999999994	0.488748901660813
4.87999999999994	0.486661131818729
4.88999999999994	0.484598853639336
4.89999999999994	0.482561636243437
4.90999999999994	0.480549058523849
4.91999999999994	0.478560708870906
4.92999999999994	0.476596184907171
4.93999999999994	0.474655093230998
4.94999999999994	0.472737049168599
4.95999999999994	0.470841676534293
4.96999999999994	0.468968607398617
4.97999999999994	0.467117481864006
4.98999999999994	0.465287947847752
4.99999999999994	0.463479660871973
5.00999999999994	0.461692283860318
5.01999999999994	0.459925486941176
5.02999999999994	0.458178947257121
5.03999999999994	0.456452348780397
5.04999999999994	0.454745382134187
5.05999999999994	0.453057744419484
5.06999999999994	0.45138913904734
5.07999999999994	0.449739275576311
5.08999999999994	0.448107869554905
5.09999999999994	0.446494642368859
5.10999999999994	0.444899321093071
5.11999999999994	0.44332163834802
5.12999999999994	0.441761332160519
5.13999999999993	0.440218145828654
5.14999999999993	0.438691827790748
5.15999999999993	0.437182131498227
5.16999999999993	0.43568881529225
5.17999999999993	0.43421164228396
5.18999999999993	0.432750380238256
5.19999999999993	0.431304801460937
5.20999999999993	0.42987468268914
5.21999999999993	0.428459804984921
5.22999999999993	0.42705995363191
5.23999999999993	0.425674918034912
5.24999999999993	0.424304491622371
5.25999999999993	0.422948471751589
5.26999999999993	0.42160665961663
5.27999999999993	0.420278860158799
5.28999999999993	0.418964881979623
5.29999999999993	0.417664537256255
5.30999999999993	0.416377641659219
5.31999999999993	0.415104014272419
5.32999999999993	0.413843477515342
5.33999999999993	0.412595857067388
5.34999999999993	0.411360981794254
5.35999999999993	0.410138683676313
5.36999999999993	0.408928797738917
5.37999999999993	0.407731161984575
5.38999999999993	0.406545617326938
5.39999999999993	0.405372007526543
5.40999999999993	0.404210179128249
5.41999999999993	0.403059981400333
5.42999999999993	0.401921266275177
5.43999999999993	0.400793888291504
5.44999999999993	0.399677704538119
5.45999999999993	0.398572574599108
5.46999999999993	0.397478360500448
5.47999999999993	0.396394926657989
5.48999999999993	0.395322139826764
5.49999999999993	0.394259869051594
5.50999999999993	0.393207985618946
5.51999999999993	0.392166363009999
5.52999999999993	0.391134876854899
5.53999999999993	0.390113404888155
5.54999999999993	0.38910182690515
5.55999999999993	0.388100024719732
5.56999999999993	0.387107882122849
5.57999999999993	0.386125284842212
5.58999999999993	0.385152120502942
5.59999999999993	0.38418827858918
5.60999999999992	0.383233650406633
5.61999999999992	0.382288129046023
5.62999999999992	0.38135160934743
5.63999999999992	0.380423987865479
5.64999999999992	0.379505162835372
5.65999999999992	0.378595034139724
5.66999999999992	0.37769350327619
5.67999999999992	0.376800473325863
5.68999999999992	0.37591584892241
5.69999999999992	0.375039536221934
5.70999999999992	0.374171442873553
5.71999999999992	0.373311477990649
5.72999999999992	0.372459552122795
5.73999999999992	0.371615577228332
5.74999999999992	0.370779466647574
5.75999999999992	0.369951135076631
5.76999999999992	0.369130498541832
5.77999999999992	0.368317474374729
5.78999999999992	0.367511981187672
5.79999999999992	0.366713938849933
5.80999999999992	0.365923268464376
5.81999999999992	0.365139892344639
5.82999999999992	0.364363733992842
5.83999999999992	0.363594718077779
5.84999999999992	0.362832770413604
5.85999999999992	0.362077817938985
5.86999999999992	0.36132978869672
5.87999999999992	0.360588611813799
5.88999999999992	0.359854217481909
5.89999999999992	0.359126536938353
5.90999999999992	0.358405502447403
5.91999999999992	0.357691047282036
5.92999999999992	0.356983105706084
5.93999999999992	0.356281612956757
5.94999999999992	0.355586505227542
5.95999999999992	0.354897719651478
5.96999999999992	0.354215194284774
5.97999999999992	0.353538868090784
5.98999999999992	0.352868680924319
5.99999999999992	0.352204573516295
6.00999999999992	0.351546487458691
6.01999999999992	0.350894365189839
6.02999999999992	0.350248149980015
6.03999999999992	0.34960778591732
6.04999999999992	0.348973217893876
6.05999999999992	0.348344391592288
6.06999999999992	0.347721253472394
6.07999999999991	0.347103750758291
6.08999999999991	0.34649183142562
6.09999999999991	0.345885444189115
6.10999999999991	0.345284538490404
6.11999999999991	0.344689064486062
6.12999999999991	0.344098973035903
6.13999999999991	0.343514215691504
6.14999999999991	0.342934744684971
6.15999999999991	0.342360512917922
6.16999999999991	0.341791473950692
6.17999999999991	0.341227581991757
6.18999999999991	0.340668791887363
6.19999999999991	0.340115059111369
6.20999999999991	0.33956633975528
6.21999999999991	0.339022590518486
6.22999999999991	0.33848376869869
6.23999999999991	0.337949832182521
6.24999999999991	0.337420739436337
6.25999999999991	0.336896449497199
6.26999999999991	0.336376921964026
6.27999999999991	0.335862116988926
