-9.8 2.56449e-12
-9.55044644645 2.09579e-12
-9.30089289289 1.80293e-12
-9.05133933934 1.83349e-12
-8.80178578579 2.19522e-12
-8.55223223223 2.74878e-12
-8.30267867868 3.26575e-12
-8.05312512513 3.52823e-12
-7.80357157157 3.42715e-12
-7.55401801802 3.01536e-12
-7.30446446446 2.49058e-12
-7.05491091091 2.11351e-12
-6.80535735736 2.09577e-12
-6.5558038038 2.50649e-12
-6.30625025025 3.23935e-12
-6.0566966967 4.05517e-12
-5.80714314314 4.68068e-12
-5.55758958959 4.91729e-12
-5.30803603604 4.70778e-12
-5.05848248248 4.12855e-12
-4.80892892893 3.3149e-12
-4.55937537538 2.37255e-12
-4.30982182182 1.36342e-12
-4.06026826827 4.67478e-13
-3.81071471471 4.16677e-13
-3.56116116116 3.28764e-12
-3.31160760761 1.376e-11
-3.06205405405 4.10423e-11
-2.8125005005 1.01904e-10
-2.56294694695 2.25719e-10
-2.31339339339 4.63284e-10
-2.06383983984 9.02639e-10
-1.81428628629 1.69762e-09
-1.56473273273 3.11894e-09
-1.31517917918 5.6444e-09
-1.06562562563 1.01152e-08
-0.816072072072 1.8002e-08
-0.566518518519 3.18509e-08
-0.316964964965 5.60161e-08
-0.0674114114114 9.78467e-08
0.182142142142 1.69582e-07
0.431695695696 2.91328e-07
0.681249249249 4.95684e-07
0.930802802803 8.34827e-07
1.18035635636 1.39122e-06
1.42990990991 2.29361e-06
1.67946346346 3.74061e-06
1.92901701702 6.03492e-06
2.17857057057 9.63256e-06
2.42812412412 1.52123e-05
2.67767767768 2.37724e-05
2.92723123123 3.67638e-05
3.17678478478 5.62695e-05
3.42633833834 8.52435e-05
3.67589189189 0.000127823
3.92544544545 0.000189731
4.174998999 0.000278783
4.42455255255 0.000405517
4.67410610611 0.000583958
4.92365965966 0.000832525
5.17321321321 0.0011751
5.42276676677 0.00164223
5.67232032032 0.00227245
5.92187387387 0.00311369
6.17142742743 0.00422478
6.42098098098 0.00567684
6.67053453453 0.00755461
6.92008808809 0.00995756
7.16964164164 0.0130005
7.4191951952 0.016814
7.66874874875 0.0215439
7.9183023023 0.02735
8.16785585586 0.0344044
8.41740940941 0.042888
8.66696296296 0.0529872
8.91651651652 0.0648882
9.16607007007 0.0787721
9.41562362362 0.0948076
9.66517717718 0.113144
9.91473073073 0.133906
10.1642842843 0.157182
10.4138378378 0.183023
10.6633913914 0.211435
10.9129449449 0.242369
11.1624984985 0.275725
11.4120520521 0.311348
11.6616056056 0.34903
11.9111591592 0.388507
12.1607127127 0.429468
12.4102662663 0.471561
12.6598198198 0.514398
12.9093733734 0.557564
13.1589269269 0.600629
13.4084804805 0.643154
13.658034034 0.684703
13.9075875876 0.724857
14.1571411411 0.763217
14.4066946947 0.799413
14.6562482482 0.833117
14.9058018018 0.864042
15.1553553554 0.89195
15.4049089089 0.916656
15.6544624625 0.938026
15.904016016 0.955979
16.1535695696 0.970488
16.4031231231 0.981572
16.6526766767 0.989298
16.9022302302 0.993774
17.1517837838 0.995141
17.4013373373 0.993575
17.6508908909 0.989272
17.9004444444 0.98245
18.149997998 0.973336
18.3995515516 0.962165
18.6491051051 0.949175
18.8986586587 0.934598
19.1482122122 0.918662
19.3977657658 0.90158
19.6473193193 0.883557
19.8968728729 0.864778
20.1464264264 0.845415
20.39597998 0.825621
20.6455335335 0.805532
20.8950870871 0.785269
21.1446406406 0.764934
21.3941941942 0.744618
21.6437477477 0.724395
21.8933013013 0.704329
22.1428548549 0.684471
22.3924084084 0.664866
22.641961962 0.645548
22.8915155155 0.626544
23.1410690691 0.607879
23.3906226226 0.589568
23.6401761762 0.571626
23.8897297297 0.554065
24.1392832833 0.536892
24.3888368368 0.520114
24.6383903904 0.503735
24.8879439439 0.487759
25.1374974975 0.472187
25.3870510511 0.457022
25.6366046046 0.442263
25.8861581582 0.42791
26.1357117117 0.413963
26.3852652653 0.40042
26.6348188188 0.387279
26.8843723724 0.374536
27.1339259259 0.362189
27.3834794795 0.350233
27.633033033 0.338664
27.8825865866 0.327475
28.1321401401 0.316662
28.3816936937 0.306216
28.6312472472 0.296132
28.8808008008 0.286402
29.1303543544 0.277016
29.3799079079 0.267967
29.6294614615 0.259246
29.879015015 0.250843
30.1285685686 0.242749
30.3781221221 0.234953
30.6276756757 0.227447
30.8772292292 0.22022
31.1267827828 0.213261
31.3763363363 0.206562
31.6258898899 0.200112
31.8754434434 0.193901
32.124996997 0.187919
32.3745505506 0.182156
32.6241041041 0.176604
32.8736576577 0.171252
33.1232112112 0.166091
33.3727647648 0.161114
33.6223183183 0.156309
33.8718718719 0.15167
34.1214254254 0.147189
34.370978979 0.142856
34.6205325325 0.138666
34.8700860861 0.13461
35.1196396396 0.130682
35.3691931932 0.126875
35.6187467467 0.123185
35.8683003003 0.119604
36.1178538539 0.116128
36.3674074074 0.112751
36.616960961 0.10947
36.8665145145 0.106279
37.1160680681 0.103175
37.3656216216 0.100154
37.6151751752 0.0972133
37.8647287287 0.094349
38.1142822823 0.0915584
38.3638358358 0.088839
38.6133893894 0.0861885
38.8629429429 0.0836045
39.1124964965 0.0810852
39.3620500501 0.0786287
39.6116036036 0.0762336
39.8611571572 0.0738982
40.1107107107 0.0716215
40.3602642643 0.0694022
40.6098178178 0.0672393
40.8593713714 0.065132
41.1089249249 0.0630793
41.3584784785 0.0610806
41.608032032 0.0591352
41.8575855856 0.0572424
42.1071391391 0.0554016
42.3566926927 0.0536122
42.6062462462 0.0518736
42.8557997998 0.0501852
43.1053533534 0.0485464
43.3549069069 0.0469566
43.6044604605 0.0454151
43.854014014 0.0439212
44.1035675676 0.0424742
44.3531211211 0.0410735
44.6026746747 0.0397183
44.8522282282 0.0384077
45.1017817818 0.0371411
45.3513353353 0.0359175
45.6008888889 0.0347362
45.8504424424 0.0335962
46.099995996 0.0324965
46.3495495495 0.0314363
46.5991031031 0.0304145
46.8486566567 0.0294301
47.0982102102 0.028482
47.3477637638 0.0275691
47.5973173173 0.0266904
47.8468708709 0.0258447
48.0964244244 0.0250309
48.345977978 0.0242477
48.5955315315 0.023494
48.8450850851 0.0227687
49.0946386386 0.0220706
49.3441921922 0.0213985
49.5937457457 0.0207514
49.8432992993 0.020128
50.0928528529 0.0195274
50.3424064064 0.0189484
50.59195996 0.01839
50.8415135135 0.0178512
51.0910670671 0.0173309
51.3406206206 0.0168283
51.5901741742 0.0163427
51.8397277277 0.0158728
52.0892812813 0.0154179
52.3388348348 0.0149773
52.5883883884 0.01455
52.8379419419 0.0141355
53.0874954955 0.0137331
53.337049049 0.013342
53.5866026026 0.0129617
53.8361561562 0.0125915
54.0857097097 0.0122311
54.3352632633 0.0118799
54.5848168168 0.0115375
54.8343703704 0.0112034
55.0839239239 0.0108774
55.3334774775 0.010559
55.583031031 0.0102482
55.8325845846 0.00994446
56.0821381381 0.00964773
56.3316916917 0.00935779
56.5812452452 0.00907445
56.8307987988 0.00879758
57.0803523524 0.00852705
57.3299059059 0.00826276
57.5794594595 0.0080046
57.829013013 0.0077525
58.0785665666 0.0075064
58.3281201201 0.00726624
58.5776736737 0.00703199
58.8272272272 0.00680359
59.0767807808 0.00658104
59.3263343343 0.00636432
59.5758878879 0.00615339
59.8254414414 0.00594826
60.074994995 0.0057489
60.3245485485 0.00555531
60.5741021021 0.00536747
60.8236556557 0.00518535
61.0732092092 0.00500892
61.3227627628 0.00483815
61.5723163163 0.00467299
61.8218698699 0.00451338
62.0714234234 0.00435928
62.320976977 0.00421059
62.5705305305 0.00406725
62.8200840841 0.00392916
63.0696376376 0.00379623
63.3191911912 0.00366835
63.5687447447 0.00354542
63.8182982983 0.0034273
64.0678518519 0.00331389
64.3174054054 0.00320506
64.566958959 0.00310067
64.8165125125 0.00300058
65.0660660661 0.00290465
65.3156196196 0.00281273
65.5651731732 0.00272468
65.8147267267 0.00264034
66.0642802803 0.00255956
66.3138338338 0.00248217
66.5633873874 0.00240802
66.8129409409 0.00233694
67.0624944945 0.00226878
67.312048048 0.00220337
67.5616016016 0.00214056
67.8111551552 0.0020802
68.0607087087 0.00202212
68.3102622623 0.00196619
68.5598158158 0.00191226
68.8093693694 0.00186021
69.0589229229 0.0018099
69.3084764765 0.00176121
69.55803003 0.00171403
69.8075835836 0.00166824
70.0571371371 0.00162375
70.3066906907 0.00158047
70.5562442442 0.0015383
70.8057977978 0.00149716
71.0553513514 0.00145698
71.3049049049 0.00141769
71.5544584585 0.00137922
71.804012012 0.00134153
72.0535655656 0.00130455
72.3031191191 0.00126825
72.5526726727 0.0012326
72.8022262262 0.00119754
73.0517797798 0.00116307
73.3013333333 0.00112916
73.5508868869 0.0010958
73.8004404404 0.00106297
74.049993994 0.00103068
74.2995475475 0.000998927
74.5491011011 0.000967708
74.7986546547 0.000937033
75.0482082082 0.000906911
75.2977617618 0.000877352
75.5473153153 0.000848369
75.7968688689 0.000819975
76.0464224224 0.000792184
76.295975976 0.000765008
76.5455295295 0.000738465
76.7950830831 0.000712562
77.0446366366 0.000687314
77.2941901902 0.000662735
77.5437437437 0.000638835
77.7932972973 0.000615625
78.0428508509 0.000593115
78.2924044044 0.000571315
78.541957958 0.00055023
78.7915115115 0.000529867
79.0410650651 0.000510231
79.2906186186 0.000491323
79.5401721722 0.000473144
79.7897257257 0.000455693
80.0392792793 0.000438964
80.2888328328 0.000422951
80.5383863864 0.000407645
80.7879399399 0.000393035
81.0374934935 0.000379107
81.287047047 0.000365845
81.5366006006 0.000353232
81.7861541542 0.000341248
82.0357077077 0.000329873
82.2852612613 0.000319083
82.5348148148 0.000308856
82.7843683684 0.000299168
83.0339219219 0.000289993
83.2834754755 0.000281306
83.533029029 0.000273083
83.7825825826 0.000265296
84.0321361361 0.000257919
84.2816896897 0.000250927
84.5312432432 0.000244293
84.7807967968 0.000237992
85.0303503504 0.000231997
85.2799039039 0.000226283
85.5294574575 0.000220827
85.779011011 0.000215601
86.0285645646 0.000210584
86.2781181181 0.000205752
86.5276716717 0.000201083
86.7772252252 0.000196558
87.0267787788 0.000192156
87.2763323323 0.00018786
87.5258858859 0.000183652
87.7754394394 0.00017952
88.024992993 0.000175447
88.2745465465 0.000171424
88.5241001001 0.00016744
88.7736536537 0.000163486
89.0232072072 0.000159555
89.2727607608 0.000155641
89.5223143143 0.00015174
89.7718678679 0.000147848
90.0214214214 0.000143963
90.270974975 0.000140084
90.5205285285 0.000136209
90.7700820821 0.00013234
91.0196356356 0.000128478
91.2691891892 0.000124624
91.5187427427 0.000120782
91.7682962963 0.000116955
92.0178498498 0.000113148
92.2674034034 0.000109364
92.516956957 0.00010561
92.7665105105 0.000101891
93.0160640641 9.82125e-05
93.2656176176 9.45822e-05
93.5151711712 9.1006e-05
93.7647247247 8.74906e-05
94.0142782783 8.40426e-05
94.2638318318 8.06681e-05
94.5133853854 7.73731e-05
94.7629389389 7.41632e-05
95.0124924925 7.10436e-05
95.262046046 6.80189e-05
95.5115995996 6.50932e-05
95.7611531532 6.22702e-05
96.0107067067 5.95529e-05
96.2602602603 5.69439e-05
96.5098138138 5.44452e-05
96.7593673674 5.20584e-05
97.0089209209 4.97847e-05
97.2584744745 4.76245e-05
97.508028028 4.55781e-05
97.7575815816 4.3645e-05
98.0071351351 4.18245e-05
98.2566886887 4.01152e-05
98.5062422422 3.85152e-05
98.7557957958 3.70223e-05
99.0053493493 3.56337e-05
99.2549029029 3.43461e-05
99.5044564565 3.3156e-05
99.75401001 3.20591e-05
100.003563564 3.10511e-05
100.253117117 3.01272e-05
100.502670671 2.92823e-05
100.752224224 2.85114e-05
101.001777778 2.78088e-05
101.251331331 2.71693e-05
101.500884885 2.65873e-05
101.750438438 2.60571e-05
101.999991992 2.55734e-05
102.249545546 2.51308e-05
102.499099099 2.47241e-05
102.748652653 2.43481e-05
102.998206206 2.39981e-05
103.24775976 2.36693e-05
103.497313313 2.33573e-05
103.746866867 2.30579e-05
103.99642042 2.27672e-05
104.245973974 2.24815e-05
104.495527528 2.21973e-05
104.745081081 2.19114e-05
104.994634635 2.1621e-05
105.244188188 2.13233e-05
105.493741742 2.10161e-05
105.743295295 2.06972e-05
105.992848849 2.0365e-05
106.242402402 2.0018e-05
106.491955956 1.96551e-05
106.74150951 1.92757e-05
106.991063063 1.88794e-05
107.240616617 1.8466e-05
107.49017017 1.80359e-05
107.739723724 1.75895e-05
107.989277277 1.71278e-05
108.238830831 1.66518e-05
108.488384384 1.61627e-05
108.737937938 1.5662e-05
108.987491491 1.5151e-05
109.237045045 1.46316e-05
109.486598599 1.41053e-05
109.736152152 1.35739e-05
109.985705706 1.30392e-05
110.235259259 1.2503e-05
110.484812813 1.1967e-05
110.734366366 1.14332e-05
110.98391992 1.09032e-05
111.233473473 1.0379e-05
111.483027027 9.86234e-06
111.732580581 9.35504e-06
111.982134134 8.85882e-06
112.231687688 8.37535e-06
112.481241241 7.90624e-06
112.730794795 7.45295e-06
112.980348348 7.01684e-06
113.229901902 6.59911e-06
113.479455455 6.20081e-06
113.729009009 5.82281e-06
113.978562563 5.46582e-06
114.228116116 5.13036e-06
114.47766967 4.81681e-06
114.727223223 4.52536e-06
114.976776777 4.25605e-06
115.22633033 4.00881e-06
115.475883884 3.78339e-06
115.725437437 3.57944e-06
115.974990991 3.39651e-06
116.224544545 3.234e-06
116.474098098 3.09125e-06
116.723651652 2.96749e-06
116.973205205 2.86185e-06
117.222758759 2.7734e-06
117.472312312 2.70114e-06
117.721865866 2.64398e-06
117.971419419 2.60082e-06
118.220972973 2.57047e-06
118.470526527 2.55174e-06
118.72008008 2.5434e-06
118.969633634 2.5442e-06
119.219187187 2.5529e-06
119.468740741 2.56825e-06
119.718294294 2.589e-06
119.967847848 2.61392e-06
120.217401401 2.64183e-06
120.466954955 2.67157e-06
120.716508509 2.70201e-06
120.966062062 2.73212e-06
121.215615616 2.7609e-06
121.465169169 2.78745e-06
121.714722723 2.81094e-06
121.964276276 2.83065e-06
122.21382983 2.84592e-06
122.463383383 2.85622e-06
122.712936937 2.8611e-06
122.96249049 2.86018e-06
123.212044044 2.85318e-06
123.461597598 2.8399e-06
123.711151151 2.82019e-06
123.960704705 2.79397e-06
124.210258258 2.76122e-06
124.459811812 2.72198e-06
124.709365365 2.67633e-06
124.958918919 2.62442e-06
125.208472472 2.56645e-06
125.458026026 2.50267e-06
125.70757958 2.4334e-06
125.957133133 2.35903e-06
126.206686687 2.27997e-06
126.45624024 2.19673e-06
126.705793794 2.10982e-06
126.955347347 2.0198e-06
127.204900901 1.92727e-06
127.454454454 1.83281e-06
127.704008008 1.73702e-06
127.953561562 1.64049e-06
128.203115115 1.54377e-06
128.452668669 1.44743e-06
128.702222222 1.35196e-06
128.951775776 1.25787e-06
129.201329329 1.1656e-06
129.450882883 1.07559e-06
129.700436436 9.88245e-07
129.94998999 9.03948e-07
130.199543544 8.23055e-07
130.449097097 7.45895e-07
130.698650651 6.72774e-07
130.948204204 6.03961e-07
131.197757758 5.39693e-07
131.447311311 4.80169e-07
131.696864865 4.25543e-07
131.946418418 3.75925e-07
132.195971972 3.31381e-07
132.445525526 2.91931e-07
132.695079079 2.57549e-07
132.944632633 2.28172e-07
133.194186186 2.03698e-07
133.44373974 1.83991e-07
133.693293293 1.68886e-07
133.942846847 1.58192e-07
134.1924004 1.51695e-07
134.441953954 1.49156e-07
134.691507508 1.50319e-07
134.941061061 1.54911e-07
135.190614615 1.62638e-07
135.440168168 1.73196e-07
135.689721722 1.86266e-07
135.939275275 2.01524e-07
136.188828829 2.18639e-07
136.438382382 2.37282e-07
136.687935936 2.57128e-07
136.937489489 2.77859e-07
137.187043043 2.99171e-07
137.436596597 3.20773e-07
137.68615015 3.42391e-07
137.935703704 3.63764e-07
138.185257257 3.84649e-07
138.434810811 4.04816e-07
138.684364364 4.24048e-07
138.933917918 4.4214e-07
139.183471471 4.58902e-07
139.433025025 4.74155e-07
139.682578579 4.87738e-07
139.932132132 4.99507e-07
140.181685686 5.0934e-07
140.431239239 5.17139e-07
140.680792793 5.22833e-07
140.930346346 5.2638e-07
141.1798999 5.2777e-07
141.429453453 5.27016e-07
141.679007007 5.24163e-07
141.928560561 5.19273e-07
142.178114114 5.12431e-07
142.427667668 5.03732e-07
142.677221221 4.93282e-07
142.926774775 4.81193e-07
143.176328328 4.6758e-07
143.425881882 4.52562e-07
143.675435435 4.36259e-07
143.924988989 4.18794e-07
144.174542543 4.00296e-07
144.424096096 3.80901e-07
144.67364965 3.60751e-07
144.923203203 3.39998e-07
145.172756757 3.188e-07
145.42231031 2.97323e-07
145.671863864 2.75734e-07
145.921417417 2.54201e-07
146.170970971 2.32886e-07
146.420524525 2.11944e-07
146.670078078 1.91518e-07
146.919631632 1.71739e-07
147.169185185 1.52722e-07
147.418738739 1.34565e-07
147.668292292 1.17354e-07
147.917845846 1.01162e-07
148.167399399 8.60515e-08
148.416952953 7.2074e-08
148.666506507 5.92751e-08
148.91606006 4.76929e-08
149.165613614 3.7359e-08
149.415167167 2.82974e-08
149.664720721 2.05237e-08
149.914274274 1.40432e-08
150.163827828 8.85005e-09
150.413381381 4.92588e-09
150.662934935 2.23981e-09
150.912488488 7.48742e-10
151.162042042 3.98614e-10
151.411595596 1.12625e-09
151.661149149 2.86154e-09
151.910702703 5.52981e-09
152.160256256 9.0538e-09
152.40980981 1.33553e-08
152.659363363 1.83561e-08
152.908916917 2.39782e-08
153.15847047 3.01434e-08
153.408024024 3.67728e-08
153.657577578 4.37857e-08
153.907131131 5.11067e-08
154.156684685 5.86349e-08
154.406238238 6.62897e-08
154.655791792 7.39817e-08
154.905345345 8.16222e-08
155.154898899 8.91255e-08
155.404452452 9.64104e-08
155.654006006 1.03403e-07
155.90355956 1.1004e-07
156.153113113 1.16265e-07
156.402666667 1.22035e-07
156.65222022 1.27315e-07
156.901773774 1.32079e-07
157.151327327 1.36306e-07
157.400880881 1.39981e-07
157.650434434 1.43091e-07
157.899987988 1.45624e-07
158.149541542 1.4757e-07
158.399095095 1.48918e-07
158.648648649 1.49661e-07
158.898202202 1.49794e-07
159.147755756 1.49316e-07
159.397309309 1.48235e-07
159.646862863 1.46566e-07
159.896416416 1.44332e-07
160.14596997 1.41568e-07
160.395523524 1.38313e-07
160.645077077 1.34616e-07
160.894630631 1.30528e-07
161.144184184 1.26101e-07
161.393737738 1.21388e-07
161.643291291 1.16439e-07
161.892844845 1.113e-07
162.142398398 1.06012e-07
162.391951952 1.00612e-07
162.641505506 9.51369e-08
162.891059059 8.96181e-08
163.140612613 8.40871e-08
163.390166166 7.85815e-08
163.63971972 7.31355e-08
163.889273273 6.77874e-08
164.138826827 6.25772e-08
164.38838038 5.75456e-08
164.637933934 5.27322e-08
164.887487487 4.81739e-08
165.137041041 4.39032e-08
165.386594595 3.99465e-08
165.636148148 3.63235e-08
165.885701702 3.3047e-08
166.135255255 3.01235e-08
166.384808809 2.75539e-08
166.634362362 2.53354e-08
166.883915916 2.34627e-08
167.133469469 2.19298e-08
167.383023023 2.07304e-08
167.632576577 1.98592e-08
167.88213013 1.9311e-08
168.131683684 1.90807e-08
168.381237237 1.9162e-08
168.630790791 1.9546e-08
168.880344344 2.02207e-08
169.129897898 2.11695e-08
169.379451451 2.23714e-08
169.629005005 2.38011e-08
169.878558559 2.54299e-08
170.128112112 2.72269e-08
170.377665666 2.91606e-08
170.627219219 3.12006e-08
170.876772773 3.33187e-08
171.126326326 3.549e-08
171.37587988 3.76932e-08
171.625433433 3.99103e-08
171.874986987 4.21259e-08
172.124540541 4.43259e-08
172.374094094 4.64966e-08
172.623647648 4.86231e-08
172.873201201 5.06891e-08
173.122754755 5.2681e-08
173.372308308 5.4568e-08
173.621861862 5.63337e-08
173.871415415 5.7957e-08
174.120968969 5.94181e-08
174.370522523 6.07007e-08
174.620076076 6.17929e-08
174.86962963 6.26877e-08
175.119183183 6.33839e-08
175.368736737 6.38849e-08
175.61829029 6.41981e-08
175.867843844 6.43335e-08
176.117397397 6.4302e-08
176.366950951 6.41143e-08
176.616504505 6.37791e-08
176.866058058 6.33033e-08
177.115611612 6.26911e-08
177.365165165 6.19452e-08
177.614718719 6.1066e-08
177.864272272 6.00578e-08
178.113825826 5.89234e-08
178.363379379 5.76692e-08
178.612932933 5.63054e-08
178.862486486 5.48457e-08
179.11204004 5.33074e-08
179.361593594 5.171e-08
179.611147147 5.00743e-08
179.860700701 4.84209e-08
180.110254254 4.67687e-08
180.359807808 4.51336e-08
180.609361361 4.35284e-08
180.858914915 4.1962e-08
181.108468468 4.04406e-08
181.358022022 3.89667e-08
181.607575576 3.7543e-08
181.857129129 3.61716e-08
182.106682683 3.48557e-08
182.356236236 3.36003e-08
182.60578979 3.24132e-08
182.855343343 3.13022e-08
183.104896897 3.0278e-08
183.35445045 2.9351e-08
183.604004004 2.85303e-08
183.853557558 2.78229e-08
184.103111111 2.72328e-08
184.352664665 2.67602e-08
184.602218218 2.64019e-08
184.851771772 2.61513e-08
185.101325325 2.59998e-08
185.350878879 2.59375e-08
185.600432432 2.59547e-08
185.849985986 2.60428e-08
186.09953954 2.61952e-08
186.349093093 2.64072e-08
186.598646647 2.66764e-08
186.8482002 2.7002e-08
187.097753754 2.73835e-08
187.347307307 2.78199e-08
187.596860861 2.83091e-08
187.846414414 2.88462e-08
188.095967968 2.94243e-08
188.345521522 3.00335e-08
188.595075075 3.06621e-08
188.844628629 3.12973e-08
189.094182182 3.19263e-08
189.343735736 3.25372e-08
189.593289289 3.31207e-08
189.842842843 3.36699e-08
190.092396396 3.41812e-08
190.34194995 3.46537e-08
190.591503504 3.50886e-08
190.841057057 3.54885e-08
191.090610611 3.58558e-08
191.340164164 3.61921e-08
191.589717718 3.64975e-08
191.839271271 3.67694e-08
192.088824825 3.70036e-08
192.338378378 3.71938e-08
192.587931932 3.73331e-08
192.837485485 3.74146e-08
193.087039039 3.74328e-08
193.336592593 3.73843e-08
193.586146146 3.72688e-08
193.8356997 3.70889e-08
194.085253253 3.68502e-08
194.334806807 3.65603e-08
194.58436036 3.62282e-08
194.833913914 3.5863e-08
195.083467467 3.54729e-08
195.333021021 3.50642e-08
195.582574575 3.46408e-08
195.832128128 3.42045e-08
196.081681682 3.37547e-08
196.331235235 3.32897e-08
196.580788789 3.28072e-08
196.830342342 3.23056e-08
197.079895896 3.1785e-08
197.329449449 3.12471e-08
197.579003003 3.06965e-08
197.828556557 3.01397e-08
198.07811011 2.95846e-08
198.327663664 2.90401e-08
198.577217217 2.85147e-08
198.826770771 2.80157e-08
199.076324324 2.75482e-08
199.325877878 2.71149e-08
199.575431431 2.67159e-08
199.824984985 2.63491e-08
200.074538539 2.60107e-08
200.324092092 2.56964e-08
200.573645646 2.54023e-08
200.823199199 2.51254e-08
201.072752753 2.48648e-08
201.322306306 2.46213e-08
201.57185986 2.43981e-08
201.821413413 2.41992e-08
202.070966967 2.40296e-08
202.320520521 2.38939e-08
202.570074074 2.37954e-08
202.819627628 2.37356e-08
203.069181181 2.37134e-08
203.318734735 2.37257e-08
203.568288288 2.37671e-08
203.817841842 2.38311e-08
204.067395395 2.39105e-08
204.316948949 2.39987e-08
204.566502503 2.40903e-08
204.816056056 2.41818e-08
205.06560961 2.4272e-08
205.315163163 2.43613e-08
205.564716717 2.4452e-08
205.81427027 2.4547e-08
206.063823824 2.46491e-08
206.313377377 2.47604e-08
206.562930931 2.48811e-08
206.812484484 2.50097e-08
207.062038038 2.51426e-08
207.311591592 2.52746e-08
207.561145145 2.53995e-08
207.810698699 2.55109e-08
208.060252252 2.56032e-08
208.309805806 2.56722e-08
208.559359359 2.57159e-08
208.808912913 2.57344e-08
209.058466466 2.573e-08
209.30802002 2.57066e-08
209.557573574 2.56691e-08
209.807127127 2.56221e-08
210.056680681 2.55696e-08
210.306234234 2.55141e-08
210.555787788 2.54561e-08
210.805341341 2.53941e-08
211.054894895 2.53251e-08
211.304448448 2.52449e-08
211.554002002 2.5149e-08
211.803555556 2.50336e-08
212.053109109 2.48962e-08
212.302662663 2.47362e-08
212.552216216 2.4555e-08
212.80176977 2.43562e-08
213.051323323 2.41447e-08
213.300876877 2.39264e-08
213.55043043 2.37071e-08
213.799983984 2.34918e-08
214.049537538 2.32842e-08
214.299091091 2.30858e-08
214.548644645 2.28964e-08
214.798198198 2.2714e-08
215.047751752 2.25348e-08
215.297305305 2.23564e-08
215.546858859 2.21751e-08
215.796412412 2.19887e-08
216.045965966 2.17968e-08
216.29551952 2.16005e-08
216.545073073 2.14029e-08
216.794626627 2.12082e-08
217.04418018 2.10214e-08
217.293733734 2.08474e-08
217.543287287 2.06899e-08
217.792840841 2.05515e-08
218.042394394 2.04327e-08
218.291947948 2.03321e-08
218.541501502 2.02467e-08
218.791055055 2.01723e-08
219.040608609 2.01043e-08
219.290162162 2.00385e-08
219.539715716 1.99718e-08
219.789269269 1.99024e-08
220.038822823 1.98306e-08
220.288376376 1.97582e-08
220.53792993 1.96882e-08
220.787483483 1.96246e-08
221.037037037 1.95712e-08
221.286590591 1.95308e-08
221.536144144 1.95052e-08
221.785697698 1.94943e-08
222.035251251 1.94962e-08
222.284804805 1.95076e-08
222.534358358 1.95239e-08
222.783911912 1.95404e-08
223.033465465 1.95527e-08
223.283019019 1.95573e-08
223.532572573 1.95524e-08
223.782126126 1.95378e-08
224.03167968 1.9515e-08
224.281233233 1.94849e-08
224.530786787 1.94547e-08
224.78034034 1.94262e-08
225.029893894 1.94021e-08
225.279447447 1.9384e-08
225.529001001 1.93721e-08
225.778554555 1.93645e-08
226.028108108 1.93585e-08
226.277661662 1.93499e-08
226.527215215 1.93346e-08
226.776768769 1.93088e-08
227.026322322 1.92699e-08
227.275875876 1.92166e-08
227.525429429 1.91494e-08
227.774982983 1.90706e-08
228.024536537 1.89836e-08
228.27409009 1.88925e-08
228.523643644 1.88016e-08
228.773197197 1.87144e-08
229.022750751 1.86331e-08
229.272304304 1.85586e-08
229.521857858 1.84899e-08
229.771411411 1.84247e-08
230.020964965 1.83597e-08
230.270518519 1.82912e-08
230.520072072 1.82159e-08
230.769625626 1.8133e-08
231.019179179 1.8038e-08
231.268732733 1.79332e-08
231.518286286 1.78208e-08
231.76783984 1.77039e-08
232.017393393 1.75866e-08
232.266946947 1.7473e-08
232.516500501 1.73663e-08
232.766054054 1.7269e-08
233.015607608 1.71818e-08
233.265161161 1.71044e-08
233.514714715 1.70336e-08
233.764268268 1.6967e-08
234.013821822 1.6901e-08
234.263375375 1.68325e-08
234.512928929 1.67591e-08
234.762482482 1.66798e-08
235.012036036 1.6595e-08
235.26158959 1.65066e-08
235.511143143 1.64176e-08
235.760696697 1.63314e-08
236.01025025 1.62517e-08
236.259803804 1.61815e-08
236.509357357 1.61224e-08
236.758910911 1.6075e-08
237.008464464 1.60379e-08
237.258018018 1.60087e-08
237.507571572 1.5984e-08
237.757125125 1.59599e-08
238.006678679 1.5933e-08
238.256232232 1.59005e-08
238.505785786 1.5861e-08
238.755339339 1.58146e-08
239.004892893 1.57627e-08
239.254446446 1.57079e-08
239.504 1.56535e-08
