-9.800000000000000711e+00 4.743515596438295789e-01
-9.550446446449999627e+00 4.752606985436592102e-01
-9.300892892889999430e+00 4.761698374435252568e-01
-9.051339339340000123e+00 4.821162227188859339e-01
-8.801785785790000816e+00 5.209061491116154796e-01
-8.552232232230000619e+00 5.596960755058999482e-01
-8.302678678679999535e+00 5.984860018986301045e-01
-8.053125125130000228e+00 6.372759282913595946e-01
-7.803571571570000032e+00 6.854384925259143779e-01
-7.554018018019999836e+00 7.363502709163718407e-01
-7.304464464459999640e+00 7.872620493088702265e-01
-7.054910910910000332e+00 8.381738276993284664e-01
-6.805357357360000137e+00 8.748028172896393784e-01
-6.555803803799999940e+00 8.911673174872282166e-01
-6.306250250249999745e+00 9.075318176841612461e-01
-6.056696696700000437e+00 9.238963178810939425e-01
-5.807143143140000241e+00 9.359033267203380468e-01
-5.557589589590000045e+00 8.710514185324934600e-01
-5.308036036039999850e+00 8.061995103446477628e-01
-5.058482482479999653e+00 7.413476021542034777e-01
-4.808928928930000346e+00 6.764956939663587798e-01
-4.559375375380000150e+00 6.947033078644314630e-01
-4.309821821819999954e+00 7.495546881563495134e-01
-4.060268268269999759e+00 8.044060684460684341e-01
-3.810714714710000006e+00 8.592574487379864845e-01
-3.561161161159999811e+00 8.622693685923032980e-01
-3.311607607610000059e+00 7.619610433111025927e-01
-3.062054054049999863e+00 6.616527180258825469e-01
-2.812500500500000111e+00 5.613443927446836179e-01
-2.562946946949999916e+00 4.610360674634829681e-01
-2.313393393390000163e+00 4.162379233573603732e-01
-2.063839839839999968e+00 3.729023024654821716e-01
-1.814286286289999994e+00 3.295666815736046917e-01
-1.564732732730000020e+00 2.862310606799899904e-01
-1.315179179180000046e+00 3.335936361436327435e-01
-1.065625625630000073e+00 4.378415633240933524e-01
-8.160720720720000543e-01 5.420894905078981196e-01
-5.665185185190000361e-01 6.463374176896117262e-01
-3.169649649649999845e-01 7.248743245402327062e-01
-6.741141141140000181e-02 7.282078338396559269e-01
1.821421421420000020e-01 7.315413431390765941e-01
4.316956956960000258e-01 7.348748524385052550e-01
6.812492492489999885e-01 7.382083617379204821e-01
9.308028028029999845e-01 7.963299767830569476e-01
1.180356356359999914e+00 8.608788386727700415e-01
1.429909909910000110e+00 9.254277005606726947e-01
1.679463463460000083e+00 9.899765624485741267e-01
1.929017017020000058e+00 9.745608631275408662e-01
2.178570570569999809e+00 8.897078991434448358e-01
2.428124124120000005e+00 8.048549351593478063e-01
2.677677677680000201e+00 7.200019711718504967e-01
2.927231231229999953e+00 6.506219417310483699e-01
3.176784784780000148e+00 6.539554510304235180e-01
3.426338338339999900e+00 6.572889603299323369e-01
3.675891891890000096e+00 6.606224696293075960e-01
3.925445445449999848e+00 6.639559789288164149e-01
4.174998998999999600e+00 6.791545876540099336e-01
4.424552552549999795e+00 6.970343193506587376e-01
4.674106106109999992e+00 7.149140510480241906e-01
4.923659659660000187e+00 7.327937827446729946e-01
5.173213213210000383e+00 7.461141933095156720e-01
5.422766766769999691e+00 7.539933971083547792e-01
5.672320320319999887e+00 7.618726009068780280e-01
5.921873873870000082e+00 7.697518047054010548e-01
6.171427427430000279e+00 7.870118092200545368e-01
6.420980980979999586e+00 8.924719216002880984e-01
6.670534534529999782e+00 9.979320339805247686e-01
6.920088088089999978e+00 1.103392146364985615e+00
7.169641641640000174e+00 1.208852258745219066e+00
7.419195195200000370e+00 1.331941291951615369e+00
7.668748748749999677e+00 1.461342062027361610e+00
7.918302302299999873e+00 1.590742832103107851e+00
8.167855855859999181e+00 1.720143602184041276e+00
8.417409409410000265e+00 1.999729676389784494e+00
8.666962962959999572e+00 2.527939377190781212e+00
8.916516516519999769e+00 3.056149078012951659e+00
9.166070070070000853e+00 3.584358778813964364e+00
9.415623623620000160e+00 4.123332622626920241e+00
9.665177177180000356e+00 5.291879155254739509e+00
9.914730730729999664e+00 6.460425687835717135e+00
1.016428428430000075e+01 7.628972220510341629e+00
1.041383783779999916e+01 8.797518752857218516e+00
1.066339139139999936e+01 1.062094538247911224e+01
1.091294494489999956e+01 1.278621119513949544e+01
1.116249849849999976e+01 1.495147700866750284e+01
1.141205205209999995e+01 1.711674282219550847e+01
1.166160560560000015e+01 1.946722112631515245e+01
1.191115915920000035e+01 2.225555013265121929e+01
1.216071271270000054e+01 2.504387913786999675e+01
1.241026626630000074e+01 2.783220814420606004e+01
1.265981981979999915e+01 3.062053714942475224e+01
1.290937337339999935e+01 3.491062864937210009e+01
1.315892692689999954e+01 3.930086039576971046e+01
1.340848048049999974e+01 4.369109214392649676e+01
1.365803403399999993e+01 4.808132389032397924e+01
1.390758758760000013e+01 5.116515683301922479e+01
1.415714114110000033e+01 5.329405708969370181e+01
1.440669469470000053e+01 5.542295734722123512e+01
1.465624824820000072e+01 5.755185760389571925e+01
1.490580180179999914e+01 5.934980525531833706e+01
1.515535535539999934e+01 5.996014050352624025e+01
1.540490890889999953e+01 6.057047575148955332e+01
1.565446246249999973e+01 6.118081099969744230e+01
1.590401601599999992e+01 6.179114624766077668e+01
1.615356956959999835e+01 6.247533944375194892e+01
1.640312312309999854e+01 6.317173984088188377e+01
1.665267667670000051e+01 6.386814023829091269e+01
1.690223023020000070e+01 6.456454063542085464e+01
1.715178378379999913e+01 6.449111629122893419e+01
1.740133733729999932e+01 6.364288969785788908e+01
1.765089089090000130e+01 6.279466310414689190e+01
1.790044444440000149e+01 6.194643651077579705e+01
1.814999799799999991e+01 6.110291465031117752e+01
1.839955155159999833e+01 6.028862924220064912e+01
1.864910510509999853e+01 5.947434383441640193e+01
1.889865865870000050e+01 5.866005842630586642e+01
1.914821221220000069e+01 5.784577301852164766e+01
1.939776576579999912e+01 5.644331450188346366e+01
1.964731931929999931e+01 5.487383771479204597e+01
1.989687287290000128e+01 5.330436092707174822e+01
2.014642642640000147e+01 5.173488413998034474e+01
2.039597997999999990e+01 5.048302484074722685e+01
2.064553353350000009e+01 4.967146684966193959e+01
2.089508708709999851e+01 4.885990885825144403e+01
2.114464064059999870e+01 4.804835086716616388e+01
2.139419419420000068e+01 4.720473819219484568e+01
2.164374774770000087e+01 4.585254560211917862e+01
2.189330130129999930e+01 4.450035301150172984e+01
2.214285485490000127e+01 4.314816042088419579e+01
2.239240840840000146e+01 4.179596783080857136e+01
2.264196196199999989e+01 4.065894087488599951e+01
2.289151551550000008e+01 3.961434027919109013e+01
2.314106906909999850e+01 3.856973968307757872e+01
2.339062262259999869e+01 3.752513908738264092e+01
2.364017617620000067e+01 3.649989450540984137e+01
2.388972972970000086e+01 3.551226661409280894e+01
2.413928328329999928e+01 3.452463872238003972e+01
2.438883683679999947e+01 3.353701083106303571e+01
2.463839039040000145e+01 3.254938293935026650e+01
2.488794394390000164e+01 3.161045902953181752e+01
2.513749749750000007e+01 3.067253073101968752e+01
2.538705105109999849e+01 2.973460243250758595e+01
2.563660460459999868e+01 2.879667413437127976e+01
2.588615815820000066e+01 2.799876647907291272e+01
2.613571171170000085e+01 2.728660767434908152e+01
2.638526526529999927e+01 2.657444886933987149e+01
2.663481881879999946e+01 2.586229006461604740e+01
2.688437237240000144e+01 2.507444808520527957e+01
2.713392592590000163e+01 2.407166787889409321e+01
2.738347947950000005e+01 2.306888767218114822e+01
2.763303303300000024e+01 2.206610746586999738e+01
2.788258658659999867e+01 2.106332725915702397e+01
2.813214014009999886e+01 2.049451659990788244e+01
2.838169369370000084e+01 1.997358001020114315e+01
2.863124724720000103e+01 1.945264342070314356e+01
2.888080080079999945e+01 1.893170683099642204e+01
2.913035435440000143e+01 1.844191285575919181e+01
2.937990790790000162e+01 1.797855506323886843e+01
2.962946146150000004e+01 1.751519727053287312e+01
2.987901501500000023e+01 1.705183947801256039e+01
3.012856856859999866e+01 1.660747022490265934e+01
3.037812212209999885e+01 1.624896645214168700e+01
3.062767567570000082e+01 1.589046267923704825e+01
3.087722922920000101e+01 1.553195890647606348e+01
3.112678278279999944e+01 1.517345513357142828e+01
3.137633633629999963e+01 1.487020674948008292e+01
3.162588988990000161e+01 1.457897925517631599e+01
3.187544344339999824e+01 1.428775176098925570e+01
3.212499699699999667e+01 1.399652426668548877e+01
3.237455055059999864e+01 1.366599335231064671e+01
3.262410410409999884e+01 1.328960984785660671e+01
3.287365765770000081e+01 1.291322634325172736e+01
3.312321121120000100e+01 1.253684283879767491e+01
3.337276476480000298e+01 1.218044462447691423e+01
3.362231831830000317e+01 1.200043512234672249e+01
3.387187187189999804e+01 1.182042562014439291e+01
3.412142542539999823e+01 1.164041611801420117e+01
3.437097897900000021e+01 1.146040661581187337e+01
3.462053253250000040e+01 1.109826094114336748e+01
3.487008608610000238e+01 1.067278393593785246e+01
3.511963963960000257e+01 1.024730693090285172e+01
3.536919319319999744e+01 9.821829925697359798e+00
3.561874674669999763e+01 9.437125484513542162e+00
3.586830030029999961e+01 9.118320776909417447e+00
3.611785385390000158e+01 8.799516069305283850e+00
3.636740740740000177e+01 8.480711361828916495e+00
3.661696096099999664e+01 8.163750219111721051e+00
3.686651451449999684e+01 7.927071058903504053e+00
3.711606806809999881e+01 7.690391898600442921e+00
3.736562162159999900e+01 7.453712738392219705e+00
3.761517517520000098e+01 7.217033578089158574e+00
3.786472872870000117e+01 6.981559342665206280e+00
3.811428228230000315e+01 6.746698460162167343e+00
3.836383583580000334e+01 6.511837577753238904e+00
3.861338938939999821e+01 6.276976695250208849e+00
3.886294294289999840e+01 6.043400907455069415e+00
3.911249649650000038e+01 5.812782673152086410e+00
3.936205005010000235e+01 5.582164438849103405e+00
3.961160360360000254e+01 5.351546204638522930e+00
3.986115715719999741e+01 5.120927970335553248e+00
4.011071071069999761e+01 4.946900204720559913e+00
4.036026426429999958e+01 4.776285137818363502e+00
4.060981781779999977e+01 4.605670070984517750e+00
4.085937137140000175e+01 4.435055004082310681e+00
4.110892492490000194e+01 4.359018372779271289e+00
4.135847847849999681e+01 4.350533076379160313e+00
4.160803203199999700e+01 4.342047779982451061e+00
4.185758558559999898e+01 4.333562483582340974e+00
4.210713913909999917e+01 4.299466251722136256e+00
4.235669269270000115e+01 4.176429453920536439e+00
4.260624624620000134e+01 4.053392656168250063e+00
4.285579979980000331e+01 3.930355858366658683e+00
4.310535335339999818e+01 3.807319060565067304e+00
4.335490690689999838e+01 3.739777878595802463e+00
4.360446046050000035e+01 3.680986896395038510e+00
4.385401401400000054e+01 3.622195914217841040e+00
4.410356756760000252e+01 3.563404932017077531e+00
4.435312112110000271e+01 3.441989136325330989e+00
4.460267467469999758e+01 3.258949171122963673e+00
4.485222822819999777e+01 3.075909205993946127e+00
4.510178178179999975e+01 2.892869240791578367e+00
4.535133533529999994e+01 2.720845486565682148e+00
4.560088888890000192e+01 2.614173188964309169e+00
4.585044244240000211e+01 2.507500891405670007e+00
4.609999599599999698e+01 2.400828593804296585e+00
4.634954954949999717e+01 2.294156296245657423e+00
4.659910310309999915e+01 2.265698187777841266e+00
4.684865665670000112e+01 2.258728122877751154e+00
4.709821021020000131e+01 2.251758057980453920e+00
4.734776376380000329e+01 2.244787993080363808e+00
4.759731731730000348e+01 2.207572306597289646e+00
4.784687087089999835e+01 2.129386361196283328e+00
4.809642442439999854e+01 2.051200415826598622e+00
4.834597797800000052e+01 1.973014470425587197e+00
4.859553153150000071e+01 1.900770812273520960e+00
4.884508508510000269e+01 1.914104849473694525e+00
4.909463863860000288e+01 1.927438886668522811e+00
4.934419219219999775e+01 1.940772923868696154e+00
4.959374574569999794e+01 1.954106961063524439e+00
4.984329929929999992e+01 1.864012897638473554e+00
5.009285285290000189e+01 1.730672525636748560e+00
5.034240640640000208e+01 1.597332153688457934e+00
5.059195995999999695e+01 1.463991781686733384e+00
5.084151351349999715e+01 1.354829278333568032e+00
5.109106706709999912e+01 1.291492601632744819e+00
5.134062062059999931e+01 1.228155924957310630e+00
5.159017417420000129e+01 1.164819248256487416e+00
5.183972772770000148e+01 1.101482571581049230e+00
5.208928128130000346e+01 1.102064286470845644e+00
5.233883483479999654e+01 1.103579517970257884e+00
5.258838838839999852e+01 1.105094749470277637e+00
5.283794194189999871e+01 1.106609980969690099e+00
5.308749549550000069e+01 1.106038999242937582e+00
5.333704904900000088e+01 1.104220721443642805e+00
5.358660260260000285e+01 1.102402443643619279e+00
5.383615615619999772e+01 1.100584165843595752e+00
5.408570970969999792e+01 1.112795059632968764e+00
5.433526326329999989e+01 1.163706838033627289e+00
5.458481681680000008e+01 1.214618616413887020e+00
5.483437037040000206e+01 1.265530394814542436e+00
5.508392392390000225e+01 1.316442173194801946e+00
5.533347747749999712e+01 1.247333912685929080e+00
5.558303103099999731e+01 1.165814458017537136e+00
5.583258458459999929e+01 1.084295003316482875e+00
5.608213813809999948e+01 1.002775548648095816e+00
5.633169169170000146e+01 9.951213085038558281e-01
5.658124524520000165e+01 1.048760503583051396e+00
5.683079879879999652e+01 1.102399698683748541e+00
5.708035235239999849e+01 1.156038893784439026e+00
5.732990590589999869e+01 1.191682866989350220e+00
5.757945945950000066e+01 1.148953338688797565e+00
5.782901301300000085e+01 1.106223810405367880e+00
5.807856656660000283e+01 1.063494282104812561e+00
5.832812012010000302e+01 1.020764753821385540e+00
5.857767367369999789e+01 9.712688439979081378e-01
5.882722722719999808e+01 9.203570656176516263e-01
5.907678078080000006e+01 8.694452872169899926e-01
5.932633433430000025e+01 8.185335088367334810e-01
5.957588788790000223e+01 8.258104520577709273e-01
5.982544144140000242e+01 8.994507029292180267e-01
6.007499499499999729e+01 9.730909538301658612e-01
6.032454854849999748e+01 1.046731204701613072e+00
6.057410210209999946e+01 1.105984323274095571e+00
6.082365565570000143e+01 1.045678109573311643e+00
6.107320920920000162e+01 9.853718958966981578e-01
6.132276276279999649e+01 9.250656821959182263e-01
6.157231631629999669e+01 8.647594685193048525e-01
6.182186986989999866e+01 8.629078112490348174e-01
6.207142342339999885e+01 8.807875429421022639e-01
6.232097697700000083e+01 8.986672746423324254e-01
6.257053053050000102e+01 9.165470063353997610e-01
6.282008408410000300e+01 8.841197364994832775e-01
6.306963763760000319e+01 7.722956518428483186e-01
6.331919119119999806e+01 6.604715671414019829e-01
6.356874474469999825e+01 5.486474824847671350e-01
6.381829829830000023e+01 4.409258917399708211e-01
6.406785185190000220e+01 4.751701236404116124e-01
6.431740540539999529e+01 5.094143555271338775e-01
6.456695895900000437e+01 5.436585874275768893e-01
6.481651251249999746e+01 5.779028193142969894e-01
6.506606606610000654e+01 6.382733403690581397e-01
6.531561961959999962e+01 7.116105449406135985e-01
6.556517317319999449e+01 7.849477495415622119e-01
6.581472672670000179e+01 8.582849541131222226e-01
6.606428028029999666e+01 9.048808588933318076e-01
6.631383383380000396e+01 8.915468216985019678e-01
6.656338738739999883e+01 8.782127844983295129e-01
6.681294094090000613e+01 8.648787473034995621e-01
6.706249449450000100e+01 8.515447101033278843e-01
6.731204804799999408e+01 0.000000000000000000e+00
6.756160160160000316e+01 0.000000000000000000e+00
6.781115515519999803e+01 0.000000000000000000e+00
6.806070870870000533e+01 0.000000000000000000e+00
6.831026226230000020e+01 0.000000000000000000e+00
6.855981581579999329e+01 0.000000000000000000e+00
6.880936936940000237e+01 0.000000000000000000e+00
6.905892292289999546e+01 0.000000000000000000e+00
6.930847647650000454e+01 0.000000000000000000e+00
6.955803002999999762e+01 0.000000000000000000e+00
6.980758358360000670e+01 0.000000000000000000e+00
7.005713713709999979e+01 0.000000000000000000e+00
7.030669069069999466e+01 0.000000000000000000e+00
7.055624424420000196e+01 0.000000000000000000e+00
7.080579779779999683e+01 0.000000000000000000e+00
7.105535135140000591e+01 0.000000000000000000e+00
7.130490490489999900e+01 0.000000000000000000e+00
7.155445845849999387e+01 0.000000000000000000e+00
7.180401201200000116e+01 0.000000000000000000e+00
7.205356556559999603e+01 0.000000000000000000e+00
7.230311911910000333e+01 0.000000000000000000e+00
7.255267267269999820e+01 0.000000000000000000e+00
7.280222622620000550e+01 0.000000000000000000e+00
7.305177977980000037e+01 0.000000000000000000e+00
7.330133333329999346e+01 0.000000000000000000e+00
7.355088688690000254e+01 0.000000000000000000e+00
7.380044044039999562e+01 0.000000000000000000e+00
7.404999399400000470e+01 0.000000000000000000e+00
7.429954754749999779e+01 0.000000000000000000e+00
7.454910110110000687e+01 0.000000000000000000e+00
7.479865465470000174e+01 0.000000000000000000e+00
7.504820820819999483e+01 0.000000000000000000e+00
7.529776176180000391e+01 0.000000000000000000e+00
7.554731531529999700e+01 0.000000000000000000e+00
7.579686886890000608e+01 0.000000000000000000e+00
7.604642242239999916e+01 0.000000000000000000e+00
7.629597597599999403e+01 0.000000000000000000e+00
7.654552952950000133e+01 0.000000000000000000e+00
7.679508308309999620e+01 0.000000000000000000e+00
7.704463663660000350e+01 0.000000000000000000e+00
7.729419019019999837e+01 0.000000000000000000e+00
7.754374374370000567e+01 0.000000000000000000e+00
7.779329729730000054e+01 0.000000000000000000e+00
7.804285085089999541e+01 0.000000000000000000e+00
7.829240440440000270e+01 0.000000000000000000e+00
7.854195795799999757e+01 0.000000000000000000e+00
7.879151151150000487e+01 0.000000000000000000e+00
7.904106506509999974e+01 0.000000000000000000e+00
7.929061861860000704e+01 0.000000000000000000e+00
7.954017217220000191e+01 0.000000000000000000e+00
7.978972572569999500e+01 0.000000000000000000e+00
8.003927927930000408e+01 0.000000000000000000e+00
8.028883283279999716e+01 0.000000000000000000e+00
8.053838638640000624e+01 0.000000000000000000e+00
8.078793993989999933e+01 0.000000000000000000e+00
8.103749349349999420e+01 0.000000000000000000e+00
8.128704704700000150e+01 0.000000000000000000e+00
8.153660060059999637e+01 0.000000000000000000e+00
8.178615415420000545e+01 0.000000000000000000e+00
8.203570770769999854e+01 0.000000000000000000e+00
8.228526126129999341e+01 0.000000000000000000e+00
8.253481481480000070e+01 0.000000000000000000e+00
8.278436836839999557e+01 0.000000000000000000e+00
8.303392192190000287e+01 0.000000000000000000e+00
8.328347547549999774e+01 0.000000000000000000e+00
8.353302902900000504e+01 0.000000000000000000e+00
8.378258258259999991e+01 0.000000000000000000e+00
8.403213613609999300e+01 0.000000000000000000e+00
8.428168968970000208e+01 0.000000000000000000e+00
8.453124324319999516e+01 0.000000000000000000e+00
8.478079679680000424e+01 0.000000000000000000e+00
8.503035035039999912e+01 0.000000000000000000e+00
8.527990390390000641e+01 0.000000000000000000e+00
8.552945745750000128e+01 0.000000000000000000e+00
8.577901101099999437e+01 0.000000000000000000e+00
8.602856456460000345e+01 0.000000000000000000e+00
8.627811811809999654e+01 0.000000000000000000e+00
8.652767167170000562e+01 0.000000000000000000e+00
8.677722522519999870e+01 0.000000000000000000e+00
8.702677877879999357e+01 0.000000000000000000e+00
8.727633233230000087e+01 0.000000000000000000e+00
8.752588588589999574e+01 0.000000000000000000e+00
8.777543943940000304e+01 0.000000000000000000e+00
8.802499299299999791e+01 0.000000000000000000e+00
8.827454654650000521e+01 0.000000000000000000e+00
8.852410010010000008e+01 0.000000000000000000e+00
8.877365365369999495e+01 0.000000000000000000e+00
8.902320720720000224e+01 0.000000000000000000e+00
8.927276076079999712e+01 0.000000000000000000e+00
8.952231431430000441e+01 0.000000000000000000e+00
8.977186786789999928e+01 0.000000000000000000e+00
9.002142142140000658e+01 0.000000000000000000e+00
9.027097497500000145e+01 0.000000000000000000e+00
9.052052852849999454e+01 0.000000000000000000e+00
9.077008208210000362e+01 0.000000000000000000e+00
9.101963563559999670e+01 0.000000000000000000e+00
9.126918918920000579e+01 0.000000000000000000e+00
9.151874274269999887e+01 0.000000000000000000e+00
9.176829629629999374e+01 0.000000000000000000e+00
9.201784984980000104e+01 0.000000000000000000e+00
9.226740340339999591e+01 0.000000000000000000e+00
9.251695695700000499e+01 0.000000000000000000e+00
9.276651051049999808e+01 0.000000000000000000e+00
9.301606406409999295e+01 0.000000000000000000e+00
9.326561761760000024e+01 0.000000000000000000e+00
9.351517117119999511e+01 0.000000000000000000e+00
9.376472472470000241e+01 0.000000000000000000e+00
9.401427827829999728e+01 0.000000000000000000e+00
9.426383183180000458e+01 0.000000000000000000e+00
9.451338538539999945e+01 0.000000000000000000e+00
9.476293893890000675e+01 0.000000000000000000e+00
9.501249249250000162e+01 0.000000000000000000e+00
9.526204604599999470e+01 0.000000000000000000e+00
9.551159959960000378e+01 0.000000000000000000e+00
9.576115315319999866e+01 0.000000000000000000e+00
9.601070670670000595e+01 0.000000000000000000e+00
9.626026026030000082e+01 0.000000000000000000e+00
9.650981381379999391e+01 0.000000000000000000e+00
9.675936736740000299e+01 0.000000000000000000e+00
9.700892092089999608e+01 0.000000000000000000e+00
9.725847447450000516e+01 0.000000000000000000e+00
9.750802802799999824e+01 0.000000000000000000e+00
9.775758158159999311e+01 0.000000000000000000e+00
9.800713513510000041e+01 0.000000000000000000e+00
9.825668868869999528e+01 0.000000000000000000e+00
9.850624224220000258e+01 0.000000000000000000e+00
9.875579579579999745e+01 0.000000000000000000e+00
9.900534934930000475e+01 0.000000000000000000e+00
9.925490290289999962e+01 0.000000000000000000e+00
9.950445645649999449e+01 0.000000000000000000e+00
9.975401001000000178e+01 0.000000000000000000e+00
1.000035635640000038e+02 0.000000000000000000e+00
1.002531171170000022e+02 0.000000000000000000e+00
1.005026706710000042e+02 0.000000000000000000e+00
1.007522242240000026e+02 0.000000000000000000e+00
1.010017777780000046e+02 0.000000000000000000e+00
1.012513313310000029e+02 0.000000000000000000e+00
1.015008848850000049e+02 0.000000000000000000e+00
1.017504384380000033e+02 0.000000000000000000e+00
1.019999919920000053e+02 0.000000000000000000e+00
1.022495455459999931e+02 0.000000000000000000e+00
1.024990990990000057e+02 0.000000000000000000e+00
1.027486526529999935e+02 0.000000000000000000e+00
1.029982062060000061e+02 0.000000000000000000e+00
1.032477597599999939e+02 0.000000000000000000e+00
1.034973133130000065e+02 0.000000000000000000e+00
1.037468668669999943e+02 0.000000000000000000e+00
1.039964204200000069e+02 0.000000000000000000e+00
1.042459739739999947e+02 0.000000000000000000e+00
1.044955275279999967e+02 0.000000000000000000e+00
1.047450810809999950e+02 0.000000000000000000e+00
1.049946346349999970e+02 0.000000000000000000e+00
1.052441881879999954e+02 0.000000000000000000e+00
1.054937417419999974e+02 0.000000000000000000e+00
1.057432952949999958e+02 0.000000000000000000e+00
1.059928488489999978e+02 0.000000000000000000e+00
1.062424024019999962e+02 0.000000000000000000e+00
1.064919559559999982e+02 0.000000000000000000e+00
1.067415095100000002e+02 0.000000000000000000e+00
1.069910630629999986e+02 0.000000000000000000e+00
1.072406166170000006e+02 0.000000000000000000e+00
1.074901701699999990e+02 0.000000000000000000e+00
1.077397237240000010e+02 0.000000000000000000e+00
1.079892772769999993e+02 0.000000000000000000e+00
1.082388308310000014e+02 0.000000000000000000e+00
1.084883843839999997e+02 0.000000000000000000e+00
1.087379379380000017e+02 0.000000000000000000e+00
1.089874914910000001e+02 0.000000000000000000e+00
1.092370450450000021e+02 0.000000000000000000e+00
1.094865985990000041e+02 0.000000000000000000e+00
1.097361521520000025e+02 0.000000000000000000e+00
1.099857057060000045e+02 0.000000000000000000e+00
1.102352592590000029e+02 0.000000000000000000e+00
1.104848128130000049e+02 0.000000000000000000e+00
1.107343663660000033e+02 0.000000000000000000e+00
1.109839199200000053e+02 0.000000000000000000e+00
1.112334734730000037e+02 0.000000000000000000e+00
1.114830270270000057e+02 0.000000000000000000e+00
1.117325805809999935e+02 0.000000000000000000e+00
1.119821341340000060e+02 0.000000000000000000e+00
1.122316876879999938e+02 0.000000000000000000e+00
1.124812412410000064e+02 0.000000000000000000e+00
1.127307947949999942e+02 0.000000000000000000e+00
1.129803483480000068e+02 0.000000000000000000e+00
1.132299019019999946e+02 0.000000000000000000e+00
1.134794554549999930e+02 0.000000000000000000e+00
1.137290090089999950e+02 0.000000000000000000e+00
1.139785625629999970e+02 0.000000000000000000e+00
1.142281161159999954e+02 0.000000000000000000e+00
1.144776696699999974e+02 0.000000000000000000e+00
1.147272232229999958e+02 0.000000000000000000e+00
1.149767767769999978e+02 0.000000000000000000e+00
1.152263303299999961e+02 0.000000000000000000e+00
1.154758838839999981e+02 0.000000000000000000e+00
1.157254374369999965e+02 0.000000000000000000e+00
1.159749909909999985e+02 0.000000000000000000e+00
1.162245445450000005e+02 0.000000000000000000e+00
1.164740980979999989e+02 0.000000000000000000e+00
1.167236516520000009e+02 0.000000000000000000e+00
1.169732052049999993e+02 0.000000000000000000e+00
1.172227587590000013e+02 0.000000000000000000e+00
1.174723123119999997e+02 0.000000000000000000e+00
1.177218658660000017e+02 0.000000000000000000e+00
1.179714194190000001e+02 0.000000000000000000e+00
1.182209729730000021e+02 0.000000000000000000e+00
1.184705265270000041e+02 0.000000000000000000e+00
1.187200800800000025e+02 0.000000000000000000e+00
1.189696336340000045e+02 0.000000000000000000e+00
1.192191871870000028e+02 0.000000000000000000e+00
1.194687407410000048e+02 0.000000000000000000e+00
1.197182942940000032e+02 0.000000000000000000e+00
1.199678478480000052e+02 0.000000000000000000e+00
1.202174014010000036e+02 0.000000000000000000e+00
1.204669549550000056e+02 0.000000000000000000e+00
1.207165085089999934e+02 0.000000000000000000e+00
1.209660620620000060e+02 0.000000000000000000e+00
1.212156156159999938e+02 0.000000000000000000e+00
1.214651691690000064e+02 0.000000000000000000e+00
1.217147227229999942e+02 0.000000000000000000e+00
1.219642762760000068e+02 0.000000000000000000e+00
1.222138298299999946e+02 0.000000000000000000e+00
1.224633833829999929e+02 0.000000000000000000e+00
1.227129369369999949e+02 0.000000000000000000e+00
1.229624904899999933e+02 0.000000000000000000e+00
1.232120440439999953e+02 0.000000000000000000e+00
1.234615975979999973e+02 0.000000000000000000e+00
1.237111511509999957e+02 0.000000000000000000e+00
1.239607047049999977e+02 0.000000000000000000e+00
1.242102582579999961e+02 0.000000000000000000e+00
1.244598118119999981e+02 0.000000000000000000e+00
1.247093653649999965e+02 0.000000000000000000e+00
1.249589189189999985e+02 0.000000000000000000e+00
1.252084724719999969e+02 0.000000000000000000e+00
1.254580260259999989e+02 0.000000000000000000e+00
1.257075795800000009e+02 0.000000000000000000e+00
1.259571331329999992e+02 0.000000000000000000e+00
1.262066866870000013e+02 0.000000000000000000e+00
1.264562402399999996e+02 0.000000000000000000e+00
1.267057937940000016e+02 0.000000000000000000e+00
1.269553473470000000e+02 0.000000000000000000e+00
1.272049009010000020e+02 0.000000000000000000e+00
1.274544544540000004e+02 0.000000000000000000e+00
1.277040080080000024e+02 0.000000000000000000e+00
1.279535615620000044e+02 0.000000000000000000e+00
1.282031151150000028e+02 0.000000000000000000e+00
1.284526686689999906e+02 0.000000000000000000e+00
1.287022222219999890e+02 0.000000000000000000e+00
1.289517757760000052e+02 0.000000000000000000e+00
1.292013293290000036e+02 0.000000000000000000e+00
1.294508828829999914e+02 0.000000000000000000e+00
1.297004364359999897e+02 0.000000000000000000e+00
1.299499899900000059e+02 0.000000000000000000e+00
1.301995435439999937e+02 0.000000000000000000e+00
1.304490970969999921e+02 0.000000000000000000e+00
1.306986506510000083e+02 0.000000000000000000e+00
1.309482042040000067e+02 0.000000000000000000e+00
1.311977577579999945e+02 0.000000000000000000e+00
1.314473113109999929e+02 0.000000000000000000e+00
1.316968648650000091e+02 0.000000000000000000e+00
1.319464184180000075e+02 0.000000000000000000e+00
1.321959719719999953e+02 0.000000000000000000e+00
1.324455255260000115e+02 0.000000000000000000e+00
1.326950790790000099e+02 0.000000000000000000e+00
1.329446326329999977e+02 0.000000000000000000e+00
1.331941861859999960e+02 0.000000000000000000e+00
1.334437397400000123e+02 0.000000000000000000e+00
1.336932932930000106e+02 0.000000000000000000e+00
1.339428468469999984e+02 0.000000000000000000e+00
1.341924003999999968e+02 0.000000000000000000e+00
1.344419539540000130e+02 0.000000000000000000e+00
1.346915075080000008e+02 0.000000000000000000e+00
1.349410610609999992e+02 0.000000000000000000e+00
1.351906146149999870e+02 0.000000000000000000e+00
1.354401681680000138e+02 0.000000000000000000e+00
1.356897217220000016e+02 0.000000000000000000e+00
1.359392752750000000e+02 0.000000000000000000e+00
1.361888288289999878e+02 0.000000000000000000e+00
1.364383823819999861e+02 0.000000000000000000e+00
1.366879359360000024e+02 0.000000000000000000e+00
1.369374894890000007e+02 0.000000000000000000e+00
1.371870430429999885e+02 0.000000000000000000e+00
1.374365965970000047e+02 0.000000000000000000e+00
1.376861501500000031e+02 0.000000000000000000e+00
1.379357037039999909e+02 0.000000000000000000e+00
1.381852572569999893e+02 0.000000000000000000e+00
1.384348108110000055e+02 0.000000000000000000e+00
1.386843643640000039e+02 0.000000000000000000e+00
1.389339179179999917e+02 0.000000000000000000e+00
1.391834714709999901e+02 0.000000000000000000e+00
1.394330250250000063e+02 0.000000000000000000e+00
1.396825785789999941e+02 0.000000000000000000e+00
1.399321321319999925e+02 0.000000000000000000e+00
1.401816856860000087e+02 0.000000000000000000e+00
1.404312392390000070e+02 0.000000000000000000e+00
1.406807927929999948e+02 0.000000000000000000e+00
1.409303463459999932e+02 0.000000000000000000e+00
1.411798999000000094e+02 0.000000000000000000e+00
1.414294534530000078e+02 0.000000000000000000e+00
1.416790070069999956e+02 0.000000000000000000e+00
1.419285605610000118e+02 0.000000000000000000e+00
1.421781141140000102e+02 0.000000000000000000e+00
1.424276676679999980e+02 0.000000000000000000e+00
1.426772212209999964e+02 0.000000000000000000e+00
1.429267747750000126e+02 0.000000000000000000e+00
1.431763283280000110e+02 0.000000000000000000e+00
1.434258818819999988e+02 0.000000000000000000e+00
1.436754354349999971e+02 0.000000000000000000e+00
1.439249889890000134e+02 0.000000000000000000e+00
1.441745425430000012e+02 0.000000000000000000e+00
1.444240960959999995e+02 0.000000000000000000e+00
1.446736496499999873e+02 0.000000000000000000e+00
1.449232032030000141e+02 0.000000000000000000e+00
1.451727567570000019e+02 0.000000000000000000e+00
1.454223103100000003e+02 0.000000000000000000e+00
1.456718638639999881e+02 0.000000000000000000e+00
1.459214174169999865e+02 0.000000000000000000e+00
1.461709709710000027e+02 0.000000000000000000e+00
1.464205245249999905e+02 0.000000000000000000e+00
1.466700780779999889e+02 0.000000000000000000e+00
1.469196316320000051e+02 0.000000000000000000e+00
1.471691851850000035e+02 0.000000000000000000e+00
1.474187387389999913e+02 0.000000000000000000e+00
1.476682922919999896e+02 0.000000000000000000e+00
1.479178458460000058e+02 0.000000000000000000e+00
1.481673993990000042e+02 0.000000000000000000e+00
1.484169529529999920e+02 0.000000000000000000e+00
1.486665065070000082e+02 0.000000000000000000e+00
1.489160600600000066e+02 0.000000000000000000e+00
1.491656136139999944e+02 0.000000000000000000e+00
1.494151671669999928e+02 0.000000000000000000e+00
1.496647207210000090e+02 0.000000000000000000e+00
1.499142742740000074e+02 0.000000000000000000e+00
1.501638278279999952e+02 0.000000000000000000e+00
1.504133813809999936e+02 0.000000000000000000e+00
1.506629349350000098e+02 0.000000000000000000e+00
1.509124884880000081e+02 0.000000000000000000e+00
1.511620420419999959e+02 0.000000000000000000e+00
1.514115955960000122e+02 0.000000000000000000e+00
1.516611491490000105e+02 0.000000000000000000e+00
1.519107027029999983e+02 0.000000000000000000e+00
1.521602562559999967e+02 0.000000000000000000e+00
1.524098098100000129e+02 0.000000000000000000e+00
1.526593633630000113e+02 0.000000000000000000e+00
1.529089169169999991e+02 0.000000000000000000e+00
1.531584704699999975e+02 0.000000000000000000e+00
1.534080240240000137e+02 0.000000000000000000e+00
1.536575775780000015e+02 0.000000000000000000e+00
1.539071311309999999e+02 0.000000000000000000e+00
1.541566846849999877e+02 0.000000000000000000e+00
1.544062382379999860e+02 0.000000000000000000e+00
1.546557917920000023e+02 0.000000000000000000e+00
1.549053453450000006e+02 0.000000000000000000e+00
1.551548988989999884e+02 0.000000000000000000e+00
1.554044524519999868e+02 0.000000000000000000e+00
1.556540060060000030e+02 0.000000000000000000e+00
1.559035595599999908e+02 0.000000000000000000e+00
1.561531131129999892e+02 0.000000000000000000e+00
1.564026666670000054e+02 0.000000000000000000e+00
1.566522202200000038e+02 0.000000000000000000e+00
1.569017737739999916e+02 0.000000000000000000e+00
1.571513273269999900e+02 0.000000000000000000e+00
1.574008808810000062e+02 0.000000000000000000e+00
1.576504344340000046e+02 0.000000000000000000e+00
1.578999879879999924e+02 0.000000000000000000e+00
1.581495415420000086e+02 0.000000000000000000e+00
1.583990950950000069e+02 0.000000000000000000e+00
1.586486486489999947e+02 0.000000000000000000e+00
1.588982022019999931e+02 0.000000000000000000e+00
1.591477557560000093e+02 0.000000000000000000e+00
1.593973093090000077e+02 0.000000000000000000e+00
1.596468628629999955e+02 0.000000000000000000e+00
1.598964164159999939e+02 0.000000000000000000e+00
1.601459699700000101e+02 0.000000000000000000e+00
1.603955235239999979e+02 0.000000000000000000e+00
1.606450770769999963e+02 0.000000000000000000e+00
1.608946306310000125e+02 0.000000000000000000e+00
1.611441841840000109e+02 0.000000000000000000e+00
1.613937377379999987e+02 0.000000000000000000e+00
1.616432912909999970e+02 0.000000000000000000e+00
1.618928448450000133e+02 0.000000000000000000e+00
1.621423983980000116e+02 0.000000000000000000e+00
1.623919519519999994e+02 0.000000000000000000e+00
1.626415055059999872e+02 0.000000000000000000e+00
1.628910590590000140e+02 0.000000000000000000e+00
1.631406126130000018e+02 0.000000000000000000e+00
1.633901661660000002e+02 0.000000000000000000e+00
1.636397197199999880e+02 0.000000000000000000e+00
1.638892732729999864e+02 0.000000000000000000e+00
1.641388268270000026e+02 0.000000000000000000e+00
1.643883803800000010e+02 0.000000000000000000e+00
1.646379339339999888e+02 0.000000000000000000e+00
1.648874874869999871e+02 0.000000000000000000e+00
1.651370410410000034e+02 0.000000000000000000e+00
1.653865945949999912e+02 0.000000000000000000e+00
1.656361481479999895e+02 0.000000000000000000e+00
1.658857017020000058e+02 0.000000000000000000e+00
1.661352552550000041e+02 0.000000000000000000e+00
1.663848088089999919e+02 0.000000000000000000e+00
1.666343623619999903e+02 0.000000000000000000e+00
1.668839159160000065e+02 0.000000000000000000e+00
1.671334694690000049e+02 0.000000000000000000e+00
1.673830230229999927e+02 0.000000000000000000e+00
1.676325765770000089e+02 0.000000000000000000e+00
1.678821301300000073e+02 0.000000000000000000e+00
1.681316836839999951e+02 0.000000000000000000e+00
1.683812372369999935e+02 0.000000000000000000e+00
1.686307907910000097e+02 0.000000000000000000e+00
1.688803443440000080e+02 0.000000000000000000e+00
1.691298978979999958e+02 0.000000000000000000e+00
1.693794514509999942e+02 0.000000000000000000e+00
1.696290050050000104e+02 0.000000000000000000e+00
1.698785585589999982e+02 0.000000000000000000e+00
1.701281121119999966e+02 0.000000000000000000e+00
1.703776656660000128e+02 0.000000000000000000e+00
1.706272192190000112e+02 0.000000000000000000e+00
1.708767727729999990e+02 0.000000000000000000e+00
1.711263263259999974e+02 0.000000000000000000e+00
1.713758798800000136e+02 0.000000000000000000e+00
1.716254334330000120e+02 0.000000000000000000e+00
1.718749869869999998e+02 0.000000000000000000e+00
1.721245405409999876e+02 0.000000000000000000e+00
1.723740940939999859e+02 0.000000000000000000e+00
1.726236476480000022e+02 0.000000000000000000e+00
1.728732012010000005e+02 0.000000000000000000e+00
1.731227547549999883e+02 0.000000000000000000e+00
1.733723083079999867e+02 0.000000000000000000e+00
1.736218618620000029e+02 0.000000000000000000e+00
1.738714154150000013e+02 0.000000000000000000e+00
1.741209689689999891e+02 0.000000000000000000e+00
1.743705225230000053e+02 0.000000000000000000e+00
1.746200760760000037e+02 0.000000000000000000e+00
1.748696296299999915e+02 0.000000000000000000e+00
1.751191831829999899e+02 0.000000000000000000e+00
1.753687367370000061e+02 0.000000000000000000e+00
1.756182902900000045e+02 0.000000000000000000e+00
1.758678438439999923e+02 0.000000000000000000e+00
1.761173973969999906e+02 0.000000000000000000e+00
1.763669509510000069e+02 0.000000000000000000e+00
1.766165045049999947e+02 0.000000000000000000e+00
1.768660580579999930e+02 0.000000000000000000e+00
1.771156116120000092e+02 0.000000000000000000e+00
1.773651651650000076e+02 0.000000000000000000e+00
1.776147187189999954e+02 0.000000000000000000e+00
1.778642722719999938e+02 0.000000000000000000e+00
1.781138258260000100e+02 0.000000000000000000e+00
1.783633793790000084e+02 0.000000000000000000e+00
1.786129329329999962e+02 0.000000000000000000e+00
1.788624864859999946e+02 0.000000000000000000e+00
1.791120400400000108e+02 0.000000000000000000e+00
1.793615935939999986e+02 0.000000000000000000e+00
1.796111471469999969e+02 0.000000000000000000e+00
1.798607007010000132e+02 0.000000000000000000e+00
1.801102542540000115e+02 0.000000000000000000e+00
1.803598078079999993e+02 0.000000000000000000e+00
1.806093613609999977e+02 0.000000000000000000e+00
1.808589149150000139e+02 0.000000000000000000e+00
1.811084684680000123e+02 0.000000000000000000e+00
1.813580220220000001e+02 0.000000000000000000e+00
1.816075755759999879e+02 0.000000000000000000e+00
1.818571291289999863e+02 0.000000000000000000e+00
1.821066826830000025e+02 0.000000000000000000e+00
1.823562362360000009e+02 0.000000000000000000e+00
1.826057897899999887e+02 0.000000000000000000e+00
1.828553433429999870e+02 0.000000000000000000e+00
1.831048968970000033e+02 0.000000000000000000e+00
1.833544504500000016e+02 0.000000000000000000e+00
1.836040040039999894e+02 0.000000000000000000e+00
1.838535575580000057e+02 0.000000000000000000e+00
1.841031111110000040e+02 0.000000000000000000e+00
1.843526646649999918e+02 0.000000000000000000e+00
1.846022182179999902e+02 0.000000000000000000e+00
1.848517717720000064e+02 0.000000000000000000e+00
1.851013253250000048e+02 0.000000000000000000e+00
1.853508788789999926e+02 0.000000000000000000e+00
1.856004324319999910e+02 0.000000000000000000e+00
1.858499859860000072e+02 0.000000000000000000e+00
1.860995395399999950e+02 0.000000000000000000e+00
1.863490930929999934e+02 0.000000000000000000e+00
1.865986466470000096e+02 0.000000000000000000e+00
1.868482002000000080e+02 0.000000000000000000e+00
1.870977537539999958e+02 0.000000000000000000e+00
1.873473073069999941e+02 0.000000000000000000e+00
1.875968608610000103e+02 0.000000000000000000e+00
1.878464144140000087e+02 0.000000000000000000e+00
1.880959679679999965e+02 0.000000000000000000e+00
1.883455215220000127e+02 0.000000000000000000e+00
1.885950750750000111e+02 0.000000000000000000e+00
1.888446286289999989e+02 0.000000000000000000e+00
1.890941821819999973e+02 0.000000000000000000e+00
1.893437357360000135e+02 0.000000000000000000e+00
1.895932892890000119e+02 0.000000000000000000e+00
1.898428428429999997e+02 0.000000000000000000e+00
1.900923963959999980e+02 0.000000000000000000e+00
1.903419499499999858e+02 0.000000000000000000e+00
1.905915035040000021e+02 0.000000000000000000e+00
1.908410570570000004e+02 0.000000000000000000e+00
1.910906106109999882e+02 0.000000000000000000e+00
1.913401641639999866e+02 0.000000000000000000e+00
1.915897177180000028e+02 0.000000000000000000e+00
1.918392712710000012e+02 0.000000000000000000e+00
1.920888248249999890e+02 0.000000000000000000e+00
1.923383783779999874e+02 0.000000000000000000e+00
1.925879319320000036e+02 0.000000000000000000e+00
1.928374854850000020e+02 0.000000000000000000e+00
1.930870390389999898e+02 0.000000000000000000e+00
1.933365925930000060e+02 0.000000000000000000e+00
1.935861461460000044e+02 0.000000000000000000e+00
1.938356996999999922e+02 0.000000000000000000e+00
1.940852532529999905e+02 0.000000000000000000e+00
1.943348068070000068e+02 0.000000000000000000e+00
1.945843603600000051e+02 0.000000000000000000e+00
1.948339139139999929e+02 0.000000000000000000e+00
1.950834674669999913e+02 0.000000000000000000e+00
1.953330210210000075e+02 0.000000000000000000e+00
1.955825745749999953e+02 0.000000000000000000e+00
1.958321281279999937e+02 0.000000000000000000e+00
1.960816816820000099e+02 0.000000000000000000e+00
1.963312352350000083e+02 0.000000000000000000e+00
1.965807887889999961e+02 0.000000000000000000e+00
1.968303423419999945e+02 0.000000000000000000e+00
1.970798958960000107e+02 0.000000000000000000e+00
1.973294494490000091e+02 0.000000000000000000e+00
1.975790030029999969e+02 0.000000000000000000e+00
1.978285565570000131e+02 0.000000000000000000e+00
1.980781101100000114e+02 0.000000000000000000e+00
1.983276636639999992e+02 0.000000000000000000e+00
1.985772172169999976e+02 0.000000000000000000e+00
1.988267707710000138e+02 0.000000000000000000e+00
1.990763243240000122e+02 0.000000000000000000e+00
1.993258778780000000e+02 0.000000000000000000e+00
1.995754314309999984e+02 0.000000000000000000e+00
1.998249849849999862e+02 0.000000000000000000e+00
2.000745385390000024e+02 0.000000000000000000e+00
2.003240920920000008e+02 0.000000000000000000e+00
2.005736456459999886e+02 0.000000000000000000e+00
2.008231991989999869e+02 0.000000000000000000e+00
2.010727527530000032e+02 0.000000000000000000e+00
2.013223063060000015e+02 0.000000000000000000e+00
2.015718598599999893e+02 0.000000000000000000e+00
2.018214134129999877e+02 0.000000000000000000e+00
2.020709669670000039e+02 0.000000000000000000e+00
2.023205205209999917e+02 0.000000000000000000e+00
2.025700740739999901e+02 0.000000000000000000e+00
2.028196276280000063e+02 0.000000000000000000e+00
2.030691811810000047e+02 0.000000000000000000e+00
2.033187347349999925e+02 0.000000000000000000e+00
2.035682882879999909e+02 0.000000000000000000e+00
2.038178418420000071e+02 0.000000000000000000e+00
2.040673953950000055e+02 0.000000000000000000e+00
2.043169489489999933e+02 0.000000000000000000e+00
2.045665025030000095e+02 0.000000000000000000e+00
2.048160560560000079e+02 0.000000000000000000e+00
2.050656096099999957e+02 0.000000000000000000e+00
2.053151631629999940e+02 0.000000000000000000e+00
2.055647167170000102e+02 0.000000000000000000e+00
2.058142702700000086e+02 0.000000000000000000e+00
2.060638238239999964e+02 0.000000000000000000e+00
2.063133773769999948e+02 0.000000000000000000e+00
2.065629309310000110e+02 0.000000000000000000e+00
2.068124844840000094e+02 0.000000000000000000e+00
2.070620380379999972e+02 0.000000000000000000e+00
2.073115915920000134e+02 0.000000000000000000e+00
2.075611451450000118e+02 0.000000000000000000e+00
2.078106986989999996e+02 0.000000000000000000e+00
2.080602522519999980e+02 0.000000000000000000e+00
2.083098058060000142e+02 0.000000000000000000e+00
2.085593593590000125e+02 0.000000000000000000e+00
2.088089129130000003e+02 0.000000000000000000e+00
2.090584664659999987e+02 0.000000000000000000e+00
2.093080200199999865e+02 0.000000000000000000e+00
2.095575735740000027e+02 0.000000000000000000e+00
2.098071271270000011e+02 0.000000000000000000e+00
2.100566806809999889e+02 0.000000000000000000e+00
2.103062342339999873e+02 0.000000000000000000e+00
2.105557877880000035e+02 0.000000000000000000e+00
2.108053413410000019e+02 0.000000000000000000e+00
2.110548948949999897e+02 0.000000000000000000e+00
2.113044484479999880e+02 0.000000000000000000e+00
2.115540020020000043e+02 0.000000000000000000e+00
2.118035555559999921e+02 0.000000000000000000e+00
2.120531091089999904e+02 0.000000000000000000e+00
2.123026626630000067e+02 0.000000000000000000e+00
2.125522162160000050e+02 0.000000000000000000e+00
2.128017697699999928e+02 0.000000000000000000e+00
2.130513233229999912e+02 0.000000000000000000e+00
2.133008768770000074e+02 0.000000000000000000e+00
2.135504304300000058e+02 0.000000000000000000e+00
2.137999839839999936e+02 0.000000000000000000e+00
2.140495375380000098e+02 0.000000000000000000e+00
2.142990910910000082e+02 0.000000000000000000e+00
2.145486446449999960e+02 0.000000000000000000e+00
2.147981981979999944e+02 0.000000000000000000e+00
2.150477517520000106e+02 0.000000000000000000e+00
2.152973053050000090e+02 0.000000000000000000e+00
2.155468588589999968e+02 0.000000000000000000e+00
2.157964124119999951e+02 0.000000000000000000e+00
2.160459659660000113e+02 0.000000000000000000e+00
2.162955195199999991e+02 0.000000000000000000e+00
2.165450730729999975e+02 0.000000000000000000e+00
2.167946266270000137e+02 0.000000000000000000e+00
2.170441801800000121e+02 0.000000000000000000e+00
2.172937337339999999e+02 0.000000000000000000e+00
2.175432872869999983e+02 0.000000000000000000e+00
2.177928408409999861e+02 0.000000000000000000e+00
2.180423943940000129e+02 0.000000000000000000e+00
2.182919479480000007e+02 0.000000000000000000e+00
2.185415015019999885e+02 0.000000000000000000e+00
2.187910550549999869e+02 0.000000000000000000e+00
2.190406086090000031e+02 0.000000000000000000e+00
2.192901621620000014e+02 0.000000000000000000e+00
2.195397157159999892e+02 0.000000000000000000e+00
2.197892692689999876e+02 0.000000000000000000e+00
2.200388228230000038e+02 0.000000000000000000e+00
2.202883763760000022e+02 0.000000000000000000e+00
2.205379299299999900e+02 0.000000000000000000e+00
2.207874834829999884e+02 0.000000000000000000e+00
2.210370370370000046e+02 0.000000000000000000e+00
2.212865905909999924e+02 0.000000000000000000e+00
2.215361441439999908e+02 0.000000000000000000e+00
2.217856976980000070e+02 0.000000000000000000e+00
2.220352512510000054e+02 0.000000000000000000e+00
2.222848048049999932e+02 0.000000000000000000e+00
2.225343583579999915e+02 0.000000000000000000e+00
2.227839119120000078e+02 0.000000000000000000e+00
2.230334654650000061e+02 0.000000000000000000e+00
2.232830190189999939e+02 0.000000000000000000e+00
2.235325725730000102e+02 0.000000000000000000e+00
2.237821261260000085e+02 0.000000000000000000e+00
2.240316796799999963e+02 0.000000000000000000e+00
2.242812332329999947e+02 0.000000000000000000e+00
2.245307867870000109e+02 0.000000000000000000e+00
2.247803403400000093e+02 0.000000000000000000e+00
2.250298938939999971e+02 0.000000000000000000e+00
2.252794474469999955e+02 0.000000000000000000e+00
2.255290010010000117e+02 0.000000000000000000e+00
2.257785545549999995e+02 0.000000000000000000e+00
2.260281081079999979e+02 0.000000000000000000e+00
2.262776616620000141e+02 0.000000000000000000e+00
2.265272152150000124e+02 0.000000000000000000e+00
2.267767687690000002e+02 0.000000000000000000e+00
2.270263223219999986e+02 0.000000000000000000e+00
2.272758758759999864e+02 0.000000000000000000e+00
2.275254294290000132e+02 0.000000000000000000e+00
2.277749829830000010e+02 0.000000000000000000e+00
2.280245365369999888e+02 0.000000000000000000e+00
2.282740900899999872e+02 0.000000000000000000e+00
2.285236436440000034e+02 0.000000000000000000e+00
2.287731971970000018e+02 0.000000000000000000e+00
2.290227507509999896e+02 0.000000000000000000e+00
2.292723043039999880e+02 0.000000000000000000e+00
2.295218578580000042e+02 0.000000000000000000e+00
2.297714114110000025e+02 0.000000000000000000e+00
2.300209649649999903e+02 0.000000000000000000e+00
2.302705185190000066e+02 0.000000000000000000e+00
2.305200720720000049e+02 0.000000000000000000e+00
2.307696256259999927e+02 0.000000000000000000e+00
2.310191791789999911e+02 0.000000000000000000e+00
2.312687327330000073e+02 0.000000000000000000e+00
2.315182862860000057e+02 0.000000000000000000e+00
2.317678398399999935e+02 0.000000000000000000e+00
2.320173933929999919e+02 0.000000000000000000e+00
2.322669469470000081e+02 0.000000000000000000e+00
2.325165005009999959e+02 0.000000000000000000e+00
2.327660540539999943e+02 0.000000000000000000e+00
2.330156076080000105e+02 0.000000000000000000e+00
2.332651611610000089e+02 0.000000000000000000e+00
2.335147147149999967e+02 0.000000000000000000e+00
2.337642682679999950e+02 0.000000000000000000e+00
2.340138218220000113e+02 0.000000000000000000e+00
2.342633753750000096e+02 0.000000000000000000e+00
2.345129289289999974e+02 0.000000000000000000e+00
2.347624824819999958e+02 0.000000000000000000e+00
2.350120360360000120e+02 0.000000000000000000e+00
2.352615895899999998e+02 0.000000000000000000e+00
2.355111431429999982e+02 0.000000000000000000e+00
2.357606966969999860e+02 0.000000000000000000e+00
2.360102502500000128e+02 0.000000000000000000e+00
2.362598038040000006e+02 0.000000000000000000e+00
2.365093573569999990e+02 0.000000000000000000e+00
2.367589109109999868e+02 0.000000000000000000e+00
2.370084644640000135e+02 0.000000000000000000e+00
2.372580180180000013e+02 0.000000000000000000e+00
2.375075715719999891e+02 0.000000000000000000e+00
2.377571251249999875e+02 0.000000000000000000e+00
2.380066786790000037e+02 0.000000000000000000e+00
2.382562322320000021e+02 0.000000000000000000e+00
2.385057857859999899e+02 0.000000000000000000e+00
2.387553393389999883e+02 0.000000000000000000e+00
2.390048928930000045e+02 0.000000000000000000e+00
2.392544464460000029e+02 0.000000000000000000e+00
2.395039999999999907e+02 0.000000000000000000e+00
