3.100000000000000000e+01 0.000000000000000000e+00
3.126678678680000090e+01 0.000000000000000000e+00
3.153357357359999824e+01 0.000000000000000000e+00
3.180036036039999914e+01 0.000000000000000000e+00
3.206714714710000180e+01 0.000000000000000000e+00
3.233393393389999915e+01 0.000000000000000000e+00
3.260072072069999649e+01 0.000000000000000000e+00
3.286750750750000094e+01 0.000000000000000000e+00
3.313429429429999828e+01 0.000000000000000000e+00
3.340108108110000273e+01 0.000000000000000000e+00
3.366786786790000008e+01 0.000000000000000000e+00
3.393465465469999742e+01 0.000000000000000000e+00
3.420144144140000009e+01 0.000000000000000000e+00
3.446822822819999743e+01 0.000000000000000000e+00
3.473501501500000188e+01 0.000000000000000000e+00
3.500180180179999923e+01 0.000000000000000000e+00
3.526858858859999657e+01 0.000000000000000000e+00
3.553537537540000102e+01 0.000000000000000000e+00
3.580216216219999836e+01 0.000000000000000000e+00
3.606894894890000103e+01 0.000000000000000000e+00
3.633573573569999837e+01 0.000000000000000000e+00
3.660252252250000282e+01 0.000000000000000000e+00
3.686930930930000017e+01 0.000000000000000000e+00
3.713609609609999751e+01 0.000000000000000000e+00
3.740288288290000196e+01 0.000000000000000000e+00
3.766966966969999930e+01 0.000000000000000000e+00
3.793645645649999665e+01 0.000000000000000000e+00
3.820324324319999931e+01 0.000000000000000000e+00
3.847003002999999666e+01 0.000000000000000000e+00
3.873681681680000111e+01 0.000000000000000000e+00
3.900360360359999845e+01 0.000000000000000000e+00
3.927039039040000290e+01 0.000000000000000000e+00
3.953717717720000024e+01 0.000000000000000000e+00
3.980396396399999759e+01 0.000000000000000000e+00
4.007075075080000204e+01 0.000000000000000000e+00
4.033753753749999760e+01 0.000000000000000000e+00
4.060432432430000205e+01 0.000000000000000000e+00
4.087111111109999939e+01 0.000000000000000000e+00
4.113789789789999674e+01 0.000000000000000000e+00
4.140468468470000118e+01 0.000000000000000000e+00
4.167147147149999853e+01 0.000000000000000000e+00
4.193825825830000298e+01 0.000000000000000000e+00
4.220504504499999854e+01 0.000000000000000000e+00
4.247183183180000299e+01 0.000000000000000000e+00
4.273861861860000033e+01 0.000000000000000000e+00
4.300540540539999768e+01 0.000000000000000000e+00
4.327219219220000213e+01 0.000000000000000000e+00
4.353897897899999947e+01 0.000000000000000000e+00
4.380576576579999681e+01 0.000000000000000000e+00
4.407255255260000126e+01 0.000000000000000000e+00
4.433933933929999682e+01 0.000000000000000000e+00
4.460612612610000127e+01 0.000000000000000000e+00
4.487291291289999862e+01 0.000000000000000000e+00
4.513969969970000307e+01 0.000000000000000000e+00
4.540648648650000041e+01 0.000000000000000000e+00
4.567327327329999775e+01 0.000000000000000000e+00
4.594006006010000220e+01 0.000000000000000000e+00
4.620684684679999776e+01 0.000000000000000000e+00
4.647363363360000221e+01 0.000000000000000000e+00
4.674042042039999956e+01 0.000000000000000000e+00
4.700720720719999690e+01 0.000000000000000000e+00
4.727399399400000135e+01 0.000000000000000000e+00
4.754078078079999869e+01 0.000000000000000000e+00
4.780756756760000314e+01 0.000000000000000000e+00
4.807435435440000049e+01 0.000000000000000000e+00
4.834114114110000315e+01 0.000000000000000000e+00
4.860792792790000050e+01 0.000000000000000000e+00
4.887471471469999784e+01 0.000000000000000000e+00
4.914150150150000229e+01 0.000000000000000000e+00
4.940828828829999964e+01 0.000000000000000000e+00
4.967507507509999698e+01 0.000000000000000000e+00
4.994186186190000143e+01 0.000000000000000000e+00
5.020864864859999699e+01 0.000000000000000000e+00
5.047543543540000144e+01 0.000000000000000000e+00
5.074222222219999878e+01 0.000000000000000000e+00
5.100900900900000323e+01 0.000000000000000000e+00
5.127579579580000058e+01 0.000000000000000000e+00
5.154258258259999792e+01 0.000000000000000000e+00
5.180936936940000237e+01 0.000000000000000000e+00
5.207615615619999971e+01 3.260513418484358426e-04
5.234294294290000238e+01 8.056070987118902921e-04
5.260972972969999972e+01 5.148561858942256146e-03
5.287651651649999707e+01 1.011533552740810638e-02
5.314330330330000152e+01 1.421432468122007901e-02
5.341009009009999886e+01 1.823945236233697961e-02
5.367687687690000331e+01 2.198173768825291419e-02
5.394366366370000065e+01 2.778378871197065975e-02
5.421045045049999800e+01 3.690703186343889664e-02
5.447723723720000066e+01 4.498875504318967239e-02
5.474402402399999801e+01 5.224717665104781916e-02
5.501081081080000246e+01 6.628529313364711628e-02
5.527759759759999980e+01 8.277745718536869135e-02
5.554438438439999715e+01 1.025780153854087134e-01
5.581117117120000160e+01 1.229214698429894892e-01
5.607795795799999894e+01 1.455647981141884317e-01
5.634474474470000160e+01 1.692951392824069701e-01
5.661153153149999895e+01 1.960969866146496932e-01
5.687831831830000340e+01 2.239759691281310583e-01
5.714510510510000074e+01 2.532420054266930065e-01
5.741189189189999809e+01 2.833397400949229650e-01
5.767867867870000254e+01 3.139629051235159340e-01
5.794546546549999988e+01 3.435704226463038857e-01
5.821225225229999722e+01 3.729056069781898630e-01
5.847903903899999989e+01 3.988206258293511830e-01
5.874582582579999723e+01 4.225009089591668099e-01
5.901261261260000168e+01 4.332318661624914857e-01
5.927939939939999903e+01 4.438958141072218422e-01
5.954618618620000348e+01 4.544145298429917990e-01
5.981297297300000082e+01 4.604273884761838631e-01
6.007975975979999816e+01 4.617774793220555951e-01
6.034654654650000083e+01 4.585683628021739455e-01
6.061333333329999817e+01 4.530847438722176990e-01
6.088012012010000262e+01 4.428551956681207047e-01
6.114690690689999997e+01 4.314973853437877871e-01
6.141369369369999731e+01 4.072902784202244719e-01
6.168048048050000176e+01 3.828508565304564182e-01
6.194726726729999911e+01 3.574482716694891704e-01
6.221405405409999645e+01 3.306579574083465811e-01
6.248084084079999911e+01 3.015052529428859929e-01
6.274762762759999646e+01 2.704164848111798025e-01
6.301441441440000091e+01 2.377163859784448274e-01
6.328120120119999825e+01 2.067222403891970095e-01
6.354798798800000270e+01 1.763866216874201975e-01
6.381477477480000005e+01 1.489823748207976528e-01
6.408156156159999739e+01 1.222683226295466080e-01
6.434834834829999295e+01 1.000586471017887585e-01
6.461513513510000450e+01 7.878249982339326218e-02
6.488192192190000185e+01 6.032712530925446459e-02
6.514870870869999919e+01 4.484216212758468378e-02
6.541549549549999654e+01 3.338625217559800656e-02
6.568228228229999388e+01 2.533162169013877807e-02
6.594906906910000544e+01 1.954358322165829914e-02
6.621585585590000278e+01 1.580210094918853975e-02
6.648264264259999834e+01 1.265199089427578201e-02
6.674942942939999568e+01 1.396109587102498280e-02
6.701621621619999303e+01 1.577802641909611600e-02
6.728300300300000458e+01 1.952015135008939445e-02
6.754978978980000193e+01 2.392343979858020664e-02
6.781657657659999927e+01 2.984774322161460117e-02
6.808336336339999662e+01 3.590567118890401060e-02
6.835015015019999396e+01 4.210911245770488504e-02
6.861693693690000373e+01 4.743634637364493867e-02
6.888372372370000107e+01 5.230089269633181326e-02
6.915051051049999842e+01 5.826292483937284966e-02
6.941729729729999576e+01 6.443046332762941697e-02
6.968408408409999311e+01 6.737151530984172854e-02
6.995087087090000466e+01 7.021048071774450838e-02
7.021765765770000201e+01 7.258934960989114893e-02
7.048444444439999756e+01 7.292860590508777607e-02
7.075123123119999491e+01 6.959924394131342118e-02
7.101801801800000646e+01 6.712226428581957727e-02
7.128480480480000381e+01 6.539202243622241340e-02
7.155159159160000115e+01 6.278239254704093275e-02
7.181837837839999850e+01 5.981139739463172539e-02
7.208516516519999584e+01 5.805278598229517834e-02
7.235195195199999318e+01 5.639643153844570850e-02
7.261873873870000295e+01 5.386424737825881021e-02
7.288552552550000030e+01 5.083285655475960202e-02
7.315231231229999764e+01 4.618464678249650096e-02
7.341909909909999499e+01 4.194796304161842876e-02
7.368588588590000654e+01 3.829948034219016889e-02
7.395267267270000389e+01 3.562162213415028672e-02
7.421945945950000123e+01 3.362566103346222024e-02
7.448624624619999679e+01 3.226573849861875259e-02
7.475303303299999413e+01 3.110329133367293816e-02
7.501981981980000569e+01 2.917646387414188705e-02
7.528660660660000303e+01 2.713491175196303812e-02
7.555339339340000038e+01 2.459158738375096312e-02
7.582018018019999772e+01 2.236555252401350655e-02
7.608696696699999507e+01 2.091540754815791534e-02
7.635375375380000662e+01 1.962427692888319905e-02
7.662054054050000218e+01 1.851538941613119563e-02
7.688732732729999952e+01 1.905011986374120087e-02
7.715411411409999687e+01 2.050263289241319523e-02
7.742090090089999421e+01 2.089254836114409070e-02
7.768768768770000577e+01 2.104510231117752428e-02
7.795447447450000311e+01 2.289529007543696440e-02
7.822126126130000046e+01 2.411659835741633562e-02
7.848804804799999602e+01 2.218451397847451614e-02
7.875483483479999336e+01 2.048334969572464942e-02
7.902162162160000491e+01 1.922142983238962766e-02
7.928840840840000226e+01 1.810415564565384314e-02
7.955519519519999960e+01 1.712024362357816160e-02
7.982198198199999695e+01 1.692440831049417740e-02
8.008876876879999429e+01 1.707276637390498994e-02
8.035555555560000585e+01 1.756871327535760446e-02
8.062234234230000141e+01 1.805699966299122508e-02
8.088912912909999875e+01 1.736500862786180890e-02
8.115591591589999609e+01 1.622426608772864834e-02
8.142270270269999344e+01 1.352154648049016215e-02
8.168948948950000499e+01 1.123972943140609179e-02
8.195627627630000234e+01 9.592168379805570549e-03
8.222306306309999968e+01 8.761467999377015384e-03
8.248984984979999524e+01 8.535470996508641092e-03
8.275663663660000680e+01 9.084177798120854699e-03
8.302342342340000414e+01 9.890647924663889534e-03
8.329021021020000148e+01 1.077866941787357716e-02
8.355699699699999883e+01 1.152766574300976427e-02
8.382378378379999617e+01 1.099235715639179656e-02
8.409057057059999352e+01 1.039858856771321699e-02
8.435735735740000507e+01 9.652617957987332312e-03
8.462414414410000063e+01 7.410991314254039911e-03
8.489093093089999797e+01 3.365008226966290008e-03
8.515771771769999532e+01 2.549809257788501152e-03
8.542450450450000687e+01 3.640627280450467983e-03
8.569129129130000422e+01 5.613957495703554741e-03
8.595807807810000156e+01 7.801513673068453773e-03
8.622486486489999891e+01 6.945350474786889799e-03
8.649165165169999625e+01 6.162542593021120944e-03
8.675843843840000602e+01 6.105348993797948473e-03
8.702522522520000336e+01 5.804262900813888029e-03
8.729201201200000071e+01 5.012085187118747037e-03
8.755879879879999805e+01 3.538423394258168823e-03
8.782558558559999540e+01 1.403565302888801995e-03
8.809237237240000695e+01 4.549583839805357256e-04
8.835915915920000430e+01 5.622273244566667027e-05
8.862594594589999986e+01 0.000000000000000000e+00
8.889273273269999720e+01 2.729466207001688603e-05
8.915951951949999454e+01 8.134597938727119179e-04
8.942630630630000610e+01 1.912672300628508008e-03
8.969309309310000344e+01 4.186422370337630761e-03
8.995987987990000079e+01 5.283075156803913527e-03
9.022666666669999813e+01 4.508623866696645673e-03
9.049345345349999548e+01 2.885160992456736913e-03
9.076024024020000525e+01 5.996970819087003640e-04
9.102702702700000259e+01 0.000000000000000000e+00
9.129381381379999993e+01 0.000000000000000000e+00
9.156060060059999728e+01 0.000000000000000000e+00
9.182738738739999462e+01 0.000000000000000000e+00
9.209417417420000618e+01 0.000000000000000000e+00
9.236096096100000352e+01 0.000000000000000000e+00
9.262774774769999908e+01 0.000000000000000000e+00
9.289453453449999643e+01 0.000000000000000000e+00
9.316132132129999377e+01 0.000000000000000000e+00
9.342810810810000532e+01 0.000000000000000000e+00
9.369489489490000267e+01 0.000000000000000000e+00
9.396168168170000001e+01 0.000000000000000000e+00
9.422846846849999736e+01 0.000000000000000000e+00
9.449525525529999470e+01 0.000000000000000000e+00
9.476204204200000447e+01 0.000000000000000000e+00
9.502882882880000182e+01 0.000000000000000000e+00
9.529561561559999916e+01 0.000000000000000000e+00
9.556240240239999650e+01 0.000000000000000000e+00
9.582918918919999385e+01 0.000000000000000000e+00
9.609597597600000540e+01 0.000000000000000000e+00
9.636276276280000275e+01 0.000000000000000000e+00
9.662954954949999831e+01 0.000000000000000000e+00
9.689633633629999565e+01 0.000000000000000000e+00
9.716312312309999299e+01 0.000000000000000000e+00
9.742990990990000455e+01 0.000000000000000000e+00
9.769669669670000189e+01 0.000000000000000000e+00
9.796348348349999924e+01 0.000000000000000000e+00
9.823027027029999658e+01 0.000000000000000000e+00
9.849705705709999393e+01 0.000000000000000000e+00
9.876384384380000370e+01 0.000000000000000000e+00
9.903063063060000104e+01 0.000000000000000000e+00
9.929741741739999839e+01 0.000000000000000000e+00
9.956420420419999573e+01 0.000000000000000000e+00
9.983099099099999307e+01 0.000000000000000000e+00
1.000977777779999940e+02 0.000000000000000000e+00
1.003645645649999949e+02 0.000000000000000000e+00
1.006313513510000064e+02 0.000000000000000000e+00
1.008981381379999931e+02 0.000000000000000000e+00
1.011649249249999940e+02 0.000000000000000000e+00
1.014317117119999949e+02 0.000000000000000000e+00
1.016984984980000064e+02 0.000000000000000000e+00
1.019652852849999931e+02 0.000000000000000000e+00
1.022320720719999940e+02 0.000000000000000000e+00
1.024988588589999949e+02 0.000000000000000000e+00
1.027656456459999958e+02 0.000000000000000000e+00
1.030324324319999931e+02 0.000000000000000000e+00
1.032992192189999940e+02 0.000000000000000000e+00
1.035660060059999950e+02 0.000000000000000000e+00
1.038327927929999959e+02 0.000000000000000000e+00
1.040995795799999968e+02 0.000000000000000000e+00
1.043663663659999941e+02 0.000000000000000000e+00
1.046331531529999950e+02 0.000000000000000000e+00
1.048999399399999959e+02 0.000000000000000000e+00
1.051667267269999968e+02 0.000000000000000000e+00
1.054335135139999977e+02 0.000000000000000000e+00
1.057003002999999950e+02 0.000000000000000000e+00
1.059670870869999959e+02 0.000000000000000000e+00
1.062338738739999968e+02 0.000000000000000000e+00
1.065006606609999977e+02 0.000000000000000000e+00
1.067674474469999950e+02 0.000000000000000000e+00
1.070342342339999959e+02 0.000000000000000000e+00
1.073010210209999968e+02 0.000000000000000000e+00
1.075678078079999977e+02 0.000000000000000000e+00
1.078345945949999987e+02 0.000000000000000000e+00
1.081013813809999959e+02 0.000000000000000000e+00
1.083681681679999969e+02 0.000000000000000000e+00
1.086349549549999978e+02 0.000000000000000000e+00
1.089017417419999987e+02 0.000000000000000000e+00
1.091685285289999996e+02 0.000000000000000000e+00
1.094353153149999969e+02 0.000000000000000000e+00
1.097021021019999978e+02 0.000000000000000000e+00
1.099688888889999987e+02 0.000000000000000000e+00
1.102356756759999996e+02 0.000000000000000000e+00
1.105024624619999969e+02 0.000000000000000000e+00
1.107692492489999978e+02 0.000000000000000000e+00
1.110360360359999987e+02 0.000000000000000000e+00
1.113028228229999996e+02 0.000000000000000000e+00
1.115696096100000005e+02 0.000000000000000000e+00
1.118363963959999978e+02 0.000000000000000000e+00
1.121031831829999987e+02 0.000000000000000000e+00
1.123699699699999996e+02 0.000000000000000000e+00
1.126367567570000006e+02 0.000000000000000000e+00
1.129035435440000015e+02 0.000000000000000000e+00
1.131703303299999988e+02 0.000000000000000000e+00
1.134371171169999997e+02 0.000000000000000000e+00
1.137039039040000006e+02 0.000000000000000000e+00
1.139706906910000015e+02 0.000000000000000000e+00
1.142374774769999988e+02 0.000000000000000000e+00
1.145042642639999997e+02 0.000000000000000000e+00
1.147710510510000006e+02 0.000000000000000000e+00
1.150378378380000015e+02 0.000000000000000000e+00
1.153046246250000024e+02 0.000000000000000000e+00
1.155714114109999997e+02 0.000000000000000000e+00
1.158381981980000006e+02 0.000000000000000000e+00
1.161049849850000015e+02 0.000000000000000000e+00
1.163717717720000024e+02 0.000000000000000000e+00
1.166385585590000034e+02 0.000000000000000000e+00
1.169053453450000006e+02 0.000000000000000000e+00
1.171721321320000015e+02 0.000000000000000000e+00
1.174389189190000025e+02 0.000000000000000000e+00
1.177057057060000034e+02 0.000000000000000000e+00
1.179724924920000007e+02 0.000000000000000000e+00
1.182392792790000016e+02 0.000000000000000000e+00
1.185060660660000025e+02 0.000000000000000000e+00
1.187728528530000034e+02 0.000000000000000000e+00
1.190396396400000043e+02 0.000000000000000000e+00
1.193064264260000016e+02 0.000000000000000000e+00
1.195732132130000025e+02 0.000000000000000000e+00
1.198400000000000034e+02 0.000000000000000000e+00
1.201067867870000043e+02 0.000000000000000000e+00
1.203735735740000052e+02 0.000000000000000000e+00
1.206403603600000025e+02 0.000000000000000000e+00
1.209071471470000034e+02 0.000000000000000000e+00
1.211739339340000043e+02 0.000000000000000000e+00
1.214407207210000053e+02 0.000000000000000000e+00
1.217075075080000062e+02 0.000000000000000000e+00
1.219742942940000034e+02 0.000000000000000000e+00
1.222410810810000044e+02 0.000000000000000000e+00
1.225078678680000053e+02 0.000000000000000000e+00
1.227746546550000062e+02 0.000000000000000000e+00
1.230414414410000035e+02 0.000000000000000000e+00
1.233082282280000044e+02 0.000000000000000000e+00
1.235750150150000053e+02 0.000000000000000000e+00
1.238418018020000062e+02 0.000000000000000000e+00
1.241085885889999929e+02 0.000000000000000000e+00
1.243753753750000044e+02 0.000000000000000000e+00
1.246421621620000053e+02 0.000000000000000000e+00
1.249089489490000062e+02 0.000000000000000000e+00
1.251757357359999929e+02 0.000000000000000000e+00
1.254425225229999938e+02 0.000000000000000000e+00
1.257093093090000053e+02 0.000000000000000000e+00
1.259760960960000062e+02 0.000000000000000000e+00
1.262428828829999929e+02 0.000000000000000000e+00
1.265096696699999939e+02 0.000000000000000000e+00
1.267764564560000053e+02 0.000000000000000000e+00
1.270432432430000063e+02 0.000000000000000000e+00
1.273100300299999930e+02 0.000000000000000000e+00
1.275768168169999939e+02 0.000000000000000000e+00
1.278436036039999948e+02 0.000000000000000000e+00
1.281103903899999921e+02 0.000000000000000000e+00
1.283771771769999930e+02 0.000000000000000000e+00
1.286439639639999939e+02 0.000000000000000000e+00
1.289107507509999948e+02 0.000000000000000000e+00
1.291775375379999957e+02 0.000000000000000000e+00
1.294443243240000072e+02 0.000000000000000000e+00
1.297111111110000081e+02 0.000000000000000000e+00
1.299778978980000090e+02 0.000000000000000000e+00
1.302446846850000099e+02 0.000000000000000000e+00
1.305114714709999930e+02 0.000000000000000000e+00
1.307782582579999939e+02 0.000000000000000000e+00
1.310450450449999948e+02 0.000000000000000000e+00
1.313118318319999958e+02 0.000000000000000000e+00
1.315786186189999967e+02 0.000000000000000000e+00
1.318454054050000082e+02 0.000000000000000000e+00
1.321121921920000091e+02 0.000000000000000000e+00
1.323789789790000100e+02 0.000000000000000000e+00
1.326457657660000109e+02 0.000000000000000000e+00
1.329125525530000118e+02 0.000000000000000000e+00
1.331793393389999949e+02 0.000000000000000000e+00
1.334461261259999958e+02 0.000000000000000000e+00
1.337129129129999967e+02 0.000000000000000000e+00
1.339796996999999976e+02 0.000000000000000000e+00
1.342464864860000091e+02 0.000000000000000000e+00
1.345132732730000100e+02 0.000000000000000000e+00
1.347800600600000109e+02 0.000000000000000000e+00
1.350468468470000118e+02 0.000000000000000000e+00
1.353136336340000128e+02 0.000000000000000000e+00
1.355804204199999958e+02 0.000000000000000000e+00
1.358472072069999967e+02 0.000000000000000000e+00
1.361139939939999977e+02 0.000000000000000000e+00
1.363807807809999986e+02 0.000000000000000000e+00
1.366475675679999995e+02 0.000000000000000000e+00
1.369143543540000110e+02 0.000000000000000000e+00
1.371811411410000119e+02 0.000000000000000000e+00
1.374479279280000128e+02 0.000000000000000000e+00
1.377147147150000137e+02 0.000000000000000000e+00
1.379815015019999862e+02 0.000000000000000000e+00
1.382482882879999977e+02 0.000000000000000000e+00
1.385150750749999986e+02 0.000000000000000000e+00
1.387818618619999995e+02 0.000000000000000000e+00
1.390486486490000004e+02 0.000000000000000000e+00
1.393154354350000119e+02 0.000000000000000000e+00
1.395822222220000128e+02 0.000000000000000000e+00
1.398490090090000137e+02 0.000000000000000000e+00
1.401157957959999862e+02 0.000000000000000000e+00
1.403825825829999872e+02 0.000000000000000000e+00
1.406493693689999986e+02 0.000000000000000000e+00
1.409161561559999996e+02 0.000000000000000000e+00
1.411829429430000005e+02 0.000000000000000000e+00
1.414497297300000014e+02 0.000000000000000000e+00
1.417165165170000023e+02 0.000000000000000000e+00
1.419833033030000138e+02 0.000000000000000000e+00
1.422500900899999863e+02 0.000000000000000000e+00
1.425168768769999872e+02 0.000000000000000000e+00
1.427836636639999881e+02 0.000000000000000000e+00
1.430504504499999996e+02 0.000000000000000000e+00
1.433172372370000005e+02 0.000000000000000000e+00
1.435840240240000014e+02 0.000000000000000000e+00
1.438508108110000023e+02 0.000000000000000000e+00
1.441175975980000032e+02 0.000000000000000000e+00
1.443843843839999863e+02 0.000000000000000000e+00
1.446511711709999872e+02 0.000000000000000000e+00
1.449179579579999881e+02 0.000000000000000000e+00
1.451847447449999891e+02 0.000000000000000000e+00
1.454515315319999900e+02 0.000000000000000000e+00
1.457183183180000015e+02 0.000000000000000000e+00
1.459851051050000024e+02 0.000000000000000000e+00
1.462518918920000033e+02 0.000000000000000000e+00
1.465186786790000042e+02 0.000000000000000000e+00
1.467854654649999873e+02 0.000000000000000000e+00
1.470522522519999882e+02 0.000000000000000000e+00
1.473190390389999891e+02 0.000000000000000000e+00
1.475858258259999900e+02 0.000000000000000000e+00
1.478526126129999909e+02 0.000000000000000000e+00
1.481193993990000024e+02 0.000000000000000000e+00
1.483861861860000033e+02 0.000000000000000000e+00
1.486529729730000042e+02 0.000000000000000000e+00
1.489197597600000051e+02 0.000000000000000000e+00
1.491865465470000061e+02 0.000000000000000000e+00
1.494533333329999891e+02 0.000000000000000000e+00
1.497201201199999900e+02 0.000000000000000000e+00
1.499869069069999910e+02 0.000000000000000000e+00
1.502536936939999919e+02 0.000000000000000000e+00
1.505204804800000034e+02 0.000000000000000000e+00
1.507872672670000043e+02 0.000000000000000000e+00
1.510540540540000052e+02 0.000000000000000000e+00
1.513208408410000061e+02 0.000000000000000000e+00
1.515876276280000070e+02 0.000000000000000000e+00
1.518544144139999901e+02 0.000000000000000000e+00
1.521212012009999910e+02 0.000000000000000000e+00
1.523879879879999919e+02 0.000000000000000000e+00
1.526547747749999928e+02 0.000000000000000000e+00
1.529215615619999937e+02 0.000000000000000000e+00
1.531883483480000052e+02 0.000000000000000000e+00
1.534551351350000061e+02 0.000000000000000000e+00
1.537219219220000070e+02 0.000000000000000000e+00
1.539887087090000080e+02 0.000000000000000000e+00
1.542554954949999910e+02 0.000000000000000000e+00
1.545222822819999919e+02 0.000000000000000000e+00
1.547890690689999929e+02 0.000000000000000000e+00
1.550558558559999938e+02 0.000000000000000000e+00
1.553226426429999947e+02 0.000000000000000000e+00
1.555894294290000062e+02 0.000000000000000000e+00
1.558562162160000071e+02 0.000000000000000000e+00
1.561230030030000080e+02 0.000000000000000000e+00
1.563897897900000089e+02 0.000000000000000000e+00
1.566565765770000098e+02 0.000000000000000000e+00
1.569233633629999929e+02 0.000000000000000000e+00
1.571901501499999938e+02 0.000000000000000000e+00
1.574569369369999947e+02 0.000000000000000000e+00
1.577237237239999956e+02 0.000000000000000000e+00
1.579905105109999965e+02 0.000000000000000000e+00
1.582572972970000080e+02 0.000000000000000000e+00
1.585240840840000089e+02 0.000000000000000000e+00
1.587908708710000099e+02 0.000000000000000000e+00
1.590576576580000108e+02 0.000000000000000000e+00
1.593244444439999938e+02 0.000000000000000000e+00
1.595912312309999948e+02 0.000000000000000000e+00
1.598580180179999957e+02 0.000000000000000000e+00
1.601248048049999966e+02 0.000000000000000000e+00
1.603915915919999975e+02 0.000000000000000000e+00
1.606583783780000090e+02 0.000000000000000000e+00
1.609251651650000099e+02 0.000000000000000000e+00
1.611919519520000108e+02 0.000000000000000000e+00
1.614587387390000117e+02 0.000000000000000000e+00
1.617255255260000126e+02 0.000000000000000000e+00
1.619923123119999957e+02 0.000000000000000000e+00
1.622590990989999966e+02 0.000000000000000000e+00
1.625258858859999975e+02 0.000000000000000000e+00
1.627926726729999984e+02 0.000000000000000000e+00
1.630594594590000099e+02 0.000000000000000000e+00
1.633262462460000108e+02 0.000000000000000000e+00
1.635930330330000118e+02 0.000000000000000000e+00
1.638598198200000127e+02 0.000000000000000000e+00
1.641266066070000136e+02 0.000000000000000000e+00
1.643933933929999966e+02 0.000000000000000000e+00
1.646601801799999976e+02 0.000000000000000000e+00
1.649269669669999985e+02 0.000000000000000000e+00
1.651937537539999994e+02 0.000000000000000000e+00
1.654605405410000003e+02 0.000000000000000000e+00
1.657273273270000118e+02 0.000000000000000000e+00
1.659941141140000127e+02 0.000000000000000000e+00
1.662609009010000136e+02 0.000000000000000000e+00
1.665276876879999861e+02 0.000000000000000000e+00
1.667944744739999976e+02 0.000000000000000000e+00
1.670612612609999985e+02 0.000000000000000000e+00
1.673280480479999994e+02 0.000000000000000000e+00
1.675948348350000003e+02 0.000000000000000000e+00
1.678616216220000013e+02 0.000000000000000000e+00
1.681284084080000127e+02 0.000000000000000000e+00
1.683951951950000137e+02 0.000000000000000000e+00
1.686619819819999861e+02 0.000000000000000000e+00
1.689287687689999871e+02 0.000000000000000000e+00
1.691955555559999880e+02 0.000000000000000000e+00
1.694623423419999995e+02 0.000000000000000000e+00
1.697291291290000004e+02 0.000000000000000000e+00
1.699959159160000013e+02 0.000000000000000000e+00
1.702627027030000022e+02 0.000000000000000000e+00
1.705294894890000137e+02 0.000000000000000000e+00
1.707962762759999862e+02 0.000000000000000000e+00
1.710630630629999871e+02 0.000000000000000000e+00
1.713298498499999880e+02 0.000000000000000000e+00
1.715966366369999889e+02 0.000000000000000000e+00
1.718634234230000004e+02 0.000000000000000000e+00
1.721302102100000013e+02 0.000000000000000000e+00
1.723969969970000022e+02 0.000000000000000000e+00
1.726637837840000032e+02 0.000000000000000000e+00
1.729305705710000041e+02 0.000000000000000000e+00
1.731973573569999871e+02 0.000000000000000000e+00
1.734641441439999880e+02 0.000000000000000000e+00
1.737309309309999890e+02 0.000000000000000000e+00
1.739977177179999899e+02 0.000000000000000000e+00
1.742645045049999908e+02 0.000000000000000000e+00
1.745312912910000023e+02 0.000000000000000000e+00
1.747980780780000032e+02 0.000000000000000000e+00
1.750648648650000041e+02 0.000000000000000000e+00
1.753316516520000050e+02 0.000000000000000000e+00
1.755984384379999881e+02 0.000000000000000000e+00
1.758652252249999890e+02 0.000000000000000000e+00
1.761320120119999899e+02 0.000000000000000000e+00
1.763987987989999908e+02 0.000000000000000000e+00
1.766655855859999917e+02 0.000000000000000000e+00
1.769323723720000032e+02 0.000000000000000000e+00
1.771991591590000041e+02 0.000000000000000000e+00
1.774659459460000051e+02 0.000000000000000000e+00
1.777327327330000060e+02 0.000000000000000000e+00
1.779995195200000069e+02 0.000000000000000000e+00
1.782663063059999899e+02 0.000000000000000000e+00
1.785330930929999909e+02 0.000000000000000000e+00
1.787998798799999918e+02 0.000000000000000000e+00
1.790666666669999927e+02 0.000000000000000000e+00
1.793334534530000042e+02 0.000000000000000000e+00
1.796002402400000051e+02 0.000000000000000000e+00
1.798670270270000060e+02 0.000000000000000000e+00
1.801338138140000069e+02 0.000000000000000000e+00
1.804006006010000078e+02 0.000000000000000000e+00
1.806673873869999909e+02 0.000000000000000000e+00
1.809341741739999918e+02 0.000000000000000000e+00
1.812009609609999927e+02 0.000000000000000000e+00
1.814677477479999936e+02 0.000000000000000000e+00
1.817345345349999945e+02 0.000000000000000000e+00
1.820013213210000060e+02 0.000000000000000000e+00
1.822681081080000070e+02 0.000000000000000000e+00
1.825348948950000079e+02 0.000000000000000000e+00
1.828016816820000088e+02 0.000000000000000000e+00
1.830684684679999918e+02 0.000000000000000000e+00
1.833352552549999928e+02 0.000000000000000000e+00
1.836020420419999937e+02 0.000000000000000000e+00
1.838688288289999946e+02 0.000000000000000000e+00
1.841356156159999955e+02 0.000000000000000000e+00
1.844024024020000070e+02 0.000000000000000000e+00
1.846691891890000079e+02 0.000000000000000000e+00
1.849359759760000088e+02 0.000000000000000000e+00
1.852027627630000097e+02 0.000000000000000000e+00
1.854695495500000106e+02 0.000000000000000000e+00
1.857363363359999937e+02 0.000000000000000000e+00
1.860031231229999946e+02 0.000000000000000000e+00
1.862699099099999955e+02 0.000000000000000000e+00
1.865366966969999964e+02 0.000000000000000000e+00
1.868034834830000079e+02 0.000000000000000000e+00
1.870702702700000088e+02 0.000000000000000000e+00
1.873370570570000098e+02 0.000000000000000000e+00
1.876038438440000107e+02 0.000000000000000000e+00
1.878706306310000116e+02 0.000000000000000000e+00
1.881374174169999947e+02 0.000000000000000000e+00
1.884042042039999956e+02 0.000000000000000000e+00
1.886709909909999965e+02 0.000000000000000000e+00
1.889377777779999974e+02 0.000000000000000000e+00
1.892045645649999983e+02 0.000000000000000000e+00
1.894713513510000098e+02 0.000000000000000000e+00
1.897381381380000107e+02 0.000000000000000000e+00
1.900049249250000116e+02 0.000000000000000000e+00
1.902717117120000125e+02 0.000000000000000000e+00
1.905384984979999956e+02 0.000000000000000000e+00
1.908052852849999965e+02 0.000000000000000000e+00
1.910720720719999974e+02 0.000000000000000000e+00
1.913388588589999983e+02 0.000000000000000000e+00
1.916056456459999993e+02 0.000000000000000000e+00
1.918724324320000107e+02 0.000000000000000000e+00
1.921392192190000117e+02 0.000000000000000000e+00
1.924060060060000126e+02 0.000000000000000000e+00
1.926727927930000135e+02 0.000000000000000000e+00
1.929395795799999860e+02 0.000000000000000000e+00
1.932063663659999975e+02 0.000000000000000000e+00
1.934731531529999984e+02 0.000000000000000000e+00
1.937399399399999993e+02 0.000000000000000000e+00
1.940067267270000002e+02 0.000000000000000000e+00
1.942735135140000011e+02 0.000000000000000000e+00
1.945403003000000126e+02 0.000000000000000000e+00
1.948070870870000135e+02 0.000000000000000000e+00
1.950738738739999860e+02 0.000000000000000000e+00
1.953406606609999869e+02 0.000000000000000000e+00
1.956074474469999984e+02 0.000000000000000000e+00
1.958742342339999993e+02 0.000000000000000000e+00
1.961410210210000002e+02 0.000000000000000000e+00
1.964078078080000012e+02 0.000000000000000000e+00
1.966745945950000021e+02 0.000000000000000000e+00
1.969413813810000136e+02 0.000000000000000000e+00
1.972081681679999861e+02 0.000000000000000000e+00
1.974749549549999870e+02 0.000000000000000000e+00
1.977417417419999879e+02 0.000000000000000000e+00
1.980085285289999888e+02 0.000000000000000000e+00
1.982753153150000003e+02 0.000000000000000000e+00
1.985421021020000012e+02 0.000000000000000000e+00
1.988088888890000021e+02 0.000000000000000000e+00
1.990756756760000030e+02 0.000000000000000000e+00
1.993424624619999861e+02 0.000000000000000000e+00
1.996092492489999870e+02 0.000000000000000000e+00
1.998760360359999879e+02 0.000000000000000000e+00
2.001428228229999888e+02 0.000000000000000000e+00
2.004096096099999897e+02 0.000000000000000000e+00
2.006763963960000012e+02 0.000000000000000000e+00
2.009431831830000021e+02 0.000000000000000000e+00
2.012099699700000031e+02 0.000000000000000000e+00
2.014767567570000040e+02 0.000000000000000000e+00
2.017435435440000049e+02 0.000000000000000000e+00
2.020103303299999880e+02 0.000000000000000000e+00
2.022771171169999889e+02 0.000000000000000000e+00
2.025439039039999898e+02 0.000000000000000000e+00
2.028106906909999907e+02 0.000000000000000000e+00
2.030774774770000022e+02 0.000000000000000000e+00
2.033442642640000031e+02 0.000000000000000000e+00
2.036110510510000040e+02 0.000000000000000000e+00
2.038778378380000049e+02 0.000000000000000000e+00
2.041446246250000058e+02 0.000000000000000000e+00
2.044114114109999889e+02 0.000000000000000000e+00
2.046781981979999898e+02 0.000000000000000000e+00
2.049449849849999907e+02 0.000000000000000000e+00
2.052117717719999916e+02 0.000000000000000000e+00
2.054785585589999926e+02 0.000000000000000000e+00
2.057453453450000040e+02 0.000000000000000000e+00
2.060121321320000050e+02 0.000000000000000000e+00
2.062789189190000059e+02 0.000000000000000000e+00
2.065457057060000068e+02 0.000000000000000000e+00
2.068124924919999899e+02 0.000000000000000000e+00
2.070792792789999908e+02 0.000000000000000000e+00
2.073460660659999917e+02 0.000000000000000000e+00
2.076128528529999926e+02 0.000000000000000000e+00
2.078796396399999935e+02 0.000000000000000000e+00
2.081464264260000050e+02 0.000000000000000000e+00
2.084132132130000059e+02 0.000000000000000000e+00
2.086800000000000068e+02 0.000000000000000000e+00
2.089467867870000077e+02 0.000000000000000000e+00
2.092135735740000086e+02 0.000000000000000000e+00
2.094803603599999917e+02 0.000000000000000000e+00
2.097471471469999926e+02 0.000000000000000000e+00
2.100139339339999935e+02 0.000000000000000000e+00
2.102807207209999945e+02 0.000000000000000000e+00
2.105475075079999954e+02 0.000000000000000000e+00
2.108142942940000069e+02 0.000000000000000000e+00
2.110810810810000078e+02 0.000000000000000000e+00
2.113478678680000087e+02 0.000000000000000000e+00
2.116146546550000096e+02 0.000000000000000000e+00
2.118814414409999927e+02 0.000000000000000000e+00
2.121482282279999936e+02 0.000000000000000000e+00
2.124150150149999945e+02 0.000000000000000000e+00
2.126818018019999954e+02 0.000000000000000000e+00
2.129485885889999963e+02 0.000000000000000000e+00
2.132153753750000078e+02 0.000000000000000000e+00
2.134821621620000087e+02 0.000000000000000000e+00
2.137489489490000096e+02 0.000000000000000000e+00
2.140157357360000105e+02 0.000000000000000000e+00
2.142825225230000115e+02 0.000000000000000000e+00
2.145493093089999945e+02 0.000000000000000000e+00
2.148160960959999954e+02 0.000000000000000000e+00
2.150828828829999964e+02 0.000000000000000000e+00
2.153496696699999973e+02 0.000000000000000000e+00
2.156164564560000088e+02 0.000000000000000000e+00
2.158832432430000097e+02 0.000000000000000000e+00
2.161500300300000106e+02 0.000000000000000000e+00
2.164168168170000115e+02 0.000000000000000000e+00
2.166836036040000124e+02 0.000000000000000000e+00
2.169503903899999955e+02 0.000000000000000000e+00
2.172171771769999964e+02 0.000000000000000000e+00
2.174839639639999973e+02 0.000000000000000000e+00
2.177507507509999982e+02 0.000000000000000000e+00
2.180175375379999991e+02 0.000000000000000000e+00
2.182843243240000106e+02 0.000000000000000000e+00
2.185511111110000115e+02 0.000000000000000000e+00
2.188178978980000124e+02 0.000000000000000000e+00
2.190846846850000134e+02 0.000000000000000000e+00
2.193514714709999964e+02 0.000000000000000000e+00
2.196182582579999973e+02 0.000000000000000000e+00
2.198850450449999983e+02 0.000000000000000000e+00
2.201518318319999992e+02 0.000000000000000000e+00
2.204186186190000001e+02 0.000000000000000000e+00
2.206854054050000116e+02 0.000000000000000000e+00
2.209521921920000125e+02 0.000000000000000000e+00
2.212189789790000134e+02 0.000000000000000000e+00
2.214857657659999859e+02 0.000000000000000000e+00
2.217525525529999868e+02 0.000000000000000000e+00
2.220193393389999983e+02 0.000000000000000000e+00
2.222861261259999992e+02 0.000000000000000000e+00
2.225529129130000001e+02 0.000000000000000000e+00
2.228196997000000010e+02 0.000000000000000000e+00
2.230864864860000125e+02 0.000000000000000000e+00
2.233532732730000134e+02 0.000000000000000000e+00
2.236200600599999859e+02 0.000000000000000000e+00
2.238868468469999868e+02 0.000000000000000000e+00
2.241536336339999878e+02 0.000000000000000000e+00
2.244204204199999992e+02 0.000000000000000000e+00
2.246872072070000002e+02 0.000000000000000000e+00
2.249539939940000011e+02 0.000000000000000000e+00
2.252207807810000020e+02 0.000000000000000000e+00
2.254875675680000029e+02 0.000000000000000000e+00
2.257543543539999860e+02 0.000000000000000000e+00
2.260211411409999869e+02 0.000000000000000000e+00
2.262879279279999878e+02 0.000000000000000000e+00
2.265547147149999887e+02 0.000000000000000000e+00
2.268215015019999896e+02 0.000000000000000000e+00
2.270882882880000011e+02 0.000000000000000000e+00
2.273550750750000020e+02 0.000000000000000000e+00
2.276218618620000029e+02 0.000000000000000000e+00
2.278886486490000038e+02 0.000000000000000000e+00
2.281554354349999869e+02 0.000000000000000000e+00
2.284222222219999878e+02 0.000000000000000000e+00
2.286890090089999887e+02 0.000000000000000000e+00
2.289557957959999897e+02 0.000000000000000000e+00
2.292225825829999906e+02 0.000000000000000000e+00
2.294893693690000021e+02 0.000000000000000000e+00
2.297561561560000030e+02 0.000000000000000000e+00
2.300229429430000039e+02 0.000000000000000000e+00
2.302897297300000048e+02 0.000000000000000000e+00
2.305565165170000057e+02 0.000000000000000000e+00
2.308233033029999888e+02 0.000000000000000000e+00
2.310900900899999897e+02 0.000000000000000000e+00
2.313568768769999906e+02 0.000000000000000000e+00
2.316236636639999915e+02 0.000000000000000000e+00
2.318904504500000030e+02 0.000000000000000000e+00
2.321572372370000039e+02 0.000000000000000000e+00
2.324240240240000048e+02 0.000000000000000000e+00
2.326908108110000057e+02 0.000000000000000000e+00
2.329575975980000067e+02 0.000000000000000000e+00
2.332243843839999897e+02 0.000000000000000000e+00
2.334911711709999906e+02 0.000000000000000000e+00
2.337579579579999915e+02 0.000000000000000000e+00
2.340247447449999925e+02 0.000000000000000000e+00
2.342915315319999934e+02 0.000000000000000000e+00
2.345583183180000049e+02 0.000000000000000000e+00
2.348251051050000058e+02 0.000000000000000000e+00
2.350918918920000067e+02 0.000000000000000000e+00
2.353586786790000076e+02 0.000000000000000000e+00
2.356254654649999907e+02 0.000000000000000000e+00
2.358922522519999916e+02 0.000000000000000000e+00
2.361590390389999925e+02 0.000000000000000000e+00
2.364258258259999934e+02 0.000000000000000000e+00
2.366926126129999943e+02 0.000000000000000000e+00
2.369593993990000058e+02 0.000000000000000000e+00
2.372261861860000067e+02 0.000000000000000000e+00
2.374929729730000076e+02 0.000000000000000000e+00
2.377597597600000086e+02 0.000000000000000000e+00
2.380265465470000095e+02 0.000000000000000000e+00
2.382933333329999925e+02 0.000000000000000000e+00
2.385601201199999934e+02 0.000000000000000000e+00
2.388269069069999944e+02 0.000000000000000000e+00
2.390936936939999953e+02 0.000000000000000000e+00
2.393604804800000068e+02 0.000000000000000000e+00
2.396272672670000077e+02 0.000000000000000000e+00
2.398940540540000086e+02 0.000000000000000000e+00
2.401608408410000095e+02 0.000000000000000000e+00
2.404276276280000104e+02 0.000000000000000000e+00
2.406944144139999935e+02 0.000000000000000000e+00
2.409612012009999944e+02 0.000000000000000000e+00
2.412279879879999953e+02 0.000000000000000000e+00
2.414947747749999962e+02 0.000000000000000000e+00
2.417615615619999971e+02 0.000000000000000000e+00
2.420283483480000086e+02 0.000000000000000000e+00
2.422951351350000095e+02 0.000000000000000000e+00
2.425619219220000105e+02 0.000000000000000000e+00
2.428287087090000114e+02 0.000000000000000000e+00
2.430954954949999944e+02 0.000000000000000000e+00
2.433622822819999953e+02 0.000000000000000000e+00
2.436290690689999963e+02 0.000000000000000000e+00
2.438958558559999972e+02 0.000000000000000000e+00
2.441626426429999981e+02 0.000000000000000000e+00
2.444294294290000096e+02 0.000000000000000000e+00
2.446962162160000105e+02 0.000000000000000000e+00
2.449630030030000114e+02 0.000000000000000000e+00
2.452297897900000123e+02 0.000000000000000000e+00
2.454965765770000132e+02 0.000000000000000000e+00
2.457633633629999963e+02 0.000000000000000000e+00
2.460301501499999972e+02 0.000000000000000000e+00
2.462969369369999981e+02 0.000000000000000000e+00
2.465637237239999990e+02 0.000000000000000000e+00
2.468305105110000000e+02 0.000000000000000000e+00
2.470972972970000114e+02 0.000000000000000000e+00
2.473640840840000124e+02 0.000000000000000000e+00
2.476308708710000133e+02 0.000000000000000000e+00
2.478976576580000142e+02 0.000000000000000000e+00
2.481644444439999972e+02 0.000000000000000000e+00
2.484312312309999982e+02 0.000000000000000000e+00
2.486980180179999991e+02 0.000000000000000000e+00
2.489648048050000000e+02 0.000000000000000000e+00
2.492315915920000009e+02 0.000000000000000000e+00
2.494983783780000124e+02 0.000000000000000000e+00
2.497651651650000133e+02 0.000000000000000000e+00
2.500319519519999858e+02 0.000000000000000000e+00
2.502987387389999867e+02 0.000000000000000000e+00
2.505655255259999876e+02 0.000000000000000000e+00
2.508323123119999991e+02 0.000000000000000000e+00
2.510990990990000000e+02 0.000000000000000000e+00
2.513658858860000009e+02 0.000000000000000000e+00
2.516326726730000019e+02 0.000000000000000000e+00
2.518994594590000133e+02 0.000000000000000000e+00
2.521662462459999858e+02 0.000000000000000000e+00
2.524330330329999867e+02 0.000000000000000000e+00
2.526998198199999877e+02 0.000000000000000000e+00
2.529666066069999886e+02 0.000000000000000000e+00
2.532333933930000001e+02 0.000000000000000000e+00
2.535001801800000010e+02 0.000000000000000000e+00
2.537669669670000019e+02 0.000000000000000000e+00
2.540337537540000028e+02 0.000000000000000000e+00
2.543005405410000037e+02 0.000000000000000000e+00
2.545673273269999868e+02 0.000000000000000000e+00
2.548341141139999877e+02 0.000000000000000000e+00
2.551009009009999886e+02 0.000000000000000000e+00
2.553676876879999895e+02 0.000000000000000000e+00
2.556344744740000010e+02 0.000000000000000000e+00
2.559012612610000019e+02 0.000000000000000000e+00
2.561680480480000028e+02 0.000000000000000000e+00
2.564348348350000037e+02 0.000000000000000000e+00
2.567016216220000047e+02 0.000000000000000000e+00
2.569684084080000162e+02 0.000000000000000000e+00
2.572351951950000171e+02 0.000000000000000000e+00
2.575019819820000180e+02 0.000000000000000000e+00
2.577687687690000189e+02 0.000000000000000000e+00
2.580355555560000198e+02 0.000000000000000000e+00
2.583023423419999745e+02 0.000000000000000000e+00
2.585691291289999754e+02 0.000000000000000000e+00
2.588359159159999763e+02 0.000000000000000000e+00
2.591027027029999772e+02 0.000000000000000000e+00
2.593694894889999887e+02 0.000000000000000000e+00
2.596362762759999896e+02 0.000000000000000000e+00
2.599030630629999905e+02 0.000000000000000000e+00
2.601698498499999914e+02 0.000000000000000000e+00
2.604366366369999923e+02 0.000000000000000000e+00
2.607034234230000038e+02 0.000000000000000000e+00
2.609702102100000047e+02 0.000000000000000000e+00
2.612369969970000056e+02 0.000000000000000000e+00
2.615037837840000066e+02 0.000000000000000000e+00
2.617705705710000075e+02 0.000000000000000000e+00
2.620373573570000190e+02 0.000000000000000000e+00
2.623041441440000199e+02 0.000000000000000000e+00
2.625709309310000208e+02 0.000000000000000000e+00
2.628377177180000217e+02 0.000000000000000000e+00
2.631045045050000226e+02 0.000000000000000000e+00
2.633712912909999773e+02 0.000000000000000000e+00
2.636380780779999782e+02 0.000000000000000000e+00
2.639048648649999791e+02 0.000000000000000000e+00
2.641716516519999800e+02 0.000000000000000000e+00
2.644384384379999915e+02 0.000000000000000000e+00
2.647052252249999924e+02 0.000000000000000000e+00
2.649720120119999933e+02 0.000000000000000000e+00
2.652387987989999942e+02 0.000000000000000000e+00
2.655055855859999951e+02 0.000000000000000000e+00
2.657723723720000066e+02 0.000000000000000000e+00
2.660391591590000075e+02 0.000000000000000000e+00
2.663059459460000085e+02 0.000000000000000000e+00
2.665727327330000094e+02 0.000000000000000000e+00
2.668395195200000103e+02 0.000000000000000000e+00
2.671063063060000218e+02 0.000000000000000000e+00
2.673730930930000227e+02 0.000000000000000000e+00
2.676398798800000236e+02 0.000000000000000000e+00
2.679066666670000245e+02 0.000000000000000000e+00
2.681734534529999792e+02 0.000000000000000000e+00
2.684402402399999801e+02 0.000000000000000000e+00
2.687070270269999810e+02 0.000000000000000000e+00
2.689738138139999819e+02 0.000000000000000000e+00
2.692406006009999828e+02 0.000000000000000000e+00
2.695073873869999943e+02 0.000000000000000000e+00
2.697741741739999952e+02 0.000000000000000000e+00
2.700409609609999961e+02 0.000000000000000000e+00
2.703077477479999970e+02 0.000000000000000000e+00
2.705745345349999980e+02 0.000000000000000000e+00
2.708413213210000094e+02 0.000000000000000000e+00
2.711081081080000104e+02 0.000000000000000000e+00
2.713748948950000113e+02 0.000000000000000000e+00
2.716416816820000122e+02 0.000000000000000000e+00
2.719084684680000237e+02 0.000000000000000000e+00
2.721752552550000246e+02 0.000000000000000000e+00
2.724420420420000255e+02 0.000000000000000000e+00
2.727088288290000264e+02 0.000000000000000000e+00
2.729756156160000273e+02 0.000000000000000000e+00
2.732424024019999820e+02 0.000000000000000000e+00
2.735091891889999829e+02 0.000000000000000000e+00
2.737759759759999838e+02 0.000000000000000000e+00
2.740427627629999847e+02 0.000000000000000000e+00
2.743095495499999856e+02 0.000000000000000000e+00
2.745763363359999971e+02 0.000000000000000000e+00
2.748431231229999980e+02 0.000000000000000000e+00
2.751099099099999989e+02 0.000000000000000000e+00
2.753766966969999999e+02 0.000000000000000000e+00
2.756434834830000113e+02 0.000000000000000000e+00
2.759102702700000123e+02 0.000000000000000000e+00
2.761770570570000132e+02 0.000000000000000000e+00
2.764438438440000141e+02 0.000000000000000000e+00
2.767106306310000150e+02 0.000000000000000000e+00
2.769774174170000265e+02 0.000000000000000000e+00
2.772442042040000274e+02 0.000000000000000000e+00
2.775109909910000283e+02 0.000000000000000000e+00
2.777777777779999724e+02 0.000000000000000000e+00
2.780445645649999733e+02 0.000000000000000000e+00
2.783113513509999848e+02 0.000000000000000000e+00
2.785781381379999857e+02 0.000000000000000000e+00
2.788449249249999866e+02 0.000000000000000000e+00
2.791117117119999875e+02 0.000000000000000000e+00
2.793784984979999990e+02 0.000000000000000000e+00
2.796452852849999999e+02 0.000000000000000000e+00
2.799120720720000008e+02 0.000000000000000000e+00
2.801788588590000018e+02 0.000000000000000000e+00
2.804456456460000027e+02 0.000000000000000000e+00
2.807124324320000142e+02 0.000000000000000000e+00
2.809792192190000151e+02 0.000000000000000000e+00
2.812460060060000160e+02 0.000000000000000000e+00
2.815127927930000169e+02 0.000000000000000000e+00
2.817795795800000178e+02 0.000000000000000000e+00
2.820463663659999725e+02 0.000000000000000000e+00
2.823131531529999734e+02 0.000000000000000000e+00
2.825799399399999743e+02 0.000000000000000000e+00
2.828467267269999752e+02 0.000000000000000000e+00
2.831135135139999761e+02 0.000000000000000000e+00
2.833803002999999876e+02 0.000000000000000000e+00
2.836470870869999885e+02 0.000000000000000000e+00
2.839138738739999894e+02 0.000000000000000000e+00
2.841806606609999903e+02 0.000000000000000000e+00
2.844474474470000018e+02 0.000000000000000000e+00
2.847142342340000027e+02 0.000000000000000000e+00
2.849810210210000037e+02 0.000000000000000000e+00
2.852478078080000046e+02 0.000000000000000000e+00
2.855145945950000055e+02 0.000000000000000000e+00
2.857813813810000170e+02 0.000000000000000000e+00
2.860481681680000179e+02 0.000000000000000000e+00
2.863149549550000188e+02 0.000000000000000000e+00
2.865817417420000197e+02 0.000000000000000000e+00
2.868485285290000206e+02 0.000000000000000000e+00
2.871153153149999753e+02 0.000000000000000000e+00
2.873821021019999762e+02 0.000000000000000000e+00
2.876488888889999771e+02 0.000000000000000000e+00
2.879156756759999780e+02 0.000000000000000000e+00
2.881824624619999895e+02 0.000000000000000000e+00
2.884492492489999904e+02 0.000000000000000000e+00
2.887160360359999913e+02 0.000000000000000000e+00
2.889828228229999922e+02 0.000000000000000000e+00
2.892496096099999932e+02 0.000000000000000000e+00
2.895163963960000046e+02 0.000000000000000000e+00
2.897831831830000056e+02 0.000000000000000000e+00
2.900499699700000065e+02 0.000000000000000000e+00
2.903167567570000074e+02 0.000000000000000000e+00
2.905835435440000083e+02 0.000000000000000000e+00
2.908503303300000198e+02 0.000000000000000000e+00
2.911171171170000207e+02 0.000000000000000000e+00
2.913839039040000216e+02 0.000000000000000000e+00
2.916506906910000225e+02 0.000000000000000000e+00
2.919174774769999772e+02 0.000000000000000000e+00
2.921842642639999781e+02 0.000000000000000000e+00
2.924510510509999790e+02 0.000000000000000000e+00
2.927178378379999799e+02 0.000000000000000000e+00
2.929846246249999808e+02 0.000000000000000000e+00
2.932514114109999923e+02 0.000000000000000000e+00
2.935181981979999932e+02 0.000000000000000000e+00
2.937849849849999941e+02 0.000000000000000000e+00
2.940517717719999951e+02 0.000000000000000000e+00
2.943185585589999960e+02 0.000000000000000000e+00
2.945853453450000075e+02 0.000000000000000000e+00
2.948521321320000084e+02 0.000000000000000000e+00
2.951189189190000093e+02 0.000000000000000000e+00
2.953857057060000102e+02 0.000000000000000000e+00
2.956524924920000217e+02 0.000000000000000000e+00
2.959192792790000226e+02 0.000000000000000000e+00
2.961860660660000235e+02 0.000000000000000000e+00
2.964528528530000244e+02 0.000000000000000000e+00
2.967196396400000253e+02 0.000000000000000000e+00
2.969864264259999800e+02 0.000000000000000000e+00
2.972532132129999809e+02 0.000000000000000000e+00
2.975199999999999818e+02 0.000000000000000000e+00
