 5.81613765e+02 6.17790758e-10
 5.81796226e+02 6.49942532e-10
 5.81978686e+02 6.83663688e-10
 5.82161147e+02 7.19031125e-10
 5.82343608e+02 7.56121746e-10
 5.82526069e+02 7.95012450e-10
 5.82708530e+02 8.35782160e-10
 5.82890991e+02 8.78516598e-10
 5.83073452e+02 9.23303199e-10
 5.83255912e+02 9.70233888e-10
 5.83438373e+02 1.01940417e-09
 5.83620834e+02 1.07091195e-09
 5.83803295e+02 1.12486163e-09
 5.83985756e+02 1.18135924e-09
 5.84168217e+02 1.24051682e-09
 5.84350677e+02 1.30245051e-09
 5.84533138e+02 1.36727961e-09
 5.84715599e+02 1.43513089e-09
 5.84898060e+02 1.50613293e-09
 5.85080521e+02 1.58042179e-09
 5.85262982e+02 1.65813792e-09
 5.85445442e+02 1.73942602e-09
 5.85627903e+02 1.82443925e-09
 5.85810364e+02 1.91333292e-09
 5.85992825e+02 2.00627151e-09
 5.86175286e+02 2.10342414e-09
 5.86357747e+02 2.20496546e-09
 5.86540208e+02 2.31107971e-09
 5.86722668e+02 2.42195367e-09
 5.86905129e+02 2.53778523e-09
 5.87087590e+02 2.65877711e-09
 5.87270051e+02 2.78513919e-09
 5.87452512e+02 2.91709201e-09
 5.87634973e+02 3.05485928e-09
 5.87817433e+02 3.19867789e-09
 5.87999894e+02 3.34878979e-09
 5.88182355e+02 3.50544603e-09
 5.88364816e+02 3.66890938e-09
 5.88547277e+02 3.83944654e-09
 5.88729738e+02 4.01733980e-09
 5.88912198e+02 4.20287656e-09
 5.89094659e+02 4.39635576e-09
 5.89277120e+02 4.59808894e-09
 5.89459581e+02 4.80839274e-09
 5.89642042e+02 5.02760180e-09
 5.89824503e+02 5.25605604e-09
 5.90006964e+02 5.49410968e-09
 5.90189424e+02 5.74213037e-09
 5.90371885e+02 6.00049231e-09
 5.90554346e+02 6.26959023e-09
 5.90736807e+02 6.54982437e-09
 5.90919268e+02 6.84161237e-09
 5.91101729e+02 7.14538605e-09
 5.91284189e+02 7.46158558e-09
 5.91466650e+02 7.79067425e-09
 5.91649111e+02 8.13312113e-09
 5.91831572e+02 8.48941625e-09
 5.92014033e+02 8.86006429e-09
 5.92196494e+02 9.24558065e-09
 5.92378954e+02 9.64650631e-09
 5.92561415e+02 1.00633884e-08
 5.92743876e+02 1.04967991e-08
 5.92926337e+02 1.09473253e-08
 5.93108798e+02 1.14155675e-08
 5.93291259e+02 1.19021543e-08
 5.93473720e+02 1.24077209e-08
 5.93656180e+02 1.29329317e-08
 5.93838641e+02 1.34784660e-08
 5.94021102e+02 1.40450203e-08
 5.94203563e+02 1.46333207e-08
 5.94386024e+02 1.52441014e-08
 5.94568485e+02 1.58781299e-08
 5.94750945e+02 1.65361885e-08
 5.94933406e+02 1.72190806e-08
 5.95115867e+02 1.79276411e-08
 5.95298328e+02 1.86627140e-08
 5.95480789e+02 1.94251813e-08
 5.95663250e+02 2.02159394e-08
 5.95845710e+02 2.10359103e-08
 5.96028171e+02 2.18860488e-08
 5.96210632e+02 2.27673202e-08
 5.96393093e+02 2.36807327e-08
 5.96575554e+02 2.46273080e-08
 5.96758015e+02 2.56080985e-08
 5.96940475e+02 2.66241902e-08
 5.97122936e+02 2.76766819e-08
 5.97305397e+02 2.87667189e-08
 5.97487858e+02 2.98954602e-08
 5.97670319e+02 3.10641002e-08
 5.97852780e+02 3.22738674e-08
 5.98035241e+02 3.35260057e-08
 5.98217701e+02 3.48218091e-08
 5.98400162e+02 3.61625849e-08
 5.98582623e+02 3.75496813e-08
 5.98765084e+02 3.89844799e-08
 5.98947545e+02 4.04683813e-08
 5.99130006e+02 4.20028389e-08
 5.99312466e+02 4.35893193e-08
 5.99494927e+02 4.52293350e-08
 5.99677388e+02 4.69244314e-08
 5.99859849e+02 4.86761762e-08
 6.00042310e+02 5.04861921e-08
 6.00224771e+02 5.23561150e-08
 6.00407231e+02 5.42876316e-08
 6.00589692e+02 5.62824600e-08
 6.00772153e+02 5.83423449e-08
 6.00954614e+02 6.04690867e-08
 6.01137075e+02 6.26644993e-08
 6.01319536e+02 6.49304520e-08
 6.01501997e+02 6.72688433e-08
 6.01684457e+02 6.96816027e-08
 6.01866918e+02 7.21707151e-08
 6.02049379e+02 7.47381795e-08
 6.02231840e+02 7.73860539e-08
 6.02414301e+02 8.01164231e-08
 6.02596762e+02 8.29314070e-08
 6.02779222e+02 8.58331796e-08
 6.02961683e+02 8.88239297e-08
 6.03144144e+02 9.19059077e-08
 6.03326605e+02 9.50813878e-08
 6.03509066e+02 9.83526833e-08
 6.03691527e+02 1.01722159e-07
 6.03873987e+02 1.05192195e-07
 6.04056448e+02 1.08765235e-07
 6.04238909e+02 1.12443743e-07
 6.04421370e+02 1.16230225e-07
 6.04603831e+02 1.20127235e-07
 6.04786292e+02 1.24137342e-07
 6.04968753e+02 1.28263180e-07
 6.05151213e+02 1.32507400e-07
 6.05333674e+02 1.36872694e-07
 6.05516135e+02 1.41361800e-07
 6.05698596e+02 1.45977474e-07
 6.05881057e+02 1.50722528e-07
 6.06063518e+02 1.55599792e-07
 6.06245978e+02 1.60612139e-07
 6.06428439e+02 1.65762478e-07
 6.06610900e+02 1.71053737e-07
 6.06793361e+02 1.76488900e-07
 6.06975822e+02 1.82070960e-07
 6.07158283e+02 1.87802954e-07
 6.07340743e+02 1.93687949e-07
 6.07523204e+02 1.99729032e-07
 6.07705665e+02 2.05929332e-07
 6.07888126e+02 2.12291993e-07
 6.08070587e+02 2.18820194e-07
 6.08253048e+02 2.25517137e-07
 6.08435509e+02 2.32386043e-07
 6.08617969e+02 2.39430167e-07
 6.08800430e+02 2.46652774e-07
 6.08982891e+02 2.54057159e-07
 6.09165352e+02 2.61646632e-07
 6.09347813e+02 2.69424518e-07
 6.09530274e+02 2.77394166e-07
 6.09712734e+02 2.85558931e-07
 6.09895195e+02 2.93922187e-07
 6.10077656e+02 3.02487319e-07
 6.10260117e+02 3.11257717e-07
 6.10442578e+02 3.20236786e-07
 6.10625039e+02 3.29427931e-07
 6.10807499e+02 3.38834565e-07
 6.10989960e+02 3.48460103e-07
 6.11172421e+02 3.58307957e-07
 6.11354882e+02 3.68381541e-07
 6.11537343e+02 3.78684263e-07
 6.11719804e+02 3.89219523e-07
 6.11902264e+02 3.99990717e-07
 6.12084725e+02 4.11001226e-07
 6.12267186e+02 4.22254417e-07
 6.12449647e+02 4.33753648e-07
 6.12632108e+02 4.45502248e-07
 6.12814569e+02 4.57503534e-07
 6.12997030e+02 4.69760796e-07
 6.13179490e+02 4.82277292e-07
 6.13361951e+02 4.95056266e-07
 6.13544412e+02 5.08100909e-07
 6.13726873e+02 5.21414395e-07
 6.13909334e+02 5.34999852e-07
 6.14091795e+02 5.48860360e-07
 6.14274255e+02 5.62998977e-07
 6.14456716e+02 5.77418682e-07
 6.14639177e+02 5.92122434e-07
 6.14821638e+02 6.07113118e-07
 6.15004099e+02 6.22393564e-07
 6.15186560e+02 6.37966561e-07
 6.15369020e+02 6.53834798e-07
 6.15551481e+02 6.70000936e-07
 6.15733942e+02 6.86467535e-07
 6.15916403e+02 7.03237089e-07
 6.16098864e+02 7.20312034e-07
 6.16281325e+02 7.37694678e-07
 6.16463786e+02 7.55387301e-07
 6.16646246e+02 7.73392045e-07
 6.16828707e+02 7.91710979e-07
 6.17011168e+02 8.10346093e-07
 6.17193629e+02 8.29299226e-07
 6.17376090e+02 8.48572178e-07
 6.17558551e+02 8.68166581e-07
 6.17741011e+02 8.88083987e-07
 6.17923472e+02 9.08325839e-07
 6.18105933e+02 9.28893412e-07
 6.18288394e+02 9.49787931e-07
 6.18470855e+02 9.71010417e-07
 6.18653316e+02 9.92561806e-07
 6.18835776e+02 1.01444290e-06
 6.19018237e+02 1.03665430e-06
 6.19200698e+02 1.05919658e-06
 6.19383159e+02 1.08207002e-06
 6.19565620e+02 1.10527486e-06
 6.19748081e+02 1.12881115e-06
 6.19930542e+02 1.15267874e-06
 6.20113002e+02 1.17687741e-06
 6.20295463e+02 1.20140665e-06
 6.20477924e+02 1.22626587e-06
 6.20660385e+02 1.25145429e-06
 6.20842846e+02 1.27697088e-06
 6.21025307e+02 1.30281456e-06
 6.21207767e+02 1.32898392e-06
 6.21390228e+02 1.35547746e-06
 6.21572689e+02 1.38229344e-06
 6.21755150e+02 1.40942990e-06
 6.21937611e+02 1.43688478e-06
 6.22120072e+02 1.46465566e-06
 6.22302532e+02 1.49274007e-06
 6.22484993e+02 1.52113522e-06
 6.22667454e+02 1.54983812e-06
 6.22849915e+02 1.57884565e-06
 6.23032376e+02 1.60815432e-06
 6.23214837e+02 1.63776056e-06
 6.23397297e+02 1.66766048e-06
 6.23579758e+02 1.69784998e-06
 6.23762219e+02 1.72832480e-06
 6.23944680e+02 1.75908030e-06
 6.24127141e+02 1.79011176e-06
 6.24309602e+02 1.82141411e-06
 6.24492063e+02 1.85298208e-06
 6.24674523e+02 1.88481019e-06
 6.24856984e+02 1.91689262e-06
 6.25039445e+02 1.94922342e-06
 6.25221906e+02 1.98179630e-06
 6.25404367e+02 2.01460476e-06
 6.25586828e+02 2.04764208e-06
 6.25769288e+02 2.08090118e-06
 6.25951749e+02 2.11437488e-06
 6.26134210e+02 2.14805560e-06
 6.26316671e+02 2.18193561e-06
 6.26499132e+02 2.21600690e-06
 6.26681593e+02 2.25026112e-06
 6.26864053e+02 2.28468984e-06
 6.27046514e+02 2.31928420e-06
 6.27228975e+02 2.35403518e-06
 6.27411436e+02 2.38893352e-06
 6.27593897e+02 2.42396960e-06
 6.27776358e+02 2.45913371e-06
 6.27958819e+02 2.49441573e-06
 6.28141279e+02 2.52980541e-06
 6.28323740e+02 2.56529220e-06
 6.28506201e+02 2.60086527e-06
 6.28688662e+02 2.63651367e-06
 6.28871123e+02 2.67222604e-06
 6.29053584e+02 2.70799092e-06
 6.29236044e+02 2.74379656e-06
 6.29418505e+02 2.77963096e-06
 6.29600966e+02 2.81548196e-06
 6.29783427e+02 2.85133707e-06
 6.29965888e+02 2.88718368e-06
 6.30148349e+02 2.92300890e-06
 6.30330809e+02 2.95879964e-06
 6.30513270e+02 2.99454264e-06
 6.30695731e+02 3.03022435e-06
 6.30878192e+02 3.06583113e-06
 6.31060653e+02 3.10134905e-06
 6.31243114e+02 3.13676404e-06
 6.31425575e+02 3.17206187e-06
 6.31608035e+02 3.20722804e-06
 6.31790496e+02 3.24224801e-06
 6.31972957e+02 3.27710698e-06
 6.32155418e+02 3.31179000e-06
 6.32337879e+02 3.34628204e-06
 6.32520340e+02 3.38056784e-06
 6.32702800e+02 3.41463206e-06
 6.32885261e+02 3.44845921e-06
 6.33067722e+02 3.48203369e-06
 6.33250183e+02 3.51533979e-06
 6.33432644e+02 3.54836167e-06
 6.33615105e+02 3.58108344e-06
 6.33797565e+02 3.61348909e-06
 6.33980026e+02 3.64556254e-06
 6.34162487e+02 3.67728767e-06
 6.34344948e+02 3.70864824e-06
 6.34527409e+02 3.73962803e-06
 6.34709870e+02 3.77021075e-06
 6.34892331e+02 3.80038006e-06
 6.35074791e+02 3.83011966e-06
 6.35257252e+02 3.85941317e-06
 6.35439713e+02 3.88824428e-06
 6.35622174e+02 3.91659665e-06
 6.35804635e+02 3.94445397e-06
 6.35987096e+02 3.97180000e-06
 6.36169556e+02 3.99861850e-06
 6.36352017e+02 4.02489331e-06
 6.36534478e+02 4.05060835e-06
 6.36716939e+02 4.07574761e-06
 6.36899400e+02 4.10029516e-06
 6.37081861e+02 4.12423522e-06
 6.37264321e+02 4.14755205e-06
 6.37446782e+02 4.17023014e-06
 6.37629243e+02 4.19225402e-06
 6.37811704e+02 4.21360845e-06
 6.37994165e+02 4.23427834e-06
 6.38176626e+02 4.25424871e-06
 6.38359086e+02 4.27350489e-06
 6.38541547e+02 4.29203231e-06
 6.38724008e+02 4.30981667e-06
 6.38906469e+02 4.32684391e-06
 6.39088930e+02 4.34310011e-06
 6.39271391e+02 4.35857177e-06
 6.39453852e+02 4.37324549e-06
 6.39636312e+02 4.38710826e-06
 6.39818773e+02 4.40014733e-06
 6.40001234e+02 4.41235019e-06
 6.40183695e+02 4.42370479e-06
 6.40366156e+02 4.43419921e-06
 6.40548617e+02 4.44382206e-06
 6.40731077e+02 4.45256220e-06
 6.40913538e+02 4.46040882e-06
 6.41095999e+02 4.46735164e-06
 6.41278460e+02 4.47338053e-06
 6.41460921e+02 4.47848600e-06
 6.41643382e+02 4.48265884e-06
 6.41825842e+02 4.48589021e-06
 6.42008303e+02 4.48817190e-06
 6.42190764e+02 4.48949587e-06
 6.42373225e+02 4.48985481e-06
 6.42555686e+02 4.48924167e-06
 6.42738147e+02 4.48764993e-06
 6.42920608e+02 4.48507369e-06
 6.43103068e+02 4.48150724e-06
 6.43285529e+02 4.47694572e-06
 6.43467990e+02 4.47138454e-06
 6.43650451e+02 4.46481970e-06
 6.43832912e+02 4.45724783e-06
 6.44015373e+02 4.44866585e-06
 6.44197833e+02 4.43907154e-06
 6.44380294e+02 4.42846299e-06
 6.44562755e+02 4.41683892e-06
 6.44745216e+02 4.40419875e-06
 6.44927677e+02 4.39054217e-06
 6.45110138e+02 4.37586983e-06
 6.45292598e+02 4.36018264e-06
 6.45475059e+02 4.34348228e-06
 6.45657520e+02 4.32577104e-06
 6.45839981e+02 4.30705160e-06
 6.46022442e+02 4.28732759e-06
 6.46204903e+02 4.26660290e-06
 6.46387364e+02 4.24488226e-06
 6.46569824e+02 4.22217099e-06
 6.46752285e+02 4.19847483e-06
 6.46934746e+02 4.17380051e-06
 6.47117207e+02 4.14815496e-06
 6.47299668e+02 4.12154607e-06
 6.47482129e+02 4.09398222e-06
 6.47664589e+02 4.06547229e-06
 6.47847050e+02 4.03602611e-06
 6.48029511e+02 4.00565374e-06
 6.48211972e+02 3.97436618e-06
 6.48394433e+02 3.94217491e-06
 6.48576894e+02 3.90909194e-06
 6.48759354e+02 3.87513019e-06
 6.48941815e+02 3.84030279e-06
 6.49124276e+02 3.80462385e-06
 6.49306737e+02 3.76810788e-06
 6.49489198e+02 3.73076994e-06
 6.49671659e+02 3.69262597e-06
 6.49854120e+02 3.65369209e-06
 6.50036580e+02 3.61398540e-06
 6.50219041e+02 3.57352331e-06
 6.50401502e+02 3.53232386e-06
 6.50583963e+02 3.49040580e-06
 6.50766424e+02 3.44778814e-06
 6.50948885e+02 3.40449076e-06
 6.51131345e+02 3.36053385e-06
 6.51313806e+02 3.31593818e-06
 6.51496267e+02 3.27072515e-06
 6.51678728e+02 3.22491642e-06
 6.51861189e+02 3.17853445e-06
 6.52043650e+02 3.13160194e-06
 6.52226110e+02 3.08414216e-06
 6.52408571e+02 3.03617891e-06
 6.52591032e+02 2.98773621e-06
 6.52773493e+02 2.93883882e-06
 6.52955954e+02 2.88951165e-06
 6.53138415e+02 2.83978017e-06
 6.53320875e+02 2.78967025e-06
 6.53503336e+02 2.73920798e-06
 6.53685797e+02 2.68842003e-06
 6.53868258e+02 2.63733323e-06
 6.54050719e+02 2.58597484e-06
 6.54233180e+02 2.53437245e-06
 6.54415641e+02 2.48255384e-06
 6.54598101e+02 2.43054722e-06
 6.54780562e+02 2.37838092e-06
 6.54963023e+02 2.32608361e-06
 6.55145484e+02 2.27368418e-06
 6.55327945e+02 2.22121166e-06
 6.55510406e+02 2.16869539e-06
 6.55692866e+02 2.11616476e-06
 6.55875327e+02 2.06364941e-06
 6.56057788e+02 2.01117907e-06
 6.56240249e+02 1.95878359e-06
 6.56422710e+02 1.90649294e-06
 6.56605171e+02 1.85433714e-06
 6.56787631e+02 1.80234628e-06
 6.56970092e+02 1.75055051e-06
 6.57152553e+02 1.69897996e-06
 6.57335014e+02 1.64766478e-06
 6.57517475e+02 1.59663512e-06
 6.57699936e+02 1.54592103e-06
 6.57882397e+02 1.49555256e-06
 6.58064857e+02 1.44555965e-06
 6.58247318e+02 1.39597212e-06
 6.58429779e+02 1.34681972e-06
 6.58612240e+02 1.29813199e-06
 6.58794701e+02 1.24993836e-06
 6.58977162e+02 1.20226807e-06
 6.59159622e+02 1.15515010e-06
 6.59342083e+02 1.10861332e-06
 6.59524544e+02 1.06268620e-06
 6.59707005e+02 1.01739711e-06
 6.59889466e+02 9.72774037e-07
 6.60071927e+02 9.28844640e-07
 6.60254387e+02 8.85636408e-07
 6.60436848e+02 8.43176266e-07
 6.60619309e+02 8.01490989e-07
 6.60801770e+02 7.60606850e-07
 6.60984231e+02 7.20549709e-07
 6.61166692e+02 6.81345175e-07
 6.61349153e+02 6.43018156e-07
 6.61531613e+02 6.05593381e-07
 6.61714074e+02 5.69094927e-07
 6.61896535e+02 5.33546406e-07
 6.62078996e+02 4.98971089e-07
 6.62261457e+02 4.65391429e-07
 6.62443918e+02 4.32829673e-07
 6.62626378e+02 4.01307267e-07
 6.62808839e+02 3.70845162e-07
 6.62991300e+02 3.41463874e-07
 6.63173761e+02 3.13182998e-07
 6.63356222e+02 2.86021910e-07
 6.63538683e+02 2.59999032e-07
 6.63721143e+02 2.35132291e-07
 6.63903604e+02 2.11439068e-07
 6.64086065e+02 1.88935762e-07
 6.64268526e+02 1.67638522e-07
 6.64450987e+02 1.47562421e-07
 6.64633448e+02 1.28722043e-07
 6.64815909e+02 1.11131318e-07
 6.64998369e+02 9.48031590e-08
 6.65180830e+02 7.97501997e-08
 6.65363291e+02 6.59838901e-08
 6.65545752e+02 5.35152174e-08
 6.65728213e+02 4.23544037e-08
 6.65910674e+02 3.25106548e-08
 6.66093134e+02 2.39928579e-08
 6.66275595e+02 1.68086393e-08
 6.66458056e+02 1.09651960e-08
 6.66640517e+02 6.46885801e-09
 6.66822978e+02 3.32496557e-09
 6.67005439e+02 1.53849880e-09
 6.67187899e+02 1.11313081e-09
 6.67370360e+02 2.05214295e-09
 6.67552821e+02 4.35786126e-09
 6.67735282e+02 8.03167431e-09
 6.67917743e+02 1.30745643e-08
 6.68100204e+02 1.94861963e-08
 6.68282664e+02 2.72658807e-08
 6.68465125e+02 3.64119034e-08
 6.68647586e+02 4.69216861e-08
 6.68830047e+02 5.87921963e-08
 6.69012508e+02 7.20191104e-08
 6.69194969e+02 8.65977834e-08
 6.69377430e+02 1.02522501e-07
 6.69559890e+02 1.19786774e-07
 6.69742351e+02 1.38383612e-07
 6.69924812e+02 1.58304794e-07
 6.70107273e+02 1.79541808e-07
 6.70289734e+02 2.02085053e-07
 6.70472195e+02 2.25924251e-07
 6.70654655e+02 2.51048588e-07
 6.70837116e+02 2.77446106e-07
 6.71019577e+02 3.05104578e-07
 6.71202038e+02 3.34010704e-07
 6.71384499e+02 3.64150607e-07
 6.71566960e+02 3.95509851e-07
 6.71749420e+02 4.28072964e-07
 6.71931881e+02 4.61824228e-07
 6.72114342e+02 4.96746893e-07
 6.72296803e+02 5.32823735e-07
 6.72479264e+02 5.70036960e-07
 6.72661725e+02 6.08367868e-07
 6.72844186e+02 6.47797531e-07
 6.73026646e+02 6.88306060e-07
 6.73209107e+02 7.29873190e-07
 6.73391568e+02 7.72478092e-07
 6.73574029e+02 8.16099178e-07
 6.73756490e+02 8.60714640e-07
 6.73938951e+02 9.06301817e-07
 6.74121411e+02 9.52837755e-07
 6.74303872e+02 1.00029897e-06
 6.74486333e+02 1.04866136e-06
 6.74668794e+02 1.09790062e-06
 6.74851255e+02 1.14799173e-06
 6.75033716e+02 1.19890944e-06
 6.75216176e+02 1.25062802e-06
 6.75398637e+02 1.30312128e-06
 6.75581098e+02 1.35636285e-06
 6.75763559e+02 1.41032576e-06
 6.75946020e+02 1.46498290e-06
 6.76128481e+02 1.52030676e-06
 6.76310942e+02 1.57626949e-06
 6.76493402e+02 1.63284310e-06
 6.76675863e+02 1.68999916e-06
 6.76858324e+02 1.74770914e-06
 6.77040785e+02 1.80594422e-06
 6.77223246e+02 1.86467535e-06
 6.77405707e+02 1.92387340e-06
 6.77588167e+02 1.98350893e-06
 6.77770628e+02 2.04355247e-06
 6.77953089e+02 2.10397437e-06
 6.78135550e+02 2.16474486e-06
 6.78318011e+02 2.22583413e-06
 6.78500472e+02 2.28721224e-06
 6.78682932e+02 2.34884924e-06
 6.78865393e+02 2.41071512e-06
 6.79047854e+02 2.47277988e-06
 6.79230315e+02 2.53501351e-06
 6.79412776e+02 2.59738602e-06
 6.79595237e+02 2.65986746e-06
 6.79777698e+02 2.72242795e-06
 6.79960158e+02 2.78503769e-06
 6.80142619e+02 2.84766696e-06
 6.80325080e+02 2.91028618e-06
 6.80507541e+02 2.97286585e-06
 6.80690002e+02 3.03537668e-06
 6.80872463e+02 3.09778952e-06
 6.81054923e+02 3.16007537e-06
 6.81237384e+02 3.22220551e-06
 6.81419845e+02 3.28415132e-06
 6.81602306e+02 3.34588454e-06
 6.81784767e+02 3.40737706e-06
 6.81967228e+02 3.46860106e-06
 6.82149688e+02 3.52952907e-06
 6.82332149e+02 3.59013375e-06
 6.82514610e+02 3.65038827e-06
 6.82697071e+02 3.71026596e-06
 6.82879532e+02 3.76974055e-06
 6.83061993e+02 3.82878618e-06
 6.83244453e+02 3.88737718e-06
 6.83426914e+02 3.94548848e-06
 6.83609375e+02 4.00309522e-06
 6.83791836e+02 4.06017302e-06
 6.83974297e+02 4.11669796e-06
 6.84156758e+02 4.17264637e-06
 6.84339219e+02 4.22799526e-06
 6.84521679e+02 4.28272185e-06
 6.84704140e+02 4.33680398e-06
 6.84886601e+02 4.39021994e-06
 6.85069062e+02 4.44294832e-06
 6.85251523e+02 4.49496850e-06
 6.85433984e+02 4.54626005e-06
 6.85616444e+02 4.59680324e-06
 6.85798905e+02 4.64657881e-06
 6.85981366e+02 4.69556788e-06
 6.86163827e+02 4.74375237e-06
 6.86346288e+02 4.79111440e-06
 6.86528749e+02 4.83763689e-06
 6.86711209e+02 4.88330321e-06
 6.86893670e+02 4.92809717e-06
 6.87076131e+02 4.97200340e-06
 6.87258592e+02 5.01500673e-06
 6.87441053e+02 5.05709287e-06
 6.87623514e+02 5.09824794e-06
 6.87805975e+02 5.13845857e-06
 6.87988435e+02 5.17771218e-06
 6.88170896e+02 5.21599645e-06
 6.88353357e+02 5.25329995e-06
 6.88535818e+02 5.28961163e-06
 6.88718279e+02 5.32492100e-06
 6.88900740e+02 5.35921835e-06
 6.89083200e+02 5.39249424e-06
 6.89265661e+02 5.42474013e-06
 6.89448122e+02 5.45594783e-06
 6.89630583e+02 5.48610976e-06
 6.89813044e+02 5.51521908e-06
 6.89995505e+02 5.54326922e-06
 6.90177965e+02 5.57025452e-06
 6.90360426e+02 5.59616963e-06
 6.90542887e+02 5.62100985e-06
 6.90725348e+02 5.64477117e-06
 6.90907809e+02 5.66744983e-06
 6.91090270e+02 5.68904300e-06
 6.91272731e+02 5.70954811e-06
 6.91455191e+02 5.72896324e-06
 6.91637652e+02 5.74728712e-06
 6.91820113e+02 5.76451874e-06
 6.92002574e+02 5.78065798e-06
 6.92185035e+02 5.79570491e-06
 6.92367496e+02 5.80966034e-06
 6.92549956e+02 5.82252555e-06
 6.92732417e+02 5.83430219e-06
 6.92914878e+02 5.84499267e-06
 6.93097339e+02 5.85459960e-06
 6.93279800e+02 5.86312631e-06
 6.93462261e+02 5.87057653e-06
 6.93644721e+02 5.87695434e-06
 6.93827182e+02 5.88226455e-06
 6.94009643e+02 5.88651213e-06
 6.94192104e+02 5.88970271e-06
 6.94374565e+02 5.89184230e-06
 6.94557026e+02 5.89293723e-06
 6.94739487e+02 5.89299448e-06
 6.94921947e+02 5.89202119e-06
 6.95104408e+02 5.89002508e-06
 6.95286869e+02 5.88701422e-06
 6.95469330e+02 5.88299696e-06
 6.95651791e+02 5.87798225e-06
 6.95834252e+02 5.87197913e-06
 6.96016712e+02 5.86499722e-06
 6.96199173e+02 5.85704639e-06
 6.96381634e+02 5.84813680e-06
 6.96564095e+02 5.83827909e-06
 6.96746556e+02 5.82748400e-06
 6.96929017e+02 5.81576277e-06
 6.97111477e+02 5.80312684e-06
 6.97293938e+02 5.78958792e-06
 6.97476399e+02 5.77515808e-06
 6.97658860e+02 5.75984953e-06
 6.97841321e+02 5.74367487e-06
 6.98023782e+02 5.72664684e-06
 6.98206242e+02 5.70877843e-06
 6.98388703e+02 5.69008294e-06
 6.98571164e+02 5.67057373e-06
 6.98753625e+02 5.65026451e-06
 6.98936086e+02 5.62916909e-06
 6.99118547e+02 5.60730148e-06
 6.99301008e+02 5.58467591e-06
 6.99483468e+02 5.56130668e-06
 6.99665929e+02 5.53720834e-06
 6.99848390e+02 5.51239549e-06
 7.00030851e+02 5.48688292e-06
 7.00213312e+02 5.46068554e-06
 7.00395773e+02 5.43381832e-06
 7.00578233e+02 5.40629641e-06
 7.00760694e+02 5.37813496e-06
 7.00943155e+02 5.34934927e-06
 7.01125616e+02 5.31995470e-06
 7.01308077e+02 5.28996665e-06
 7.01490538e+02 5.25940059e-06
 7.01672998e+02 5.22827203e-06
 7.01855459e+02 5.19659651e-06
 7.02037920e+02 5.16438961e-06
 7.02220381e+02 5.13166693e-06
 7.02402842e+02 5.09844405e-06
 7.02585303e+02 5.06473658e-06
 7.02767764e+02 5.03056011e-06
 7.02950224e+02 4.99593021e-06
 7.03132685e+02 4.96086244e-06
 7.03315146e+02 4.92537231e-06
 7.03497607e+02 4.88947531e-06
 7.03680068e+02 4.85318685e-06
 7.03862529e+02 4.81652233e-06
 7.04044989e+02 4.77949705e-06
 7.04227450e+02 4.74212624e-06
 7.04409911e+02 4.70442510e-06
 7.04592372e+02 4.66640869e-06
 7.04774833e+02 4.62809201e-06
 7.04957294e+02 4.58948997e-06
 7.05139754e+02 4.55061733e-06
 7.05322215e+02 4.51148883e-06
 7.05504676e+02 4.47211898e-06
 7.05687137e+02 4.43252228e-06
 7.05869598e+02 4.39271304e-06
 7.06052059e+02 4.35270543e-06
 7.06234520e+02 4.31251356e-06
 7.06416980e+02 4.27215129e-06
 7.06599441e+02 4.23163242e-06
 7.06781902e+02 4.19097057e-06
 7.06964363e+02 4.15017917e-06
 7.07146824e+02 4.10927158e-06
 7.07329285e+02 4.06826088e-06
 7.07511745e+02 4.02716008e-06
 7.07694206e+02 3.98598197e-06
 7.07876667e+02 3.94473915e-06
 7.08059128e+02 3.90344412e-06
 7.08241589e+02 3.86210907e-06
 7.08424050e+02 3.82074614e-06
 7.08606510e+02 3.77936720e-06
 7.08788971e+02 3.73798392e-06
 7.08971432e+02 3.69660788e-06
 7.09153893e+02 3.65525030e-06
 7.09336354e+02 3.61392236e-06
 7.09518815e+02 3.57263495e-06
 7.09701276e+02 3.53139877e-06
 7.09883736e+02 3.49022437e-06
 7.10066197e+02 3.44912199e-06
 7.10248658e+02 3.40810179e-06
 7.10431119e+02 3.36717362e-06
 7.10613580e+02 3.32634717e-06
 7.10796041e+02 3.28563193e-06
 7.10978501e+02 3.24503712e-06
 7.11160962e+02 3.20457184e-06
 7.11343423e+02 3.16424488e-06
 7.11525884e+02 3.12406489e-06
 7.11708345e+02 3.08404030e-06
 7.11890806e+02 3.04417925e-06
 7.12073266e+02 3.00448981e-06
 7.12255727e+02 2.96497970e-06
 7.12438188e+02 2.92565649e-06
 7.12620649e+02 2.88652757e-06
 7.12803110e+02 2.84760002e-06
 7.12985571e+02 2.80888084e-06
 7.13168031e+02 2.77037669e-06
 7.13350492e+02 2.73209411e-06
 7.13532953e+02 2.69403943e-06
 7.13715414e+02 2.65621868e-06
 7.13897875e+02 2.61863784e-06
 7.14080336e+02 2.58130252e-06
 7.14262797e+02 2.54421824e-06
 7.14445257e+02 2.50739030e-06
 7.14627718e+02 2.47082373e-06
 7.14810179e+02 2.43452349e-06
 7.14992640e+02 2.39849420e-06
 7.15175101e+02 2.36274039e-06
 7.15357562e+02 2.32726635e-06
 7.15540022e+02 2.29207617e-06
 7.15722483e+02 2.25717383e-06
 7.15904944e+02 2.22256299e-06
 7.16087405e+02 2.18824725e-06
 7.16269866e+02 2.15422996e-06
 7.16452327e+02 2.12051429e-06
 7.16634787e+02 2.08710329e-06
 7.16817248e+02 2.05399973e-06
 7.16999709e+02 2.02120632e-06
 7.17182170e+02 1.98872553e-06
 7.17364631e+02 1.95655966e-06
 7.17547092e+02 1.92471092e-06
 7.17729553e+02 1.89318123e-06
 7.17912013e+02 1.86197247e-06
 7.18094474e+02 1.83108630e-06
 7.18276935e+02 1.80052422e-06
 7.18459396e+02 1.77028763e-06
 7.18641857e+02 1.74037770e-06
 7.18824318e+02 1.71079555e-06
 7.19006778e+02 1.68154206e-06
 7.19189239e+02 1.65261803e-06
 7.19371700e+02 1.62402412e-06
 7.19554161e+02 1.59576080e-06
 7.19736622e+02 1.56782850e-06
 7.19919083e+02 1.54022741e-06
 7.20101543e+02 1.51295769e-06
 7.20284004e+02 1.48601933e-06
 7.20466465e+02 1.45941217e-06
 7.20648926e+02 1.43313602e-06
 7.20831387e+02 1.40719047e-06
 7.21013848e+02 1.38157508e-06
 7.21196309e+02 1.35628925e-06
 7.21378769e+02 1.33133229e-06
 7.21561230e+02 1.30670343e-06
 7.21743691e+02 1.28240174e-06
 7.21926152e+02 1.25842626e-06
 7.22108613e+02 1.23477588e-06
 7.22291074e+02 1.21144941e-06
 7.22473534e+02 1.18844562e-06
 7.22655995e+02 1.16576310e-06
 7.22838456e+02 1.14340044e-06
 7.23020917e+02 1.12135611e-06
 7.23203378e+02 1.09962848e-06
 7.23385839e+02 1.07821591e-06
 7.23568299e+02 1.05711662e-06
 7.23750760e+02 1.03632879e-06
 7.23933221e+02 1.01585052e-06
 7.24115682e+02 9.95679852e-07
 7.24298143e+02 9.75814777e-07
 7.24480604e+02 9.56253188e-07
 7.24663065e+02 9.36992959e-07
 7.24845525e+02 9.18031885e-07
 7.25027986e+02 8.99367709e-07
 7.25210447e+02 8.80998139e-07
 7.25392908e+02 8.62920809e-07
 7.25575369e+02 8.45133333e-07
 7.25757830e+02 8.27633260e-07
 7.25940290e+02 8.10418104e-07
 7.26122751e+02 7.93485350e-07
 7.26305212e+02 7.76832423e-07
 7.26487673e+02 7.60456738e-07
 7.26670134e+02 7.44355655e-07
 7.26852595e+02 7.28526515e-07
 7.27035055e+02 7.12966630e-07
 7.27217516e+02 6.97673274e-07
 7.27399977e+02 6.82643712e-07
 7.27582438e+02 6.67875172e-07
 7.27764899e+02 6.53364865e-07
 7.27947360e+02 6.39109987e-07
 7.28129820e+02 6.25107707e-07
 7.28312281e+02 6.11355189e-07
 7.28494742e+02 5.97849571e-07
 7.28677203e+02 5.84587987e-07
 7.28859664e+02 5.71567558e-07
 7.29042125e+02 5.58785391e-07
 7.29224586e+02 5.46238592e-07
 7.29407046e+02 5.33924257e-07
 7.29589507e+02 5.21839476e-07
 7.29771968e+02 5.09981338e-07
 7.29954429e+02 4.98346929e-07
 7.30136890e+02 4.86933334e-07
 7.30319351e+02 4.75737641e-07
 7.30501811e+02 4.64756936e-07
 7.30684272e+02 4.53988312e-07
 7.30866733e+02 4.43428864e-07
 7.31049194e+02 4.33075692e-07
 7.31231655e+02 4.22925909e-07
 7.31414116e+02 4.12976626e-07
 7.31596576e+02 4.03224970e-07
 7.31779037e+02 3.93668078e-07
 7.31961498e+02 3.84303092e-07
 7.32143959e+02 3.75127175e-07
 7.32326420e+02 3.66137493e-07
 7.32508881e+02 3.57331235e-07
 7.32691342e+02 3.48705598e-07
 7.32873802e+02 3.40257796e-07
 7.33056263e+02 3.31985064e-07
 7.33238724e+02 3.23884646e-07
 7.33421185e+02 3.15953810e-07
 7.33603646e+02 3.08189840e-07
 7.33786107e+02 3.00590038e-07
 7.33968567e+02 2.93151732e-07
 7.34151028e+02 2.85872259e-07
 7.34333489e+02 2.78748990e-07
 7.34515950e+02 2.71779308e-07
 7.34698411e+02 2.64960619e-07
 7.34880872e+02 2.58290361e-07
 7.35063332e+02 2.51765980e-07
 7.35245793e+02 2.45384958e-07
 7.35428254e+02 2.39144796e-07
 7.35610715e+02 2.33043016e-07
 7.35793176e+02 2.27077174e-07
 7.35975637e+02 2.21244837e-07
 7.36158098e+02 2.15543614e-07
 7.36340558e+02 2.09971126e-07
 7.36523019e+02 2.04525024e-07
 7.36705480e+02 1.99202992e-07
 7.36887941e+02 1.94002725e-07
 7.37070402e+02 1.88921964e-07
 7.37252863e+02 1.83958459e-07
 7.37435323e+02 1.79109997e-07
 7.37617784e+02 1.74374393e-07
 7.37800245e+02 1.69749479e-07
 7.37982706e+02 1.65233128e-07
 7.38165167e+02 1.60823229e-07
 7.38347628e+02 1.56517703e-07
 7.38530088e+02 1.52314504e-07
 7.38712549e+02 1.48211598e-07
 7.38895010e+02 1.44206999e-07
 7.39077471e+02 1.40298732e-07
 7.39259932e+02 1.36484856e-07
 7.39442393e+02 1.32763463e-07
 7.39624854e+02 1.29132657e-07
 7.39807314e+02 1.25590591e-07
 7.39989775e+02 1.22135424e-07
 7.40172236e+02 1.18765357e-07
 7.40354697e+02 1.15478615e-07
 7.40537158e+02 1.12273442e-07
 7.40719619e+02 1.09148125e-07
 7.40902079e+02 1.06100960e-07
 7.41084540e+02 1.03130283e-07
 7.41267001e+02 1.00234454e-07
 7.41449462e+02 9.74118505e-08
 7.41631923e+02 9.46608929e-08
 7.41814384e+02 9.19800099e-08
 7.41996844e+02 8.93676706e-08
 7.42179305e+02 8.68223632e-08
 7.42361766e+02 8.43425986e-08
 7.42544227e+02 8.19269245e-08
 7.42726688e+02 7.95738981e-08
 7.42909149e+02 7.72821165e-08
 7.43091609e+02 7.50501932e-08
 7.43274070e+02 7.28767655e-08
 7.43456531e+02 7.07605043e-08
 7.43638992e+02 6.87000902e-08
 7.43821453e+02 6.66942427e-08
 7.44003914e+02 6.47416949e-08
 7.44186375e+02 6.28412052e-08
 7.44368835e+02 6.09915617e-08
 7.44551296e+02 5.91915627e-08
 7.44733757e+02 5.74400437e-08
 7.44916218e+02 5.57358517e-08
 7.45098679e+02 5.40778595e-08
 7.45281140e+02 5.24649663e-08
 7.45463600e+02 5.08960818e-08
 7.45646061e+02 4.93701508e-08
 7.45828522e+02 4.78861279e-08
 7.46010983e+02 4.64429937e-08
 7.46193444e+02 4.50397516e-08
 7.46375905e+02 4.36754161e-08
 7.46558365e+02 4.23490346e-08
 7.46740826e+02 4.10596625e-08
 7.46923287e+02 3.98063811e-08
 7.47105748e+02 3.85882913e-08
 7.47288209e+02 3.74045059e-08
 7.47470670e+02 3.62541673e-08
 7.47653131e+02 3.51364252e-08
 7.47835591e+02 3.40504545e-08
 7.48018052e+02 3.29954470e-08
 7.48200513e+02 3.19706064e-08
 7.48382974e+02 3.09751634e-08
 7.48565435e+02 3.00083552e-08
 7.48747896e+02 2.90694433e-08
 7.48930356e+02 2.81577032e-08
 7.49112817e+02 2.72724231e-08
 7.49295278e+02 2.64129148e-08
 7.49477739e+02 2.55784963e-08
 7.49660200e+02 2.47685089e-08
 7.49842661e+02 2.39823053e-08
 7.50025121e+02 2.32192509e-08
 7.50207582e+02 2.24787324e-08
 7.50390043e+02 2.17601419e-08
 7.50572504e+02 2.10628936e-08
 7.50754965e+02 2.03864109e-08
 7.50937426e+02 1.97301302e-08
 7.51119887e+02 1.90935064e-08
 7.51302347e+02 1.84759993e-08
 7.51484808e+02 1.78770897e-08
 7.51667269e+02 1.72962654e-08
 7.51849730e+02 1.67330276e-08
 7.52032191e+02 1.61868929e-08
 7.52214652e+02 1.56573832e-08
 7.52397112e+02 1.51440393e-08
 7.52579573e+02 1.46464079e-08
 7.52762034e+02 1.41640487e-08
 7.52944495e+02 1.36965343e-08
 7.53126956e+02 1.32434428e-08
 7.53309417e+02 1.28043694e-08
 7.53491877e+02 1.23789140e-08
 7.53674338e+02 1.19666889e-08
 7.53856799e+02 1.15673178e-08
 7.54039260e+02 1.11804291e-08
 7.54221721e+02 1.08056669e-08
 7.54404182e+02 1.04426793e-08
 7.54586642e+02 1.00911261e-08
 7.54769103e+02 9.75067626e-09
 7.54951564e+02 9.42100406e-09
 7.55134025e+02 9.10179736e-09
 7.55316486e+02 8.79274726e-09
 7.55498947e+02 8.49355613e-09
 7.55681408e+02 8.20393382e-09
 7.55863868e+02 7.92359541e-09
 7.56046329e+02 7.65226790e-09
 7.56228790e+02 7.38968101e-09
 7.56411251e+02 7.13557503e-09
 7.56593712e+02 6.88969626e-09
 7.56776173e+02 6.65179625e-09
 7.56958633e+02 6.42163681e-09
 7.57141094e+02 6.19898215e-09
 7.57323555e+02 5.98360623e-09
 7.57506016e+02 5.77528782e-09
 7.57688477e+02 5.57381088e-09
 7.57870938e+02 5.37896812e-09
 7.58053398e+02 5.19055439e-09
 7.58235859e+02 5.00837350e-09
 7.58418320e+02 4.83223301e-09
 7.58600781e+02 4.66194561e-09
 7.58783242e+02 4.49733131e-09
 7.58965703e+02 4.33821215e-09
 7.59148164e+02 4.18441825e-09
 7.59330624e+02 4.03578267e-09
 7.59513085e+02 3.89214342e-09
 7.59695546e+02 3.75334462e-09
 7.59878007e+02 3.61923231e-09
 7.60060468e+02 3.48965976e-09
 7.60242929e+02 3.36448250e-09
 7.60425389e+02 3.24356083e-09
 7.60607850e+02 3.12676007e-09
 7.60790311e+02 3.01394739e-09
 7.60972772e+02 2.90499633e-09
 7.61155233e+02 2.79978222e-09
 7.61337694e+02 2.69818488e-09
 7.61520154e+02 2.60008821e-09
 7.61702615e+02 2.50537793e-09
 7.61885076e+02 2.41394531e-09
 7.62067537e+02 2.32568303e-09
 7.62249998e+02 2.24048797e-09
 7.62432459e+02 2.15826027e-09
 7.62614920e+02 2.07890188e-09
 7.62797380e+02 2.00231952e-09
 7.62979841e+02 1.92842105e-09
 7.63162302e+02 1.85711818e-09
 7.63344763e+02 1.78832525e-09
 7.63527224e+02 1.72195834e-09
 7.63709685e+02 1.65793760e-09
 7.63892145e+02 1.59618412e-09
 7.64074606e+02 1.53662251e-09
 7.64257067e+02 1.47917943e-09
 7.64439528e+02 1.42378326e-09
 7.64621989e+02 1.37036578e-09
 7.64804450e+02 1.31885960e-09
 7.64986910e+02 1.26920047e-09
 7.65169371e+02 1.22132576e-09
 7.65351832e+02 1.17517449e-09
 7.65534293e+02 1.13068853e-09
 7.65716754e+02 1.08781043e-09
 7.65899215e+02 1.04648559e-09
 7.66081676e+02 1.00666064e-09
 7.66264136e+02 9.68283799e-10
 7.66446597e+02 9.31305595e-10
 7.66629058e+02 8.95677202e-10
 7.66811519e+02 8.61352342e-10
 7.66993980e+02 8.28285678e-10
 7.67176441e+02 7.96433291e-10
 7.67358901e+02 7.65753039e-10
 7.67541362e+02 7.36203471e-10
 7.67723823e+02 7.07745873e-10
 7.67906284e+02 6.80342348e-10
 7.68088745e+02 6.53954999e-10
 7.68271206e+02 6.28545927e-10
