 1.45583787e+04 5.90847376e-10
 1.45629133e+04 6.21888042e-10
 1.45674479e+04 6.54463696e-10
 1.45719826e+04 6.88644996e-10
 1.45765172e+04 7.24505581e-10
 1.45810518e+04 7.62122176e-10
 1.45855865e+04 8.01574713e-10
 1.45901211e+04 8.42946450e-10
 1.45946557e+04 8.86324087e-10
 1.45991904e+04 9.31797901e-10
 1.46037250e+04 9.79461872e-10
 1.46082597e+04 1.02941381e-09
 1.46127943e+04 1.08175553e-09
 1.46173289e+04 1.13659292e-09
 1.46218636e+04 1.19403616e-09
 1.46263982e+04 1.25419986e-09
 1.46309328e+04 1.31720318e-09
 1.46354675e+04 1.38317002e-09
 1.46400021e+04 1.45222917e-09
 1.46445368e+04 1.52451449e-09
 1.46490714e+04 1.60016509e-09
 1.46536060e+04 1.67932548e-09
 1.46581407e+04 1.76214577e-09
 1.46626753e+04 1.84878190e-09
 1.46672099e+04 1.93939573e-09
 1.46717446e+04 2.03415536e-09
 1.46762792e+04 2.13323525e-09
 1.46808138e+04 2.23681644e-09
 1.46853485e+04 2.34508682e-09
 1.46898831e+04 2.45824128e-09
 1.46944178e+04 2.57648198e-09
 1.46989524e+04 2.70001856e-09
 1.47034870e+04 2.82906838e-09
 1.47080217e+04 2.96385678e-09
 1.47125563e+04 3.10461730e-09
 1.47170909e+04 3.25159196e-09
 1.47216256e+04 3.40503150e-09
 1.47261602e+04 3.56519566e-09
 1.47306949e+04 3.73235345e-09
 1.47352295e+04 3.90678340e-09
 1.47397641e+04 4.08877391e-09
 1.47442988e+04 4.27862346e-09
 1.47488334e+04 4.47664096e-09
 1.47533680e+04 4.68314604e-09
 1.47579027e+04 4.89846934e-09
 1.47624373e+04 5.12295286e-09
 1.47669719e+04 5.35695026e-09
 1.47715066e+04 5.60082715e-09
 1.47760412e+04 5.85496151e-09
 1.47805759e+04 6.11974396e-09
 1.47851105e+04 6.39557812e-09
 1.47896451e+04 6.68288097e-09
 1.47941798e+04 6.98208322e-09
 1.47987144e+04 7.29362964e-09
 1.48032490e+04 7.61797947e-09
 1.48077837e+04 7.95560676e-09
 1.48123183e+04 8.30700077e-09
 1.48168529e+04 8.67266635e-09
 1.48213876e+04 9.05312437e-09
 1.48259222e+04 9.44891206e-09
 1.48304569e+04 9.86058343e-09
 1.48349915e+04 1.02887097e-08
 1.48395261e+04 1.07338798e-08
 1.48440608e+04 1.11967006e-08
 1.48485954e+04 1.16777974e-08
 1.48531300e+04 1.21778144e-08
 1.48576647e+04 1.26974154e-08
 1.48621993e+04 1.32372836e-08
 1.48667340e+04 1.37981225e-08
 1.48712686e+04 1.43806565e-08
 1.48758032e+04 1.49856310e-08
 1.48803379e+04 1.56138127e-08
 1.48848725e+04 1.62659908e-08
 1.48894071e+04 1.69429766e-08
 1.48939418e+04 1.76456047e-08
 1.48984764e+04 1.83747327e-08
 1.49030110e+04 1.91312426e-08
 1.49075457e+04 1.99160404e-08
 1.49120803e+04 2.07300572e-08
 1.49166150e+04 2.15742492e-08
 1.49211496e+04 2.24495985e-08
 1.49256842e+04 2.33571136e-08
 1.49302189e+04 2.42978296e-08
 1.49347535e+04 2.52728088e-08
 1.49392881e+04 2.62831414e-08
 1.49438228e+04 2.73299456e-08
 1.49483574e+04 2.84143684e-08
 1.49528920e+04 2.95375859e-08
 1.49574267e+04 3.07008037e-08
 1.49619613e+04 3.19052575e-08
 1.49664960e+04 3.31522138e-08
 1.49710306e+04 3.44429696e-08
 1.49755652e+04 3.57788537e-08
 1.49800999e+04 3.71612268e-08
 1.49846345e+04 3.85914816e-08
 1.49891691e+04 4.00710440e-08
 1.49937038e+04 4.16013727e-08
 1.49982384e+04 4.31839603e-08
 1.50027731e+04 4.48203334e-08
 1.50073077e+04 4.65120527e-08
 1.50118423e+04 4.82607142e-08
 1.50163770e+04 5.00679488e-08
 1.50209116e+04 5.19354230e-08
 1.50254462e+04 5.38648393e-08
 1.50299809e+04 5.58579363e-08
 1.50345155e+04 5.79164895e-08
 1.50390501e+04 6.00423110e-08
 1.50435848e+04 6.22372502e-08
 1.50481194e+04 6.45031942e-08
 1.50526541e+04 6.68420675e-08
 1.50571887e+04 6.92558329e-08
 1.50617233e+04 7.17464913e-08
 1.50662580e+04 7.43160820e-08
 1.50707926e+04 7.69666829e-08
 1.50753272e+04 7.97004108e-08
 1.50798619e+04 8.25194214e-08
 1.50843965e+04 8.54259093e-08
 1.50889312e+04 8.84221084e-08
 1.50934658e+04 9.15102916e-08
 1.50980004e+04 9.46927711e-08
 1.51025351e+04 9.79718984e-08
 1.51070697e+04 1.01350064e-07
 1.51116043e+04 1.04829698e-07
 1.51161390e+04 1.08413269e-07
 1.51206736e+04 1.12103285e-07
 1.51252082e+04 1.15902293e-07
 1.51297429e+04 1.19812877e-07
 1.51342775e+04 1.23837661e-07
 1.51388122e+04 1.27979308e-07
 1.51433468e+04 1.32240517e-07
 1.51478814e+04 1.36624024e-07
 1.51524161e+04 1.41132605e-07
 1.51569507e+04 1.45769070e-07
 1.51614853e+04 1.50536266e-07
 1.51660200e+04 1.55437076e-07
 1.51705546e+04 1.60474418e-07
 1.51750892e+04 1.65651246e-07
 1.51796239e+04 1.70970546e-07
 1.51841585e+04 1.76435337e-07
 1.51886932e+04 1.82048673e-07
 1.51932278e+04 1.87813637e-07
 1.51977624e+04 1.93733345e-07
 1.52022971e+04 1.99810942e-07
 1.52068317e+04 2.06049603e-07
 1.52113663e+04 2.12452529e-07
 1.52159010e+04 2.19022950e-07
 1.52204356e+04 2.25764121e-07
 1.52249703e+04 2.32679322e-07
 1.52295049e+04 2.39771858e-07
 1.52340395e+04 2.47045053e-07
 1.52385742e+04 2.54502254e-07
 1.52431088e+04 2.62146827e-07
 1.52476434e+04 2.69982158e-07
 1.52521781e+04 2.78011645e-07
 1.52567127e+04 2.86238706e-07
 1.52612473e+04 2.94666769e-07
 1.52657820e+04 3.03299274e-07
 1.52703166e+04 3.12139672e-07
 1.52748513e+04 3.21191421e-07
 1.52793859e+04 3.30457986e-07
 1.52839205e+04 3.39942834e-07
 1.52884552e+04 3.49649437e-07
 1.52929898e+04 3.59581264e-07
 1.52975244e+04 3.69741783e-07
 1.53020591e+04 3.80134459e-07
 1.53065937e+04 3.90762748e-07
 1.53111283e+04 4.01630099e-07
 1.53156630e+04 4.12739946e-07
 1.53201976e+04 4.24095713e-07
 1.53247323e+04 4.35700805e-07
 1.53292669e+04 4.47558608e-07
 1.53338015e+04 4.59672486e-07
 1.53383362e+04 4.72045781e-07
 1.53428708e+04 4.84681802e-07
 1.53474054e+04 4.97583833e-07
 1.53519401e+04 5.10755121e-07
 1.53564747e+04 5.24198879e-07
 1.53610094e+04 5.37918279e-07
 1.53655440e+04 5.51916450e-07
 1.53700786e+04 5.66196478e-07
 1.53746133e+04 5.80761397e-07
 1.53791479e+04 5.95614189e-07
 1.53836825e+04 6.10757783e-07
 1.53882172e+04 6.26195045e-07
 1.53927518e+04 6.41928780e-07
 1.53972864e+04 6.57961729e-07
 1.54018211e+04 6.74296560e-07
 1.54063557e+04 6.90935868e-07
 1.54108904e+04 7.07882174e-07
 1.54154250e+04 7.25137914e-07
 1.54199596e+04 7.42705442e-07
 1.54244943e+04 7.60587024e-07
 1.54290289e+04 7.78784833e-07
 1.54335635e+04 7.97300945e-07
 1.54380982e+04 8.16137337e-07
 1.54426328e+04 8.35295883e-07
 1.54471675e+04 8.54778347e-07
 1.54517021e+04 8.74586382e-07
 1.54562367e+04 8.94721527e-07
 1.54607714e+04 9.15185197e-07
 1.54653060e+04 9.35978686e-07
 1.54698406e+04 9.57103160e-07
 1.54743753e+04 9.78559652e-07
 1.54789099e+04 1.00034906e-06
 1.54834445e+04 1.02247213e-06
 1.54879792e+04 1.04492949e-06
 1.54925138e+04 1.06772159e-06
 1.54970485e+04 1.09084875e-06
 1.55015831e+04 1.11431112e-06
 1.55061177e+04 1.13810869e-06
 1.55106524e+04 1.16224129e-06
 1.55151870e+04 1.18670858e-06
 1.55197216e+04 1.21151004e-06
 1.55242563e+04 1.23664499e-06
 1.55287909e+04 1.26211256e-06
 1.55333255e+04 1.28791168e-06
 1.55378602e+04 1.31404112e-06
 1.55423948e+04 1.34049944e-06
 1.55469295e+04 1.36728500e-06
 1.55514641e+04 1.39439597e-06
 1.55559987e+04 1.42183033e-06
 1.55605334e+04 1.44958581e-06
 1.55650680e+04 1.47765998e-06
 1.55696026e+04 1.50605016e-06
 1.55741373e+04 1.53475348e-06
 1.55786719e+04 1.56376682e-06
 1.55832066e+04 1.59308687e-06
 1.55877412e+04 1.62271005e-06
 1.55922758e+04 1.65263261e-06
 1.55968105e+04 1.68285050e-06
 1.56013451e+04 1.71335950e-06
 1.56058797e+04 1.74415510e-06
 1.56104144e+04 1.77523258e-06
 1.56149490e+04 1.80658697e-06
 1.56194836e+04 1.83821305e-06
 1.56240183e+04 1.87010536e-06
 1.56285529e+04 1.90225819e-06
 1.56330876e+04 1.93466558e-06
 1.56376222e+04 1.96732131e-06
 1.56421568e+04 2.00021892e-06
 1.56466915e+04 2.03335168e-06
 1.56512261e+04 2.06671261e-06
 1.56557607e+04 2.10029448e-06
 1.56602954e+04 2.13408980e-06
 1.56648300e+04 2.16809080e-06
 1.56693646e+04 2.20228949e-06
 1.56738993e+04 2.23667758e-06
 1.56784339e+04 2.27124656e-06
 1.56829686e+04 2.30598762e-06
 1.56875032e+04 2.34089172e-06
 1.56920378e+04 2.37594956e-06
 1.56965725e+04 2.41115156e-06
 1.57011071e+04 2.44648791e-06
 1.57056417e+04 2.48194853e-06
 1.57101764e+04 2.51752309e-06
 1.57147110e+04 2.55320101e-06
 1.57192457e+04 2.58897145e-06
 1.57237803e+04 2.62482332e-06
 1.57283149e+04 2.66074531e-06
 1.57328496e+04 2.69672584e-06
 1.57373842e+04 2.73275309e-06
 1.57419188e+04 2.76881501e-06
 1.57464535e+04 2.80489933e-06
 1.57509881e+04 2.84099351e-06
 1.57555227e+04 2.87708483e-06
 1.57600574e+04 2.91316030e-06
 1.57645920e+04 2.94920675e-06
 1.57691267e+04 2.98521078e-06
 1.57736613e+04 3.02115877e-06
 1.57781959e+04 3.05703691e-06
 1.57827306e+04 3.09283119e-06
 1.57872652e+04 3.12852740e-06
 1.57917998e+04 3.16411114e-06
 1.57963345e+04 3.19956784e-06
 1.58008691e+04 3.23488274e-06
 1.58054038e+04 3.27004092e-06
 1.58099384e+04 3.30502730e-06
 1.58144730e+04 3.33982664e-06
 1.58190077e+04 3.37442354e-06
 1.58235423e+04 3.40880249e-06
 1.58280769e+04 3.44294781e-06
 1.58326116e+04 3.47684374e-06
 1.58371462e+04 3.51047435e-06
 1.58416808e+04 3.54382365e-06
 1.58462155e+04 3.57687552e-06
 1.58507501e+04 3.60961377e-06
 1.58552848e+04 3.64202211e-06
 1.58598194e+04 3.67408420e-06
 1.58643540e+04 3.70578363e-06
 1.58688887e+04 3.73710391e-06
 1.58734233e+04 3.76802856e-06
 1.58779579e+04 3.79854102e-06
 1.58824926e+04 3.82862475e-06
 1.58870272e+04 3.85826316e-06
 1.58915618e+04 3.88743968e-06
 1.58960965e+04 3.91613776e-06
 1.59006311e+04 3.94434085e-06
 1.59051658e+04 3.97203245e-06
 1.59097004e+04 3.99919610e-06
 1.59142350e+04 4.02581540e-06
 1.59187697e+04 4.05187400e-06
 1.59233043e+04 4.07735566e-06
 1.59278389e+04 4.10224421e-06
 1.59323736e+04 4.12652359e-06
 1.59369082e+04 4.15017785e-06
 1.59414429e+04 4.17319119e-06
 1.59459775e+04 4.19554793e-06
 1.59505121e+04 4.21723255e-06
 1.59550468e+04 4.23822970e-06
 1.59595814e+04 4.25852420e-06
 1.59641160e+04 4.27810108e-06
 1.59686507e+04 4.29694554e-06
 1.59731853e+04 4.31504303e-06
 1.59777199e+04 4.33237923e-06
 1.59822546e+04 4.34894002e-06
 1.59867892e+04 4.36471160e-06
 1.59913239e+04 4.37968037e-06
 1.59958585e+04 4.39383307e-06
 1.60003931e+04 4.40715670e-06
 1.60049278e+04 4.41963856e-06
 1.60094624e+04 4.43126629e-06
 1.60139970e+04 4.44202785e-06
 1.60185317e+04 4.45191155e-06
 1.60230663e+04 4.46090605e-06
 1.60276009e+04 4.46900037e-06
 1.60321356e+04 4.47618392e-06
 1.60366702e+04 4.48244650e-06
 1.60412049e+04 4.48777831e-06
 1.60457395e+04 4.49216998e-06
 1.60502741e+04 4.49561253e-06
 1.60548088e+04 4.49809746e-06
 1.60593434e+04 4.49961670e-06
 1.60638780e+04 4.50016263e-06
 1.60684127e+04 4.49972811e-06
 1.60729473e+04 4.49830648e-06
 1.60774820e+04 4.49589157e-06
 1.60820166e+04 4.49247772e-06
 1.60865512e+04 4.48805976e-06
 1.60910859e+04 4.48263306e-06
 1.60956205e+04 4.47619350e-06
 1.61001551e+04 4.46873751e-06
 1.61046898e+04 4.46026207e-06
 1.61092244e+04 4.45076469e-06
 1.61137590e+04 4.44024347e-06
 1.61182937e+04 4.42869706e-06
 1.61228283e+04 4.41612470e-06
 1.61273630e+04 4.40252620e-06
 1.61318976e+04 4.38790197e-06
 1.61364322e+04 4.37225300e-06
 1.61409669e+04 4.35558091e-06
 1.61455015e+04 4.33788788e-06
 1.61500361e+04 4.31917676e-06
 1.61545708e+04 4.29945095e-06
 1.61591054e+04 4.27871452e-06
 1.61636401e+04 4.25697215e-06
 1.61681747e+04 4.23422913e-06
 1.61727093e+04 4.21049138e-06
 1.61772440e+04 4.18576547e-06
 1.61817786e+04 4.16005859e-06
 1.61863132e+04 4.13337855e-06
 1.61908479e+04 4.10573382e-06
 1.61953825e+04 4.07713349e-06
 1.61999171e+04 4.04758727e-06
 1.62044518e+04 4.01710553e-06
 1.62089864e+04 3.98569926e-06
 1.62135211e+04 3.95338006e-06
 1.62180557e+04 3.92016020e-06
 1.62225903e+04 3.88605254e-06
 1.62271250e+04 3.85107058e-06
 1.62316596e+04 3.81522842e-06
 1.62361942e+04 3.77854079e-06
 1.62407289e+04 3.74102303e-06
 1.62452635e+04 3.70269108e-06
 1.62497981e+04 3.66356147e-06
 1.62543328e+04 3.62365133e-06
 1.62588674e+04 3.58297838e-06
 1.62634021e+04 3.54156090e-06
 1.62679367e+04 3.49941777e-06
 1.62724713e+04 3.45656839e-06
 1.62770060e+04 3.41303276e-06
 1.62815406e+04 3.36883139e-06
 1.62860752e+04 3.32398533e-06
 1.62906099e+04 3.27851617e-06
 1.62951445e+04 3.23244599e-06
 1.62996792e+04 3.18579739e-06
 1.63042138e+04 3.13859346e-06
 1.63087484e+04 3.09085775e-06
 1.63132831e+04 3.04261430e-06
 1.63178177e+04 2.99388758e-06
 1.63223523e+04 2.94470252e-06
 1.63268870e+04 2.89508447e-06
 1.63314216e+04 2.84505918e-06
 1.63359562e+04 2.79465280e-06
 1.63404909e+04 2.74389188e-06
 1.63450255e+04 2.69280331e-06
 1.63495602e+04 2.64141435e-06
 1.63540948e+04 2.58975258e-06
 1.63586294e+04 2.53784591e-06
 1.63631641e+04 2.48572254e-06
 1.63676987e+04 2.43341097e-06
 1.63722333e+04 2.38093994e-06
 1.63767680e+04 2.32833847e-06
 1.63813026e+04 2.27563578e-06
 1.63858372e+04 2.22286131e-06
 1.63903719e+04 2.17004472e-06
 1.63949065e+04 2.11721580e-06
 1.63994412e+04 2.06440453e-06
 1.64039758e+04 2.01164101e-06
 1.64085104e+04 1.95895546e-06
 1.64130451e+04 1.90637820e-06
 1.64175797e+04 1.85393962e-06
 1.64221143e+04 1.80167017e-06
 1.64266490e+04 1.74960033e-06
 1.64311836e+04 1.69776061e-06
 1.64357183e+04 1.64618150e-06
 1.64402529e+04 1.59489348e-06
 1.64447875e+04 1.54392697e-06
 1.64493222e+04 1.49331234e-06
 1.64538568e+04 1.44307986e-06
 1.64583914e+04 1.39325970e-06
 1.64629261e+04 1.34388190e-06
 1.64674607e+04 1.29497635e-06
 1.64719953e+04 1.24657278e-06
 1.64765300e+04 1.19870071e-06
 1.64810646e+04 1.15138946e-06
 1.64855993e+04 1.10466814e-06
 1.64901339e+04 1.05856558e-06
 1.64946685e+04 1.01311034e-06
 1.64992032e+04 9.68330720e-07
 1.65037378e+04 9.24254674e-07
 1.65082724e+04 8.80909842e-07
 1.65128071e+04 8.38323511e-07
 1.65173417e+04 7.96522600e-07
 1.65218764e+04 7.55533636e-07
 1.65264110e+04 7.15382742e-07
 1.65309456e+04 6.76095613e-07
 1.65354803e+04 6.37697502e-07
 1.65400149e+04 6.00213196e-07
 1.65445495e+04 5.63667007e-07
 1.65490842e+04 5.28082744e-07
 1.65536188e+04 4.93483707e-07
 1.65581534e+04 4.59892661e-07
 1.65626881e+04 4.27331827e-07
 1.65672227e+04 3.95822858e-07
 1.65717574e+04 3.65386834e-07
 1.65762920e+04 3.36044235e-07
 1.65808266e+04 3.07814937e-07
 1.65853613e+04 2.80718190e-07
 1.65898959e+04 2.54772609e-07
 1.65944305e+04 2.29996156e-07
 1.65989652e+04 2.06406133e-07
 1.66034998e+04 1.84019165e-07
 1.66080344e+04 1.62851188e-07
 1.66125691e+04 1.42917440e-07
 1.66171037e+04 1.24232451e-07
 1.66216384e+04 1.06810027e-07
 1.66261730e+04 9.06632463e-08
 1.66307076e+04 7.58044461e-08
 1.66352423e+04 6.22452160e-08
 1.66397769e+04 4.99963884e-08
 1.66443115e+04 3.90680316e-08
 1.66488462e+04 2.94694422e-08
 1.66533808e+04 2.12091388e-08
 1.66579155e+04 1.42948558e-08
 1.66624501e+04 8.73353842e-09
 1.66669847e+04 4.53133731e-09
 1.66715194e+04 1.69360479e-09
 1.66760540e+04 2.24891039e-10
 1.66805886e+04 1.28941053e-10
 1.66851233e+04 1.40869225e-09
 1.66896579e+04 4.06627261e-09
 1.66941925e+04 8.10299943e-09
 1.66987272e+04 1.35193787e-08
 1.67032618e+04 2.03151050e-08
 1.67077965e+04 2.84890622e-08
 1.67123311e+04 3.80393244e-08
 1.67168657e+04 4.89631577e-08
 1.67214004e+04 6.12570229e-08
 1.67259350e+04 7.49165780e-08
 1.67304696e+04 8.99366816e-08
 1.67350043e+04 1.06311398e-07
 1.67395389e+04 1.24034000e-07
 1.67440735e+04 1.43096976e-07
 1.67486082e+04 1.63492035e-07
 1.67531428e+04 1.85210113e-07
 1.67576775e+04 2.08241379e-07
 1.67622121e+04 2.32575247e-07
 1.67667467e+04 2.58200375e-07
 1.67712814e+04 2.85104682e-07
 1.67758160e+04 3.13275356e-07
 1.67803506e+04 3.42698857e-07
 1.67848853e+04 3.73360935e-07
 1.67894199e+04 4.05246637e-07
 1.67939546e+04 4.38340317e-07
 1.67984892e+04 4.72625649e-07
 1.68030238e+04 5.08085640e-07
 1.68075585e+04 5.44702640e-07
 1.68120931e+04 5.82458358e-07
 1.68166277e+04 6.21333871e-07
 1.68211624e+04 6.61309642e-07
 1.68256970e+04 7.02365532e-07
 1.68302316e+04 7.44480814e-07
 1.68347663e+04 7.87634191e-07
 1.68393009e+04 8.31803805e-07
 1.68438356e+04 8.76967261e-07
 1.68483702e+04 9.23101636e-07
 1.68529048e+04 9.70183497e-07
 1.68574395e+04 1.01818892e-06
 1.68619741e+04 1.06709351e-06
 1.68665087e+04 1.11687240e-06
 1.68710434e+04 1.16750029e-06
 1.68755780e+04 1.21895147e-06
 1.68801127e+04 1.27119979e-06
 1.68846473e+04 1.32421875e-06
 1.68891819e+04 1.37798146e-06
 1.68937166e+04 1.43246067e-06
 1.68982512e+04 1.48762882e-06
 1.69027858e+04 1.54345803e-06
 1.69073205e+04 1.59992012e-06
 1.69118551e+04 1.65698662e-06
 1.69163897e+04 1.71462884e-06
 1.69209244e+04 1.77281782e-06
 1.69254590e+04 1.83152440e-06
 1.69299937e+04 1.89071922e-06
 1.69345283e+04 1.95037272e-06
 1.69390629e+04 2.01045521e-06
 1.69435976e+04 2.07093684e-06
 1.69481322e+04 2.13178764e-06
 1.69526668e+04 2.19297755e-06
 1.69572015e+04 2.25447642e-06
 1.69617361e+04 2.31625403e-06
 1.69662707e+04 2.37828013e-06
 1.69708054e+04 2.44052443e-06
 1.69753400e+04 2.50295665e-06
 1.69798747e+04 2.56554651e-06
 1.69844093e+04 2.62826378e-06
 1.69889439e+04 2.69107825e-06
 1.69934786e+04 2.75395980e-06
 1.69980132e+04 2.81687841e-06
 1.70025478e+04 2.87980413e-06
 1.70070825e+04 2.94270716e-06
 1.70116171e+04 3.00555784e-06
 1.70161518e+04 3.06832666e-06
 1.70206864e+04 3.13098429e-06
 1.70252210e+04 3.19350159e-06
 1.70297557e+04 3.25584962e-06
 1.70342903e+04 3.31799969e-06
 1.70388249e+04 3.37992335e-06
 1.70433596e+04 3.44159238e-06
 1.70478942e+04 3.50297885e-06
 1.70524288e+04 3.56405514e-06
 1.70569635e+04 3.62479391e-06
 1.70614981e+04 3.68516813e-06
 1.70660328e+04 3.74515114e-06
 1.70705674e+04 3.80471660e-06
 1.70751020e+04 3.86383852e-06
 1.70796367e+04 3.92249132e-06
 1.70841713e+04 3.98064979e-06
 1.70887059e+04 4.03828910e-06
 1.70932406e+04 4.09538486e-06
 1.70977752e+04 4.15191310e-06
 1.71023098e+04 4.20785026e-06
 1.71068445e+04 4.26317326e-06
 1.71113791e+04 4.31785946e-06
 1.71159138e+04 4.37188667e-06
 1.71204484e+04 4.42523322e-06
 1.71249830e+04 4.47787787e-06
 1.71295177e+04 4.52979993e-06
 1.71340523e+04 4.58097917e-06
 1.71385869e+04 4.63139590e-06
 1.71431216e+04 4.68103093e-06
 1.71476562e+04 4.72986560e-06
 1.71521909e+04 4.77788178e-06
 1.71567255e+04 4.82506190e-06
 1.71612601e+04 4.87138891e-06
 1.71657948e+04 4.91684633e-06
 1.71703294e+04 4.96141820e-06
 1.71748640e+04 5.00508918e-06
 1.71793987e+04 5.04784443e-06
 1.71839333e+04 5.08966972e-06
 1.71884679e+04 5.13055139e-06
 1.71930026e+04 5.17047632e-06
 1.71975372e+04 5.20943201e-06
 1.72020719e+04 5.24740650e-06
 1.72066065e+04 5.28438845e-06
 1.72111411e+04 5.32036707e-06
 1.72156758e+04 5.35533216e-06
 1.72202104e+04 5.38927412e-06
 1.72247450e+04 5.42218390e-06
 1.72292797e+04 5.45405307e-06
 1.72338143e+04 5.48487375e-06
 1.72383490e+04 5.51463867e-06
 1.72428836e+04 5.54334111e-06
 1.72474182e+04 5.57097494e-06
 1.72519529e+04 5.59753462e-06
 1.72564875e+04 5.62301516e-06
 1.72610221e+04 5.64741214e-06
 1.72655568e+04 5.67072172e-06
 1.72700914e+04 5.69294061e-06
 1.72746260e+04 5.71406610e-06
 1.72791607e+04 5.73409600e-06
 1.72836953e+04 5.75302869e-06
 1.72882300e+04 5.77086309e-06
 1.72927646e+04 5.78759867e-06
 1.72972992e+04 5.80323541e-06
 1.73018339e+04 5.81777384e-06
 1.73063685e+04 5.83121500e-06
 1.73109031e+04 5.84356044e-06
 1.73154378e+04 5.85481223e-06
 1.73199724e+04 5.86497293e-06
 1.73245070e+04 5.87404560e-06
 1.73290417e+04 5.88203380e-06
 1.73335763e+04 5.88894154e-06
 1.73381110e+04 5.89477331e-06
 1.73426456e+04 5.89953409e-06
 1.73471802e+04 5.90322928e-06
 1.73517149e+04 5.90586473e-06
 1.73562495e+04 5.90744675e-06
 1.73607841e+04 5.90798207e-06
 1.73653188e+04 5.90747781e-06
 1.73698534e+04 5.90594155e-06
 1.73743881e+04 5.90338123e-06
 1.73789227e+04 5.89980519e-06
 1.73834573e+04 5.89522218e-06
 1.73879920e+04 5.88964129e-06
 1.73925266e+04 5.88307198e-06
 1.73970612e+04 5.87552406e-06
 1.74015959e+04 5.86700770e-06
 1.74061305e+04 5.85753339e-06
 1.74106651e+04 5.84711192e-06
 1.74151998e+04 5.83575444e-06
 1.74197344e+04 5.82347236e-06
 1.74242691e+04 5.81027739e-06
 1.74288037e+04 5.79618155e-06
 1.74333383e+04 5.78119708e-06
 1.74378730e+04 5.76533652e-06
 1.74424076e+04 5.74861264e-06
 1.74469422e+04 5.73103846e-06
 1.74514769e+04 5.71262722e-06
 1.74560115e+04 5.69339237e-06
 1.74605461e+04 5.67334760e-06
 1.74650808e+04 5.65250676e-06
 1.74696154e+04 5.63088390e-06
 1.74741501e+04 5.60849325e-06
 1.74786847e+04 5.58534921e-06
 1.74832193e+04 5.56146631e-06
 1.74877540e+04 5.53685927e-06
 1.74922886e+04 5.51154290e-06
 1.74968232e+04 5.48553216e-06
 1.75013579e+04 5.45884211e-06
 1.75058925e+04 5.43148794e-06
 1.75104272e+04 5.40348491e-06
 1.75149618e+04 5.37484838e-06
 1.75194964e+04 5.34559378e-06
 1.75240311e+04 5.31573661e-06
 1.75285657e+04 5.28529241e-06
 1.75331003e+04 5.25427680e-06
 1.75376350e+04 5.22270541e-06
 1.75421696e+04 5.19059392e-06
 1.75467042e+04 5.15795801e-06
 1.75512389e+04 5.12481338e-06
 1.75557735e+04 5.09117575e-06
 1.75603082e+04 5.05706081e-06
 1.75648428e+04 5.02248426e-06
 1.75693774e+04 4.98746174e-06
 1.75739121e+04 4.95200890e-06
 1.75784467e+04 4.91614134e-06
 1.75829813e+04 4.87987460e-06
 1.75875160e+04 4.84322418e-06
 1.75920506e+04 4.80620552e-06
 1.75965853e+04 4.76883399e-06
 1.76011199e+04 4.73112488e-06
 1.76056545e+04 4.69309340e-06
 1.76101892e+04 4.65475468e-06
 1.76147238e+04 4.61612375e-06
 1.76192584e+04 4.57721553e-06
 1.76237931e+04 4.53804483e-06
 1.76283277e+04 4.49862637e-06
 1.76328623e+04 4.45897473e-06
 1.76373970e+04 4.41910437e-06
 1.76419316e+04 4.37902962e-06
 1.76464663e+04 4.33876467e-06
 1.76510009e+04 4.29832358e-06
 1.76555355e+04 4.25772024e-06
 1.76600702e+04 4.21696842e-06
 1.76646048e+04 4.17608170e-06
 1.76691394e+04 4.13507354e-06
 1.76736741e+04 4.09395721e-06
 1.76782087e+04 4.05274581e-06
 1.76827433e+04 4.01145228e-06
 1.76872780e+04 3.97008938e-06
 1.76918126e+04 3.92866969e-06
 1.76963473e+04 3.88720560e-06
 1.77008819e+04 3.84570933e-06
 1.77054165e+04 3.80419290e-06
 1.77099512e+04 3.76266815e-06
 1.77144858e+04 3.72114671e-06
 1.77190204e+04 3.67964002e-06
 1.77235551e+04 3.63815933e-06
 1.77280897e+04 3.59671568e-06
 1.77326244e+04 3.55531992e-06
 1.77371590e+04 3.51398266e-06
 1.77416936e+04 3.47271436e-06
 1.77462283e+04 3.43152521e-06
 1.77507629e+04 3.39042525e-06
 1.77552975e+04 3.34942427e-06
 1.77598322e+04 3.30853187e-06
 1.77643668e+04 3.26775741e-06
 1.77689014e+04 3.22711008e-06
 1.77734361e+04 3.18659882e-06
 1.77779707e+04 3.14623238e-06
 1.77825054e+04 3.10601928e-06
 1.77870400e+04 3.06596784e-06
 1.77915746e+04 3.02608615e-06
 1.77961093e+04 2.98638209e-06
 1.78006439e+04 2.94686335e-06
 1.78051785e+04 2.90753738e-06
 1.78097132e+04 2.86841142e-06
 1.78142478e+04 2.82949250e-06
 1.78187824e+04 2.79078746e-06
 1.78233171e+04 2.75230289e-06
 1.78278517e+04 2.71404521e-06
 1.78323864e+04 2.67602060e-06
 1.78369210e+04 2.63823505e-06
 1.78414556e+04 2.60069434e-06
 1.78459903e+04 2.56340404e-06
 1.78505249e+04 2.52636953e-06
 1.78550595e+04 2.48959597e-06
 1.78595942e+04 2.45308834e-06
 1.78641288e+04 2.41685140e-06
 1.78686635e+04 2.38088973e-06
 1.78731981e+04 2.34520770e-06
 1.78777327e+04 2.30980951e-06
 1.78822674e+04 2.27469915e-06
 1.78868020e+04 2.23988043e-06
 1.78913366e+04 2.20535696e-06
 1.78958713e+04 2.17113219e-06
 1.79004059e+04 2.13720936e-06
 1.79049405e+04 2.10359155e-06
 1.79094752e+04 2.07028165e-06
 1.79140098e+04 2.03728239e-06
 1.79185445e+04 2.00459631e-06
 1.79230791e+04 1.97222580e-06
 1.79276137e+04 1.94017306e-06
 1.79321484e+04 1.90844014e-06
 1.79366830e+04 1.87702892e-06
 1.79412176e+04 1.84594114e-06
 1.79457523e+04 1.81517835e-06
 1.79502869e+04 1.78474197e-06
 1.79548216e+04 1.75463326e-06
 1.79593562e+04 1.72485334e-06
 1.79638908e+04 1.69540318e-06
 1.79684255e+04 1.66628359e-06
 1.79729601e+04 1.63749527e-06
 1.79774947e+04 1.60903877e-06
 1.79820294e+04 1.58091449e-06
 1.79865640e+04 1.55312272e-06
 1.79910986e+04 1.52566362e-06
 1.79956333e+04 1.49853720e-06
 1.80001679e+04 1.47174339e-06
 1.80047026e+04 1.44528195e-06
 1.80092372e+04 1.41915257e-06
 1.80137718e+04 1.39335479e-06
 1.80183065e+04 1.36788807e-06
 1.80228411e+04 1.34275172e-06
 1.80273757e+04 1.31794499e-06
 1.80319104e+04 1.29346701e-06
 1.80364450e+04 1.26931679e-06
 1.80409796e+04 1.24549327e-06
 1.80455143e+04 1.22199529e-06
 1.80500489e+04 1.19882159e-06
 1.80545836e+04 1.17597083e-06
 1.80591182e+04 1.15344158e-06
 1.80636528e+04 1.13123233e-06
 1.80681875e+04 1.10934148e-06
 1.80727221e+04 1.08776737e-06
 1.80772567e+04 1.06650825e-06
 1.80817914e+04 1.04556231e-06
 1.80863260e+04 1.02492766e-06
 1.80908607e+04 1.00460235e-06
 1.80953953e+04 9.84584362e-07
 1.80999299e+04 9.64871614e-07
 1.81044646e+04 9.45461969e-07
 1.81089992e+04 9.26353233e-07
 1.81135338e+04 9.07543155e-07
 1.81180685e+04 8.89029436e-07
 1.81226031e+04 8.70809722e-07
 1.81271377e+04 8.52881617e-07
 1.81316724e+04 8.35242676e-07
 1.81362070e+04 8.17890415e-07
 1.81407417e+04 8.00822306e-07
 1.81452763e+04 7.84035784e-07
 1.81498109e+04 7.67528250e-07
 1.81543456e+04 7.51297068e-07
 1.81588802e+04 7.35339572e-07
 1.81634148e+04 7.19653066e-07
 1.81679495e+04 7.04234825e-07
 1.81724841e+04 6.89082101e-07
 1.81770187e+04 6.74192118e-07
 1.81815534e+04 6.59562081e-07
 1.81860880e+04 6.45189175e-07
 1.81906227e+04 6.31070565e-07
 1.81951573e+04 6.17203400e-07
 1.81996919e+04 6.03584815e-07
 1.82042266e+04 5.90211931e-07
 1.82087612e+04 5.77081858e-07
 1.82132958e+04 5.64191696e-07
 1.82178305e+04 5.51538538e-07
 1.82223651e+04 5.39119467e-07
 1.82268998e+04 5.26931564e-07
 1.82314344e+04 5.14971906e-07
 1.82359690e+04 5.03237566e-07
 1.82405037e+04 4.91725616e-07
 1.82450383e+04 4.80433131e-07
 1.82495729e+04 4.69357185e-07
 1.82541076e+04 4.58494857e-07
 1.82586422e+04 4.47843228e-07
 1.82631768e+04 4.37399387e-07
 1.82677115e+04 4.27160426e-07
 1.82722461e+04 4.17123450e-07
 1.82767808e+04 4.07285567e-07
 1.82813154e+04 3.97643899e-07
 1.82858500e+04 3.88195577e-07
 1.82903847e+04 3.78937744e-07
 1.82949193e+04 3.69867556e-07
 1.82994539e+04 3.60982183e-07
 1.83039886e+04 3.52278808e-07
 1.83085232e+04 3.43754632e-07
 1.83130579e+04 3.35406869e-07
 1.83175925e+04 3.27232752e-07
 1.83221271e+04 3.19229533e-07
 1.83266618e+04 3.11394478e-07
 1.83311964e+04 3.03724878e-07
 1.83357310e+04 2.96218037e-07
 1.83402657e+04 2.88871286e-07
 1.83448003e+04 2.81681973e-07
 1.83493349e+04 2.74647467e-07
 1.83538696e+04 2.67765162e-07
 1.83584042e+04 2.61032473e-07
 1.83629389e+04 2.54446837e-07
 1.83674735e+04 2.48005716e-07
 1.83720081e+04 2.41706596e-07
 1.83765428e+04 2.35546987e-07
 1.83810774e+04 2.29524422e-07
 1.83856120e+04 2.23636461e-07
 1.83901467e+04 2.17880689e-07
 1.83946813e+04 2.12254716e-07
 1.83992159e+04 2.06756180e-07
 1.84037506e+04 2.01382742e-07
 1.84082852e+04 1.96132091e-07
 1.84128199e+04 1.91001943e-07
 1.84173545e+04 1.85990041e-07
 1.84218891e+04 1.81094154e-07
 1.84264238e+04 1.76312079e-07
 1.84309584e+04 1.71641639e-07
 1.84354930e+04 1.67080686e-07
 1.84400277e+04 1.62627099e-07
 1.84445623e+04 1.58278783e-07
 1.84490970e+04 1.54033674e-07
 1.84536316e+04 1.49889732e-07
 1.84581662e+04 1.45844948e-07
 1.84627009e+04 1.41897338e-07
 1.84672355e+04 1.38044946e-07
 1.84717701e+04 1.34285846e-07
 1.84763048e+04 1.30618138e-07
 1.84808394e+04 1.27039950e-07
 1.84853740e+04 1.23549436e-07
 1.84899087e+04 1.20144780e-07
 1.84944433e+04 1.16824192e-07
 1.84989780e+04 1.13585909e-07
 1.85035126e+04 1.10428197e-07
 1.85080472e+04 1.07349347e-07
 1.85125819e+04 1.04347678e-07
 1.85171165e+04 1.01421536e-07
 1.85216511e+04 9.85692934e-08
 1.85261858e+04 9.57893485e-08
 1.85307204e+04 9.30801269e-08
 1.85352550e+04 9.04400800e-08
 1.85397897e+04 8.78676852e-08
 1.85443243e+04 8.53614458e-08
 1.85488590e+04 8.29198906e-08
 1.85533936e+04 8.05415739e-08
 1.85579282e+04 7.82250752e-08
 1.85624629e+04 7.59689989e-08
 1.85669975e+04 7.37719744e-08
 1.85715321e+04 7.16326553e-08
 1.85760668e+04 6.95497199e-08
 1.85806014e+04 6.75218702e-08
 1.85851361e+04 6.55478322e-08
 1.85896707e+04 6.36263555e-08
 1.85942053e+04 6.17562131e-08
 1.85987400e+04 5.99362008e-08
 1.86032746e+04 5.81651375e-08
 1.86078092e+04 5.64418646e-08
 1.86123439e+04 5.47652457e-08
 1.86168785e+04 5.31341665e-08
 1.86214131e+04 5.15475345e-08
 1.86259478e+04 5.00042787e-08
 1.86304824e+04 4.85033491e-08
 1.86350171e+04 4.70437170e-08
 1.86395517e+04 4.56243742e-08
 1.86440863e+04 4.42443327e-08
 1.86486210e+04 4.29026251e-08
 1.86531556e+04 4.15983033e-08
 1.86576902e+04 4.03304393e-08
 1.86622249e+04 3.90981239e-08
 1.86667595e+04 3.79004671e-08
 1.86712942e+04 3.67365979e-08
 1.86758288e+04 3.56056633e-08
 1.86803634e+04 3.45068287e-08
 1.86848981e+04 3.34392774e-08
 1.86894327e+04 3.24022103e-08
 1.86939673e+04 3.13948456e-08
 1.86985020e+04 3.04164186e-08
 1.87030366e+04 2.94661813e-08
 1.87075712e+04 2.85434024e-08
 1.87121059e+04 2.76473667e-08
 1.87166405e+04 2.67773750e-08
 1.87211752e+04 2.59327439e-08
 1.87257098e+04 2.51128052e-08
 1.87302444e+04 2.43169060e-08
 1.87347791e+04 2.35444086e-08
 1.87393137e+04 2.27946893e-08
 1.87438483e+04 2.20671395e-08
 1.87483830e+04 2.13611641e-08
 1.87529176e+04 2.06761824e-08
 1.87574522e+04 2.00116269e-08
 1.87619869e+04 1.93669436e-08
 1.87665215e+04 1.87415918e-08
 1.87710562e+04 1.81350435e-08
 1.87755908e+04 1.75467832e-08
 1.87801254e+04 1.69763081e-08
 1.87846601e+04 1.64231273e-08
 1.87891947e+04 1.58867618e-08
 1.87937293e+04 1.53667445e-08
 1.87982640e+04 1.48626195e-08
 1.88027986e+04 1.43739424e-08
 1.88073333e+04 1.39002794e-08
 1.88118679e+04 1.34412078e-08
 1.88164025e+04 1.29963152e-08
 1.88209372e+04 1.25651999e-08
 1.88254718e+04 1.21474699e-08
 1.88300064e+04 1.17427434e-08
 1.88345411e+04 1.13506481e-08
 1.88390757e+04 1.09708213e-08
 1.88436103e+04 1.06029096e-08
 1.88481450e+04 1.02465687e-08
 1.88526796e+04 9.90146309e-09
 1.88572143e+04 9.56726612e-09
 1.88617489e+04 9.24365955e-09
 1.88662835e+04 8.93033349e-09
 1.88708182e+04 8.62698620e-09
 1.88753528e+04 8.33332387e-09
 1.88798874e+04 8.04906050e-09
 1.88844221e+04 7.77391770e-09
 1.88889567e+04 7.50762450e-09
 1.88934913e+04 7.24991717e-09
 1.88980260e+04 7.00053913e-09
 1.89025606e+04 6.75924069e-09
 1.89070953e+04 6.52577893e-09
 1.89116299e+04 6.29991757e-09
 1.89161645e+04 6.08142677e-09
 1.89206992e+04 5.87008299e-09
 1.89252338e+04 5.66566886e-09
 1.89297684e+04 5.46797299e-09
 1.89343031e+04 5.27678989e-09
 1.89388377e+04 5.09191975e-09
 1.89433724e+04 4.91316837e-09
 1.89479070e+04 4.74034700e-09
 1.89524416e+04 4.57327218e-09
 1.89569763e+04 4.41176564e-09
 1.89615109e+04 4.25565416e-09
 1.89660455e+04 4.10476946e-09
 1.89705802e+04 3.95894804e-09
 1.89751148e+04 3.81803111e-09
 1.89796494e+04 3.68186442e-09
 1.89841841e+04 3.55029817e-09
 1.89887187e+04 3.42318692e-09
 1.89932534e+04 3.30038942e-09
 1.89977880e+04 3.18176854e-09
 1.90023226e+04 3.06719118e-09
 1.90068573e+04 2.95652813e-09
 1.90113919e+04 2.84965397e-09
 1.90159265e+04 2.74644700e-09
 1.90204612e+04 2.64678911e-09
 1.90249958e+04 2.55056570e-09
 1.90295305e+04 2.45766561e-09
 1.90340651e+04 2.36798096e-09
 1.90385997e+04 2.28140714e-09
 1.90431344e+04 2.19784267e-09
 1.90476690e+04 2.11718915e-09
 1.90522036e+04 2.03935114e-09
 1.90567383e+04 1.96423610e-09
 1.90612729e+04 1.89175433e-09
 1.90658075e+04 1.82181884e-09
 1.90703422e+04 1.75434534e-09
 1.90748768e+04 1.68925210e-09
 1.90794115e+04 1.62645993e-09
 1.90839461e+04 1.56589207e-09
 1.90884807e+04 1.50747416e-09
 1.90930154e+04 1.45113415e-09
 1.90975500e+04 1.39680223e-09
 1.91020846e+04 1.34441077e-09
 1.91066193e+04 1.29389428e-09
 1.91111539e+04 1.24518931e-09
 1.91156885e+04 1.19823444e-09
 1.91202232e+04 1.15297015e-09
 1.91247578e+04 1.10933887e-09
 1.91292925e+04 1.06728480e-09
 1.91338271e+04 1.02675396e-09
 1.91383617e+04 9.87694091e-10
 1.91428964e+04 9.50054601e-10
 1.91474310e+04 9.13786536e-10
 1.91519656e+04 8.78842516e-10
 1.91565003e+04 8.45176699e-10
 1.91610349e+04 8.12744727e-10
 1.91655696e+04 7.81503685e-10
 1.91701042e+04 7.51412063e-10
 1.91746388e+04 7.22429699e-10
 1.91791735e+04 6.94517760e-10
 1.91837081e+04 6.67638680e-10
 1.91882427e+04 6.41756136e-10
 1.91927774e+04 6.16835008e-10
 1.91973120e+04 5.92841332e-10
