 5.82335146e+03 1.40625564e-07
 5.82516549e+03 1.48532308e-07
 5.82697952e+03 1.56862059e-07
 5.82879356e+03 1.65636204e-07
 5.83060759e+03 1.74877137e-07
 5.83242162e+03 1.84608312e-07
 5.83423565e+03 1.94854283e-07
 5.83604968e+03 2.05640754e-07
 5.83786371e+03 2.16994630e-07
 5.83967774e+03 2.28944065e-07
 5.84149177e+03 2.41518518e-07
 5.84330580e+03 2.54748809e-07
 5.84511983e+03 2.68667177e-07
 5.84693386e+03 2.83307335e-07
 5.84874790e+03 2.98704542e-07
 5.85056193e+03 3.14895656e-07
 5.85237596e+03 3.31919209e-07
 5.85418999e+03 3.49815476e-07
 5.85600402e+03 3.68626544e-07
 5.85781805e+03 3.88396387e-07
 5.85963208e+03 4.09170945e-07
 5.86144611e+03 4.30998204e-07
 5.86326014e+03 4.53928283e-07
 5.86507417e+03 4.78013509e-07
 5.86688821e+03 5.03308518e-07
 5.86870224e+03 5.29870345e-07
 5.87051627e+03 5.57758515e-07
 5.87233030e+03 5.87035146e-07
 5.87414433e+03 6.17765052e-07
 5.87595836e+03 6.50015847e-07
 5.87777239e+03 6.83858058e-07
 5.87958642e+03 7.19365237e-07
 5.88140045e+03 7.56614075e-07
 5.88321448e+03 7.95684532e-07
 5.88502852e+03 8.36659958e-07
 5.88684255e+03 8.79627220e-07
 5.88865658e+03 9.24676843e-07
 5.89047061e+03 9.71903143e-07
 5.89228464e+03 1.02140438e-06
 5.89409867e+03 1.07328288e-06
 5.89591270e+03 1.12764524e-06
 5.89772673e+03 1.18460242e-06
 5.89954076e+03 1.24426996e-06
 5.90135479e+03 1.30676811e-06
 5.90316883e+03 1.37222205e-06
 5.90498286e+03 1.44076202e-06
 5.90679689e+03 1.51252352e-06
 5.90861092e+03 1.58764752e-06
 5.91042495e+03 1.66628063e-06
 5.91223898e+03 1.74857534e-06
 5.91405301e+03 1.83469016e-06
 5.91586704e+03 1.92478991e-06
 5.91768107e+03 2.01904591e-06
 5.91949510e+03 2.11763620e-06
 5.92130913e+03 2.22074577e-06
 5.92312317e+03 2.32856683e-06
 5.92493720e+03 2.44129904e-06
 5.92675123e+03 2.55914978e-06
 5.92856526e+03 2.68233437e-06
 5.93037929e+03 2.81107640e-06
 5.93219332e+03 2.94560798e-06
 5.93400735e+03 3.08617001e-06
 5.93582138e+03 3.23301251e-06
 5.93763541e+03 3.38639489e-06
 5.93944944e+03 3.54658629e-06
 5.94126348e+03 3.71386588e-06
 5.94307751e+03 3.88852317e-06
 5.94489154e+03 4.07085839e-06
 5.94670557e+03 4.26118282e-06
 5.94851960e+03 4.45981911e-06
 5.95033363e+03 4.66710170e-06
 5.95214766e+03 4.88337714e-06
 5.95396169e+03 5.10900452e-06
 5.95577572e+03 5.34435580e-06
 5.95758975e+03 5.58981630e-06
 5.95940379e+03 5.84578503e-06
 5.96121782e+03 6.11267515e-06
 5.96303185e+03 6.39091439e-06
 5.96484588e+03 6.68094552e-06
 5.96665991e+03 6.98322676e-06
 5.96847394e+03 7.29823227e-06
 5.97028797e+03 7.62645263e-06
 5.97210200e+03 7.96839530e-06
 5.97391603e+03 8.32458515e-06
 5.97573006e+03 8.69556493e-06
 5.97754410e+03 9.08189581e-06
 5.97935813e+03 9.48415792e-06
 5.98117216e+03 9.90295088e-06
 5.98298619e+03 1.03388943e-05
 5.98480022e+03 1.07926286e-05
 5.98661425e+03 1.12648150e-05
 5.98842828e+03 1.17561369e-05
 5.99024231e+03 1.22672998e-05
 5.99205634e+03 1.27990324e-05
 5.99387037e+03 1.33520868e-05
 5.99568440e+03 1.39272394e-05
 5.99749844e+03 1.45252917e-05
 5.99931247e+03 1.51470705e-05
 6.00112650e+03 1.57934289e-05
 6.00294053e+03 1.64652471e-05
 6.00475456e+03 1.71634327e-05
 6.00656859e+03 1.78889217e-05
 6.00838262e+03 1.86426791e-05
 6.01019665e+03 1.94256999e-05
 6.01201068e+03 2.02390094e-05
 6.01382471e+03 2.10836643e-05
 6.01563875e+03 2.19607532e-05
 6.01745278e+03 2.28713980e-05
 6.01926681e+03 2.38167537e-05
 6.02108084e+03 2.47980101e-05
 6.02289487e+03 2.58163922e-05
 6.02470890e+03 2.68731611e-05
 6.02652293e+03 2.79696149e-05
 6.02833696e+03 2.91070895e-05
 6.03015099e+03 3.02869594e-05
 6.03196502e+03 3.15106388e-05
 6.03377906e+03 3.27795822e-05
 6.03559309e+03 3.40952856e-05
 6.03740712e+03 3.54592872e-05
 6.03922115e+03 3.68731684e-05
 6.04103518e+03 3.83385546e-05
 6.04284921e+03 3.98571165e-05
 6.04466324e+03 4.14305707e-05
 6.04647727e+03 4.30606807e-05
 6.04829130e+03 4.47492581e-05
 6.05010533e+03 4.64981633e-05
 6.05191936e+03 4.83093067e-05
 6.05373340e+03 5.01846496e-05
 6.05554743e+03 5.21262053e-05
 6.05736146e+03 5.41360398e-05
 6.05917549e+03 5.62162733e-05
 6.06098952e+03 5.83690808e-05
 6.06280355e+03 6.05966935e-05
 6.06461758e+03 6.29013995e-05
 6.06643161e+03 6.52855450e-05
 6.06824564e+03 6.77515354e-05
 6.07005967e+03 7.03018362e-05
 6.07187371e+03 7.29389743e-05
 6.07368774e+03 7.56655386e-05
 6.07550177e+03 7.84841817e-05
 6.07731580e+03 8.13976203e-05
 6.07912983e+03 8.44086367e-05
 6.08094386e+03 8.75200799e-05
 6.08275789e+03 9.07348662e-05
 6.08457192e+03 9.40559807e-05
 6.08638595e+03 9.74864781e-05
 6.08819998e+03 1.01029484e-04
 6.09001402e+03 1.04688196e-04
 6.09182805e+03 1.08465884e-04
 6.09364208e+03 1.12365892e-04
 6.09545611e+03 1.16391639e-04
 6.09727014e+03 1.20546620e-04
 6.09908417e+03 1.24834407e-04
 6.10089820e+03 1.29258649e-04
 6.10271223e+03 1.33823076e-04
 6.10452626e+03 1.38531497e-04
 6.10634029e+03 1.43387800e-04
 6.10815433e+03 1.48395958e-04
 6.10996836e+03 1.53560025e-04
 6.11178239e+03 1.58884139e-04
 6.11359642e+03 1.64372522e-04
 6.11541045e+03 1.70029484e-04
 6.11722448e+03 1.75859418e-04
 6.11903851e+03 1.81866807e-04
 6.12085254e+03 1.88056221e-04
 6.12266657e+03 1.94432319e-04
 6.12448060e+03 2.00999850e-04
 6.12629463e+03 2.07763652e-04
 6.12810867e+03 2.14728657e-04
 6.12992270e+03 2.21899887e-04
 6.13173673e+03 2.29282457e-04
 6.13355076e+03 2.36881574e-04
 6.13536479e+03 2.44702540e-04
 6.13717882e+03 2.52750753e-04
 6.13899285e+03 2.61031703e-04
 6.14080688e+03 2.69550977e-04
 6.14262091e+03 2.78314257e-04
 6.14443494e+03 2.87327323e-04
 6.14624898e+03 2.96596051e-04
 6.14806301e+03 3.06126413e-04
 6.14987704e+03 3.15924479e-04
 6.15169107e+03 3.25996418e-04
 6.15350510e+03 3.36348494e-04
 6.15531913e+03 3.46987072e-04
 6.15713316e+03 3.57918614e-04
 6.15894719e+03 3.69149679e-04
 6.16076122e+03 3.80686925e-04
 6.16257525e+03 3.92537109e-04
 6.16438929e+03 4.04707084e-04
 6.16620332e+03 4.17203804e-04
 6.16801735e+03 4.30034317e-04
 6.16983138e+03 4.43205771e-04
 6.17164541e+03 4.56725409e-04
 6.17345944e+03 4.70600572e-04
 6.17527347e+03 4.84838696e-04
 6.17708750e+03 4.99447314e-04
 6.17890153e+03 5.14434053e-04
 6.18071556e+03 5.29806633e-04
 6.18252960e+03 5.45572870e-04
 6.18434363e+03 5.61740671e-04
 6.18615766e+03 5.78318035e-04
 6.18797169e+03 5.95313051e-04
 6.18978572e+03 6.12733900e-04
 6.19159975e+03 6.30588849e-04
 6.19341378e+03 6.48886253e-04
 6.19522781e+03 6.67634554e-04
 6.19704184e+03 6.86842277e-04
 6.19885587e+03 7.06518032e-04
 6.20066990e+03 7.26670509e-04
 6.20248394e+03 7.47308480e-04
 6.20429797e+03 7.68440792e-04
 6.20611200e+03 7.90076371e-04
 6.20792603e+03 8.12224217e-04
 6.20974006e+03 8.34893401e-04
 6.21155409e+03 8.58093067e-04
 6.21336812e+03 8.81832425e-04
 6.21518215e+03 9.06120752e-04
 6.21699618e+03 9.30967387e-04
 6.21881021e+03 9.56381732e-04
 6.22062425e+03 9.82373247e-04
 6.22243828e+03 1.00895145e-03
 6.22425231e+03 1.03612590e-03
 6.22606634e+03 1.06390623e-03
 6.22788037e+03 1.09230209e-03
 6.22969440e+03 1.12132320e-03
 6.23150843e+03 1.15097931e-03
 6.23332246e+03 1.18128021e-03
 6.23513649e+03 1.21223571e-03
 6.23695052e+03 1.24385568e-03
 6.23876456e+03 1.27615000e-03
 6.24057859e+03 1.30912856e-03
 6.24239262e+03 1.34280130e-03
 6.24420665e+03 1.37717815e-03
 6.24602068e+03 1.41226906e-03
 6.24783471e+03 1.44808400e-03
 6.24964874e+03 1.48463293e-03
 6.25146277e+03 1.52192581e-03
 6.25327680e+03 1.55997259e-03
 6.25509083e+03 1.59878324e-03
 6.25690487e+03 1.63836768e-03
 6.25871890e+03 1.67873582e-03
 6.26053293e+03 1.71989756e-03
 6.26234696e+03 1.76186277e-03
 6.26416099e+03 1.80464126e-03
 6.26597502e+03 1.84824284e-03
 6.26778905e+03 1.89267726e-03
 6.26960308e+03 1.93795420e-03
 6.27141711e+03 1.98408332e-03
 6.27323114e+03 2.03107420e-03
 6.27504517e+03 2.07893636e-03
 6.27685921e+03 2.12767925e-03
 6.27867324e+03 2.17731225e-03
 6.28048727e+03 2.22784464e-03
 6.28230130e+03 2.27928563e-03
 6.28411533e+03 2.33164432e-03
 6.28592936e+03 2.38492973e-03
 6.28774339e+03 2.43915076e-03
 6.28955742e+03 2.49431619e-03
 6.29137145e+03 2.55043470e-03
 6.29318548e+03 2.60751484e-03
 6.29499952e+03 2.66556503e-03
 6.29681355e+03 2.72459354e-03
 6.29862758e+03 2.78460851e-03
 6.30044161e+03 2.84561793e-03
 6.30225564e+03 2.90762962e-03
 6.30406967e+03 2.97065125e-03
 6.30588370e+03 3.03469031e-03
 6.30769773e+03 3.09975413e-03
 6.30951176e+03 3.16584983e-03
 6.31132579e+03 3.23298437e-03
 6.31313983e+03 3.30116448e-03
 6.31495386e+03 3.37039672e-03
 6.31676789e+03 3.44068742e-03
 6.31858192e+03 3.51204270e-03
 6.32039595e+03 3.58446844e-03
 6.32220998e+03 3.65797031e-03
 6.32402401e+03 3.73255372e-03
 6.32583804e+03 3.80822387e-03
 6.32765207e+03 3.88498567e-03
 6.32946610e+03 3.96284379e-03
 6.33128014e+03 4.04180264e-03
 6.33309417e+03 4.12186634e-03
 6.33490820e+03 4.20303875e-03
 6.33672223e+03 4.28532343e-03
 6.33853626e+03 4.36872366e-03
 6.34035029e+03 4.45324241e-03
 6.34216432e+03 4.53888235e-03
 6.34397835e+03 4.62564583e-03
 6.34579238e+03 4.71353489e-03
 6.34760641e+03 4.80255125e-03
 6.34942044e+03 4.89269628e-03
 6.35123448e+03 4.98397103e-03
 6.35304851e+03 5.07637619e-03
 6.35486254e+03 5.16991211e-03
 6.35667657e+03 5.26457877e-03
 6.35849060e+03 5.36037582e-03
 6.36030463e+03 5.45730249e-03
 6.36211866e+03 5.55535769e-03
 6.36393269e+03 5.65453991e-03
 6.36574672e+03 5.75484726e-03
 6.36756075e+03 5.85627748e-03
 6.36937479e+03 5.95882789e-03
 6.37118882e+03 6.06249542e-03
 6.37300285e+03 6.16727659e-03
 6.37481688e+03 6.27316750e-03
 6.37663091e+03 6.38016386e-03
 6.37844494e+03 6.48826092e-03
 6.38025897e+03 6.59745353e-03
 6.38207300e+03 6.70773609e-03
 6.38388703e+03 6.81910260e-03
 6.38570106e+03 6.93154658e-03
 6.38751510e+03 7.04506113e-03
 6.38932913e+03 7.15963890e-03
 6.39114316e+03 7.27527208e-03
 6.39295719e+03 7.39195242e-03
 6.39477122e+03 7.50967122e-03
 6.39658525e+03 7.62841930e-03
 6.39839928e+03 7.74818702e-03
 6.40021331e+03 7.86896429e-03
 6.40202734e+03 7.99074054e-03
 6.40384137e+03 8.11350474e-03
 6.40565540e+03 8.23724539e-03
 6.40746944e+03 8.36195051e-03
 6.40928347e+03 8.48760764e-03
 6.41109750e+03 8.61420386e-03
 6.41291153e+03 8.74172577e-03
 6.41472556e+03 8.87015948e-03
 6.41653959e+03 8.99949064e-03
 6.41835362e+03 9.12970442e-03
 6.42016765e+03 9.26078549e-03
 6.42198168e+03 9.39271807e-03
 6.42379571e+03 9.52548589e-03
 6.42560975e+03 9.65907221e-03
 6.42742378e+03 9.79345981e-03
 6.42923781e+03 9.92863100e-03
 6.43105184e+03 1.00645676e-02
 6.43286587e+03 1.02012510e-02
 6.43467990e+03 1.03386621e-02
 6.43649393e+03 1.04767813e-02
 6.43830796e+03 1.06155886e-02
 6.44012199e+03 1.07550635e-02
 6.44193602e+03 1.08951850e-02
 6.44375006e+03 1.10359317e-02
 6.44556409e+03 1.11772819e-02
 6.44737812e+03 1.13192131e-02
 6.44919215e+03 1.14617026e-02
 6.45100618e+03 1.16047274e-02
 6.45282021e+03 1.17482636e-02
 6.45463424e+03 1.18922874e-02
 6.45644827e+03 1.20367743e-02
 6.45826230e+03 1.21816994e-02
 6.46007633e+03 1.23270373e-02
 6.46189037e+03 1.24727625e-02
 6.46370440e+03 1.26188487e-02
 6.46551843e+03 1.27652697e-02
 6.46733246e+03 1.29119984e-02
 6.46914649e+03 1.30590077e-02
 6.47096052e+03 1.32062699e-02
 6.47277455e+03 1.33537572e-02
 6.47458858e+03 1.35014411e-02
 6.47640261e+03 1.36492930e-02
 6.47821664e+03 1.37972839e-02
 6.48003067e+03 1.39453846e-02
 6.48184471e+03 1.40935652e-02
 6.48365874e+03 1.42417960e-02
 6.48547277e+03 1.43900467e-02
 6.48728680e+03 1.45382867e-02
 6.48910083e+03 1.46864852e-02
 6.49091486e+03 1.48346111e-02
 6.49272889e+03 1.49826331e-02
 6.49454292e+03 1.51305196e-02
 6.49635695e+03 1.52782389e-02
 6.49817098e+03 1.54257587e-02
 6.49998502e+03 1.55730470e-02
 6.50179905e+03 1.57200711e-02
 6.50361308e+03 1.58667986e-02
 6.50542711e+03 1.60131965e-02
 6.50724114e+03 1.61592319e-02
 6.50905517e+03 1.63048715e-02
 6.51086920e+03 1.64500822e-02
 6.51268323e+03 1.65948306e-02
 6.51449726e+03 1.67390830e-02
 6.51631129e+03 1.68828058e-02
 6.51812533e+03 1.70259654e-02
 6.51993936e+03 1.71685279e-02
 6.52175339e+03 1.73104595e-02
 6.52356742e+03 1.74517263e-02
 6.52538145e+03 1.75922943e-02
 6.52719548e+03 1.77321295e-02
 6.52900951e+03 1.78711981e-02
 6.53082354e+03 1.80094660e-02
 6.53263757e+03 1.81468993e-02
 6.53445160e+03 1.82834640e-02
 6.53626564e+03 1.84191264e-02
 6.53807967e+03 1.85538525e-02
 6.53989370e+03 1.86876088e-02
 6.54170773e+03 1.88203615e-02
 6.54352176e+03 1.89520772e-02
 6.54533579e+03 1.90827224e-02
 6.54714982e+03 1.92122639e-02
 6.54896385e+03 1.93406685e-02
 6.55077788e+03 1.94679032e-02
 6.55259191e+03 1.95939354e-02
 6.55440594e+03 1.97187324e-02
 6.55621998e+03 1.98422618e-02
 6.55803401e+03 1.99644914e-02
 6.55984804e+03 2.00853894e-02
 6.56166207e+03 2.02049239e-02
 6.56347610e+03 2.03230637e-02
 6.56529013e+03 2.04397776e-02
 6.56710416e+03 2.05550347e-02
 6.56891819e+03 2.06688044e-02
 6.57073222e+03 2.07810566e-02
 6.57254625e+03 2.08917613e-02
 6.57436029e+03 2.10008890e-02
 6.57617432e+03 2.11084104e-02
 6.57798835e+03 2.12142968e-02
 6.57980238e+03 2.13185196e-02
 6.58161641e+03 2.14210510e-02
 6.58343044e+03 2.15218631e-02
 6.58524447e+03 2.16209288e-02
 6.58705850e+03 2.17182214e-02
 6.58887253e+03 2.18137144e-02
 6.59068656e+03 2.19073821e-02
 6.59250060e+03 2.19991989e-02
 6.59431463e+03 2.20891401e-02
 6.59612866e+03 2.21771811e-02
 6.59794269e+03 2.22632980e-02
 6.59975672e+03 2.23474675e-02
 6.60157075e+03 2.24296667e-02
 6.60338478e+03 2.25098732e-02
 6.60519881e+03 2.25880652e-02
 6.60701284e+03 2.26642214e-02
 6.60882687e+03 2.27383213e-02
 6.61064091e+03 2.28103448e-02
 6.61245494e+03 2.28802722e-02
 6.61426897e+03 2.29480847e-02
 6.61608300e+03 2.30137641e-02
 6.61789703e+03 2.30772925e-02
 6.61971106e+03 2.31386529e-02
 6.62152509e+03 2.31978289e-02
 6.62333912e+03 2.32548046e-02
 6.62515315e+03 2.33095648e-02
 6.62696718e+03 2.33620951e-02
 6.62878121e+03 2.34123815e-02
 6.63059525e+03 2.34604109e-02
 6.63240928e+03 2.35061706e-02
 6.63422331e+03 2.35496488e-02
 6.63603734e+03 2.35908343e-02
 6.63785137e+03 2.36297166e-02
 6.63966540e+03 2.36662858e-02
 6.64147943e+03 2.37005328e-02
 6.64329346e+03 2.37324491e-02
 6.64510749e+03 2.37620269e-02
 6.64692152e+03 2.37892593e-02
 6.64873556e+03 2.38141398e-02
 6.65054959e+03 2.38366628e-02
 6.65236362e+03 2.38568234e-02
 6.65417765e+03 2.38746173e-02
 6.65599168e+03 2.38900410e-02
 6.65780571e+03 2.39030916e-02
 6.65961974e+03 2.39137671e-02
 6.66143377e+03 2.39220661e-02
 6.66324780e+03 2.39279878e-02
 6.66506183e+03 2.39315324e-02
 6.66687587e+03 2.39327004e-02
 6.66868990e+03 2.39314935e-02
 6.67050393e+03 2.39279136e-02
 6.67231796e+03 2.39219638e-02
 6.67413199e+03 2.39136474e-02
 6.67594602e+03 2.39029689e-02
 6.67776005e+03 2.38899330e-02
 6.67957408e+03 2.38745455e-02
 6.68138811e+03 2.38568127e-02
 6.68320214e+03 2.38367417e-02
 6.68501618e+03 2.38143400e-02
 6.68683021e+03 2.37896161e-02
 6.68864424e+03 2.37625791e-02
 6.69045827e+03 2.37332386e-02
 6.69227230e+03 2.37016050e-02
 6.69408633e+03 2.36676893e-02
 6.69590036e+03 2.36315033e-02
 6.69771439e+03 2.35930592e-02
 6.69952842e+03 2.35523700e-02
 6.70134245e+03 2.35094492e-02
 6.70315648e+03 2.34643112e-02
 6.70497052e+03 2.34169706e-02
 6.70678455e+03 2.33674429e-02
 6.70859858e+03 2.33157441e-02
 6.71041261e+03 2.32618908e-02
 6.71222664e+03 2.32059003e-02
 6.71404067e+03 2.31477902e-02
 6.71585470e+03 2.30875789e-02
 6.71766873e+03 2.30252852e-02
 6.71948276e+03 2.29609285e-02
 6.72129679e+03 2.28945289e-02
 6.72311083e+03 2.28261068e-02
 6.72492486e+03 2.27556830e-02
 6.72673889e+03 2.26832792e-02
 6.72855292e+03 2.26089173e-02
 6.73036695e+03 2.25326197e-02
 6.73218098e+03 2.24544093e-02
 6.73399501e+03 2.23743096e-02
 6.73580904e+03 2.22923443e-02
 6.73762307e+03 2.22085378e-02
 6.73943710e+03 2.21229146e-02
 6.74125114e+03 2.20354999e-02
 6.74306517e+03 2.19463191e-02
 6.74487920e+03 2.18553981e-02
 6.74669323e+03 2.17627633e-02
 6.74850726e+03 2.16684411e-02
 6.75032129e+03 2.15724586e-02
 6.75213532e+03 2.14748430e-02
 6.75394935e+03 2.13756219e-02
 6.75576338e+03 2.12748234e-02
 6.75757741e+03 2.11724756e-02
 6.75939144e+03 2.10686070e-02
 6.76120548e+03 2.09632465e-02
 6.76301951e+03 2.08564230e-02
 6.76483354e+03 2.07481660e-02
 6.76664757e+03 2.06385048e-02
 6.76846160e+03 2.05274694e-02
 6.77027563e+03 2.04150895e-02
 6.77208966e+03 2.03013954e-02
 6.77390369e+03 2.01864175e-02
 6.77571772e+03 2.00701862e-02
 6.77753175e+03 1.99527321e-02
 6.77934579e+03 1.98340862e-02
 6.78115982e+03 1.97142793e-02
 6.78297385e+03 1.95933424e-02
 6.78478788e+03 1.94713068e-02
 6.78660191e+03 1.93482037e-02
 6.78841594e+03 1.92240644e-02
 6.79022997e+03 1.90989203e-02
 6.79204400e+03 1.89728028e-02
 6.79385803e+03 1.88457434e-02
 6.79567206e+03 1.87177736e-02
 6.79748610e+03 1.85889250e-02
 6.79930013e+03 1.84592291e-02
 6.80111416e+03 1.83287174e-02
 6.80292819e+03 1.81974214e-02
 6.80474222e+03 1.80653725e-02
 6.80655625e+03 1.79326023e-02
 6.80837028e+03 1.77991419e-02
 6.81018431e+03 1.76650229e-02
 6.81199834e+03 1.75302763e-02
 6.81381237e+03 1.73949333e-02
 6.81562641e+03 1.72590249e-02
 6.81744044e+03 1.71225820e-02
 6.81925447e+03 1.69856354e-02
 6.82106850e+03 1.68482158e-02
 6.82288253e+03 1.67103536e-02
 6.82469656e+03 1.65720793e-02
 6.82651059e+03 1.64334229e-02
 6.82832462e+03 1.62944146e-02
 6.83013865e+03 1.61550841e-02
 6.83195268e+03 1.60154611e-02
 6.83376671e+03 1.58755749e-02
 6.83558075e+03 1.57354549e-02
 6.83739478e+03 1.55951299e-02
 6.83920881e+03 1.54546288e-02
 6.84102284e+03 1.53139801e-02
 6.84283687e+03 1.51732121e-02
 6.84465090e+03 1.50323526e-02
 6.84646493e+03 1.48914296e-02
 6.84827896e+03 1.47504705e-02
 6.85009299e+03 1.46095025e-02
 6.85190702e+03 1.44685525e-02
 6.85372106e+03 1.43276470e-02
 6.85553509e+03 1.41868126e-02
 6.85734912e+03 1.40460750e-02
 6.85916315e+03 1.39054602e-02
 6.86097718e+03 1.37649933e-02
 6.86279121e+03 1.36246995e-02
 6.86460524e+03 1.34846035e-02
 6.86641927e+03 1.33447297e-02
 6.86823330e+03 1.32051021e-02
 6.87004733e+03 1.30657444e-02
 6.87186137e+03 1.29266799e-02
 6.87367540e+03 1.27879317e-02
 6.87548943e+03 1.26495223e-02
 6.87730346e+03 1.25114740e-02
 6.87911749e+03 1.23738087e-02
 6.88093152e+03 1.22365480e-02
 6.88274555e+03 1.20997128e-02
 6.88455958e+03 1.19633241e-02
 6.88637361e+03 1.18274021e-02
 6.88818764e+03 1.16919669e-02
 6.89000168e+03 1.15570381e-02
 6.89181571e+03 1.14226348e-02
 6.89362974e+03 1.12887759e-02
 6.89544377e+03 1.11554799e-02
 6.89725780e+03 1.10227646e-02
 6.89907183e+03 1.08906478e-02
 6.90088586e+03 1.07591468e-02
 6.90269989e+03 1.06282782e-02
 6.90451392e+03 1.04980585e-02
 6.90632795e+03 1.03685039e-02
 6.90814198e+03 1.02396298e-02
 6.90995602e+03 1.01114515e-02
 6.91177005e+03 9.98398391e-03
 6.91358408e+03 9.85724130e-03
 6.91539811e+03 9.73123774e-03
 6.91721214e+03 9.60598684e-03
 6.91902617e+03 9.48150180e-03
 6.92084020e+03 9.35779543e-03
 6.92265423e+03 9.23488013e-03
 6.92446826e+03 9.11276792e-03
 6.92628229e+03 8.99147039e-03
 6.92809633e+03 8.87099878e-03
 6.92991036e+03 8.75136389e-03
 6.93172439e+03 8.63257616e-03
 6.93353842e+03 8.51464563e-03
 6.93535245e+03 8.39758195e-03
 6.93716648e+03 8.28139437e-03
 6.93898051e+03 8.16609179e-03
 6.94079454e+03 8.05168270e-03
 6.94260857e+03 7.93817522e-03
 6.94442260e+03 7.82557711e-03
 6.94623664e+03 7.71389573e-03
 6.94805067e+03 7.60313809e-03
 6.94986470e+03 7.49331083e-03
 6.95167873e+03 7.38442023e-03
 6.95349276e+03 7.27647221e-03
 6.95530679e+03 7.16947232e-03
 6.95712082e+03 7.06342577e-03
 6.95893485e+03 6.95833743e-03
 6.96074888e+03 6.85421181e-03
 6.96256291e+03 6.75105309e-03
 6.96437695e+03 6.64886512e-03
 6.96619098e+03 6.54765138e-03
 6.96800501e+03 6.44741508e-03
 6.96981904e+03 6.34815906e-03
 6.97163307e+03 6.24988585e-03
 6.97344710e+03 6.15259769e-03
 6.97526113e+03 6.05629648e-03
 6.97707516e+03 5.96098383e-03
 6.97888919e+03 5.86666105e-03
 6.98070322e+03 5.77332913e-03
 6.98251725e+03 5.68098880e-03
 6.98433129e+03 5.58964048e-03
 6.98614532e+03 5.49928434e-03
 6.98795935e+03 5.40992022e-03
 6.98977338e+03 5.32154774e-03
 6.99158741e+03 5.23416623e-03
 6.99340144e+03 5.14777475e-03
 6.99521547e+03 5.06237211e-03
 6.99702950e+03 4.97795688e-03
 6.99884353e+03 4.89452737e-03
 7.00065756e+03 4.81208165e-03
 7.00247160e+03 4.73061756e-03
 7.00428563e+03 4.65013269e-03
 7.00609966e+03 4.57062442e-03
 7.00791369e+03 4.49208992e-03
 7.00972772e+03 4.41452611e-03
 7.01154175e+03 4.33792973e-03
 7.01335578e+03 4.26229730e-03
 7.01516981e+03 4.18762514e-03
 7.01698384e+03 4.11390937e-03
 7.01879787e+03 4.04114594e-03
 7.02061191e+03 3.96933059e-03
 7.02242594e+03 3.89845890e-03
 7.02423997e+03 3.82852625e-03
 7.02605400e+03 3.75952788e-03
 7.02786803e+03 3.69145884e-03
 7.02968206e+03 3.62431404e-03
 7.03149609e+03 3.55808822e-03
 7.03331012e+03 3.49277598e-03
 7.03512415e+03 3.42837177e-03
 7.03693818e+03 3.36486989e-03
 7.03875222e+03 3.30226453e-03
 7.04056625e+03 3.24054974e-03
 7.04238028e+03 3.17971942e-03
 7.04419431e+03 3.11976738e-03
 7.04600834e+03 3.06068731e-03
 7.04782237e+03 3.00247276e-03
 7.04963640e+03 2.94511722e-03
 7.05145043e+03 2.88861403e-03
 7.05326446e+03 2.83295647e-03
 7.05507849e+03 2.77813771e-03
 7.05689252e+03 2.72415082e-03
 7.05870656e+03 2.67098881e-03
 7.06052059e+03 2.61864460e-03
 7.06233462e+03 2.56711102e-03
 7.06414865e+03 2.51638084e-03
 7.06596268e+03 2.46644677e-03
 7.06777671e+03 2.41730145e-03
 7.06959074e+03 2.36893746e-03
 7.07140477e+03 2.32134731e-03
 7.07321880e+03 2.27452349e-03
 7.07503283e+03 2.22845842e-03
 7.07684687e+03 2.18314447e-03
 7.07866090e+03 2.13857399e-03
 7.08047493e+03 2.09473928e-03
 7.08228896e+03 2.05163261e-03
 7.08410299e+03 2.00924622e-03
 7.08591702e+03 1.96757234e-03
 7.08773105e+03 1.92660314e-03
 7.08954508e+03 1.88633080e-03
 7.09135911e+03 1.84674748e-03
 7.09317314e+03 1.80784532e-03
 7.09498718e+03 1.76961646e-03
 7.09680121e+03 1.73205303e-03
 7.09861524e+03 1.69514713e-03
 7.10042927e+03 1.65889091e-03
 7.10224330e+03 1.62327648e-03
 7.10405733e+03 1.58829597e-03
 7.10587136e+03 1.55394152e-03
 7.10768539e+03 1.52020528e-03
 7.10949942e+03 1.48707940e-03
 7.11131345e+03 1.45455606e-03
 7.11312748e+03 1.42262745e-03
 7.11494152e+03 1.39128579e-03
 7.11675555e+03 1.36052330e-03
 7.11856958e+03 1.33033226e-03
 7.12038361e+03 1.30070494e-03
 7.12219764e+03 1.27163366e-03
 7.12401167e+03 1.24311076e-03
 7.12582570e+03 1.21512864e-03
 7.12763973e+03 1.18767969e-03
 7.12945376e+03 1.16075638e-03
 7.13126779e+03 1.13435118e-03
 7.13308183e+03 1.10845664e-03
 7.13489586e+03 1.08306533e-03
 7.13670989e+03 1.05816985e-03
 7.13852392e+03 1.03376287e-03
 7.14033795e+03 1.00983710e-03
 7.14215198e+03 9.86385302e-04
 7.14396601e+03 9.63400271e-04
 7.14578004e+03 9.40874868e-04
 7.14759407e+03 9.18802002e-04
 7.14940810e+03 8.97174635e-04
 7.15122214e+03 8.75985784e-04
 7.15303617e+03 8.55228522e-04
 7.15485020e+03 8.34895979e-04
 7.15666423e+03 8.14981341e-04
 7.15847826e+03 7.95477856e-04
 7.16029229e+03 7.76378829e-04
 7.16210632e+03 7.57677625e-04
 7.16392035e+03 7.39367673e-04
 7.16573438e+03 7.21442463e-04
 7.16754841e+03 7.03895546e-04
 7.16936245e+03 6.86720539e-04
 7.17117648e+03 6.69911122e-04
 7.17299051e+03 6.53461039e-04
 7.17480454e+03 6.37364100e-04
 7.17661857e+03 6.21614182e-04
 7.17843260e+03 6.06205224e-04
 7.18024663e+03 5.91131237e-04
 7.18206066e+03 5.76386294e-04
 7.18387469e+03 5.61964539e-04
 7.18568872e+03 5.47860180e-04
 7.18750275e+03 5.34067496e-04
 7.18931679e+03 5.20580833e-04
 7.19113082e+03 5.07394603e-04
 7.19294485e+03 4.94503289e-04
 7.19475888e+03 4.81901441e-04
 7.19657291e+03 4.69583679e-04
 7.19838694e+03 4.57544690e-04
 7.20020097e+03 4.45779229e-04
 7.20201500e+03 4.34282122e-04
 7.20382903e+03 4.23048261e-04
 7.20564306e+03 4.12072608e-04
 7.20745710e+03 4.01350192e-04
 7.20927113e+03 3.90876112e-04
 7.21108516e+03 3.80645533e-04
 7.21289919e+03 3.70653689e-04
 7.21471322e+03 3.60895881e-04
 7.21652725e+03 3.51367479e-04
 7.21834128e+03 3.42063917e-04
 7.22015531e+03 3.32980699e-04
 7.22196934e+03 3.24113394e-04
 7.22378337e+03 3.15457637e-04
 7.22559741e+03 3.07009130e-04
 7.22741144e+03 2.98763640e-04
 7.22922547e+03 2.90716999e-04
 7.23103950e+03 2.82865104e-04
 7.23285353e+03 2.75203917e-04
 7.23466756e+03 2.67729462e-04
 7.23648159e+03 2.60437828e-04
 7.23829562e+03 2.53325167e-04
 7.24010965e+03 2.46387693e-04
 7.24192368e+03 2.39621683e-04
 7.24373772e+03 2.33023475e-04
 7.24555175e+03 2.26589469e-04
 7.24736578e+03 2.20316122e-04
 7.24917981e+03 2.14199956e-04
 7.25099384e+03 2.08237550e-04
 7.25280787e+03 2.02425541e-04
 7.25462190e+03 1.96760626e-04
 7.25643593e+03 1.91239559e-04
 7.25824996e+03 1.85859152e-04
 7.26006399e+03 1.80616274e-04
 7.26187802e+03 1.75507847e-04
 7.26369206e+03 1.70530852e-04
 7.26550609e+03 1.65682323e-04
 7.26732012e+03 1.60959348e-04
 7.26913415e+03 1.56359071e-04
 7.27094818e+03 1.51878686e-04
 7.27276221e+03 1.47515441e-04
 7.27457624e+03 1.43266635e-04
 7.27639027e+03 1.39129619e-04
 7.27820430e+03 1.35101794e-04
 7.28001833e+03 1.31180610e-04
 7.28183237e+03 1.27363567e-04
 7.28364640e+03 1.23648215e-04
 7.28546043e+03 1.20032148e-04
 7.28727446e+03 1.16513012e-04
 7.28908849e+03 1.13088496e-04
 7.29090252e+03 1.09756337e-04
 7.29271655e+03 1.06514317e-04
 7.29453058e+03 1.03360261e-04
 7.29634461e+03 1.00292040e-04
 7.29815864e+03 9.73075688e-05
 7.29997268e+03 9.44048033e-05
 7.30178671e+03 9.15817425e-05
 7.30360074e+03 8.88364267e-05
 7.30541477e+03 8.61669372e-05
 7.30722880e+03 8.35713955e-05
 7.30904283e+03 8.10479627e-05
 7.31085686e+03 7.85948390e-05
 7.31267089e+03 7.62102630e-05
 7.31448492e+03 7.38925108e-05
 7.31629895e+03 7.16398961e-05
 7.31811299e+03 6.94507688e-05
 7.31992702e+03 6.73235149e-05
 7.32174105e+03 6.52565558e-05
 7.32355508e+03 6.32483475e-05
 7.32536911e+03 6.12973803e-05
 7.32718314e+03 5.94021779e-05
 7.32899717e+03 5.75612971e-05
 7.33081120e+03 5.57733272e-05
 7.33262523e+03 5.40368892e-05
 7.33443926e+03 5.23506355e-05
 7.33625329e+03 5.07132490e-05
 7.33806733e+03 4.91234430e-05
 7.33988136e+03 4.75799602e-05
 7.34169539e+03 4.60815725e-05
 7.34350942e+03 4.46270803e-05
 7.34532345e+03 4.32153120e-05
 7.34713748e+03 4.18451233e-05
 7.34895151e+03 4.05153971e-05
 7.35076554e+03 3.92250425e-05
 7.35257957e+03 3.79729947e-05
 7.35439360e+03 3.67582142e-05
 7.35620764e+03 3.55796864e-05
 7.35802167e+03 3.44364211e-05
 7.35983570e+03 3.33274523e-05
 7.36164973e+03 3.22518371e-05
 7.36346376e+03 3.12086559e-05
 7.36527779e+03 3.01970114e-05
 7.36709182e+03 2.92160284e-05
 7.36890585e+03 2.82648535e-05
 7.37071988e+03 2.73426542e-05
 7.37253391e+03 2.64486191e-05
 7.37434795e+03 2.55819566e-05
 7.37616198e+03 2.47418953e-05
 7.37797601e+03 2.39276833e-05
 7.37979004e+03 2.31385876e-05
 7.38160407e+03 2.23738937e-05
 7.38341810e+03 2.16329056e-05
 7.38523213e+03 2.09149450e-05
 7.38704616e+03 2.02193509e-05
 7.38886019e+03 1.95454797e-05
 7.39067422e+03 1.88927041e-05
 7.39248826e+03 1.82604134e-05
 7.39430229e+03 1.76480126e-05
 7.39611632e+03 1.70549227e-05
 7.39793035e+03 1.64805794e-05
 7.39974438e+03 1.59244336e-05
 7.40155841e+03 1.53859509e-05
 7.40337244e+03 1.48646107e-05
 7.40518647e+03 1.43599067e-05
 7.40700050e+03 1.38713460e-05
 7.40881453e+03 1.33984488e-05
 7.41062856e+03 1.29407485e-05
 7.41244260e+03 1.24977910e-05
 7.41425663e+03 1.20691346e-05
 7.41607066e+03 1.16543496e-05
 7.41788469e+03 1.12530181e-05
 7.41969872e+03 1.08647337e-05
 7.42151275e+03 1.04891011e-05
 7.42332678e+03 1.01257361e-05
 7.42514081e+03 9.77426490e-06
 7.42695484e+03 9.43432437e-06
 7.42876887e+03 9.10556139e-06
 7.43058291e+03 8.78763276e-06
 7.43239694e+03 8.48020494e-06
 7.43421097e+03 8.18295381e-06
 7.43602500e+03 7.89556441e-06
 7.43783903e+03 7.61773073e-06
 7.43965306e+03 7.34915548e-06
 7.44146709e+03 7.08954987e-06
 7.44328112e+03 6.83863339e-06
 7.44509515e+03 6.59613361e-06
 7.44690918e+03 6.36178595e-06
 7.44872322e+03 6.13533349e-06
 7.45053725e+03 5.91652679e-06
 7.45235128e+03 5.70512366e-06
 7.45416531e+03 5.50088899e-06
 7.45597934e+03 5.30359457e-06
 7.45779337e+03 5.11301890e-06
 7.45960740e+03 4.92894701e-06
 7.46142143e+03 4.75117030e-06
 7.46323546e+03 4.57948634e-06
 7.46504949e+03 4.41369874e-06
 7.46686353e+03 4.25361698e-06
 7.46867756e+03 4.09905623e-06
 7.47049159e+03 3.94983723e-06
 7.47230562e+03 3.80578609e-06
 7.47411965e+03 3.66673420e-06
 7.47593368e+03 3.53251804e-06
 7.47774771e+03 3.40297909e-06
 7.47956174e+03 3.27796361e-06
 7.48137577e+03 3.15732261e-06
 7.48318980e+03 3.04091164e-06
 7.48500383e+03 2.92859069e-06
 7.48681787e+03 2.82022407e-06
 7.48863190e+03 2.71568029e-06
 7.49044593e+03 2.61483192e-06
 7.49225996e+03 2.51755550e-06
 7.49407399e+03 2.42373143e-06
 7.49588802e+03 2.33324384e-06
 7.49770205e+03 2.24598048e-06
 7.49951608e+03 2.16183263e-06
 7.50133011e+03 2.08069502e-06
 7.50314414e+03 2.00246568e-06
 7.50495818e+03 1.92704588e-06
 7.50677221e+03 1.85434003e-06
 7.50858624e+03 1.78425559e-06
 7.51040027e+03 1.71670295e-06
 7.51221430e+03 1.65159540e-06
 7.51402833e+03 1.58884900e-06
 7.51584236e+03 1.52838251e-06
 7.51765639e+03 1.47011732e-06
 7.51947042e+03 1.41397736e-06
 7.52128445e+03 1.35988902e-06
 7.52309849e+03 1.30778110e-06
 7.52491252e+03 1.25758471e-06
 7.52672655e+03 1.20923323e-06
 7.52854058e+03 1.16266218e-06
 7.53035461e+03 1.11780926e-06
 7.53216864e+03 1.07461417e-06
 7.53398267e+03 1.03301863e-06
 7.53579670e+03 9.92966288e-07
 7.53761073e+03 9.54402646e-07
 7.53942476e+03 9.17275034e-07
 7.54123879e+03 8.81532534e-07
 7.54305283e+03 8.47125930e-07
 7.54486686e+03 8.14007657e-07
 7.54668089e+03 7.82131747e-07
 7.54849492e+03 7.51453782e-07
 7.55030895e+03 7.21930841e-07
 7.55212298e+03 6.93521457e-07
 7.55393701e+03 6.66185568e-07
 7.55575104e+03 6.39884478e-07
 7.55756507e+03 6.14580807e-07
 7.55937910e+03 5.90238452e-07
 7.56119314e+03 5.66822547e-07
 7.56300717e+03 5.44299425e-07
 7.56482120e+03 5.22636571e-07
 7.56663523e+03 5.01802599e-07
 7.56844926e+03 4.81767204e-07
 7.57026329e+03 4.62501129e-07
 7.57207732e+03 4.43976136e-07
 7.57389135e+03 4.26164969e-07
 7.57570538e+03 4.09041322e-07
 7.57751941e+03 3.92579810e-07
 7.57933345e+03 3.76755937e-07
 7.58114748e+03 3.61546065e-07
 7.58296151e+03 3.46927392e-07
 7.58477554e+03 3.32877917e-07
 7.58658957e+03 3.19376418e-07
 7.58840360e+03 3.06402425e-07
 7.59021763e+03 2.93936195e-07
 7.59203166e+03 2.81958688e-07
 7.59384569e+03 2.70451541e-07
 7.59565972e+03 2.59397051e-07
 7.59747376e+03 2.48778145e-07
 7.59928779e+03 2.38578365e-07
 7.60110182e+03 2.28781846e-07
 7.60291585e+03 2.19373293e-07
 7.60472988e+03 2.10337965e-07
 7.60654391e+03 2.01661654e-07
 7.60835794e+03 1.93330667e-07
 7.61017197e+03 1.85331810e-07
 7.61198600e+03 1.77652368e-07
 7.61380003e+03 1.70280094e-07
 7.61561406e+03 1.63203184e-07
 7.61742810e+03 1.56410270e-07
 7.61924213e+03 1.49890402e-07
 7.62105616e+03 1.43633031e-07
 7.62287019e+03 1.37627998e-07
 7.62468422e+03 1.31865521e-07
 7.62649825e+03 1.26336178e-07
 7.62831228e+03 1.21030898e-07
 7.63012631e+03 1.15940947e-07
 7.63194034e+03 1.11057917e-07
 7.63375437e+03 1.06373714e-07
 7.63556841e+03 1.01880545e-07
 7.63738244e+03 9.75709125e-08
 7.63919647e+03 9.34375978e-08
 7.64101050e+03 8.94736548e-08
 7.64282453e+03 8.56723995e-08
 7.64463856e+03 8.20274011e-08
 7.64645259e+03 7.85324708e-08
 7.64826662e+03 7.51816556e-08
 7.65008065e+03 7.19692292e-08
 7.65189468e+03 6.88896821e-08
 7.65370872e+03 6.59377157e-08
 7.65552275e+03 6.31082345e-08
 7.65733678e+03 6.03963371e-08
 7.65915081e+03 5.77973111e-08
 7.66096484e+03 5.53066248e-08
 7.66277887e+03 5.29199211e-08
 7.66459290e+03 5.06330115e-08
 7.66640693e+03 4.84418689e-08
 7.66822096e+03 4.63426225e-08
 7.67003499e+03 4.43315520e-08
 7.67184903e+03 4.24050811e-08
 7.67366306e+03 4.05597734e-08
 7.67547709e+03 3.87923265e-08
 7.67729112e+03 3.70995672e-08
 7.67910515e+03 3.54784461e-08
