   3.3659921e+07   6.7273270e+15
   3.3454211e+07   6.6862135e+15
   3.3251000e+07   6.6455994e+15
   3.3050243e+07   6.6054757e+15
   3.2851895e+07   6.5658336e+15
   3.2655914e+07   6.5266645e+15
   3.2462258e+07   6.4879600e+15
   3.2270884e+07   6.4497118e+15
   3.2081754e+07   6.4119119e+15
   3.1894828e+07   6.3745526e+15
   3.1710067e+07   6.3376260e+15
   3.1527435e+07   6.3011248e+15
   3.1346894e+07   6.2650417e+15
   3.1168410e+07   6.2293694e+15
   3.0991946e+07   6.1941011e+15
   3.0817469e+07   6.1592299e+15
   3.0644946e+07   6.1247491e+15
   3.0474344e+07   6.0906522e+15
   3.0305630e+07   6.0569329e+15
   3.0138775e+07   6.0235849e+15
   2.9973746e+07   5.9906020e+15
   2.9810515e+07   5.9579785e+15
   2.9649053e+07   5.9257083e+15
   2.9489330e+07   5.8937858e+15
   2.9331318e+07   5.8622053e+15
   2.9174991e+07   5.8309616e+15
   2.9020322e+07   5.8000491e+15
   2.8867283e+07   5.7694626e+15
   2.8715851e+07   5.7391970e+15
   2.8565999e+07   5.7092473e+15
   2.8417702e+07   5.6796086e+15
   2.8270938e+07   5.6502760e+15
   2.8125682e+07   5.6212448e+15
   2.7981910e+07   5.5925104e+15
   2.7839601e+07   5.5640683e+15
   2.7698733e+07   5.5359141e+15
   2.7559282e+07   5.5080433e+15
   2.7421229e+07   5.4804518e+15
   2.7284552e+07   5.4531353e+15
   2.7149231e+07   5.4260897e+15
   2.7015245e+07   5.3993111e+15
   2.6882575e+07   5.3727956e+15
   2.6751202e+07   5.3465391e+15
   2.6621107e+07   5.3205381e+15
   2.6492271e+07   5.2947887e+15
   2.6364676e+07   5.2692874e+15
   2.6238304e+07   5.2440305e+15
   2.6113138e+07   5.2190146e+15
   2.5989161e+07   5.1942363e+15
   2.5866355e+07   5.1696921e+15
   2.5744704e+07   5.1453787e+15
   2.5624192e+07   5.1212930e+15
   2.5504803e+07   5.0974318e+15
   2.5386522e+07   5.0737918e+15
   2.5269332e+07   5.0503701e+15
   2.5153220e+07   5.0271637e+15
   2.5038169e+07   5.0041695e+15
   2.4924167e+07   4.9813848e+15
   2.4811197e+07   4.9588066e+15
   2.4699248e+07   4.9364321e+15
   2.4588304e+07   4.9142586e+15
   2.4478352e+07   4.8922835e+15
   2.4369379e+07   4.8705040e+15
   2.4261372e+07   4.8489175e+15
   2.4154318e+07   4.8275216e+15
   2.4048205e+07   4.8063136e+15
   2.3943020e+07   4.7852912e+15
   2.3838751e+07   4.7644519e+15
   2.3735387e+07   4.7437933e+15
   2.3632915e+07   4.7233130e+15
   2.3531324e+07   4.7030089e+15
   2.3430602e+07   4.6828785e+15
   2.3330739e+07   4.6629198e+15
   2.3231724e+07   4.6431305e+15
   2.3133546e+07   4.6235084e+15
   2.3036194e+07   4.6040515e+15
   2.2939658e+07   4.5847576e+15
   2.2843928e+07   4.5656248e+15
   2.2748993e+07   4.5466510e+15
   2.2654844e+07   4.5278343e+15
   2.2561471e+07   4.5091726e+15
   2.2468865e+07   4.4906642e+15
   2.2377016e+07   4.4723071e+15
   2.2285915e+07   4.4540994e+15
   2.2195552e+07   4.4360394e+15
   2.2105919e+07   4.4181253e+15
   2.2017008e+07   4.4003552e+15
   2.1928808e+07   4.3827276e+15
   2.1841313e+07   4.3652406e+15
   2.1754513e+07   4.3478926e+15
   2.1668400e+07   4.3306819e+15
   2.1582966e+07   4.3136070e+15
   2.1498203e+07   4.2966662e+15
   2.1414104e+07   4.2798579e+15
   2.1330660e+07   4.2631806e+15
   2.1247863e+07   4.2466328e+15
   2.1165707e+07   4.2302129e+15
   2.1084184e+07   4.2139196e+15
   2.1003286e+07   4.1977512e+15
   2.0923007e+07   4.1817065e+15
   2.0843339e+07   4.1657839e+15
   2.0764276e+07   4.1499822e+15
   2.0685810e+07   4.1342998e+15
   2.0607935e+07   4.1187356e+15
   2.0530644e+07   4.1032881e+15
   2.0453930e+07   4.0879560e+15
   2.0377788e+07   4.0727381e+15
   2.0302211e+07   4.0576331e+15
   2.0227192e+07   4.0426397e+15
   2.0152725e+07   4.0277567e+15
   2.0078805e+07   4.0129828e+15
   2.0005425e+07   3.9983170e+15
   1.9932579e+07   3.9837580e+15
   1.9860262e+07   3.9693046e+15
   1.9788468e+07   3.9549557e+15
   1.9717191e+07   3.9407102e+15
   1.9646426e+07   3.9265669e+15
   1.9576167e+07   3.9125248e+15
   1.9506408e+07   3.8985827e+15
   1.9437145e+07   3.8847397e+15
   1.9368372e+07   3.8709946e+15
   1.9300084e+07   3.8573465e+15
   1.9232276e+07   3.8437943e+15
   1.9164943e+07   3.8303369e+15
   1.9098079e+07   3.8169735e+15
   1.9031681e+07   3.8037029e+15
   1.8965742e+07   3.7905244e+15
   1.8900259e+07   3.7774368e+15
   1.8835227e+07   3.7644393e+15
   1.8770640e+07   3.7515309e+15
   1.8706495e+07   3.7387108e+15
   1.8642787e+07   3.7259780e+15
   1.8579511e+07   3.7133316e+15
   1.8516664e+07   3.7007708e+15
   1.8454240e+07   3.6882946e+15
   1.8392235e+07   3.6759023e+15
   1.8330646e+07   3.6635930e+15
   1.8269468e+07   3.6513659e+15
   1.8208697e+07   3.6392201e+15
   1.8148329e+07   3.6271548e+15
   1.8088360e+07   3.6151693e+15
   1.8028786e+07   3.6032627e+15
   1.7969603e+07   3.5914343e+15
   1.7910807e+07   3.5796833e+15
   1.7852395e+07   3.5680089e+15
   1.7794363e+07   3.5564105e+15
   1.7736706e+07   3.5448872e+15
   1.7679422e+07   3.5334383e+15
   1.7622507e+07   3.5220632e+15
   1.7565957e+07   3.5107610e+15
   1.7509769e+07   3.4995312e+15
   1.7453940e+07   3.4883730e+15
   1.7398465e+07   3.4772857e+15
   1.7343341e+07   3.4662686e+15
   1.7288566e+07   3.4553212e+15
   1.7234136e+07   3.4444427e+15
   1.7180047e+07   3.4336324e+15
   1.7126297e+07   3.4228898e+15
   1.7072882e+07   3.4122143e+15
   1.7019800e+07   3.4016051e+15
   1.6967046e+07   3.3910616e+15
   1.6914618e+07   3.3805833e+15
   1.6862514e+07   3.3701696e+15
   1.6810729e+07   3.3598199e+15
   1.6759262e+07   3.3495335e+15
   1.6708108e+07   3.3393099e+15
   1.6657266e+07   3.3291485e+15
   1.6606733e+07   3.3190488e+15
   1.6556505e+07   3.3090102e+15
   1.6506580e+07   3.2990321e+15
   1.6456955e+07   3.2891140e+15
   1.6407628e+07   3.2792554e+15
   1.6358595e+07   3.2694557e+15
   1.6309855e+07   3.2597144e+15
   1.6261404e+07   3.2500309e+15
   1.6213241e+07   3.2404049e+15
   1.6165362e+07   3.2308356e+15
   1.6117764e+07   3.2213228e+15
   1.6070446e+07   3.2118658e+15
   1.6023406e+07   3.2024641e+15
   1.5976639e+07   3.1931173e+15
   1.5930145e+07   3.1838250e+15
   1.5883921e+07   3.1745865e+15
   1.5837965e+07   3.1654016e+15
   1.5792273e+07   3.1562696e+15
   1.5746844e+07   3.1471901e+15
   1.5701676e+07   3.1381628e+15
   1.5656767e+07   3.1291870e+15
   1.5612113e+07   3.1202625e+15
   1.5567714e+07   3.1113887e+15
   1.5523566e+07   3.1025653e+15
   1.5479668e+07   3.0937918e+15
   1.5436017e+07   3.0850677e+15
   1.5392612e+07   3.0763927e+15
   1.5349451e+07   3.0677664e+15
   1.5306531e+07   3.0591883e+15
   1.5263850e+07   3.0506581e+15
   1.5221406e+07   3.0421752e+15
   1.5179198e+07   3.0337395e+15
   1.5137224e+07   3.0253503e+15
   1.5095481e+07   3.0170075e+15
   1.5053967e+07   3.0087105e+15
   1.5012681e+07   3.0004591e+15
   1.4971621e+07   2.9922528e+15
   1.4930785e+07   2.9840912e+15
   1.4890171e+07   2.9759741e+15
   1.4849778e+07   2.9679009e+15
   1.4809603e+07   2.9598715e+15
   1.4769645e+07   2.9518854e+15
   1.4729902e+07   2.9439423e+15
   1.4690372e+07   2.9360418e+15
   1.4651054e+07   2.9281836e+15
   1.4611945e+07   2.9203674e+15
   1.4573045e+07   2.9125927e+15
   1.4534352e+07   2.9048594e+15
   1.4495863e+07   2.8971670e+15
   1.4457578e+07   2.8895153e+15
   1.4419495e+07   2.8819038e+15
   1.4381611e+07   2.8743324e+15
   1.4343926e+07   2.8668006e+15
   1.4306438e+07   2.8593082e+15
   1.4269146e+07   2.8518549e+15
   1.4232047e+07   2.8444403e+15
   1.4195141e+07   2.8370642e+15
   1.4158426e+07   2.8297262e+15
   1.4121900e+07   2.8224261e+15
   1.4085562e+07   2.8151635e+15
   1.4049411e+07   2.8079383e+15
   1.4013445e+07   2.8007500e+15
   1.3977662e+07   2.7935984e+15
   1.3942062e+07   2.7864833e+15
   1.3906642e+07   2.7794043e+15
   1.3871403e+07   2.7723612e+15
   1.3836341e+07   2.7653537e+15
   1.3801456e+07   2.7583816e+15
   1.3766746e+07   2.7514445e+15
   1.3732211e+07   2.7445422e+15
   1.3697849e+07   2.7376745e+15
   1.3663658e+07   2.7308410e+15
   1.3629637e+07   2.7240416e+15
   1.3595785e+07   2.7172759e+15
   1.3562101e+07   2.7105438e+15
   1.3528584e+07   2.7038449e+15
   1.3495232e+07   2.6971791e+15
   1.3462043e+07   2.6905461e+15
   1.3429018e+07   2.6839456e+15
   1.3396154e+07   2.6773774e+15
   1.3363451e+07   2.6708413e+15
   1.3330907e+07   2.6643370e+15
   1.3298521e+07   2.6578643e+15
   1.3266293e+07   2.6514230e+15
   1.3234220e+07   2.6450128e+15
   1.3202301e+07   2.6386336e+15
   1.3170537e+07   2.6322850e+15
   1.3138924e+07   2.6259669e+15
   1.3107464e+07   2.6196791e+15
   1.3076153e+07   2.6134214e+15
   1.3044992e+07   2.6071934e+15
   1.3013979e+07   2.6009951e+15
   1.2983112e+07   2.5948261e+15
   1.2952393e+07   2.5886864e+15
   1.2921818e+07   2.5825756e+15
   1.2891387e+07   2.5764937e+15
   1.2861099e+07   2.5704403e+15
   1.2830953e+07   2.5644153e+15
   1.2800948e+07   2.5584184e+15
   1.2771083e+07   2.5524496e+15
   1.2741357e+07   2.5465085e+15
   1.2711769e+07   2.5405950e+15
   1.2682318e+07   2.5347089e+15
   1.2653004e+07   2.5288501e+15
   1.2623824e+07   2.5230182e+15
   1.2594779e+07   2.5172132e+15
   1.2565867e+07   2.5114349e+15
   1.2537088e+07   2.5056830e+15
   1.2508440e+07   2.4999574e+15
   1.2479923e+07   2.4942579e+15
   1.2451536e+07   2.4885843e+15
   1.2423277e+07   2.4829365e+15
   1.2395146e+07   2.4773143e+15
   1.2367143e+07   2.4717174e+15
   1.2339266e+07   2.4661458e+15
   1.2311514e+07   2.4605993e+15
   1.2283886e+07   2.4550776e+15
   1.2256383e+07   2.4495807e+15
   1.2229002e+07   2.4441084e+15
   1.2201743e+07   2.4386604e+15
   1.2174606e+07   2.4332367e+15
   1.2147589e+07   2.4278370e+15
   1.2120692e+07   2.4224613e+15
   1.2093913e+07   2.4171093e+15
   1.2067253e+07   2.4117809e+15
   1.2040709e+07   2.4064759e+15
   1.2014283e+07   2.4011943e+15
   1.1987972e+07   2.3959357e+15
   1.1961776e+07   2.3907002e+15
   1.1935694e+07   2.3854874e+15
   1.1909726e+07   2.3802974e+15
   1.1883871e+07   2.3751299e+15
   1.1858127e+07   2.3699848e+15
   1.1832495e+07   2.3648619e+15
   1.1806974e+07   2.3597611e+15
   1.1781562e+07   2.3546823e+15
   1.1756260e+07   2.3496253e+15
   1.1731066e+07   2.3445900e+15
   1.1705979e+07   2.3395762e+15
   1.1681000e+07   2.3345838e+15
   1.1656127e+07   2.3296127e+15
   1.1631360e+07   2.3246626e+15
   1.1606698e+07   2.3197336e+15
   1.1582140e+07   2.3148255e+15
   1.1557686e+07   2.3099380e+15
   1.1533335e+07   2.3050712e+15
   1.1509086e+07   2.3002248e+15
   1.1484939e+07   2.2953988e+15
   1.1460893e+07   2.2905929e+15
   1.1436948e+07   2.2858072e+15
   1.1413103e+07   2.2810414e+15
   1.1389356e+07   2.2762954e+15
   1.1365709e+07   2.2715692e+15
   1.1342159e+07   2.2668625e+15
   1.1318707e+07   2.2621753e+15
   1.1295351e+07   2.2575075e+15
   1.1272092e+07   2.2528588e+15
   1.1248929e+07   2.2482293e+15
   1.1225860e+07   2.2436187e+15
   1.1202886e+07   2.2390271e+15
   1.1180005e+07   2.2344542e+15
   1.1157218e+07   2.2298999e+15
   1.1134524e+07   2.2253641e+15
   1.1111921e+07   2.2208468e+15
   1.1089411e+07   2.2163478e+15
   1.1066991e+07   2.2118669e+15
   1.1044662e+07   2.2074042e+15
   1.1022422e+07   2.2029594e+15
   1.1000272e+07   2.1985325e+15
   1.0978211e+07   2.1941233e+15
   1.0956239e+07   2.1897318e+15
   1.0934354e+07   2.1853578e+15
   1.0912556e+07   2.1810013e+15
   1.0890845e+07   2.1766621e+15
   1.0869220e+07   2.1723401e+15
   1.0847681e+07   2.1680353e+15
   1.0826227e+07   2.1637475e+15
   1.0804858e+07   2.1594766e+15
   1.0783573e+07   2.1552226e+15
   1.0762372e+07   2.1509852e+15
   1.0741254e+07   2.1467645e+15
   1.0720218e+07   2.1425604e+15
   1.0699265e+07   2.1383726e+15
   1.0678394e+07   2.1342012e+15
   1.0657603e+07   2.1300461e+15
   1.0636894e+07   2.1259071e+15
   1.0616265e+07   2.1217841e+15
   1.0595716e+07   2.1176772e+15
   1.0575246e+07   2.1135860e+15
   1.0554855e+07   2.1095107e+15
   1.0534543e+07   2.1054510e+15
   1.0514309e+07   2.1014070e+15
   1.0494152e+07   2.0973784e+15
   1.0474072e+07   2.0933653e+15
   1.0454070e+07   2.0893675e+15
   1.0434143e+07   2.0853849e+15
   1.0414292e+07   2.0814175e+15
   1.0394517e+07   2.0774651e+15
   1.0374816e+07   2.0735278e+15
   1.0355190e+07   2.0696053e+15
   1.0335638e+07   2.0656976e+15
   1.0316160e+07   2.0618047e+15
   1.0296755e+07   2.0579264e+15
   1.0277423e+07   2.0540627e+15
   1.0258164e+07   2.0502135e+15
   1.0238976e+07   2.0463786e+15
   1.0219861e+07   2.0425581e+15
   1.0200816e+07   2.0387518e+15
   1.0181842e+07   2.0349597e+15
   1.0162939e+07   2.0311816e+15
   1.0144106e+07   2.0274176e+15
   1.0125342e+07   2.0236675e+15
   1.0106648e+07   2.0199312e+15
   1.0088023e+07   2.0162087e+15
   1.0069466e+07   2.0124999e+15
   1.0050977e+07   2.0088047e+15
   1.0032556e+07   2.0051231e+15
   1.0014202e+07   2.0014549e+15
   9.9959160e+06   1.9978001e+15
   9.9776961e+06   1.9941587e+15
   9.9595426e+06   1.9905305e+15
   9.9414550e+06   1.9869155e+15
   9.9234329e+06   1.9833136e+15
   9.9054761e+06   1.9797247e+15
   9.8875842e+06   1.9761488e+15
   9.8697568e+06   1.9725858e+15
   9.8519935e+06   1.9690356e+15
   9.8342941e+06   1.9654981e+15
   9.8166582e+06   1.9619734e+15
   9.7990854e+06   1.9584613e+15
   9.7815754e+06   1.9549617e+15
   9.7641278e+06   1.9514746e+15
   9.7467424e+06   1.9479999e+15
   9.7294188e+06   1.9445376e+15
   9.7121567e+06   1.9410876e+15
   9.6949557e+06   1.9376497e+15
   9.6778155e+06   1.9342241e+15
   9.6607359e+06   1.9308105e+15
   9.6437164e+06   1.9274090e+15
   9.6267568e+06   1.9240194e+15
   9.6098567e+06   1.9206417e+15
   9.5930158e+06   1.9172759e+15
   9.5762339e+06   1.9139218e+15
   9.5595106e+06   1.9105795e+15
   9.5428456e+06   1.9072488e+15
   9.5262386e+06   1.9039297e+15
   9.5096893e+06   1.9006221e+15
   9.4931974e+06   1.8973260e+15
   9.4767626e+06   1.8940413e+15
   9.4603846e+06   1.8907680e+15
   9.4440631e+06   1.8875059e+15
   9.4277979e+06   1.8842551e+15
   9.4115885e+06   1.8810155e+15
   9.3954349e+06   1.8777870e+15
   9.3793365e+06   1.8745696e+15
   9.3632933e+06   1.8713631e+15
   9.3473048e+06   1.8681677e+15
   9.3313708e+06   1.8649831e+15
   9.3154911e+06   1.8618093e+15
   9.2996653e+06   1.8586464e+15
   9.2838933e+06   1.8554941e+15
   9.2681746e+06   1.8523526e+15
   9.2525090e+06   1.8492216e+15
   9.2368963e+06   1.8461012e+15
   9.2213363e+06   1.8429914e+15
   9.2058285e+06   1.8398920e+15
   9.1903729e+06   1.8368030e+15
   9.1749690e+06   1.8337243e+15
   9.1596167e+06   1.8306560e+15
   9.1443157e+06   1.8275979e+15
   9.1290657e+06   1.8245500e+15
   9.1138665e+06   1.8215123e+15
   9.0987178e+06   1.8184846e+15
   9.0836194e+06   1.8154671e+15
   9.0685710e+06   1.8124595e+15
   9.0535724e+06   1.8094618e+15
   9.0386234e+06   1.8064741e+15
   9.0237236e+06   1.8034962e+15
   9.0088728e+06   1.8005281e+15
   8.9940709e+06   1.7975697e+15
   8.9793175e+06   1.7946211e+15
   8.9646125e+06   1.7916821e+15
   8.9499555e+06   1.7887528e+15
   8.9353464e+06   1.7858330e+15
   8.9207849e+06   1.7829227e+15
   8.9062707e+06   1.7800219e+15
   8.8918038e+06   1.7771305e+15
   8.8773837e+06   1.7742485e+15
   8.8630104e+06   1.7713758e+15
   8.8486835e+06   1.7685124e+15
   8.8344029e+06   1.7656582e+15
   8.8201682e+06   1.7628133e+15
   8.8059794e+06   1.7599775e+15
   8.7918362e+06   1.7571508e+15
   8.7777383e+06   1.7543332e+15
   8.7636855e+06   1.7515246e+15
   8.7496777e+06   1.7487249e+15
   8.7357146e+06   1.7459342e+15
   8.7217960e+06   1.7431524e+15
   8.7079216e+06   1.7403795e+15
   8.6940914e+06   1.7376153e+15
   8.6803050e+06   1.7348600e+15
   8.6665622e+06   1.7321133e+15
   8.6528629e+06   1.7293754e+15
   8.6392068e+06   1.7266460e+15
   8.6255938e+06   1.7239253e+15
   8.6120236e+06   1.7212132e+15
   8.5984961e+06   1.7185095e+15
   8.5850109e+06   1.7158144e+15
   8.5715680e+06   1.7131276e+15
   8.5581672e+06   1.7104493e+15
   8.5448081e+06   1.7077794e+15
   8.5314907e+06   1.7051177e+15
   8.5182148e+06   1.7024644e+15
   8.5049801e+06   1.6998193e+15
   8.4917865e+06   1.6971824e+15
   8.4786337e+06   1.6945536e+15
   8.4655217e+06   1.6919330e+15
   8.4524501e+06   1.6893205e+15
   8.4394188e+06   1.6867161e+15
   8.4264276e+06   1.6841196e+15
   8.4134764e+06   1.6815312e+15
   8.4005649e+06   1.6789507e+15
   8.3876930e+06   1.6763781e+15
   8.3748605e+06   1.6738133e+15
   8.3620672e+06   1.6712565e+15
   8.3493129e+06   1.6687074e+15
   8.3365975e+06   1.6661660e+15
   8.3239207e+06   1.6636324e+15
   8.3112824e+06   1.6611065e+15
   8.2986825e+06   1.6585883e+15
   8.2861207e+06   1.6560777e+15
   8.2735968e+06   1.6535746e+15
   8.2611108e+06   1.6510791e+15
   8.2486624e+06   1.6485912e+15
   8.2362514e+06   1.6461107e+15
   8.2238778e+06   1.6436377e+15
   8.2115412e+06   1.6411721e+15
   8.1992417e+06   1.6387139e+15
   8.1869789e+06   1.6362630e+15
   8.1747527e+06   1.6338195e+15
   8.1625630e+06   1.6313832e+15
   8.1504096e+06   1.6289542e+15
   8.1382923e+06   1.6265324e+15
   8.1262111e+06   1.6241179e+15
   8.1141656e+06   1.6217104e+15
   8.1021558e+06   1.6193101e+15
   8.0901815e+06   1.6169169e+15
   8.0782425e+06   1.6145308e+15
   8.0663387e+06   1.6121517e+15
   8.0544699e+06   1.6097796e+15
   8.0426361e+06   1.6074144e+15
   8.0308369e+06   1.6050562e+15
   8.0190723e+06   1.6027049e+15
   8.0073421e+06   1.6003605e+15
   7.9956462e+06   1.5980230e+15
   7.9839845e+06   1.5956922e+15
   7.9723566e+06   1.5933683e+15
   7.9607626e+06   1.5910511e+15
   7.9492023e+06   1.5887406e+15
   7.9376755e+06   1.5864368e+15
   7.9261821e+06   1.5841397e+15
   7.9147219e+06   1.5818493e+15
   7.9032948e+06   1.5795655e+15
   7.8919007e+06   1.5772882e+15
   7.8805393e+06   1.5750175e+15
   7.8692107e+06   1.5727533e+15
   7.8579145e+06   1.5704957e+15
   7.8466508e+06   1.5682445e+15
   7.8354192e+06   1.5659997e+15
   7.8242198e+06   1.5637614e+15
   7.8130524e+06   1.5615295e+15
   7.8019168e+06   1.5593039e+15
   7.7908129e+06   1.5570846e+15
   7.7797405e+06   1.5548717e+15
   7.7686996e+06   1.5526650e+15
   7.7576900e+06   1.5504646e+15
   7.7467115e+06   1.5482705e+15
   7.7357641e+06   1.5460825e+15
   7.7248475e+06   1.5439007e+15
   7.7139618e+06   1.5417250e+15
   7.7031066e+06   1.5395555e+15
   7.6922820e+06   1.5373921e+15
   7.6814878e+06   1.5352347e+15
   7.6707238e+06   1.5330834e+15
   7.6599899e+06   1.5309381e+15
   7.6492860e+06   1.5287988e+15
   7.6386120e+06   1.5266655e+15
   7.6279678e+06   1.5245381e+15
   7.6173531e+06   1.5224167e+15
   7.6067680e+06   1.5203011e+15
   7.5962123e+06   1.5181914e+15
   7.5856858e+06   1.5160876e+15
   7.5751884e+06   1.5139896e+15
   7.5647201e+06   1.5118973e+15
   7.5542806e+06   1.5098109e+15
   7.5438699e+06   1.5077302e+15
   7.5334879e+06   1.5056552e+15
   7.5231344e+06   1.5035860e+15
   7.5128093e+06   1.5015224e+15
   7.5025126e+06   1.4994645e+15
   7.4922440e+06   1.4974122e+15
   7.4820035e+06   1.4953655e+15
   7.4717909e+06   1.4933244e+15
   7.4616062e+06   1.4912888e+15
   7.4514492e+06   1.4892589e+15
   7.4413199e+06   1.4872344e+15
   7.4312180e+06   1.4852154e+15
   7.4211435e+06   1.4832019e+15
   7.4110963e+06   1.4811939e+15
   7.4010763e+06   1.4791912e+15
   7.3910833e+06   1.4771940e+15
   7.3811173e+06   1.4752022e+15
   7.3711781e+06   1.4732157e+15
   7.3612656e+06   1.4712346e+15
   7.3513798e+06   1.4692588e+15
   7.3415205e+06   1.4672883e+15
   7.3316876e+06   1.4653231e+15
   7.3218810e+06   1.4633631e+15
   7.3121006e+06   1.4614084e+15
   7.3023463e+06   1.4594589e+15
   7.2926179e+06   1.4575146e+15
   7.2829155e+06   1.4555754e+15
   7.2732389e+06   1.4536414e+15
   7.2635879e+06   1.4517126e+15
   7.2539625e+06   1.4497888e+15
   7.2443626e+06   1.4478702e+15
   7.2347881e+06   1.4459566e+15
   7.2252388e+06   1.4440481e+15
   7.2157147e+06   1.4421446e+15
   7.2062157e+06   1.4402461e+15
   7.1967417e+06   1.4383526e+15
   7.1872925e+06   1.4364641e+15
   7.1778681e+06   1.4345805e+15
   7.1684684e+06   1.4327018e+15
   7.1590933e+06   1.4308281e+15
   7.1497427e+06   1.4289593e+15
   7.1404165e+06   1.4270953e+15
   7.1311146e+06   1.4252362e+15
   7.1218368e+06   1.4233820e+15
   7.1125832e+06   1.4215325e+15
   7.1033536e+06   1.4196879e+15
   7.0941480e+06   1.4178480e+15
   7.0849661e+06   1.4160129e+15
   7.0758080e+06   1.4141826e+15
   7.0666736e+06   1.4123570e+15
   7.0575627e+06   1.4105360e+15
   7.0484752e+06   1.4087198e+15
   7.0394111e+06   1.4069082e+15
   7.0303703e+06   1.4051013e+15
   7.0213527e+06   1.4032991e+15
   7.0123583e+06   1.4015014e+15
   7.0033868e+06   1.3997084e+15
   6.9944382e+06   1.3979199e+15
   6.9855125e+06   1.3961360e+15
   6.9766095e+06   1.3943566e+15
   6.9677293e+06   1.3925818e+15
   6.9588715e+06   1.3908115e+15
   6.9500363e+06   1.3890456e+15
   6.9412235e+06   1.3872843e+15
   6.9324330e+06   1.3855274e+15
   6.9236647e+06   1.3837750e+15
   6.9149186e+06   1.3820270e+15
   6.9061946e+06   1.3802834e+15
   6.8974925e+06   1.3785442e+15
   6.8888124e+06   1.3768093e+15
   6.8801540e+06   1.3750789e+15
   6.8715174e+06   1.3733527e+15
   6.8629025e+06   1.3716309e+15
   6.8543091e+06   1.3699135e+15
   6.8457372e+06   1.3682003e+15
   6.8371868e+06   1.3664914e+15
   6.8286577e+06   1.3647867e+15
   6.8201498e+06   1.3630863e+15
   6.8116631e+06   1.3613901e+15
   6.8031975e+06   1.3596982e+15
   6.7947529e+06   1.3580104e+15
   6.7863292e+06   1.3563269e+15
   6.7779264e+06   1.3546475e+15
   6.7695444e+06   1.3529722e+15
   6.7611831e+06   1.3513011e+15
   6.7528425e+06   1.3496342e+15
   6.7445223e+06   1.3479713e+15
   6.7362227e+06   1.3463125e+15
   6.7279435e+06   1.3446578e+15
   6.7196845e+06   1.3430072e+15
   6.7114459e+06   1.3413606e+15
   6.7032274e+06   1.3397180e+15
   6.6950290e+06   1.3380795e+15
   6.6868506e+06   1.3364449e+15
   6.6786922e+06   1.3348144e+15
   6.6705537e+06   1.3331878e+15
   6.6624350e+06   1.3315652e+15
   6.6543361e+06   1.3299465e+15
   6.6462568e+06   1.3283318e+15
   6.6381971e+06   1.3267209e+15
   6.6301569e+06   1.3251140e+15
   6.6221362e+06   1.3235110e+15
   6.6141348e+06   1.3219118e+15
   6.6061528e+06   1.3203165e+15
   6.5981900e+06   1.3187251e+15
   6.5902464e+06   1.3171374e+15
   6.5823219e+06   1.3155536e+15
   6.5744164e+06   1.3139736e+15
   6.5665299e+06   1.3123974e+15
   6.5586623e+06   1.3108250e+15
   6.5508135e+06   1.3092563e+15
   6.5429834e+06   1.3076914e+15
   6.5351721e+06   1.3061302e+15
   6.5273794e+06   1.3045727e+15
   6.5196053e+06   1.3030190e+15
   6.5118497e+06   1.3014689e+15
   6.5041125e+06   1.2999226e+15
   6.4963936e+06   1.2983799e+15
   6.4886931e+06   1.2968408e+15
   6.4810108e+06   1.2953054e+15
   6.4733466e+06   1.2937737e+15
   6.4657006e+06   1.2922455e+15
   6.4580726e+06   1.2907210e+15
   6.4504626e+06   1.2892000e+15
   6.4428705e+06   1.2876826e+15
   6.4352962e+06   1.2861688e+15
   6.4277397e+06   1.2846586e+15
   6.4202010e+06   1.2831519e+15
   6.4126799e+06   1.2816487e+15
   6.4051765e+06   1.2801491e+15
   6.3976905e+06   1.2786529e+15
   6.3902221e+06   1.2771603e+15
   6.3827710e+06   1.2756711e+15
   6.3753373e+06   1.2741854e+15
   6.3679209e+06   1.2727031e+15
   6.3605218e+06   1.2712243e+15
   6.3531398e+06   1.2697489e+15
   6.3457749e+06   1.2682770e+15
   6.3384271e+06   1.2668084e+15
   6.3310963e+06   1.2653433e+15
   6.3237824e+06   1.2638815e+15
   6.3164854e+06   1.2624231e+15
   6.3092053e+06   1.2609681e+15
   6.3019418e+06   1.2595164e+15
   6.2946951e+06   1.2580681e+15
   6.2874651e+06   1.2566231e+15
   6.2802516e+06   1.2551814e+15
   6.2730546e+06   1.2537430e+15
   6.2658742e+06   1.2523079e+15
   6.2587101e+06   1.2508761e+15
   6.2515625e+06   1.2494475e+15
   6.2444311e+06   1.2480222e+15
   6.2373160e+06   1.2466002e+15
   6.2302170e+06   1.2451814e+15
   6.2231342e+06   1.2437658e+15
   6.2160675e+06   1.2423534e+15
   6.2090169e+06   1.2409443e+15
   6.2019822e+06   1.2395383e+15
   6.1949634e+06   1.2381355e+15
   6.1879605e+06   1.2367359e+15
   6.1809734e+06   1.2353395e+15
   6.1740021e+06   1.2339462e+15
   6.1670465e+06   1.2325560e+15
   6.1601065e+06   1.2311690e+15
   6.1531821e+06   1.2297851e+15
   6.1462733e+06   1.2284043e+15
   6.1393800e+06   1.2270265e+15
   6.1325021e+06   1.2256519e+15
   6.1256397e+06   1.2242804e+15
   6.1187925e+06   1.2229119e+15
   6.1119607e+06   1.2215465e+15
   6.1051441e+06   1.2201841e+15
   6.0983426e+06   1.2188248e+15
   6.0915564e+06   1.2174684e+15
   6.0847852e+06   1.2161151e+15
   6.0780290e+06   1.2147648e+15
   6.0712878e+06   1.2134175e+15
   6.0645616e+06   1.2120732e+15
   6.0578503e+06   1.2107319e+15
   6.0511537e+06   1.2093935e+15
   6.0444720e+06   1.2080581e+15
   6.0378050e+06   1.2067256e+15
   6.0311528e+06   1.2053961e+15
   6.0245151e+06   1.2040695e+15
   6.0178920e+06   1.2027458e+15
   6.0112835e+06   1.2014250e+15
   6.0046895e+06   1.2001071e+15
   5.9981100e+06   1.1987921e+15
   5.9915448e+06   1.1974800e+15
   5.9849940e+06   1.1961707e+15
   5.9784575e+06   1.1948643e+15
   5.9719353e+06   1.1935608e+15
   5.9654273e+06   1.1922601e+15
   5.9589334e+06   1.1909622e+15
   5.9524537e+06   1.1896672e+15
   5.9459881e+06   1.1883749e+15
   5.9395365e+06   1.1870855e+15
   5.9330988e+06   1.1857989e+15
   5.9266751e+06   1.1845150e+15
   5.9202653e+06   1.1832339e+15
   5.9138694e+06   1.1819556e+15
   5.9074873e+06   1.1806801e+15
   5.9011189e+06   1.1794073e+15
   5.8947642e+06   1.1781372e+15
   5.8884232e+06   1.1768699e+15
   5.8820958e+06   1.1756053e+15
   5.8757821e+06   1.1743434e+15
   5.8694818e+06   1.1730843e+15
   5.8631951e+06   1.1718278e+15
   5.8569218e+06   1.1705740e+15
   5.8506619e+06   1.1693229e+15
   5.8444154e+06   1.1680744e+15
   5.8381822e+06   1.1668287e+15
   5.8319623e+06   1.1655855e+15
   5.8257556e+06   1.1643451e+15
   5.8195621e+06   1.1631072e+15
   5.8133818e+06   1.1618720e+15
   5.8072146e+06   1.1606394e+15
   5.8010605e+06   1.1594095e+15
   5.7949194e+06   1.1581821e+15
   5.7887912e+06   1.1569573e+15
   5.7826761e+06   1.1557351e+15
   5.7765738e+06   1.1545155e+15
   5.7704844e+06   1.1532985e+15
   5.7644078e+06   1.1520840e+15
   5.7583440e+06   1.1508721e+15
   5.7522930e+06   1.1496627e+15
   5.7462547e+06   1.1484559e+15
   5.7402290e+06   1.1472516e+15
   5.7342159e+06   1.1460498e+15
   5.7282155e+06   1.1448505e+15
   5.7222275e+06   1.1436538e+15
   5.7162521e+06   1.1424595e+15
   5.7102892e+06   1.1412677e+15
   5.7043386e+06   1.1400785e+15
   5.6984005e+06   1.1388917e+15
   5.6924747e+06   1.1377073e+15
   5.6865612e+06   1.1365254e+15
   5.6806600e+06   1.1353460e+15
   5.6747711e+06   1.1341690e+15
   5.6688943e+06   1.1329945e+15
   5.6630297e+06   1.1318224e+15
   5.6571772e+06   1.1306527e+15
   5.6513368e+06   1.1294854e+15
   5.6455085e+06   1.1283206e+15
   5.6396921e+06   1.1271581e+15
   5.6338877e+06   1.1259980e+15
   5.6280953e+06   1.1248403e+15
   5.6223148e+06   1.1236850e+15
   5.6165461e+06   1.1225321e+15
   5.6107892e+06   1.1213815e+15
   5.6050442e+06   1.1202333e+15
   5.5993109e+06   1.1190874e+15
   5.5935893e+06   1.1179439e+15
   5.5878793e+06   1.1168027e+15
   5.5821811e+06   1.1156639e+15
   5.5764944e+06   1.1145273e+15
   5.5708193e+06   1.1133931e+15
   5.5651558e+06   1.1122612e+15
   5.5595038e+06   1.1111315e+15
   5.5538632e+06   1.1100042e+15
   5.5482340e+06   1.1088791e+15
   5.5426163e+06   1.1077564e+15
   5.5370099e+06   1.1066359e+15
   5.5314149e+06   1.1055176e+15
   5.5258312e+06   1.1044017e+15
   5.5202587e+06   1.1032879e+15
   5.5146974e+06   1.1021765e+15
   5.5091473e+06   1.1010672e+15
   5.5036084e+06   1.0999602e+15
   5.4980807e+06   1.0988554e+15
   5.4925640e+06   1.0977528e+15
   5.4870584e+06   1.0966525e+15
   5.4815638e+06   1.0955543e+15
   5.4760802e+06   1.0944584e+15
   5.4706075e+06   1.0933646e+15
   5.4651458e+06   1.0922730e+15
   5.4596950e+06   1.0911836e+15
   5.4542550e+06   1.0900963e+15
   5.4488259e+06   1.0890113e+15
   5.4434076e+06   1.0879284e+15
   5.4380000e+06   1.0868476e+15
   5.4326032e+06   1.0857690e+15
   5.4272170e+06   1.0846925e+15
   5.4218416e+06   1.0836181e+15
   5.4164767e+06   1.0825459e+15
   5.4111225e+06   1.0814758e+15
   5.4057789e+06   1.0804078e+15
   5.4004458e+06   1.0793419e+15
   5.3951232e+06   1.0782782e+15
   5.3898111e+06   1.0772165e+15
   5.3845094e+06   1.0761569e+15
   5.3792182e+06   1.0750994e+15
   5.3739373e+06   1.0740439e+15
   5.3686669e+06   1.0729906e+15
   5.3634067e+06   1.0719393e+15
   5.3581568e+06   1.0708900e+15
   5.3529172e+06   1.0698428e+15
   5.3476879e+06   1.0687977e+15
   5.3424687e+06   1.0677546e+15
   5.3372598e+06   1.0667135e+15
   5.3320609e+06   1.0656744e+15
   5.3268722e+06   1.0646374e+15
   5.3216936e+06   1.0636024e+15
   5.3165250e+06   1.0625694e+15
   5.3113665e+06   1.0615384e+15
   5.3062180e+06   1.0605094e+15
   5.3010794e+06   1.0594824e+15
   5.2959508e+06   1.0584574e+15
   5.2908321e+06   1.0574344e+15
   5.2857233e+06   1.0564133e+15
   5.2806243e+06   1.0553942e+15
   5.2755352e+06   1.0543771e+15
   5.2704559e+06   1.0533619e+15
   5.2653863e+06   1.0523487e+15
   5.2603265e+06   1.0513375e+15
   5.2552764e+06   1.0503282e+15
   5.2502360e+06   1.0493208e+15
   5.2452052e+06   1.0483153e+15
   5.2401841e+06   1.0473118e+15
   5.2351726e+06   1.0463102e+15
   5.2301706e+06   1.0453105e+15
   5.2251782e+06   1.0443127e+15
   5.2201954e+06   1.0433168e+15
   5.2152220e+06   1.0423228e+15
   5.2102581e+06   1.0413307e+15
   5.2053036e+06   1.0403405e+15
   5.2003586e+06   1.0393522e+15
   5.1954229e+06   1.0383657e+15
   5.1904966e+06   1.0373812e+15
   5.1855796e+06   1.0363984e+15
   5.1806719e+06   1.0354176e+15
   5.1757736e+06   1.0344386e+15
   5.1708844e+06   1.0334614e+15
   5.1660045e+06   1.0324861e+15
   5.1611338e+06   1.0315127e+15
   5.1562723e+06   1.0305410e+15
   5.1514199e+06   1.0295712e+15
   5.1465766e+06   1.0286032e+15
   5.1417425e+06   1.0276371e+15
   5.1369174e+06   1.0266727e+15
   5.1321014e+06   1.0257102e+15
   5.1272944e+06   1.0247495e+15
   5.1224963e+06   1.0237905e+15
   5.1177073e+06   1.0228334e+15
   5.1129272e+06   1.0218780e+15
   5.1081560e+06   1.0209244e+15
   5.1033937e+06   1.0199726e+15
   5.0986403e+06   1.0190226e+15
   5.0938958e+06   1.0180744e+15
   5.0891600e+06   1.0171279e+15
   5.0844331e+06   1.0161831e+15
   5.0797149e+06   1.0152401e+15
   5.0750055e+06   1.0142989e+15
   5.0703048e+06   1.0133594e+15
   5.0656128e+06   1.0124217e+15
   5.0609295e+06   1.0114857e+15
   5.0562548e+06   1.0105514e+15
   5.0515888e+06   1.0096188e+15
   5.0469313e+06   1.0086880e+15
   5.0422825e+06   1.0077588e+15
   5.0376422e+06   1.0068314e+15
   5.0330104e+06   1.0059057e+15
   5.0283871e+06   1.0049817e+15
   5.0237723e+06   1.0040594e+15
   5.0191660e+06   1.0031387e+15
   5.0145682e+06   1.0022198e+15
   5.0099787e+06   1.0013026e+15
   5.0053976e+06   1.0003870e+15
   5.0008249e+06   9.9947307e+14
   4.9962606e+06   9.9856083e+14
   4.9917046e+06   9.9765026e+14
   4.9871569e+06   9.9674134e+14
   4.9826174e+06   9.9583408e+14
   4.9780862e+06   9.9492847e+14
   4.9735633e+06   9.9402451e+14
   4.9690485e+06   9.9312218e+14
   4.9645420e+06   9.9222150e+14
   4.9600436e+06   9.9132244e+14
   4.9555534e+06   9.9042502e+14
   4.9510713e+06   9.8952921e+14
   4.9465972e+06   9.8863503e+14
   4.9421313e+06   9.8774246e+14
   4.9376734e+06   9.8685150e+14
   4.9332236e+06   9.8596215e+14
   4.9287817e+06   9.8507440e+14
   4.9243479e+06   9.8418824e+14
   4.9199220e+06   9.8330368e+14
   4.9155041e+06   9.8242071e+14
   4.9110941e+06   9.8153932e+14
   4.9066920e+06   9.8065951e+14
   4.9022978e+06   9.7978127e+14
   4.8979115e+06   9.7890461e+14
   4.8935330e+06   9.7802952e+14
   4.8891623e+06   9.7715599e+14
   4.8847994e+06   9.7628402e+14
   4.8804443e+06   9.7541360e+14
   4.8760970e+06   9.7454473e+14
   4.8717574e+06   9.7367741e+14
   4.8674255e+06   9.7281164e+14
   4.8631013e+06   9.7194740e+14
   4.8587848e+06   9.7108469e+14
   4.8544759e+06   9.7022352e+14
   4.8501747e+06   9.6936387e+14
   4.8458811e+06   9.6850574e+14
   4.8415951e+06   9.6764913e+14
   4.8373167e+06   9.6679404e+14
   4.8330458e+06   9.6594045e+14
   4.8287825e+06   9.6508837e+14
   4.8245266e+06   9.6423780e+14
   4.8202783e+06   9.6338872e+14
   4.8160374e+06   9.6254113e+14
   4.8118040e+06   9.6169504e+14
   4.8075781e+06   9.6085043e+14
   4.8033595e+06   9.6000730e+14
   4.7991484e+06   9.5916566e+14
   4.7949446e+06   9.5832548e+14
   4.7907482e+06   9.5748678e+14
   4.7865591e+06   9.5664954e+14
   4.7823773e+06   9.5581377e+14
   4.7782029e+06   9.5497945e+14
   4.7740357e+06   9.5414660e+14
   4.7698758e+06   9.5331519e+14
   4.7657231e+06   9.5248523e+14
   4.7615777e+06   9.5165671e+14
   4.7574394e+06   9.5082964e+14
   4.7533084e+06   9.5000400e+14
   4.7491845e+06   9.4917979e+14
   4.7450677e+06   9.4835701e+14
   4.7409581e+06   9.4753566e+14
   4.7368556e+06   9.4671573e+14
   4.7327602e+06   9.4589721e+14
   4.7286719e+06   9.4508011e+14
   4.7245906e+06   9.4426442e+14
   4.7205164e+06   9.4345014e+14
   4.7164492e+06   9.4263726e+14
   4.7123890e+06   9.4182578e+14
