   4.7602317e+07   6.7273270e+15
   4.7311399e+07   6.6862135e+15
   4.7024015e+07   6.6455994e+15
   4.6740102e+07   6.6054757e+15
   4.6459596e+07   6.5658336e+15
   4.6182437e+07   6.5266645e+15
   4.5908565e+07   6.4879600e+15
   4.5637922e+07   6.4497118e+15
   4.5370452e+07   6.4119119e+15
   4.5106098e+07   6.3745526e+15
   4.4844807e+07   6.3376260e+15
   4.4586526e+07   6.3011248e+15
   4.4331203e+07   6.2650417e+15
   4.4078788e+07   6.2293694e+15
   4.3829230e+07   6.1941011e+15
   4.3582483e+07   6.1592299e+15
   4.3338498e+07   6.1247491e+15
   4.3097230e+07   6.0906522e+15
   4.2858633e+07   6.0569329e+15
   4.2622664e+07   6.0235849e+15
   4.2389279e+07   5.9906020e+15
   4.2158435e+07   5.9579785e+15
   4.1930092e+07   5.9257083e+15
   4.1704210e+07   5.8937858e+15
   4.1480748e+07   5.8622053e+15
   4.1259668e+07   5.8309616e+15
   4.1040933e+07   5.8000491e+15
   4.0824504e+07   5.7694626e+15
   4.0610346e+07   5.7391970e+15
   4.0398423e+07   5.7092473e+15
   4.0188700e+07   5.6796086e+15
   3.9981144e+07   5.6502760e+15
   3.9775720e+07   5.6212448e+15
   3.9572397e+07   5.5925104e+15
   3.9371142e+07   5.5640683e+15
   3.9171923e+07   5.5359141e+15
   3.8974711e+07   5.5080433e+15
   3.8779474e+07   5.4804518e+15
   3.8586183e+07   5.4531353e+15
   3.8394810e+07   5.4260897e+15
   3.8205326e+07   5.3993111e+15
   3.8017703e+07   5.3727956e+15
   3.7831913e+07   5.3465391e+15
   3.7647931e+07   5.3205381e+15
   3.7465729e+07   5.2947887e+15
   3.7285283e+07   5.2692874e+15
   3.7106566e+07   5.2440305e+15
   3.6929554e+07   5.2190146e+15
   3.6754224e+07   5.1942363e+15
   3.6580550e+07   5.1696921e+15
   3.6408510e+07   5.1453787e+15
   3.6238080e+07   5.1212930e+15
   3.6069239e+07   5.0974318e+15
   3.5901963e+07   5.0737918e+15
   3.5736232e+07   5.0503701e+15
   3.5572024e+07   5.0271637e+15
   3.5409319e+07   5.0041695e+15
   3.5248094e+07   4.9813848e+15
   3.5088332e+07   4.9588066e+15
   3.4930011e+07   4.9364321e+15
   3.4773112e+07   4.9142586e+15
   3.4617617e+07   4.8922835e+15
   3.4463506e+07   4.8705040e+15
   3.4310761e+07   4.8489175e+15
   3.4159364e+07   4.8275216e+15
   3.4009298e+07   4.8063136e+15
   3.3860544e+07   4.7852912e+15
   3.3713085e+07   4.7644519e+15
   3.3566906e+07   4.7437933e+15
   3.3421988e+07   4.7233130e+15
   3.3278317e+07   4.7030089e+15
   3.3135875e+07   4.6828785e+15
   3.2994648e+07   4.6629198e+15
   3.2854619e+07   4.6431305e+15
   3.2715774e+07   4.6235084e+15
   3.2578098e+07   4.6040515e+15
   3.2441575e+07   4.5847576e+15
   3.2306192e+07   4.5656248e+15
   3.2171934e+07   4.5466510e+15
   3.2038788e+07   4.5278343e+15
   3.1906739e+07   4.5091726e+15
   3.1775774e+07   4.4906642e+15
   3.1645879e+07   4.4723071e+15
   3.1517043e+07   4.4540994e+15
   3.1389251e+07   4.4360394e+15
   3.1262491e+07   4.4181253e+15
   3.1136751e+07   4.4003552e+15
   3.1012018e+07   4.3827276e+15
   3.0888281e+07   4.3652406e+15
   3.0765527e+07   4.3478926e+15
   3.0643745e+07   4.3306819e+15
   3.0522924e+07   4.3136070e+15
   3.0403051e+07   4.2966662e+15
   3.0284116e+07   4.2798579e+15
   3.0166108e+07   4.2631806e+15
   3.0049016e+07   4.2466328e+15
   2.9932830e+07   4.2302129e+15
   2.9817539e+07   4.2139196e+15
   2.9703132e+07   4.1977512e+15
   2.9589600e+07   4.1817065e+15
   2.9476933e+07   4.1657839e+15
   2.9365120e+07   4.1499822e+15
   2.9254153e+07   4.1342998e+15
   2.9144021e+07   4.1187356e+15
   2.9034715e+07   4.1032881e+15
   2.8926226e+07   4.0879560e+15
   2.8818544e+07   4.0727381e+15
   2.8711662e+07   4.0576331e+15
   2.8605569e+07   4.0426397e+15
   2.8500257e+07   4.0277567e+15
   2.8395718e+07   4.0129828e+15
   2.8291943e+07   3.9983170e+15
   2.8188924e+07   3.9837580e+15
   2.8086652e+07   3.9693046e+15
   2.7985120e+07   3.9549557e+15
   2.7884319e+07   3.9407102e+15
   2.7784242e+07   3.9265669e+15
   2.7684881e+07   3.9125248e+15
   2.7586227e+07   3.8985827e+15
   2.7488274e+07   3.8847397e+15
   2.7391015e+07   3.8709946e+15
   2.7294441e+07   3.8573465e+15
   2.7198546e+07   3.8437943e+15
   2.7103322e+07   3.8303369e+15
   2.7008763e+07   3.8169735e+15
   2.6914861e+07   3.8037029e+15
   2.6821610e+07   3.7905244e+15
   2.6729003e+07   3.7774368e+15
   2.6637033e+07   3.7644393e+15
   2.6545694e+07   3.7515309e+15
   2.6454979e+07   3.7387108e+15
   2.6364882e+07   3.7259780e+15
   2.6275397e+07   3.7133316e+15
   2.6186517e+07   3.7007708e+15
   2.6098236e+07   3.6882946e+15
   2.6010549e+07   3.6759023e+15
   2.5923449e+07   3.6635930e+15
   2.5836930e+07   3.6513659e+15
   2.5750987e+07   3.6392201e+15
   2.5665613e+07   3.6271548e+15
   2.5580804e+07   3.6151693e+15
   2.5496554e+07   3.6032627e+15
   2.5412856e+07   3.5914343e+15
   2.5329707e+07   3.5796833e+15
   2.5247099e+07   3.5680089e+15
   2.5165029e+07   3.5564105e+15
   2.5083491e+07   3.5448872e+15
   2.5002479e+07   3.5334383e+15
   2.4921989e+07   3.5220632e+15
   2.4842015e+07   3.5107610e+15
   2.4762553e+07   3.4995312e+15
   2.4683598e+07   3.4883730e+15
   2.4605145e+07   3.4772857e+15
   2.4527189e+07   3.4662686e+15
   2.4449725e+07   3.4553212e+15
   2.4372749e+07   3.4444427e+15
   2.4296256e+07   3.4336324e+15
   2.4220242e+07   3.4228898e+15
   2.4144702e+07   3.4122143e+15
   2.4069632e+07   3.4016051e+15
   2.3995027e+07   3.3910616e+15
   2.3920883e+07   3.3805833e+15
   2.3847196e+07   3.3701696e+15
   2.3773961e+07   3.3598199e+15
   2.3701175e+07   3.3495335e+15
   2.3628833e+07   3.3393099e+15
   2.3556932e+07   3.3291485e+15
   2.3485467e+07   3.3190488e+15
   2.3414434e+07   3.3090102e+15
   2.3343829e+07   3.2990321e+15
   2.3273649e+07   3.2891140e+15
   2.3203890e+07   3.2792554e+15
   2.3134548e+07   3.2694557e+15
   2.3065618e+07   3.2597144e+15
   2.2997099e+07   3.2500309e+15
   2.2928985e+07   3.2404049e+15
   2.2861274e+07   3.2308356e+15
   2.2793961e+07   3.2213228e+15
   2.2727043e+07   3.2118658e+15
   2.2660518e+07   3.2024641e+15
   2.2594380e+07   3.1931173e+15
   2.2528628e+07   3.1838250e+15
   2.2463257e+07   3.1745865e+15
   2.2398264e+07   3.1654016e+15
   2.2333647e+07   3.1562696e+15
   2.2269401e+07   3.1471901e+15
   2.2205524e+07   3.1381628e+15
   2.2142012e+07   3.1291870e+15
   2.2078862e+07   3.1202625e+15
   2.2016072e+07   3.1113887e+15
   2.1953637e+07   3.1025653e+15
   2.1891556e+07   3.0937918e+15
   2.1829825e+07   3.0850677e+15
   2.1768441e+07   3.0763927e+15
   2.1707402e+07   3.0677664e+15
   2.1646703e+07   3.0591883e+15
   2.1586344e+07   3.0506581e+15
   2.1526319e+07   3.0421752e+15
   2.1466628e+07   3.0337395e+15
   2.1407267e+07   3.0253503e+15
   2.1348233e+07   3.0170075e+15
   2.1289524e+07   3.0087105e+15
   2.1231137e+07   3.0004591e+15
   2.1173070e+07   2.9922528e+15
   2.1115319e+07   2.9840912e+15
   2.1057882e+07   2.9759741e+15
   2.1000757e+07   2.9679009e+15
   2.0943941e+07   2.9598715e+15
   2.0887432e+07   2.9518854e+15
   2.0831227e+07   2.9439423e+15
   2.0775323e+07   2.9360418e+15
   2.0719719e+07   2.9281836e+15
   2.0664411e+07   2.9203674e+15
   2.0609398e+07   2.9125927e+15
   2.0554678e+07   2.9048594e+15
   2.0500247e+07   2.8971670e+15
   2.0446103e+07   2.8895153e+15
   2.0392245e+07   2.8819038e+15
   2.0338670e+07   2.8743324e+15
   2.0285375e+07   2.8668006e+15
   2.0232359e+07   2.8593082e+15
   2.0179620e+07   2.8518549e+15
   2.0127154e+07   2.8444403e+15
   2.0074961e+07   2.8370642e+15
   2.0023038e+07   2.8297262e+15
   1.9971383e+07   2.8224261e+15
   1.9919993e+07   2.8151635e+15
   1.9868867e+07   2.8079383e+15
   1.9818003e+07   2.8007500e+15
   1.9767399e+07   2.7935984e+15
   1.9717053e+07   2.7864833e+15
   1.9666962e+07   2.7794043e+15
   1.9617126e+07   2.7723612e+15
   1.9567541e+07   2.7653537e+15
   1.9518206e+07   2.7583816e+15
   1.9469119e+07   2.7514445e+15
   1.9420279e+07   2.7445422e+15
   1.9371683e+07   2.7376745e+15
   1.9323330e+07   2.7308410e+15
   1.9275217e+07   2.7240416e+15
   1.9227344e+07   2.7172759e+15
   1.9179708e+07   2.7105438e+15
   1.9132307e+07   2.7038449e+15
   1.9085140e+07   2.6971791e+15
   1.9038204e+07   2.6905461e+15
   1.8991500e+07   2.6839456e+15
   1.8945023e+07   2.6773774e+15
   1.8898774e+07   2.6708413e+15
   1.8852750e+07   2.6643370e+15
   1.8806949e+07   2.6578643e+15
   1.8761371e+07   2.6514230e+15
   1.8716013e+07   2.6450128e+15
   1.8670874e+07   2.6386336e+15
   1.8625951e+07   2.6322850e+15
   1.8581245e+07   2.6259669e+15
   1.8536753e+07   2.6196791e+15
   1.8492473e+07   2.6134214e+15
   1.8448404e+07   2.6071934e+15
   1.8404545e+07   2.6009951e+15
   1.8360894e+07   2.5948261e+15
   1.8317449e+07   2.5886864e+15
   1.8274210e+07   2.5825756e+15
   1.8231174e+07   2.5764937e+15
   1.8188340e+07   2.5704403e+15
   1.8145708e+07   2.5644153e+15
   1.8103274e+07   2.5584184e+15
   1.8061039e+07   2.5524496e+15
   1.8019000e+07   2.5465085e+15
   1.7977156e+07   2.5405950e+15
   1.7935507e+07   2.5347089e+15
   1.7894050e+07   2.5288501e+15
   1.7852784e+07   2.5230182e+15
   1.7811708e+07   2.5172132e+15
   1.7770820e+07   2.5114349e+15
   1.7730120e+07   2.5056830e+15
   1.7689606e+07   2.4999574e+15
   1.7649277e+07   2.4942579e+15
   1.7609131e+07   2.4885843e+15
   1.7569167e+07   2.4829365e+15
   1.7529384e+07   2.4773143e+15
   1.7489781e+07   2.4717174e+15
   1.7450357e+07   2.4661458e+15
   1.7411110e+07   2.4605993e+15
   1.7372039e+07   2.4550776e+15
   1.7333143e+07   2.4495807e+15
   1.7294420e+07   2.4441084e+15
   1.7255871e+07   2.4386604e+15
   1.7217493e+07   2.4332367e+15
   1.7179285e+07   2.4278370e+15
   1.7141246e+07   2.4224613e+15
   1.7103376e+07   2.4171093e+15
   1.7065672e+07   2.4117809e+15
   1.7028135e+07   2.4064759e+15
   1.6990762e+07   2.4011943e+15
   1.6953553e+07   2.3959357e+15
   1.6916506e+07   2.3907002e+15
   1.6879621e+07   2.3854874e+15
   1.6842896e+07   2.3802974e+15
   1.6806331e+07   2.3751299e+15
   1.6769925e+07   2.3699848e+15
   1.6733675e+07   2.3648619e+15
   1.6697582e+07   2.3597611e+15
   1.6661645e+07   2.3546823e+15
   1.6625862e+07   2.3496253e+15
   1.6590232e+07   2.3445900e+15
   1.6554755e+07   2.3395762e+15
   1.6519429e+07   2.3345838e+15
   1.6484253e+07   2.3296127e+15
   1.6449227e+07   2.3246626e+15
   1.6414349e+07   2.3197336e+15
   1.6379619e+07   2.3148255e+15
   1.6345036e+07   2.3099380e+15
   1.6310598e+07   2.3050712e+15
   1.6276306e+07   2.3002248e+15
   1.6242157e+07   2.2953988e+15
   1.6208151e+07   2.2905929e+15
   1.6174287e+07   2.2858072e+15
   1.6140565e+07   2.2810414e+15
   1.6106982e+07   2.2762954e+15
   1.6073540e+07   2.2715692e+15
   1.6040235e+07   2.2668625e+15
   1.6007069e+07   2.2621753e+15
   1.5974039e+07   2.2575075e+15
   1.5941146e+07   2.2528588e+15
   1.5908387e+07   2.2482293e+15
   1.5875763e+07   2.2436187e+15
   1.5843273e+07   2.2390271e+15
   1.5810915e+07   2.2344542e+15
   1.5778689e+07   2.2298999e+15
   1.5746594e+07   2.2253641e+15
   1.5714630e+07   2.2208468e+15
   1.5682795e+07   2.2163478e+15
   1.5651089e+07   2.2118669e+15
   1.5619510e+07   2.2074042e+15
   1.5588059e+07   2.2029594e+15
   1.5556734e+07   2.1985325e+15
   1.5525535e+07   2.1941233e+15
   1.5494461e+07   2.1897318e+15
   1.5463511e+07   2.1853578e+15
   1.5432684e+07   2.1810013e+15
   1.5401980e+07   2.1766621e+15
   1.5371398e+07   2.1723401e+15
   1.5340938e+07   2.1680353e+15
   1.5310597e+07   2.1637475e+15
   1.5280377e+07   2.1594766e+15
   1.5250275e+07   2.1552226e+15
   1.5220292e+07   2.1509852e+15
   1.5190426e+07   2.1467645e+15
   1.5160678e+07   2.1425604e+15
   1.5131046e+07   2.1383726e+15
   1.5101529e+07   2.1342012e+15
   1.5072127e+07   2.1300461e+15
   1.5042840e+07   2.1259071e+15
   1.5013666e+07   2.1217841e+15
   1.4984605e+07   2.1176772e+15
   1.4955657e+07   2.1135860e+15
   1.4926820e+07   2.1095107e+15
   1.4898094e+07   2.1054510e+15
   1.4869478e+07   2.1014070e+15
   1.4840972e+07   2.0973784e+15
   1.4812575e+07   2.0933653e+15
   1.4784287e+07   2.0893675e+15
   1.4756106e+07   2.0853849e+15
   1.4728033e+07   2.0814175e+15
   1.4700066e+07   2.0774651e+15
   1.4672206e+07   2.0735278e+15
   1.4644450e+07   2.0696053e+15
   1.4616800e+07   2.0656976e+15
   1.4589254e+07   2.0618047e+15
   1.4561811e+07   2.0579264e+15
   1.4534472e+07   2.0540627e+15
   1.4507235e+07   2.0502135e+15
   1.4480099e+07   2.0463786e+15
   1.4453065e+07   2.0425581e+15
   1.4426132e+07   2.0387518e+15
   1.4399299e+07   2.0349597e+15
   1.4372566e+07   2.0311816e+15
   1.4345932e+07   2.0274176e+15
   1.4319396e+07   2.0236675e+15
   1.4292959e+07   2.0199312e+15
   1.4266618e+07   2.0162087e+15
   1.4240375e+07   2.0124999e+15
   1.4214228e+07   2.0088047e+15
   1.4188177e+07   2.0051231e+15
   1.4162221e+07   2.0014549e+15
   1.4136360e+07   1.9978001e+15
   1.4110593e+07   1.9941587e+15
   1.4084920e+07   1.9905305e+15
   1.4059340e+07   1.9869155e+15
   1.4033853e+07   1.9833136e+15
   1.4008459e+07   1.9797247e+15
   1.3983156e+07   1.9761488e+15
   1.3957944e+07   1.9725858e+15
   1.3932823e+07   1.9690356e+15
   1.3907792e+07   1.9654981e+15
   1.3882851e+07   1.9619734e+15
   1.3857999e+07   1.9584613e+15
   1.3833237e+07   1.9549617e+15
   1.3808562e+07   1.9514746e+15
   1.3783975e+07   1.9479999e+15
   1.3759476e+07   1.9445376e+15
   1.3735064e+07   1.9410876e+15
   1.3710738e+07   1.9376497e+15
   1.3686498e+07   1.9342241e+15
   1.3662344e+07   1.9308105e+15
   1.3638275e+07   1.9274090e+15
   1.3614290e+07   1.9240194e+15
   1.3590390e+07   1.9206417e+15
   1.3566573e+07   1.9172759e+15
   1.3542840e+07   1.9139218e+15
   1.3519190e+07   1.9105795e+15
   1.3495622e+07   1.9072488e+15
   1.3472136e+07   1.9039297e+15
   1.3448732e+07   1.9006221e+15
   1.3425409e+07   1.8973260e+15
   1.3402166e+07   1.8940413e+15
   1.3379004e+07   1.8907680e+15
   1.3355922e+07   1.8875059e+15
   1.3332920e+07   1.8842551e+15
   1.3309996e+07   1.8810155e+15
   1.3287151e+07   1.8777870e+15
   1.3264385e+07   1.8745696e+15
   1.3241696e+07   1.8713631e+15
   1.3219085e+07   1.8681677e+15
   1.3196551e+07   1.8649831e+15
   1.3174094e+07   1.8618093e+15
   1.3151713e+07   1.8586464e+15
   1.3129408e+07   1.8554941e+15
   1.3107178e+07   1.8523526e+15
   1.3085024e+07   1.8492216e+15
   1.3062944e+07   1.8461012e+15
   1.3040939e+07   1.8429914e+15
   1.3019008e+07   1.8398920e+15
   1.2997150e+07   1.8368030e+15
   1.2975366e+07   1.8337243e+15
   1.2953654e+07   1.8306560e+15
   1.2932015e+07   1.8275979e+15
   1.2910449e+07   1.8245500e+15
   1.2888954e+07   1.8215123e+15
   1.2867530e+07   1.8184846e+15
   1.2846178e+07   1.8154671e+15
   1.2824896e+07   1.8124595e+15
   1.2803685e+07   1.8094618e+15
   1.2782544e+07   1.8064741e+15
   1.2761472e+07   1.8034962e+15
   1.2740470e+07   1.8005281e+15
   1.2719537e+07   1.7975697e+15
   1.2698673e+07   1.7946211e+15
   1.2677877e+07   1.7916821e+15
   1.2657148e+07   1.7887528e+15
   1.2636488e+07   1.7858330e+15
   1.2615895e+07   1.7829227e+15
   1.2595369e+07   1.7800219e+15
   1.2574909e+07   1.7771305e+15
   1.2554516e+07   1.7742485e+15
   1.2534189e+07   1.7713758e+15
   1.2513928e+07   1.7685124e+15
   1.2493732e+07   1.7656582e+15
   1.2473602e+07   1.7628133e+15
   1.2453536e+07   1.7599775e+15
   1.2433534e+07   1.7571508e+15
   1.2413597e+07   1.7543332e+15
   1.2393723e+07   1.7515246e+15
   1.2373913e+07   1.7487249e+15
   1.2354166e+07   1.7459342e+15
   1.2334482e+07   1.7431524e+15
   1.2314861e+07   1.7403795e+15
   1.2295302e+07   1.7376153e+15
   1.2275805e+07   1.7348600e+15
   1.2256370e+07   1.7321133e+15
   1.2236996e+07   1.7293754e+15
   1.2217683e+07   1.7266460e+15
   1.2198432e+07   1.7239253e+15
   1.2179241e+07   1.7212132e+15
   1.2160110e+07   1.7185095e+15
   1.2141039e+07   1.7158144e+15
   1.2122028e+07   1.7131276e+15
   1.2103076e+07   1.7104493e+15
   1.2084184e+07   1.7077794e+15
   1.2065350e+07   1.7051177e+15
   1.2046575e+07   1.7024644e+15
   1.2027858e+07   1.6998193e+15
   1.2009200e+07   1.6971824e+15
   1.1990599e+07   1.6945536e+15
   1.1972056e+07   1.6919330e+15
   1.1953570e+07   1.6893205e+15
   1.1935141e+07   1.6867161e+15
   1.1916768e+07   1.6841196e+15
   1.1898452e+07   1.6815312e+15
   1.1880193e+07   1.6789507e+15
   1.1861989e+07   1.6763781e+15
   1.1843841e+07   1.6738133e+15
   1.1825749e+07   1.6712565e+15
   1.1807712e+07   1.6687074e+15
   1.1789729e+07   1.6661660e+15
   1.1771802e+07   1.6636324e+15
   1.1753928e+07   1.6611065e+15
   1.1736109e+07   1.6585883e+15
   1.1718344e+07   1.6560777e+15
   1.1700633e+07   1.6535746e+15
   1.1682975e+07   1.6510791e+15
   1.1665370e+07   1.6485912e+15
   1.1647818e+07   1.6461107e+15
   1.1630319e+07   1.6436377e+15
   1.1612873e+07   1.6411721e+15
   1.1595479e+07   1.6387139e+15
   1.1578137e+07   1.6362630e+15
   1.1560846e+07   1.6338195e+15
   1.1543607e+07   1.6313832e+15
   1.1526420e+07   1.6289542e+15
   1.1509283e+07   1.6265324e+15
   1.1492198e+07   1.6241179e+15
   1.1475163e+07   1.6217104e+15
   1.1458179e+07   1.6193101e+15
   1.1441244e+07   1.6169169e+15
   1.1424360e+07   1.6145308e+15
   1.1407526e+07   1.6121517e+15
   1.1390741e+07   1.6097796e+15
   1.1374005e+07   1.6074144e+15
   1.1357318e+07   1.6050562e+15
   1.1340681e+07   1.6027049e+15
   1.1324092e+07   1.6003605e+15
   1.1307551e+07   1.5980230e+15
   1.1291059e+07   1.5956922e+15
   1.1274615e+07   1.5933683e+15
   1.1258218e+07   1.5910511e+15
   1.1241870e+07   1.5887406e+15
   1.1225568e+07   1.5864368e+15
   1.1209314e+07   1.5841397e+15
   1.1193107e+07   1.5818493e+15
   1.1176947e+07   1.5795655e+15
   1.1160833e+07   1.5772882e+15
   1.1144766e+07   1.5750175e+15
   1.1128744e+07   1.5727533e+15
   1.1112769e+07   1.5704957e+15
   1.1096840e+07   1.5682445e+15
   1.1080956e+07   1.5659997e+15
   1.1065118e+07   1.5637614e+15
   1.1049325e+07   1.5615295e+15
   1.1033577e+07   1.5593039e+15
   1.1017873e+07   1.5570846e+15
   1.1002215e+07   1.5548717e+15
   1.0986600e+07   1.5526650e+15
   1.0971030e+07   1.5504646e+15
   1.0955504e+07   1.5482705e+15
   1.0940022e+07   1.5460825e+15
   1.0924584e+07   1.5439007e+15
   1.0909189e+07   1.5417250e+15
   1.0893838e+07   1.5395555e+15
   1.0878530e+07   1.5373921e+15
   1.0863264e+07   1.5352347e+15
   1.0848042e+07   1.5330834e+15
   1.0832862e+07   1.5309381e+15
   1.0817724e+07   1.5287988e+15
   1.0802629e+07   1.5266655e+15
   1.0787575e+07   1.5245381e+15
   1.0772564e+07   1.5224167e+15
   1.0757594e+07   1.5203011e+15
   1.0742666e+07   1.5181914e+15
   1.0727780e+07   1.5160876e+15
   1.0712934e+07   1.5139896e+15
   1.0698130e+07   1.5118973e+15
   1.0683366e+07   1.5098109e+15
   1.0668643e+07   1.5077302e+15
   1.0653961e+07   1.5056552e+15
   1.0639319e+07   1.5035860e+15
   1.0624717e+07   1.5015224e+15
   1.0610155e+07   1.4994645e+15
   1.0595633e+07   1.4974122e+15
   1.0581151e+07   1.4953655e+15
   1.0566708e+07   1.4933244e+15
   1.0552305e+07   1.4912888e+15
   1.0537941e+07   1.4892589e+15
   1.0523615e+07   1.4872344e+15
   1.0509329e+07   1.4852154e+15
   1.0495082e+07   1.4832019e+15
   1.0480873e+07   1.4811939e+15
   1.0466702e+07   1.4791912e+15
   1.0452570e+07   1.4771940e+15
   1.0438476e+07   1.4752022e+15
   1.0424420e+07   1.4732157e+15
   1.0410402e+07   1.4712346e+15
   1.0396421e+07   1.4692588e+15
   1.0382478e+07   1.4672883e+15
   1.0368572e+07   1.4653231e+15
   1.0354703e+07   1.4633631e+15
   1.0340872e+07   1.4614084e+15
   1.0327077e+07   1.4594589e+15
   1.0313319e+07   1.4575146e+15
   1.0299598e+07   1.4555754e+15
   1.0285913e+07   1.4536414e+15
   1.0272265e+07   1.4517126e+15
   1.0258652e+07   1.4497888e+15
   1.0245076e+07   1.4478702e+15
   1.0231535e+07   1.4459566e+15
   1.0218031e+07   1.4440481e+15
   1.0204562e+07   1.4421446e+15
   1.0191128e+07   1.4402461e+15
   1.0177730e+07   1.4383526e+15
   1.0164367e+07   1.4364641e+15
   1.0151038e+07   1.4345805e+15
   1.0137745e+07   1.4327018e+15
   1.0124487e+07   1.4308281e+15
   1.0111263e+07   1.4289593e+15
   1.0098074e+07   1.4270953e+15
   1.0084919e+07   1.4252362e+15
   1.0071798e+07   1.4233820e+15
   1.0058712e+07   1.4215325e+15
   1.0045659e+07   1.4196879e+15
   1.0032640e+07   1.4178480e+15
   1.0019655e+07   1.4160129e+15
   1.0006704e+07   1.4141826e+15
   9.9937856e+06   1.4123570e+15
   9.9809008e+06   1.4105360e+15
   9.9680492e+06   1.4087198e+15
   9.9552307e+06   1.4069082e+15
   9.9424451e+06   1.4051013e+15
   9.9296923e+06   1.4032991e+15
   9.9169721e+06   1.4015014e+15
   9.9042846e+06   1.3997084e+15
   9.8916294e+06   1.3979199e+15
   9.8790065e+06   1.3961360e+15
   9.8664158e+06   1.3943566e+15
   9.8538572e+06   1.3925818e+15
   9.8413305e+06   1.3908115e+15
   9.8288356e+06   1.3890456e+15
   9.8163724e+06   1.3872843e+15
   9.8039407e+06   1.3855274e+15
   9.7915406e+06   1.3837750e+15
   9.7791717e+06   1.3820270e+15
   9.7668340e+06   1.3802834e+15
   9.7545275e+06   1.3785442e+15
   9.7422519e+06   1.3768093e+15
   9.7300071e+06   1.3750789e+15
   9.7177931e+06   1.3733527e+15
   9.7056098e+06   1.3716309e+15
   9.6934569e+06   1.3699135e+15
   9.6813345e+06   1.3682003e+15
   9.6692423e+06   1.3664914e+15
   9.6571803e+06   1.3647867e+15
   9.6451483e+06   1.3630863e+15
   9.6331463e+06   1.3613901e+15
   9.6211741e+06   1.3596982e+15
   9.6092317e+06   1.3580104e+15
   9.5973188e+06   1.3563269e+15
   9.5854355e+06   1.3546475e+15
   9.5735816e+06   1.3529722e+15
   9.5617569e+06   1.3513011e+15
   9.5499614e+06   1.3496342e+15
   9.5381950e+06   1.3479713e+15
   9.5264575e+06   1.3463125e+15
   9.5147489e+06   1.3446578e+15
   9.5030690e+06   1.3430072e+15
   9.4914178e+06   1.3413606e+15
   9.4797951e+06   1.3397180e+15
   9.4682008e+06   1.3380795e+15
   9.4566349e+06   1.3364449e+15
   9.4450972e+06   1.3348144e+15
   9.4335876e+06   1.3331878e+15
   9.4221060e+06   1.3315652e+15
   9.4106523e+06   1.3299465e+15
   9.3992265e+06   1.3283318e+15
   9.3878283e+06   1.3267209e+15
   9.3764578e+06   1.3251140e+15
   9.3651148e+06   1.3235110e+15
   9.3537991e+06   1.3219118e+15
   9.3425109e+06   1.3203165e+15
   9.3312498e+06   1.3187251e+15
   9.3200158e+06   1.3171374e+15
   9.3088088e+06   1.3155536e+15
   9.2976288e+06   1.3139736e+15
   9.2864756e+06   1.3123974e+15
   9.2753491e+06   1.3108250e+15
   9.2642493e+06   1.3092563e+15
   9.2531759e+06   1.3076914e+15
   9.2421291e+06   1.3061302e+15
   9.2311085e+06   1.3045727e+15
   9.2201142e+06   1.3030190e+15
   9.2091461e+06   1.3014689e+15
   9.1982040e+06   1.2999226e+15
   9.1872879e+06   1.2983799e+15
   9.1763977e+06   1.2968408e+15
   9.1655333e+06   1.2953054e+15
   9.1546946e+06   1.2937737e+15
   9.1438814e+06   1.2922455e+15
   9.1330938e+06   1.2907210e+15
   9.1223316e+06   1.2892000e+15
   9.1115948e+06   1.2876826e+15
   9.1008832e+06   1.2861688e+15
   9.0901967e+06   1.2846586e+15
   9.0795353e+06   1.2831519e+15
   9.0688989e+06   1.2816487e+15
   9.0582874e+06   1.2801491e+15
   9.0477007e+06   1.2786529e+15
   9.0371387e+06   1.2771603e+15
   9.0266013e+06   1.2756711e+15
   9.0160885e+06   1.2741854e+15
   9.0056002e+06   1.2727031e+15
   8.9951362e+06   1.2712243e+15
   8.9846965e+06   1.2697489e+15
   8.9742810e+06   1.2682770e+15
   8.9638896e+06   1.2668084e+15
   8.9535223e+06   1.2653433e+15
   8.9431789e+06   1.2638815e+15
   8.9328594e+06   1.2624231e+15
   8.9225636e+06   1.2609681e+15
   8.9122916e+06   1.2595164e+15
   8.9020432e+06   1.2580681e+15
   8.8918184e+06   1.2566231e+15
   8.8816170e+06   1.2551814e+15
   8.8714390e+06   1.2537430e+15
   8.8612843e+06   1.2523079e+15
   8.8511528e+06   1.2508761e+15
   8.8410444e+06   1.2494475e+15
   8.8309591e+06   1.2480222e+15
   8.8208968e+06   1.2466002e+15
   8.8108574e+06   1.2451814e+15
   8.8008408e+06   1.2437658e+15
   8.7908470e+06   1.2423534e+15
   8.7808759e+06   1.2409443e+15
   8.7709273e+06   1.2395383e+15
   8.7610013e+06   1.2381355e+15
   8.7510977e+06   1.2367359e+15
   8.7412164e+06   1.2353395e+15
   8.7313575e+06   1.2339462e+15
   8.7215208e+06   1.2325560e+15
   8.7117062e+06   1.2311690e+15
   8.7019136e+06   1.2297851e+15
   8.6921431e+06   1.2284043e+15
   8.6823945e+06   1.2270265e+15
   8.6726677e+06   1.2256519e+15
   8.6629627e+06   1.2242804e+15
   8.6532794e+06   1.2229119e+15
   8.6436177e+06   1.2215465e+15
   8.6339775e+06   1.2201841e+15
   8.6243589e+06   1.2188248e+15
   8.6147616e+06   1.2174684e+15
   8.6051857e+06   1.2161151e+15
   8.5956311e+06   1.2147648e+15
   8.5860976e+06   1.2134175e+15
   8.5765853e+06   1.2120732e+15
   8.5670940e+06   1.2107319e+15
   8.5576237e+06   1.2093935e+15
   8.5481743e+06   1.2080581e+15
   8.5387458e+06   1.2067256e+15
   8.5293380e+06   1.2053961e+15
   8.5199510e+06   1.2040695e+15
   8.5105846e+06   1.2027458e+15
   8.5012387e+06   1.2014250e+15
   8.4919134e+06   1.2001071e+15
   8.4826085e+06   1.1987921e+15
   8.4733239e+06   1.1974800e+15
   8.4640597e+06   1.1961707e+15
   8.4548157e+06   1.1948643e+15
   8.4455919e+06   1.1935608e+15
   8.4363882e+06   1.1922601e+15
   8.4272045e+06   1.1909622e+15
   8.4180408e+06   1.1896672e+15
   8.4088970e+06   1.1883749e+15
   8.3997730e+06   1.1870855e+15
   8.3906688e+06   1.1857989e+15
   8.3815844e+06   1.1845150e+15
   8.3725195e+06   1.1832339e+15
   8.3634743e+06   1.1819556e+15
   8.3544486e+06   1.1806801e+15
   8.3454423e+06   1.1794073e+15
   8.3364555e+06   1.1781372e+15
   8.3274880e+06   1.1768699e+15
   8.3185397e+06   1.1756053e+15
   8.3096107e+06   1.1743434e+15
   8.3007008e+06   1.1730843e+15
   8.2918100e+06   1.1718278e+15
   8.2829382e+06   1.1705740e+15
   8.2740854e+06   1.1693229e+15
   8.2652515e+06   1.1680744e+15
   8.2564364e+06   1.1668287e+15
   8.2476402e+06   1.1655855e+15
   8.2388626e+06   1.1643451e+15
   8.2301037e+06   1.1631072e+15
   8.2213634e+06   1.1618720e+15
   8.2126417e+06   1.1606394e+15
   8.2039384e+06   1.1594095e+15
   8.1952536e+06   1.1581821e+15
   8.1865871e+06   1.1569573e+15
   8.1779389e+06   1.1557351e+15
   8.1693090e+06   1.1545155e+15
   8.1606973e+06   1.1532985e+15
   8.1521037e+06   1.1520840e+15
   8.1435282e+06   1.1508721e+15
   8.1349708e+06   1.1496627e+15
   8.1264313e+06   1.1484559e+15
   8.1179097e+06   1.1472516e+15
   8.1094059e+06   1.1460498e+15
   8.1009200e+06   1.1448505e+15
   8.0924518e+06   1.1436538e+15
   8.0840013e+06   1.1424595e+15
   8.0755684e+06   1.1412677e+15
   8.0671531e+06   1.1400785e+15
   8.0587553e+06   1.1388917e+15
   8.0503749e+06   1.1377073e+15
   8.0420120e+06   1.1365254e+15
   8.0336665e+06   1.1353460e+15
   8.0253382e+06   1.1341690e+15
   8.0170272e+06   1.1329945e+15
   8.0087334e+06   1.1318224e+15
   8.0004567e+06   1.1306527e+15
   7.9921972e+06   1.1294854e+15
   7.9839546e+06   1.1283206e+15
   7.9757291e+06   1.1271581e+15
   7.9675204e+06   1.1259980e+15
   7.9593287e+06   1.1248403e+15
   7.9511538e+06   1.1236850e+15
   7.9429956e+06   1.1225321e+15
   7.9348542e+06   1.1213815e+15
   7.9267295e+06   1.1202333e+15
   7.9186213e+06   1.1190874e+15
   7.9105298e+06   1.1179439e+15
   7.9024548e+06   1.1168027e+15
   7.8943962e+06   1.1156639e+15
   7.8863540e+06   1.1145273e+15
   7.8783283e+06   1.1133931e+15
   7.8703188e+06   1.1122612e+15
   7.8623256e+06   1.1111315e+15
   7.8543486e+06   1.1100042e+15
   7.8463878e+06   1.1088791e+15
   7.8384432e+06   1.1077564e+15
   7.8305146e+06   1.1066359e+15
   7.8226020e+06   1.1055176e+15
   7.8147054e+06   1.1044017e+15
   7.8068247e+06   1.1032879e+15
   7.7989599e+06   1.1021765e+15
   7.7911109e+06   1.1010672e+15
   7.7832777e+06   1.0999602e+15
   7.7754602e+06   1.0988554e+15
   7.7676585e+06   1.0977528e+15
   7.7598724e+06   1.0966525e+15
   7.7521018e+06   1.0955543e+15
   7.7443468e+06   1.0944584e+15
   7.7366073e+06   1.0933646e+15
   7.7288833e+06   1.0922730e+15
   7.7211747e+06   1.0911836e+15
   7.7134814e+06   1.0900963e+15
   7.7058035e+06   1.0890113e+15
   7.6981408e+06   1.0879284e+15
   7.6904933e+06   1.0868476e+15
   7.6828611e+06   1.0857690e+15
   7.6752439e+06   1.0846925e+15
   7.6676419e+06   1.0836181e+15
   7.6600549e+06   1.0825459e+15
   7.6524829e+06   1.0814758e+15
   7.6449258e+06   1.0804078e+15
   7.6373837e+06   1.0793419e+15
   7.6298564e+06   1.0782782e+15
   7.6223439e+06   1.0772165e+15
   7.6148463e+06   1.0761569e+15
   7.6073633e+06   1.0750994e+15
   7.5998951e+06   1.0740439e+15
   7.5924415e+06   1.0729906e+15
   7.5850025e+06   1.0719393e+15
   7.5775781e+06   1.0708900e+15
   7.5701682e+06   1.0698428e+15
   7.5627727e+06   1.0687977e+15
   7.5553917e+06   1.0677546e+15
   7.5480251e+06   1.0667135e+15
   7.5406729e+06   1.0656744e+15
   7.5333349e+06   1.0646374e+15
   7.5260113e+06   1.0636024e+15
   7.5187018e+06   1.0625694e+15
   7.5114066e+06   1.0615384e+15
   7.5041254e+06   1.0605094e+15
   7.4968584e+06   1.0594824e+15
   7.4896055e+06   1.0584574e+15
   7.4823665e+06   1.0574344e+15
   7.4751416e+06   1.0564133e+15
   7.4679305e+06   1.0553942e+15
   7.4607334e+06   1.0543771e+15
   7.4535502e+06   1.0533619e+15
   7.4463807e+06   1.0523487e+15
   7.4392251e+06   1.0513375e+15
   7.4320831e+06   1.0503282e+15
   7.4249549e+06   1.0493208e+15
   7.4178404e+06   1.0483153e+15
   7.4107394e+06   1.0473118e+15
   7.4036521e+06   1.0463102e+15
   7.3965783e+06   1.0453105e+15
   7.3895179e+06   1.0443127e+15
   7.3824711e+06   1.0433168e+15
   7.3754377e+06   1.0423228e+15
   7.3684176e+06   1.0413307e+15
   7.3614110e+06   1.0403405e+15
   7.3544176e+06   1.0393522e+15
   7.3474375e+06   1.0383657e+15
   7.3404707e+06   1.0373812e+15
   7.3335170e+06   1.0363984e+15
   7.3265765e+06   1.0354176e+15
   7.3196492e+06   1.0344386e+15
   7.3127349e+06   1.0334614e+15
   7.3058336e+06   1.0324861e+15
   7.2989454e+06   1.0315127e+15
   7.2920702e+06   1.0305410e+15
   7.2852079e+06   1.0295712e+15
   7.2783585e+06   1.0286032e+15
   7.2715220e+06   1.0276371e+15
   7.2646983e+06   1.0266727e+15
   7.2578874e+06   1.0257102e+15
   7.2510892e+06   1.0247495e+15
   7.2443038e+06   1.0237905e+15
   7.2375311e+06   1.0228334e+15
   7.2307710e+06   1.0218780e+15
   7.2240235e+06   1.0209244e+15
   7.2172886e+06   1.0199726e+15
   7.2105663e+06   1.0190226e+15
   7.2038565e+06   1.0180744e+15
   7.1971591e+06   1.0171279e+15
   7.1904742e+06   1.0161831e+15
   7.1838017e+06   1.0152401e+15
   7.1771416e+06   1.0142989e+15
   7.1704938e+06   1.0133594e+15
   7.1638583e+06   1.0124217e+15
   7.1572351e+06   1.0114857e+15
   7.1506241e+06   1.0105514e+15
   7.1440253e+06   1.0096188e+15
   7.1374387e+06   1.0086880e+15
   7.1308642e+06   1.0077588e+15
   7.1243019e+06   1.0068314e+15
   7.1177515e+06   1.0059057e+15
   7.1112133e+06   1.0049817e+15
   7.1046870e+06   1.0040594e+15
   7.0981727e+06   1.0031387e+15
   7.0916703e+06   1.0022198e+15
   7.0851798e+06   1.0013026e+15
   7.0787012e+06   1.0003870e+15
   7.0722345e+06   9.9947307e+14
   7.0657795e+06   9.9856083e+14
   7.0593363e+06   9.9765026e+14
   7.0529049e+06   9.9674134e+14
   7.0464851e+06   9.9583408e+14
   7.0400771e+06   9.9492847e+14
   7.0336807e+06   9.9402451e+14
   7.0272958e+06   9.9312218e+14
   7.0209226e+06   9.9222150e+14
   7.0145609e+06   9.9132244e+14
   7.0082108e+06   9.9042502e+14
   7.0018721e+06   9.8952921e+14
   6.9955449e+06   9.8863503e+14
   6.9892291e+06   9.8774246e+14
   6.9829247e+06   9.8685150e+14
   6.9766317e+06   9.8596215e+14
   6.9703500e+06   9.8507440e+14
   6.9640796e+06   9.8418824e+14
   6.9578205e+06   9.8330368e+14
   6.9515726e+06   9.8242071e+14
   6.9453359e+06   9.8153932e+14
   6.9391104e+06   9.8065951e+14
   6.9328961e+06   9.7978127e+14
   6.9266928e+06   9.7890461e+14
   6.9205007e+06   9.7802952e+14
   6.9143196e+06   9.7715599e+14
   6.9081496e+06   9.7628402e+14
   6.9019905e+06   9.7541360e+14
   6.8958425e+06   9.7454473e+14
   6.8897054e+06   9.7367741e+14
   6.8835792e+06   9.7281164e+14
   6.8774638e+06   9.7194740e+14
   6.8713594e+06   9.7108469e+14
   6.8652657e+06   9.7022352e+14
   6.8591829e+06   9.6936387e+14
   6.8531108e+06   9.6850574e+14
   6.8470495e+06   9.6764913e+14
   6.8409989e+06   9.6679404e+14
   6.8349589e+06   9.6594045e+14
   6.8289296e+06   9.6508837e+14
   6.8229110e+06   9.6423780e+14
   6.8169029e+06   9.6338872e+14
   6.8109055e+06   9.6254113e+14
   6.8049185e+06   9.6169504e+14
   6.7989421e+06   9.6085043e+14
   6.7929762e+06   9.6000730e+14
   6.7870207e+06   9.5916566e+14
   6.7810757e+06   9.5832548e+14
   6.7751410e+06   9.5748678e+14
   6.7692168e+06   9.5664954e+14
   6.7633029e+06   9.5581377e+14
   6.7573993e+06   9.5497945e+14
   6.7515060e+06   9.5414660e+14
   6.7456230e+06   9.5331519e+14
   6.7397502e+06   9.5248523e+14
   6.7338877e+06   9.5165671e+14
   6.7280353e+06   9.5082964e+14
   6.7221931e+06   9.5000400e+14
   6.7163611e+06   9.4917979e+14
   6.7105391e+06   9.4835701e+14
   6.7047273e+06   9.4753566e+14
   6.6989255e+06   9.4671573e+14
   6.6931337e+06   9.4589721e+14
   6.6873519e+06   9.4508011e+14
   6.6815801e+06   9.4426442e+14
   6.6758183e+06   9.4345014e+14
   6.6700664e+06   9.4263726e+14
   6.6643244e+06   9.4182578e+14
