   3.0791411e+07   6.7273270e+15
   3.0043657e+07   6.6862135e+15
   2.9316649e+07   6.6455994e+15
   2.8608511e+07   6.6054757e+15
   2.7917213e+07   6.5658336e+15
   2.7240678e+07   6.5266645e+15
   2.6576841e+07   6.4879600e+15
   2.5923688e+07   6.4497118e+15
   2.5279278e+07   6.4119119e+15
   2.4641747e+07   6.3745526e+15
   2.4009327e+07   6.3376260e+15
   2.3380344e+07   6.3011248e+15
   2.2753238e+07   6.2650417e+15
   2.2126574e+07   6.2293694e+15
   2.1499078e+07   6.1941011e+15
   2.0869678e+07   6.1592299e+15
   2.0237571e+07   6.1247491e+15
   1.9602317e+07   6.0906522e+15
   1.8963971e+07   6.0569329e+15
   1.8323254e+07   6.0235849e+15
   1.7681780e+07   5.9906020e+15
   1.7042317e+07   5.9579785e+15
   1.6409070e+07   5.9257083e+15
   1.5787920e+07   5.8937858e+15
   1.5186525e+07   5.8622053e+15
   1.4614149e+07   5.8309616e+15
   1.4081119e+07   5.8000491e+15
   1.3597914e+07   5.7694626e+15
   1.3174062e+07   5.7391970e+15
   1.2817196e+07   5.7092473e+15
   1.2532555e+07   5.6796086e+15
   1.2323073e+07   5.6502760e+15
   1.2189926e+07   5.6212448e+15
   1.2133299e+07   5.5925104e+15
   1.2153154e+07   5.5640683e+15
   1.2249869e+07   5.5359141e+15
   1.2424734e+07   5.5080433e+15
   1.2680318e+07   5.4804518e+15
   1.3020755e+07   5.4531353e+15
   1.3451988e+07   5.4260897e+15
   1.3982005e+07   5.3993111e+15
   1.4621073e+07   5.3727956e+15
   1.5381953e+07   5.3465391e+15
   1.6280072e+07   5.3205381e+15
   1.7333546e+07   5.2947887e+15
   1.8562894e+07   5.2692874e+15
   1.9990181e+07   5.2440305e+15
   2.1637139e+07   5.2190146e+15
   2.3521697e+07   5.1942363e+15
   2.5652215e+07   5.1696921e+15
   2.8019036e+07   5.1453787e+15
   3.0583942e+07   5.1212930e+15
   3.3270324e+07   5.0974318e+15
   3.5959717e+07   5.0737918e+15
   3.8501693e+07   5.0503701e+15
   4.0740022e+07   5.0271637e+15
   4.2548063e+07   5.0041695e+15
   4.3857473e+07   4.9813848e+15
   4.4666495e+07   4.9588066e+15
   4.5026895e+07   4.9364321e+15
   4.5020116e+07   4.9142586e+15
   4.4734771e+07   4.8922835e+15
   4.4251839e+07   4.8705040e+15
   4.3637936e+07   4.8489175e+15
   4.2944161e+07   4.8275216e+15
   4.2207808e+07   4.8063136e+15
   4.1455071e+07   4.7852912e+15
   4.0703743e+07   4.7644519e+15
   3.9965500e+07   4.7437933e+15
   3.9247681e+07   4.7233130e+15
   3.8554612e+07   4.7030089e+15
   3.7888560e+07   4.6828785e+15
   3.7250410e+07   4.6629198e+15
   3.6640134e+07   4.6431305e+15
   3.6057118e+07   4.6235084e+15
   3.5500390e+07   4.6040515e+15
   3.4968768e+07   4.5847576e+15
   3.4460965e+07   4.5656248e+15
   3.3975657e+07   4.5466510e+15
   3.3511530e+07   4.5278343e+15
   3.3067305e+07   4.5091726e+15
   3.2641758e+07   4.4906642e+15
   3.2233728e+07   4.4723071e+15
   3.1842125e+07   4.4540994e+15
   3.1465925e+07   4.4360394e+15
   3.1104177e+07   4.4181253e+15
   3.0755992e+07   4.4003552e+15
   3.0420546e+07   4.3827276e+15
   3.0097076e+07   4.3652406e+15
   2.9784873e+07   4.3478926e+15
   2.9483279e+07   4.3306819e+15
   2.9191685e+07   4.3136070e+15
   2.8909527e+07   4.2966662e+15
   2.8636278e+07   4.2798579e+15
   2.8371454e+07   4.2631806e+15
   2.8114601e+07   4.2466328e+15
   2.7865300e+07   4.2302129e+15
   2.7623158e+07   4.2139196e+15
   2.7387813e+07   4.1977512e+15
   2.7158923e+07   4.1817065e+15
   2.6936172e+07   4.1657839e+15
   2.6719264e+07   4.1499822e+15
   2.6507924e+07   4.1342998e+15
   2.6301890e+07   4.1187356e+15
   2.6100923e+07   4.1032881e+15
   2.5904793e+07   4.0879560e+15
   2.5713289e+07   4.0727381e+15
   2.5526209e+07   4.0576331e+15
   2.5343366e+07   4.0426397e+15
   2.5164582e+07   4.0277567e+15
   2.4989691e+07   4.0129828e+15
   2.4818535e+07   3.9983170e+15
   2.4650967e+07   3.9837580e+15
   2.4486846e+07   3.9693046e+15
   2.4326039e+07   3.9549557e+15
   2.4168423e+07   3.9407102e+15
   2.4013878e+07   3.9265669e+15
   2.3862292e+07   3.9125248e+15
   2.3713559e+07   3.8985827e+15
   2.3567578e+07   3.8847397e+15
   2.3424253e+07   3.8709946e+15
   2.3283493e+07   3.8573465e+15
   2.3145212e+07   3.8437943e+15
   2.3009327e+07   3.8303369e+15
   2.2875761e+07   3.8169735e+15
   2.2744438e+07   3.8037029e+15
   2.2615287e+07   3.7905244e+15
   2.2488240e+07   3.7774368e+15
   2.2363233e+07   3.7644393e+15
   2.2240203e+07   3.7515309e+15
   2.2119092e+07   3.7387108e+15
   2.1999843e+07   3.7259780e+15
   2.1882402e+07   3.7133316e+15
   2.1766716e+07   3.7007708e+15
   2.1652737e+07   3.6882946e+15
   2.1540417e+07   3.6759023e+15
   2.1429710e+07   3.6635930e+15
   2.1320572e+07   3.6513659e+15
   2.1212962e+07   3.6392201e+15
   2.1106838e+07   3.6271548e+15
   2.1002163e+07   3.6151693e+15
   2.0898899e+07   3.6032627e+15
   2.0797010e+07   3.5914343e+15
   2.0696462e+07   3.5796833e+15
   2.0597221e+07   3.5680089e+15
   2.0499256e+07   3.5564105e+15
   2.0402535e+07   3.5448872e+15
   2.0307029e+07   3.5334383e+15
   2.0212710e+07   3.5220632e+15
   2.0119549e+07   3.5107610e+15
   2.0027520e+07   3.4995312e+15
   1.9936598e+07   3.4883730e+15
   1.9846757e+07   3.4772857e+15
   1.9757973e+07   3.4662686e+15
   1.9670224e+07   3.4553212e+15
   1.9583486e+07   3.4444427e+15
   1.9497738e+07   3.4336324e+15
   1.9412959e+07   3.4228898e+15
   1.9329129e+07   3.4122143e+15
   1.9246228e+07   3.4016051e+15
   1.9164236e+07   3.3910616e+15
   1.9083135e+07   3.3805833e+15
   1.9002908e+07   3.3701696e+15
   1.8923537e+07   3.3598199e+15
   1.8845005e+07   3.3495335e+15
   1.8767296e+07   3.3393099e+15
   1.8690393e+07   3.3291485e+15
   1.8614282e+07   3.3190488e+15
   1.8538948e+07   3.3090102e+15
   1.8464375e+07   3.2990321e+15
   1.8390550e+07   3.2891140e+15
   1.8317459e+07   3.2792554e+15
   1.8245089e+07   3.2694557e+15
   1.8173426e+07   3.2597144e+15
   1.8102459e+07   3.2500309e+15
   1.8032174e+07   3.2404049e+15
   1.7962560e+07   3.2308356e+15
   1.7893605e+07   3.2213228e+15
   1.7825299e+07   3.2118658e+15
   1.7757629e+07   3.2024641e+15
   1.7690585e+07   3.1931173e+15
   1.7624156e+07   3.1838250e+15
   1.7558333e+07   3.1745865e+15
   1.7493106e+07   3.1654016e+15
   1.7428464e+07   3.1562696e+15
   1.7364398e+07   3.1471901e+15
   1.7300899e+07   3.1381628e+15
   1.7237958e+07   3.1291870e+15
   1.7175567e+07   3.1202625e+15
   1.7113716e+07   3.1113887e+15
   1.7052397e+07   3.1025653e+15
   1.6991602e+07   3.0937918e+15
   1.6931324e+07   3.0850677e+15
   1.6871553e+07   3.0763927e+15
   1.6812283e+07   3.0677664e+15
   1.6753506e+07   3.0591883e+15
   1.6695215e+07   3.0506581e+15
   1.6637403e+07   3.0421752e+15
   1.6580063e+07   3.0337395e+15
   1.6523187e+07   3.0253503e+15
   1.6466770e+07   3.0170075e+15
   1.6410805e+07   3.0087105e+15
   1.6355284e+07   3.0004591e+15
   1.6300203e+07   2.9922528e+15
   1.6245555e+07   2.9840912e+15
   1.6191335e+07   2.9759741e+15
   1.6137535e+07   2.9679009e+15
   1.6084150e+07   2.9598715e+15
   1.6031176e+07   2.9518854e+15
   1.5978606e+07   2.9439423e+15
   1.5926434e+07   2.9360418e+15
   1.5874657e+07   2.9281836e+15
   1.5823268e+07   2.9203674e+15
   1.5772262e+07   2.9125927e+15
   1.5721634e+07   2.9048594e+15
   1.5671380e+07   2.8971670e+15
   1.5621495e+07   2.8895153e+15
   1.5571974e+07   2.8819038e+15
   1.5522812e+07   2.8743324e+15
   1.5474006e+07   2.8668006e+15
   1.5425549e+07   2.8593082e+15
   1.5377439e+07   2.8518549e+15
   1.5329671e+07   2.8444403e+15
   1.5282240e+07   2.8370642e+15
   1.5235143e+07   2.8297262e+15
   1.5188376e+07   2.8224261e+15
   1.5141934e+07   2.8151635e+15
   1.5095814e+07   2.8079383e+15
   1.5050012e+07   2.8007500e+15
   1.5004524e+07   2.7935984e+15
   1.4959346e+07   2.7864833e+15
   1.4914475e+07   2.7794043e+15
   1.4869907e+07   2.7723612e+15
   1.4825639e+07   2.7653537e+15
   1.4781668e+07   2.7583816e+15
   1.4737989e+07   2.7514445e+15
   1.4694600e+07   2.7445422e+15
   1.4651497e+07   2.7376745e+15
   1.4608678e+07   2.7308410e+15
   1.4566138e+07   2.7240416e+15
   1.4523875e+07   2.7172759e+15
   1.4481886e+07   2.7105438e+15
   1.4440168e+07   2.7038449e+15
   1.4398718e+07   2.6971791e+15
   1.4357533e+07   2.6905461e+15
   1.4316610e+07   2.6839456e+15
   1.4275946e+07   2.6773774e+15
   1.4235539e+07   2.6708413e+15
   1.4195385e+07   2.6643370e+15
   1.4155483e+07   2.6578643e+15
   1.4115829e+07   2.6514230e+15
   1.4076421e+07   2.6450128e+15
   1.4037256e+07   2.6386336e+15
   1.3998332e+07   2.6322850e+15
   1.3959646e+07   2.6259669e+15
   1.3921196e+07   2.6196791e+15
   1.3882980e+07   2.6134214e+15
   1.3844995e+07   2.6071934e+15
   1.3807238e+07   2.6009951e+15
   1.3769708e+07   2.5948261e+15
   1.3732403e+07   2.5886864e+15
   1.3695319e+07   2.5825756e+15
   1.3658455e+07   2.5764937e+15
   1.3621808e+07   2.5704403e+15
   1.3585377e+07   2.5644153e+15
   1.3549160e+07   2.5584184e+15
   1.3513153e+07   2.5524496e+15
   1.3477356e+07   2.5465085e+15
   1.3441766e+07   2.5405950e+15
   1.3406382e+07   2.5347089e+15
   1.3371200e+07   2.5288501e+15
   1.3336220e+07   2.5230182e+15
   1.3301440e+07   2.5172132e+15
   1.3266856e+07   2.5114349e+15
   1.3232469e+07   2.5056830e+15
   1.3198276e+07   2.4999574e+15
   1.3164274e+07   2.4942579e+15
   1.3130463e+07   2.4885843e+15
   1.3096841e+07   2.4829365e+15
   1.3063405e+07   2.4773143e+15
   1.3030154e+07   2.4717174e+15
   1.2997087e+07   2.4661458e+15
   1.2964202e+07   2.4605993e+15
   1.2931496e+07   2.4550776e+15
   1.2898969e+07   2.4495807e+15
   1.2866620e+07   2.4441084e+15
   1.2834445e+07   2.4386604e+15
   1.2802444e+07   2.4332367e+15
   1.2770616e+07   2.4278370e+15
   1.2738958e+07   2.4224613e+15
   1.2707469e+07   2.4171093e+15
   1.2676148e+07   2.4117809e+15
   1.2644994e+07   2.4064759e+15
   1.2614004e+07   2.4011943e+15
   1.2583177e+07   2.3959357e+15
   1.2552513e+07   2.3907002e+15
   1.2522009e+07   2.3854874e+15
   1.2491665e+07   2.3802974e+15
   1.2461478e+07   2.3751299e+15
   1.2431448e+07   2.3699848e+15
   1.2401574e+07   2.3648619e+15
   1.2371853e+07   2.3597611e+15
   1.2342285e+07   2.3546823e+15
   1.2312868e+07   2.3496253e+15
   1.2283602e+07   2.3445900e+15
   1.2254484e+07   2.3395762e+15
   1.2225514e+07   2.3345838e+15
   1.2196690e+07   2.3296127e+15
   1.2168012e+07   2.3246626e+15
   1.2139478e+07   2.3197336e+15
   1.2111086e+07   2.3148255e+15
   1.2082837e+07   2.3099380e+15
   1.2054727e+07   2.3050712e+15
   1.2026758e+07   2.3002248e+15
   1.1998927e+07   2.2953988e+15
   1.1971233e+07   2.2905929e+15
   1.1943675e+07   2.2858072e+15
   1.1916252e+07   2.2810414e+15
   1.1888963e+07   2.2762954e+15
   1.1861807e+07   2.2715692e+15
   1.1834783e+07   2.2668625e+15
   1.1807890e+07   2.2621753e+15
   1.1781127e+07   2.2575075e+15
   1.1754493e+07   2.2528588e+15
   1.1727986e+07   2.2482293e+15
   1.1701607e+07   2.2436187e+15
   1.1675353e+07   2.2390271e+15
   1.1649224e+07   2.2344542e+15
   1.1623219e+07   2.2298999e+15
   1.1597337e+07   2.2253641e+15
   1.1571578e+07   2.2208468e+15
   1.1545939e+07   2.2163478e+15
   1.1520421e+07   2.2118669e+15
   1.1495022e+07   2.2074042e+15
   1.1469741e+07   2.2029594e+15
   1.1444579e+07   2.1985325e+15
   1.1419532e+07   2.1941233e+15
   1.1394602e+07   2.1897318e+15
   1.1369787e+07   2.1853578e+15
   1.1345086e+07   2.1810013e+15
   1.1320498e+07   2.1766621e+15
   1.1296022e+07   2.1723401e+15
   1.1271658e+07   2.1680353e+15
   1.1247406e+07   2.1637475e+15
   1.1223263e+07   2.1594766e+15
   1.1199229e+07   2.1552226e+15
   1.1175304e+07   2.1509852e+15
   1.1151486e+07   2.1467645e+15
   1.1127776e+07   2.1425604e+15
   1.1104171e+07   2.1383726e+15
   1.1080672e+07   2.1342012e+15
   1.1057277e+07   2.1300461e+15
   1.1033987e+07   2.1259071e+15
   1.1010799e+07   2.1217841e+15
   1.0987714e+07   2.1176772e+15
   1.0964731e+07   2.1135860e+15
   1.0941849e+07   2.1095107e+15
   1.0919067e+07   2.1054510e+15
   1.0896385e+07   2.1014070e+15
   1.0873801e+07   2.0973784e+15
   1.0851316e+07   2.0933653e+15
   1.0828928e+07   2.0893675e+15
   1.0806637e+07   2.0853849e+15
   1.0784443e+07   2.0814175e+15
   1.0762344e+07   2.0774651e+15
   1.0740340e+07   2.0735278e+15
   1.0718430e+07   2.0696053e+15
   1.0696614e+07   2.0656976e+15
   1.0674890e+07   2.0618047e+15
   1.0653259e+07   2.0579264e+15
   1.0631720e+07   2.0540627e+15
   1.0610272e+07   2.0502135e+15
   1.0588915e+07   2.0463786e+15
   1.0567647e+07   2.0425581e+15
   1.0546469e+07   2.0387518e+15
   1.0525379e+07   2.0349597e+15
   1.0504378e+07   2.0311816e+15
   1.0483464e+07   2.0274176e+15
   1.0462637e+07   2.0236675e+15
   1.0441897e+07   2.0199312e+15
   1.0421242e+07   2.0162087e+15
   1.0400673e+07   2.0124999e+15
   1.0380188e+07   2.0088047e+15
   1.0359788e+07   2.0051231e+15
   1.0339471e+07   2.0014549e+15
   1.0319238e+07   1.9978001e+15
   1.0299087e+07   1.9941587e+15
   1.0279017e+07   1.9905305e+15
   1.0259030e+07   1.9869155e+15
   1.0239123e+07   1.9833136e+15
   1.0219297e+07   1.9797247e+15
   1.0199551e+07   1.9761488e+15
   1.0179885e+07   1.9725858e+15
   1.0160297e+07   1.9690356e+15
   1.0140788e+07   1.9654981e+15
   1.0121356e+07   1.9619734e+15
   1.0102002e+07   1.9584613e+15
   1.0082726e+07   1.9549617e+15
   1.0063525e+07   1.9514746e+15
   1.0044401e+07   1.9479999e+15
   1.0025352e+07   1.9445376e+15
   1.0006379e+07   1.9410876e+15
   9.9874797e+06   1.9376497e+15
   9.9686548e+06   1.9342241e+15
   9.9499037e+06   1.9308105e+15
   9.9312258e+06   1.9274090e+15
   9.9126208e+06   1.9240194e+15
   9.8940881e+06   1.9206417e+15
   9.8756273e+06   1.9172759e+15
   9.8572380e+06   1.9139218e+15
   9.8389198e+06   1.9105795e+15
   9.8206722e+06   1.9072488e+15
   9.8024948e+06   1.9039297e+15
   9.7843872e+06   1.9006221e+15
   9.7663489e+06   1.8973260e+15
   9.7483796e+06   1.8940413e+15
   9.7304788e+06   1.8907680e+15
   9.7126462e+06   1.8875059e+15
   9.6948812e+06   1.8842551e+15
   9.6771836e+06   1.8810155e+15
   9.6595529e+06   1.8777870e+15
   9.6419888e+06   1.8745696e+15
   9.6244907e+06   1.8713631e+15
   9.6070584e+06   1.8681677e+15
   9.5896915e+06   1.8649831e+15
   9.5723895e+06   1.8618093e+15
   9.5551522e+06   1.8586464e+15
   9.5379790e+06   1.8554941e+15
   9.5208697e+06   1.8523526e+15
   9.5038239e+06   1.8492216e+15
   9.4868412e+06   1.8461012e+15
   9.4699213e+06   1.8429914e+15
   9.4530637e+06   1.8398920e+15
   9.4362682e+06   1.8368030e+15
   9.4195343e+06   1.8337243e+15
   9.4028618e+06   1.8306560e+15
   9.3862502e+06   1.8275979e+15
   9.3696992e+06   1.8245500e+15
   9.3532086e+06   1.8215123e+15
   9.3367778e+06   1.8184846e+15
   9.3204067e+06   1.8154671e+15
   9.3040948e+06   1.8124595e+15
   9.2878419e+06   1.8094618e+15
   9.2716476e+06   1.8064741e+15
   9.2555115e+06   1.8034962e+15
   9.2394334e+06   1.8005281e+15
   9.2234129e+06   1.7975697e+15
   9.2074497e+06   1.7946211e+15
   9.1915434e+06   1.7916821e+15
   9.1756939e+06   1.7887528e+15
   9.1599007e+06   1.7858330e+15
   9.1441635e+06   1.7829227e+15
   9.1284821e+06   1.7800219e+15
   9.1128561e+06   1.7771305e+15
   9.0972852e+06   1.7742485e+15
   9.0817691e+06   1.7713758e+15
   9.0663076e+06   1.7685124e+15
   9.0509003e+06   1.7656582e+15
   9.0355469e+06   1.7628133e+15
   9.0202471e+06   1.7599775e+15
   9.0050007e+06   1.7571508e+15
   8.9898074e+06   1.7543332e+15
   8.9746668e+06   1.7515246e+15
   8.9595787e+06   1.7487249e+15
   8.9445429e+06   1.7459342e+15
   8.9295589e+06   1.7431524e+15
   8.9146266e+06   1.7403795e+15
   8.8997457e+06   1.7376153e+15
   8.8849158e+06   1.7348600e+15
   8.8701368e+06   1.7321133e+15
   8.8554084e+06   1.7293754e+15
   8.8407302e+06   1.7266460e+15
   8.8261021e+06   1.7239253e+15
   8.8115237e+06   1.7212132e+15
   8.7969948e+06   1.7185095e+15
   8.7825152e+06   1.7158144e+15
   8.7680845e+06   1.7131276e+15
   8.7537026e+06   1.7104493e+15
   8.7393691e+06   1.7077794e+15
   8.7250838e+06   1.7051177e+15
   8.7108466e+06   1.7024644e+15
   8.6966570e+06   1.6998193e+15
   8.6825149e+06   1.6971824e+15
   8.6684200e+06   1.6945536e+15
   8.6543721e+06   1.6919330e+15
   8.6403710e+06   1.6893205e+15
   8.6264163e+06   1.6867161e+15
   8.6125079e+06   1.6841196e+15
   8.5986455e+06   1.6815312e+15
   8.5848290e+06   1.6789507e+15
   8.5710579e+06   1.6763781e+15
   8.5573322e+06   1.6738133e+15
   8.5436516e+06   1.6712565e+15
   8.5300159e+06   1.6687074e+15
   8.5164248e+06   1.6661660e+15
   8.5028781e+06   1.6636324e+15
   8.4893756e+06   1.6611065e+15
   8.4759170e+06   1.6585883e+15
   8.4625022e+06   1.6560777e+15
   8.4491309e+06   1.6535746e+15
   8.4358030e+06   1.6510791e+15
   8.4225181e+06   1.6485912e+15
   8.4092761e+06   1.6461107e+15
   8.3960767e+06   1.6436377e+15
   8.3829199e+06   1.6411721e+15
   8.3698052e+06   1.6387139e+15
   8.3567326e+06   1.6362630e+15
   8.3437018e+06   1.6338195e+15
   8.3307126e+06   1.6313832e+15
   8.3177649e+06   1.6289542e+15
   8.3048583e+06   1.6265324e+15
   8.2919928e+06   1.6241179e+15
   8.2791681e+06   1.6217104e+15
   8.2663839e+06   1.6193101e+15
   8.2536402e+06   1.6169169e+15
   8.2409367e+06   1.6145308e+15
   8.2282733e+06   1.6121517e+15
   8.2156496e+06   1.6097796e+15
   8.2030656e+06   1.6074144e+15
   8.1905210e+06   1.6050562e+15
   8.1780157e+06   1.6027049e+15
   8.1655494e+06   1.6003605e+15
   8.1531220e+06   1.5980230e+15
   8.1407333e+06   1.5956922e+15
   8.1283830e+06   1.5933683e+15
   8.1160712e+06   1.5910511e+15
   8.1037974e+06   1.5887406e+15
   8.0915616e+06   1.5864368e+15
   8.0793635e+06   1.5841397e+15
   8.0672031e+06   1.5818493e+15
   8.0550801e+06   1.5795655e+15
   8.0429943e+06   1.5772882e+15
   8.0309456e+06   1.5750175e+15
   8.0189337e+06   1.5727533e+15
   8.0069586e+06   1.5704957e+15
   7.9950200e+06   1.5682445e+15
   7.9831178e+06   1.5659997e+15
   7.9712518e+06   1.5637614e+15
   7.9594218e+06   1.5615295e+15
   7.9476277e+06   1.5593039e+15
   7.9358693e+06   1.5570846e+15
   7.9241464e+06   1.5548717e+15
   7.9124589e+06   1.5526650e+15
   7.9008066e+06   1.5504646e+15
   7.8891893e+06   1.5482705e+15
   7.8776069e+06   1.5460825e+15
   7.8660592e+06   1.5439007e+15
   7.8545461e+06   1.5417250e+15
   7.8430673e+06   1.5395555e+15
   7.8316228e+06   1.5373921e+15
   7.8202124e+06   1.5352347e+15
   7.8088360e+06   1.5330834e+15
   7.7974933e+06   1.5309381e+15
   7.7861842e+06   1.5287988e+15
   7.7749086e+06   1.5266655e+15
   7.7636663e+06   1.5245381e+15
   7.7524571e+06   1.5224167e+15
   7.7412810e+06   1.5203011e+15
   7.7301377e+06   1.5181914e+15
   7.7190272e+06   1.5160876e+15
   7.7079492e+06   1.5139896e+15
   7.6969037e+06   1.5118973e+15
   7.6858904e+06   1.5098109e+15
   7.6749093e+06   1.5077302e+15
   7.6639601e+06   1.5056552e+15
   7.6530428e+06   1.5035860e+15
   7.6421572e+06   1.5015224e+15
   7.6313032e+06   1.4994645e+15
   7.6204806e+06   1.4974122e+15
   7.6096892e+06   1.4953655e+15
   7.5989290e+06   1.4933244e+15
   7.5881999e+06   1.4912888e+15
   7.5775016e+06   1.4892589e+15
   7.5668340e+06   1.4872344e+15
   7.5561970e+06   1.4852154e+15
   7.5455905e+06   1.4832019e+15
   7.5350144e+06   1.4811939e+15
   7.5244684e+06   1.4791912e+15
   7.5139525e+06   1.4771940e+15
   7.5034665e+06   1.4752022e+15
   7.4930104e+06   1.4732157e+15
   7.4825839e+06   1.4712346e+15
   7.4721869e+06   1.4692588e+15
   7.4618194e+06   1.4672883e+15
   7.4514812e+06   1.4653231e+15
   7.4411721e+06   1.4633631e+15
   7.4308921e+06   1.4614084e+15
   7.4206410e+06   1.4594589e+15
   7.4104187e+06   1.4575146e+15
   7.4002250e+06   1.4555754e+15
   7.3900599e+06   1.4536414e+15
   7.3799232e+06   1.4517126e+15
   7.3698148e+06   1.4497888e+15
   7.3597346e+06   1.4478702e+15
   7.3496825e+06   1.4459566e+15
   7.3396582e+06   1.4440481e+15
   7.3296618e+06   1.4421446e+15
   7.3196931e+06   1.4402461e+15
   7.3097520e+06   1.4383526e+15
   7.2998384e+06   1.4364641e+15
   7.2899521e+06   1.4345805e+15
   7.2800931e+06   1.4327018e+15
   7.2702611e+06   1.4308281e+15
   7.2604562e+06   1.4289593e+15
   7.2506782e+06   1.4270953e+15
   7.2409269e+06   1.4252362e+15
   7.2312023e+06   1.4233820e+15
   7.2215043e+06   1.4215325e+15
   7.2118328e+06   1.4196879e+15
   7.2021875e+06   1.4178480e+15
   7.1925685e+06   1.4160129e+15
   7.1829756e+06   1.4141826e+15
   7.1734087e+06   1.4123570e+15
   7.1638678e+06   1.4105360e+15
   7.1543526e+06   1.4087198e+15
   7.1448631e+06   1.4069082e+15
   7.1353992e+06   1.4051013e+15
   7.1259608e+06   1.4032991e+15
   7.1165477e+06   1.4015014e+15
   7.1071599e+06   1.3997084e+15
   7.0977973e+06   1.3979199e+15
   7.0884598e+06   1.3961360e+15
   7.0791472e+06   1.3943566e+15
   7.0698594e+06   1.3925818e+15
   7.0605965e+06   1.3908115e+15
   7.0513581e+06   1.3890456e+15
   7.0421444e+06   1.3872843e+15
   7.0329551e+06   1.3855274e+15
   7.0237901e+06   1.3837750e+15
   7.0146494e+06   1.3820270e+15
   7.0055329e+06   1.3802834e+15
   6.9964404e+06   1.3785442e+15
   6.9873719e+06   1.3768093e+15
   6.9783273e+06   1.3750789e+15
   6.9693064e+06   1.3733527e+15
   6.9603092e+06   1.3716309e+15
   6.9513357e+06   1.3699135e+15
   6.9423856e+06   1.3682003e+15
   6.9334589e+06   1.3664914e+15
   6.9245555e+06   1.3647867e+15
   6.9156753e+06   1.3630863e+15
   6.9068182e+06   1.3613901e+15
   6.8979841e+06   1.3596982e+15
   6.8891730e+06   1.3580104e+15
   6.8803848e+06   1.3563269e+15
   6.8716193e+06   1.3546475e+15
   6.8628764e+06   1.3529722e+15
   6.8541561e+06   1.3513011e+15
   6.8454584e+06   1.3496342e+15
   6.8367830e+06   1.3479713e+15
   6.8281299e+06   1.3463125e+15
   6.8194990e+06   1.3446578e+15
   6.8108903e+06   1.3430072e+15
   6.8023037e+06   1.3413606e+15
   6.7937389e+06   1.3397180e+15
   6.7851961e+06   1.3380795e+15
   6.7766751e+06   1.3364449e+15
   6.7681758e+06   1.3348144e+15
   6.7596980e+06   1.3331878e+15
   6.7512419e+06   1.3315652e+15
   6.7428072e+06   1.3299465e+15
   6.7343938e+06   1.3283318e+15
   6.7260018e+06   1.3267209e+15
   6.7176310e+06   1.3251140e+15
   6.7092812e+06   1.3235110e+15
   6.7009526e+06   1.3219118e+15
   6.6926449e+06   1.3203165e+15
   6.6843581e+06   1.3187251e+15
   6.6760921e+06   1.3171374e+15
   6.6678468e+06   1.3155536e+15
   6.6596221e+06   1.3139736e+15
   6.6514181e+06   1.3123974e+15
   6.6432345e+06   1.3108250e+15
   6.6350713e+06   1.3092563e+15
   6.6269285e+06   1.3076914e+15
   6.6188059e+06   1.3061302e+15
   6.6107035e+06   1.3045727e+15
   6.6026212e+06   1.3030190e+15
   6.5945590e+06   1.3014689e+15
   6.5865166e+06   1.2999226e+15
   6.5784942e+06   1.2983799e+15
   6.5704916e+06   1.2968408e+15
   6.5625087e+06   1.2953054e+15
   6.5545454e+06   1.2937737e+15
   6.5466017e+06   1.2922455e+15
   6.5386776e+06   1.2907210e+15
   6.5307729e+06   1.2892000e+15
   6.5228875e+06   1.2876826e+15
   6.5150214e+06   1.2861688e+15
   6.5071745e+06   1.2846586e+15
   6.4993468e+06   1.2831519e+15
   6.4915382e+06   1.2816487e+15
   6.4837486e+06   1.2801491e+15
   6.4759779e+06   1.2786529e+15
   6.4682260e+06   1.2771603e+15
   6.4604930e+06   1.2756711e+15
   6.4527787e+06   1.2741854e+15
   6.4450830e+06   1.2727031e+15
   6.4374059e+06   1.2712243e+15
   6.4297474e+06   1.2697489e+15
   6.4221073e+06   1.2682770e+15
   6.4144856e+06   1.2668084e+15
   6.4068822e+06   1.2653433e+15
   6.3992970e+06   1.2638815e+15
   6.3917301e+06   1.2624231e+15
   6.3841812e+06   1.2609681e+15
   6.3766504e+06   1.2595164e+15
   6.3691376e+06   1.2580681e+15
   6.3616427e+06   1.2566231e+15
   6.3541657e+06   1.2551814e+15
   6.3467064e+06   1.2537430e+15
   6.3392649e+06   1.2523079e+15
   6.3318411e+06   1.2508761e+15
   6.3244348e+06   1.2494475e+15
   6.3170461e+06   1.2480222e+15
   6.3096748e+06   1.2466002e+15
   6.3023210e+06   1.2451814e+15
   6.2949845e+06   1.2437658e+15
   6.2876653e+06   1.2423534e+15
   6.2803633e+06   1.2409443e+15
   6.2730785e+06   1.2395383e+15
   6.2658107e+06   1.2381355e+15
   6.2585601e+06   1.2367359e+15
   6.2513264e+06   1.2353395e+15
   6.2441096e+06   1.2339462e+15
   6.2369096e+06   1.2325560e+15
   6.2297265e+06   1.2311690e+15
   6.2225601e+06   1.2297851e+15
   6.2154104e+06   1.2284043e+15
   6.2082773e+06   1.2270265e+15
   6.2011607e+06   1.2256519e+15
   6.1940607e+06   1.2242804e+15
   6.1869771e+06   1.2229119e+15
   6.1799099e+06   1.2215465e+15
   6.1728591e+06   1.2201841e+15
   6.1658245e+06   1.2188248e+15
   6.1588061e+06   1.2174684e+15
   6.1518039e+06   1.2161151e+15
   6.1448177e+06   1.2147648e+15
   6.1378477e+06   1.2134175e+15
   6.1308936e+06   1.2120732e+15
   6.1239554e+06   1.2107319e+15
   6.1170331e+06   1.2093935e+15
   6.1101267e+06   1.2080581e+15
   6.1032360e+06   1.2067256e+15
   6.0963610e+06   1.2053961e+15
   6.0895017e+06   1.2040695e+15
   6.0826580e+06   1.2027458e+15
   6.0758299e+06   1.2014250e+15
   6.0690172e+06   1.2001071e+15
   6.0622200e+06   1.1987921e+15
   6.0554382e+06   1.1974800e+15
   6.0486717e+06   1.1961707e+15
   6.0419205e+06   1.1948643e+15
   6.0351846e+06   1.1935608e+15
   6.0284638e+06   1.1922601e+15
   6.0217582e+06   1.1909622e+15
   6.0150676e+06   1.1896672e+15
   6.0083921e+06   1.1883749e+15
   6.0017315e+06   1.1870855e+15
   5.9950858e+06   1.1857989e+15
   5.9884551e+06   1.1845150e+15
   5.9818391e+06   1.1832339e+15
   5.9752380e+06   1.1819556e+15
   5.9686515e+06   1.1806801e+15
   5.9620797e+06   1.1794073e+15
   5.9555226e+06   1.1781372e+15
   5.9489800e+06   1.1768699e+15
   5.9424519e+06   1.1756053e+15
   5.9359383e+06   1.1743434e+15
   5.9294392e+06   1.1730843e+15
   5.9229544e+06   1.1718278e+15
   5.9164840e+06   1.1705740e+15
   5.9100278e+06   1.1693229e+15
   5.9035859e+06   1.1680744e+15
   5.8971581e+06   1.1668287e+15
   5.8907445e+06   1.1655855e+15
   5.8843450e+06   1.1643451e+15
   5.8779596e+06   1.1631072e+15
   5.8715881e+06   1.1618720e+15
   5.8652306e+06   1.1606394e+15
   5.8588870e+06   1.1594095e+15
   5.8525573e+06   1.1581821e+15
   5.8462413e+06   1.1569573e+15
   5.8399392e+06   1.1557351e+15
   5.8336507e+06   1.1545155e+15
   5.8273760e+06   1.1532985e+15
   5.8211148e+06   1.1520840e+15
   5.8148673e+06   1.1508721e+15
   5.8086333e+06   1.1496627e+15
   5.8024128e+06   1.1484559e+15
   5.7962057e+06   1.1472516e+15
   5.7900121e+06   1.1460498e+15
   5.7838318e+06   1.1448505e+15
   5.7776649e+06   1.1436538e+15
   5.7715112e+06   1.1424595e+15
   5.7653708e+06   1.1412677e+15
   5.7592435e+06   1.1400785e+15
   5.7531294e+06   1.1388917e+15
   5.7470284e+06   1.1377073e+15
   5.7409405e+06   1.1365254e+15
   5.7348656e+06   1.1353460e+15
   5.7288037e+06   1.1341690e+15
   5.7227547e+06   1.1329945e+15
   5.7167186e+06   1.1318224e+15
   5.7106954e+06   1.1306527e+15
   5.7046849e+06   1.1294854e+15
   5.6986873e+06   1.1283206e+15
   5.6927024e+06   1.1271581e+15
   5.6867301e+06   1.1259980e+15
   5.6807705e+06   1.1248403e+15
   5.6748236e+06   1.1236850e+15
   5.6688891e+06   1.1225321e+15
   5.6629673e+06   1.1213815e+15
   5.6570579e+06   1.1202333e+15
   5.6511609e+06   1.1190874e+15
   5.6452764e+06   1.1179439e+15
   5.6394042e+06   1.1168027e+15
   5.6335443e+06   1.1156639e+15
   5.6276968e+06   1.1145273e+15
   5.6218615e+06   1.1133931e+15
   5.6160384e+06   1.1122612e+15
   5.6102274e+06   1.1111315e+15
   5.6044287e+06   1.1100042e+15
   5.5986420e+06   1.1088791e+15
   5.5928673e+06   1.1077564e+15
   5.5871047e+06   1.1066359e+15
   5.5813541e+06   1.1055176e+15
   5.5756154e+06   1.1044017e+15
   5.5698886e+06   1.1032879e+15
   5.5641737e+06   1.1021765e+15
   5.5584706e+06   1.1010672e+15
   5.5527793e+06   1.0999602e+15
   5.5470998e+06   1.0988554e+15
   5.5414320e+06   1.0977528e+15
   5.5357758e+06   1.0966525e+15
   5.5301313e+06   1.0955543e+15
   5.5244985e+06   1.0944584e+15
   5.5188772e+06   1.0933646e+15
   5.5132674e+06   1.0922730e+15
   5.5076692e+06   1.0911836e+15
   5.5020824e+06   1.0900963e+15
   5.4965070e+06   1.0890113e+15
   5.4909431e+06   1.0879284e+15
   5.4853905e+06   1.0868476e+15
   5.4798492e+06   1.0857690e+15
   5.4743192e+06   1.0846925e+15
   5.4688005e+06   1.0836181e+15
   5.4632930e+06   1.0825459e+15
   5.4577967e+06   1.0814758e+15
   5.4523116e+06   1.0804078e+15
   5.4468375e+06   1.0793419e+15
   5.4413746e+06   1.0782782e+15
   5.4359227e+06   1.0772165e+15
   5.4304818e+06   1.0761569e+15
   5.4250519e+06   1.0750994e+15
   5.4196329e+06   1.0740439e+15
   5.4142249e+06   1.0729906e+15
   5.4088277e+06   1.0719393e+15
   5.4034414e+06   1.0708900e+15
   5.3980659e+06   1.0698428e+15
   5.3927012e+06   1.0687977e+15
   5.3873473e+06   1.0677546e+15
   5.3820040e+06   1.0667135e+15
   5.3766715e+06   1.0656744e+15
   5.3713496e+06   1.0646374e+15
   5.3660383e+06   1.0636024e+15
   5.3607376e+06   1.0625694e+15
   5.3554475e+06   1.0615384e+15
   5.3501679e+06   1.0605094e+15
   5.3448988e+06   1.0594824e+15
   5.3396401e+06   1.0584574e+15
   5.3343919e+06   1.0574344e+15
   5.3291541e+06   1.0564133e+15
   5.3239267e+06   1.0553942e+15
   5.3187096e+06   1.0543771e+15
   5.3135027e+06   1.0533619e+15
   5.3083062e+06   1.0523487e+15
   5.3031199e+06   1.0513375e+15
   5.2979439e+06   1.0503282e+15
   5.2927780e+06   1.0493208e+15
   5.2876223e+06   1.0483153e+15
   5.2824766e+06   1.0473118e+15
   5.2773411e+06   1.0463102e+15
   5.2722157e+06   1.0453105e+15
   5.2671003e+06   1.0443127e+15
   5.2619949e+06   1.0433168e+15
   5.2568994e+06   1.0423228e+15
   5.2518139e+06   1.0413307e+15
   5.2467383e+06   1.0403405e+15
   5.2416727e+06   1.0393522e+15
   5.2366168e+06   1.0383657e+15
   5.2315708e+06   1.0373812e+15
   5.2265346e+06   1.0363984e+15
   5.2215082e+06   1.0354176e+15
   5.2164915e+06   1.0344386e+15
   5.2114845e+06   1.0334614e+15
   5.2064872e+06   1.0324861e+15
   5.2014996e+06   1.0315127e+15
   5.1965216e+06   1.0305410e+15
   5.1915531e+06   1.0295712e+15
   5.1865943e+06   1.0286032e+15
   5.1816450e+06   1.0276371e+15
   5.1767052e+06   1.0266727e+15
   5.1717749e+06   1.0257102e+15
   5.1668541e+06   1.0247495e+15
   5.1619427e+06   1.0237905e+15
   5.1570407e+06   1.0228334e+15
   5.1521481e+06   1.0218780e+15
   5.1472649e+06   1.0209244e+15
   5.1423910e+06   1.0199726e+15
   5.1375263e+06   1.0190226e+15
   5.1326710e+06   1.0180744e+15
   5.1278248e+06   1.0171279e+15
   5.1229879e+06   1.0161831e+15
   5.1181602e+06   1.0152401e+15
   5.1133417e+06   1.0142989e+15
   5.1085323e+06   1.0133594e+15
   5.1037320e+06   1.0124217e+15
   5.0989408e+06   1.0114857e+15
   5.0941587e+06   1.0105514e+15
   5.0893856e+06   1.0096188e+15
   5.0846215e+06   1.0086880e+15
   5.0798664e+06   1.0077588e+15
   5.0751202e+06   1.0068314e+15
   5.0703830e+06   1.0059057e+15
   5.0656547e+06   1.0049817e+15
   5.0609352e+06   1.0040594e+15
   5.0562246e+06   1.0031387e+15
   5.0515229e+06   1.0022198e+15
   5.0468299e+06   1.0013026e+15
   5.0421458e+06   1.0003870e+15
   5.0374704e+06   9.9947307e+14
   5.0328037e+06   9.9856083e+14
   5.0281457e+06   9.9765026e+14
   5.0234965e+06   9.9674134e+14
   5.0188558e+06   9.9583408e+14
   5.0142238e+06   9.9492847e+14
   5.0096004e+06   9.9402451e+14
   5.0049856e+06   9.9312218e+14
   5.0003794e+06   9.9222150e+14
   4.9957817e+06   9.9132244e+14
   4.9911925e+06   9.9042502e+14
   4.9866118e+06   9.8952921e+14
   4.9820396e+06   9.8863503e+14
   4.9774758e+06   9.8774246e+14
   4.9729204e+06   9.8685150e+14
   4.9683735e+06   9.8596215e+14
   4.9638348e+06   9.8507440e+14
   4.9593046e+06   9.8418824e+14
   4.9547827e+06   9.8330368e+14
   4.9502690e+06   9.8242071e+14
   4.9457637e+06   9.8153932e+14
   4.9412666e+06   9.8065951e+14
   4.9367777e+06   9.7978127e+14
   4.9322971e+06   9.7890461e+14
   4.9278246e+06   9.7802952e+14
   4.9233603e+06   9.7715599e+14
   4.9189041e+06   9.7628402e+14
   4.9144561e+06   9.7541360e+14
   4.9100162e+06   9.7454473e+14
   4.9055843e+06   9.7367741e+14
   4.9011605e+06   9.7281164e+14
   4.8967447e+06   9.7194740e+14
   4.8923370e+06   9.7108469e+14
   4.8879372e+06   9.7022352e+14
   4.8835454e+06   9.6936387e+14
   4.8791615e+06   9.6850574e+14
   4.8747855e+06   9.6764913e+14
   4.8704175e+06   9.6679404e+14
   4.8660573e+06   9.6594045e+14
   4.8617050e+06   9.6508837e+14
   4.8573605e+06   9.6423780e+14
   4.8530239e+06   9.6338872e+14
   4.8486950e+06   9.6254113e+14
   4.8443739e+06   9.6169504e+14
   4.8400605e+06   9.6085043e+14
   4.8357549e+06   9.6000730e+14
   4.8314570e+06   9.5916566e+14
   4.8271668e+06   9.5832548e+14
   4.8228842e+06   9.5748678e+14
   4.8186093e+06   9.5664954e+14
   4.8143421e+06   9.5581377e+14
   4.8100824e+06   9.5497945e+14
   4.8058303e+06   9.5414660e+14
   4.8015858e+06   9.5331519e+14
   4.7973488e+06   9.5248523e+14
   4.7931193e+06   9.5165671e+14
   4.7888974e+06   9.5082964e+14
   4.7846829e+06   9.5000400e+14
   4.7804759e+06   9.4917979e+14
   4.7762764e+06   9.4835701e+14
   4.7720842e+06   9.4753566e+14
   4.7678995e+06   9.4671573e+14
   4.7637222e+06   9.4589721e+14
   4.7595522e+06   9.4508011e+14
   4.7553896e+06   9.4426442e+14
   4.7512343e+06   9.4345014e+14
   4.7470863e+06   9.4263726e+14
   4.7429455e+06   9.4182578e+14
