1	77.2245
1.10076	63.9915
1.20485	49.4171
1.30397	42.9193
1.3954	34.7389
1.49324	30.1711
1.60699	24.4205
1.70035	19.307
1.80932	14.9097
1.90365	10.2377
2.20472	8.48343
2.30661	6.55129
2.39962	4.29193
2.59703	1.79929
2.70175	1.3895
2.81069	1.23548
2.90755	1.20679
3.00776	1.20679
3.11141	1.09854
3.1825	1
3.31082	0.772245
3.42492	0.530261
3.48344	0.409492
3.60349	0.308884
3.68582	0.238534
3.83443	0.202359
3.89995	0.250011
4.01164	0.331442
4.10328	0.419227
4.22079	0.530261
4.29291	0.596362
4.41585	0.702973
4.54231	0.754312
4.77914	0.8094
4.88832	0.655129
