 5.81613765e+02 6.17790756e-10
 5.81796226e+02 6.49942530e-10
 5.81978686e+02 6.83663685e-10
 5.82161147e+02 7.19031123e-10
 5.82343608e+02 7.56121743e-10
 5.82526069e+02 7.95012447e-10
 5.82708530e+02 8.35782157e-10
 5.82890991e+02 8.78516595e-10
 5.83073452e+02 9.23303196e-10
 5.83255912e+02 9.70233885e-10
 5.83438373e+02 1.01940417e-09
 5.83620834e+02 1.07091194e-09
 5.83803295e+02 1.12486162e-09
 5.83985756e+02 1.18135924e-09
 5.84168217e+02 1.24051682e-09
 5.84350677e+02 1.30245050e-09
 5.84533138e+02 1.36727961e-09
 5.84715599e+02 1.43513089e-09
 5.84898060e+02 1.50613293e-09
 5.85080521e+02 1.58042178e-09
 5.85262982e+02 1.65813792e-09
 5.85445442e+02 1.73942601e-09
 5.85627903e+02 1.82443924e-09
 5.85810364e+02 1.91333291e-09
 5.85992825e+02 2.00627150e-09
 5.86175286e+02 2.10342413e-09
 5.86357747e+02 2.20496545e-09
 5.86540208e+02 2.31107970e-09
 5.86722668e+02 2.42195366e-09
 5.86905129e+02 2.53778522e-09
 5.87087590e+02 2.65877710e-09
 5.87270051e+02 2.78513917e-09
 5.87452512e+02 2.91709200e-09
 5.87634973e+02 3.05485926e-09
 5.87817433e+02 3.19867788e-09
 5.87999894e+02 3.34878978e-09
 5.88182355e+02 3.50544602e-09
 5.88364816e+02 3.66890937e-09
 5.88547277e+02 3.83944653e-09
 5.88729738e+02 4.01733978e-09
 5.88912198e+02 4.20287655e-09
 5.89094659e+02 4.39635574e-09
 5.89277120e+02 4.59808892e-09
 5.89459581e+02 4.80839272e-09
 5.89642042e+02 5.02760178e-09
 5.89824503e+02 5.25605603e-09
 5.90006964e+02 5.49410966e-09
 5.90189424e+02 5.74213035e-09
 5.90371885e+02 6.00049229e-09
 5.90554346e+02 6.26959021e-09
 5.90736807e+02 6.54982435e-09
 5.90919268e+02 6.84161235e-09
 5.91101729e+02 7.14538602e-09
 5.91284189e+02 7.46158555e-09
 5.91466650e+02 7.79067422e-09
 5.91649111e+02 8.13312110e-09
 5.91831572e+02 8.48941622e-09
 5.92014033e+02 8.86006426e-09
 5.92196494e+02 9.24558062e-09
 5.92378954e+02 9.64650627e-09
 5.92561415e+02 1.00633884e-08
 5.92743876e+02 1.04967990e-08
 5.92926337e+02 1.09473252e-08
 5.93108798e+02 1.14155675e-08
 5.93291259e+02 1.19021542e-08
 5.93473720e+02 1.24077208e-08
 5.93656180e+02 1.29329316e-08
 5.93838641e+02 1.34784660e-08
 5.94021102e+02 1.40450202e-08
 5.94203563e+02 1.46333207e-08
 5.94386024e+02 1.52441014e-08
 5.94568485e+02 1.58781298e-08
 5.94750945e+02 1.65361884e-08
 5.94933406e+02 1.72190805e-08
 5.95115867e+02 1.79276410e-08
 5.95298328e+02 1.86627139e-08
 5.95480789e+02 1.94251812e-08
 5.95663250e+02 2.02159394e-08
 5.95845710e+02 2.10359103e-08
 5.96028171e+02 2.18860487e-08
 5.96210632e+02 2.27673202e-08
 5.96393093e+02 2.36807326e-08
 5.96575554e+02 2.46273079e-08
 5.96758015e+02 2.56080984e-08
 5.96940475e+02 2.66241901e-08
 5.97122936e+02 2.76766818e-08
 5.97305397e+02 2.87667188e-08
 5.97487858e+02 2.98954601e-08
 5.97670319e+02 3.10641001e-08
 5.97852780e+02 3.22738673e-08
 5.98035241e+02 3.35260056e-08
 5.98217701e+02 3.48218089e-08
 5.98400162e+02 3.61625848e-08
 5.98582623e+02 3.75496811e-08
 5.98765084e+02 3.89844797e-08
 5.98947545e+02 4.04683811e-08
 5.99130006e+02 4.20028388e-08
 5.99312466e+02 4.35893192e-08
 5.99494927e+02 4.52293349e-08
 5.99677388e+02 4.69244312e-08
 5.99859849e+02 4.86761760e-08
 6.00042310e+02 5.04861920e-08
 6.00224771e+02 5.23561148e-08
 6.00407231e+02 5.42876314e-08
 6.00589692e+02 5.62824598e-08
 6.00772153e+02 5.83423447e-08
 6.00954614e+02 6.04690865e-08
 6.01137075e+02 6.26644991e-08
 6.01319536e+02 6.49304518e-08
 6.01501997e+02 6.72688431e-08
 6.01684457e+02 6.96816025e-08
 6.01866918e+02 7.21707149e-08
 6.02049379e+02 7.47381793e-08
 6.02231840e+02 7.73860537e-08
 6.02414301e+02 8.01164229e-08
 6.02596762e+02 8.29314068e-08
 6.02779222e+02 8.58331794e-08
 6.02961683e+02 8.88239295e-08
 6.03144144e+02 9.19059074e-08
 6.03326605e+02 9.50813875e-08
 6.03509066e+02 9.83526830e-08
 6.03691527e+02 1.01722159e-07
 6.03873987e+02 1.05192195e-07
 6.04056448e+02 1.08765235e-07
 6.04238909e+02 1.12443743e-07
 6.04421370e+02 1.16230225e-07
 6.04603831e+02 1.20127234e-07
 6.04786292e+02 1.24137342e-07
 6.04968753e+02 1.28263180e-07
 6.05151213e+02 1.32507399e-07
 6.05333674e+02 1.36872694e-07
 6.05516135e+02 1.41361800e-07
 6.05698596e+02 1.45977474e-07
 6.05881057e+02 1.50722528e-07
 6.06063518e+02 1.55599792e-07
 6.06245978e+02 1.60612138e-07
 6.06428439e+02 1.65762477e-07
 6.06610900e+02 1.71053737e-07
 6.06793361e+02 1.76488899e-07
 6.06975822e+02 1.82070959e-07
 6.07158283e+02 1.87802953e-07
 6.07340743e+02 1.93687949e-07
 6.07523204e+02 1.99729031e-07
 6.07705665e+02 2.05929332e-07
 6.07888126e+02 2.12291993e-07
 6.08070587e+02 2.18820193e-07
 6.08253048e+02 2.25517136e-07
 6.08435509e+02 2.32386042e-07
 6.08617969e+02 2.39430166e-07
 6.08800430e+02 2.46652774e-07
 6.08982891e+02 2.54057159e-07
 6.09165352e+02 2.61646632e-07
 6.09347813e+02 2.69424518e-07
 6.09530274e+02 2.77394165e-07
 6.09712734e+02 2.85558930e-07
 6.09895195e+02 2.93922186e-07
 6.10077656e+02 3.02487318e-07
 6.10260117e+02 3.11257716e-07
 6.10442578e+02 3.20236785e-07
 6.10625039e+02 3.29427930e-07
 6.10807499e+02 3.38834564e-07
 6.10989960e+02 3.48460102e-07
 6.11172421e+02 3.58307956e-07
 6.11354882e+02 3.68381540e-07
 6.11537343e+02 3.78684262e-07
 6.11719804e+02 3.89219522e-07
 6.11902264e+02 3.99990716e-07
 6.12084725e+02 4.11001225e-07
 6.12267186e+02 4.22254416e-07
 6.12449647e+02 4.33753647e-07
 6.12632108e+02 4.45502247e-07
 6.12814569e+02 4.57503533e-07
 6.12997030e+02 4.69760795e-07
 6.13179490e+02 4.82277291e-07
 6.13361951e+02 4.95056265e-07
 6.13544412e+02 5.08100908e-07
 6.13726873e+02 5.21414394e-07
 6.13909334e+02 5.34999850e-07
 6.14091795e+02 5.48860359e-07
 6.14274255e+02 5.62998975e-07
 6.14456716e+02 5.77418680e-07
 6.14639177e+02 5.92122432e-07
 6.14821638e+02 6.07113116e-07
 6.15004099e+02 6.22393562e-07
 6.15186560e+02 6.37966560e-07
 6.15369020e+02 6.53834796e-07
 6.15551481e+02 6.70000934e-07
 6.15733942e+02 6.86467534e-07
 6.15916403e+02 7.03237087e-07
 6.16098864e+02 7.20312032e-07
 6.16281325e+02 7.37694676e-07
 6.16463786e+02 7.55387299e-07
 6.16646246e+02 7.73392043e-07
 6.16828707e+02 7.91710977e-07
 6.17011168e+02 8.10346091e-07
 6.17193629e+02 8.29299224e-07
 6.17376090e+02 8.48572176e-07
 6.17558551e+02 8.68166579e-07
 6.17741011e+02 8.88083984e-07
 6.17923472e+02 9.08325837e-07
 6.18105933e+02 9.28893409e-07
 6.18288394e+02 9.49787929e-07
 6.18470855e+02 9.71010415e-07
 6.18653316e+02 9.92561804e-07
 6.18835776e+02 1.01444290e-06
 6.19018237e+02 1.03665430e-06
 6.19200698e+02 1.05919657e-06
 6.19383159e+02 1.08207002e-06
 6.19565620e+02 1.10527486e-06
 6.19748081e+02 1.12881115e-06
 6.19930542e+02 1.15267874e-06
 6.20113002e+02 1.17687741e-06
 6.20295463e+02 1.20140664e-06
 6.20477924e+02 1.22626587e-06
 6.20660385e+02 1.25145428e-06
 6.20842846e+02 1.27697088e-06
 6.21025307e+02 1.30281456e-06
 6.21207767e+02 1.32898392e-06
 6.21390228e+02 1.35547745e-06
 6.21572689e+02 1.38229343e-06
 6.21755150e+02 1.40942990e-06
 6.21937611e+02 1.43688477e-06
 6.22120072e+02 1.46465566e-06
 6.22302532e+02 1.49274006e-06
 6.22484993e+02 1.52113521e-06
 6.22667454e+02 1.54983812e-06
 6.22849915e+02 1.57884565e-06
 6.23032376e+02 1.60815431e-06
 6.23214837e+02 1.63776055e-06
 6.23397298e+02 1.66766048e-06
 6.23579758e+02 1.69784998e-06
 6.23762219e+02 1.72832480e-06
 6.23944680e+02 1.75908029e-06
 6.24127141e+02 1.79011176e-06
 6.24309602e+02 1.82141411e-06
 6.24492063e+02 1.85298207e-06
 6.24674523e+02 1.88481019e-06
 6.24856984e+02 1.91689261e-06
 6.25039445e+02 1.94922342e-06
 6.25221906e+02 1.98179630e-06
 6.25404367e+02 2.01460476e-06
 6.25586828e+02 2.04764207e-06
 6.25769288e+02 2.08090117e-06
 6.25951749e+02 2.11437487e-06
 6.26134210e+02 2.14805560e-06
 6.26316671e+02 2.18193560e-06
 6.26499132e+02 2.21600689e-06
 6.26681593e+02 2.25026112e-06
 6.26864053e+02 2.28468984e-06
 6.27046514e+02 2.31928420e-06
 6.27228975e+02 2.35403518e-06
 6.27411436e+02 2.38893351e-06
 6.27593897e+02 2.42396959e-06
 6.27776358e+02 2.45913371e-06
 6.27958819e+02 2.49441573e-06
 6.28141279e+02 2.52980540e-06
 6.28323740e+02 2.56529220e-06
 6.28506201e+02 2.60086527e-06
 6.28688662e+02 2.63651366e-06
 6.28871123e+02 2.67222603e-06
 6.29053584e+02 2.70799091e-06
 6.29236044e+02 2.74379656e-06
 6.29418505e+02 2.77963095e-06
 6.29600966e+02 2.81548196e-06
 6.29783427e+02 2.85133706e-06
 6.29965888e+02 2.88718367e-06
 6.30148349e+02 2.92300890e-06
 6.30330809e+02 2.95879963e-06
 6.30513270e+02 2.99454263e-06
 6.30695731e+02 3.03022435e-06
 6.30878192e+02 3.06583112e-06
 6.31060653e+02 3.10134905e-06
 6.31243114e+02 3.13676403e-06
 6.31425575e+02 3.17206186e-06
 6.31608035e+02 3.20722804e-06
 6.31790496e+02 3.24224801e-06
 6.31972957e+02 3.27710697e-06
 6.32155418e+02 3.31179000e-06
 6.32337879e+02 3.34628204e-06
 6.32520340e+02 3.38056783e-06
 6.32702800e+02 3.41463205e-06
 6.32885261e+02 3.44845921e-06
 6.33067722e+02 3.48203368e-06
 6.33250183e+02 3.51533978e-06
 6.33432644e+02 3.54836166e-06
 6.33615105e+02 3.58108343e-06
 6.33797565e+02 3.61348908e-06
 6.33980026e+02 3.64556254e-06
 6.34162487e+02 3.67728766e-06
 6.34344948e+02 3.70864823e-06
 6.34527409e+02 3.73962803e-06
 6.34709870e+02 3.77021074e-06
 6.34892331e+02 3.80038006e-06
 6.35074791e+02 3.83011965e-06
 6.35257252e+02 3.85941317e-06
 6.35439713e+02 3.88824427e-06
 6.35622174e+02 3.91659664e-06
 6.35804635e+02 3.94445397e-06
 6.35987096e+02 3.97179999e-06
 6.36169556e+02 3.99861849e-06
 6.36352017e+02 4.02489330e-06
 6.36534478e+02 4.05060835e-06
 6.36716939e+02 4.07574760e-06
 6.36899400e+02 4.10029515e-06
 6.37081861e+02 4.12423521e-06
 6.37264321e+02 4.14755204e-06
 6.37446782e+02 4.17023013e-06
 6.37629243e+02 4.19225401e-06
 6.37811704e+02 4.21360844e-06
 6.37994165e+02 4.23427833e-06
 6.38176626e+02 4.25424870e-06
 6.38359087e+02 4.27350489e-06
 6.38541547e+02 4.29203230e-06
 6.38724008e+02 4.30981667e-06
 6.38906469e+02 4.32684390e-06
 6.39088930e+02 4.34310010e-06
 6.39271391e+02 4.35857177e-06
 6.39453852e+02 4.37324548e-06
 6.39636312e+02 4.38710825e-06
 6.39818773e+02 4.40014732e-06
 6.40001234e+02 4.41235018e-06
 6.40183695e+02 4.42370478e-06
 6.40366156e+02 4.43419920e-06
 6.40548617e+02 4.44382205e-06
 6.40731077e+02 4.45256219e-06
 6.40913538e+02 4.46040881e-06
 6.41095999e+02 4.46735163e-06
 6.41278460e+02 4.47338052e-06
 6.41460921e+02 4.47848600e-06
 6.41643382e+02 4.48265883e-06
 6.41825842e+02 4.48589020e-06
 6.42008303e+02 4.48817189e-06
 6.42190764e+02 4.48949586e-06
 6.42373225e+02 4.48985480e-06
 6.42555686e+02 4.48924166e-06
 6.42738147e+02 4.48764993e-06
 6.42920608e+02 4.48507368e-06
 6.43103068e+02 4.48150723e-06
 6.43285529e+02 4.47694572e-06
 6.43467990e+02 4.47138453e-06
 6.43650451e+02 4.46481969e-06
 6.43832912e+02 4.45724782e-06
 6.44015373e+02 4.44866584e-06
 6.44197833e+02 4.43907154e-06
 6.44380294e+02 4.42846298e-06
 6.44562755e+02 4.41683892e-06
 6.44745216e+02 4.40419874e-06
 6.44927677e+02 4.39054216e-06
 6.45110138e+02 4.37586983e-06
 6.45292598e+02 4.36018264e-06
 6.45475059e+02 4.34348227e-06
 6.45657520e+02 4.32577104e-06
 6.45839981e+02 4.30705159e-06
 6.46022442e+02 4.28732758e-06
 6.46204903e+02 4.26660289e-06
 6.46387364e+02 4.24488225e-06
 6.46569824e+02 4.22217098e-06
 6.46752285e+02 4.19847482e-06
 6.46934746e+02 4.17380050e-06
 6.47117207e+02 4.14815496e-06
 6.47299668e+02 4.12154606e-06
 6.47482129e+02 4.09398222e-06
 6.47664589e+02 4.06547229e-06
 6.47847050e+02 4.03602611e-06
 6.48029511e+02 4.00565373e-06
 6.48211972e+02 3.97436617e-06
 6.48394433e+02 3.94217490e-06
 6.48576894e+02 3.90909194e-06
 6.48759354e+02 3.87513019e-06
 6.48941815e+02 3.84030279e-06
 6.49124276e+02 3.80462384e-06
 6.49306737e+02 3.76810787e-06
 6.49489198e+02 3.73076994e-06
 6.49671659e+02 3.69262596e-06
 6.49854120e+02 3.65369209e-06
 6.50036580e+02 3.61398539e-06
 6.50219041e+02 3.57352331e-06
 6.50401502e+02 3.53232385e-06
 6.50583963e+02 3.49040580e-06
 6.50766424e+02 3.44778813e-06
 6.50948885e+02 3.40449076e-06
 6.51131345e+02 3.36053385e-06
 6.51313806e+02 3.31593817e-06
 6.51496267e+02 3.27072514e-06
 6.51678728e+02 3.22491642e-06
 6.51861189e+02 3.17853445e-06
 6.52043650e+02 3.13160194e-06
 6.52226110e+02 3.08414216e-06
 6.52408571e+02 3.03617890e-06
 6.52591032e+02 2.98773621e-06
 6.52773493e+02 2.93883881e-06
 6.52955954e+02 2.88951165e-06
 6.53138415e+02 2.83978017e-06
 6.53320876e+02 2.78967025e-06
 6.53503336e+02 2.73920797e-06
 6.53685797e+02 2.68842002e-06
 6.53868258e+02 2.63733322e-06
 6.54050719e+02 2.58597484e-06
 6.54233180e+02 2.53437245e-06
 6.54415641e+02 2.48255383e-06
 6.54598101e+02 2.43054721e-06
 6.54780562e+02 2.37838091e-06
 6.54963023e+02 2.32608361e-06
 6.55145484e+02 2.27368418e-06
 6.55327945e+02 2.22121166e-06
 6.55510406e+02 2.16869539e-06
 6.55692866e+02 2.11616476e-06
 6.55875327e+02 2.06364940e-06
 6.56057788e+02 2.01117907e-06
 6.56240249e+02 1.95878359e-06
 6.56422710e+02 1.90649294e-06
 6.56605171e+02 1.85433713e-06
 6.56787631e+02 1.80234628e-06
 6.56970092e+02 1.75055051e-06
 6.57152553e+02 1.69897996e-06
 6.57335014e+02 1.64766478e-06
 6.57517475e+02 1.59663511e-06
 6.57699936e+02 1.54592103e-06
 6.57882397e+02 1.49555256e-06
 6.58064857e+02 1.44555965e-06
 6.58247318e+02 1.39597211e-06
 6.58429779e+02 1.34681972e-06
 6.58612240e+02 1.29813199e-06
 6.58794701e+02 1.24993836e-06
 6.58977162e+02 1.20226807e-06
 6.59159622e+02 1.15515010e-06
 6.59342083e+02 1.10861332e-06
 6.59524544e+02 1.06268620e-06
 6.59707005e+02 1.01739711e-06
 6.59889466e+02 9.72774034e-07
 6.60071927e+02 9.28844638e-07
 6.60254387e+02 8.85636406e-07
 6.60436848e+02 8.43176264e-07
 6.60619309e+02 8.01490987e-07
 6.60801770e+02 7.60606848e-07
 6.60984231e+02 7.20549707e-07
 6.61166692e+02 6.81345173e-07
 6.61349153e+02 6.43018154e-07
 6.61531613e+02 6.05593380e-07
 6.61714074e+02 5.69094926e-07
 6.61896535e+02 5.33546404e-07
 6.62078996e+02 4.98971088e-07
 6.62261457e+02 4.65391427e-07
 6.62443918e+02 4.32829671e-07
 6.62626378e+02 4.01307265e-07
 6.62808839e+02 3.70845161e-07
 6.62991300e+02 3.41463872e-07
 6.63173761e+02 3.13182997e-07
 6.63356222e+02 2.86021908e-07
 6.63538683e+02 2.59999030e-07
 6.63721143e+02 2.35132290e-07
 6.63903604e+02 2.11439067e-07
 6.64086065e+02 1.88935761e-07
 6.64268526e+02 1.67638521e-07
 6.64450987e+02 1.47562420e-07
 6.64633448e+02 1.28722043e-07
 6.64815909e+02 1.11131317e-07
 6.64998369e+02 9.48031583e-08
 6.65180830e+02 7.97501991e-08
 6.65363291e+02 6.59838894e-08
 6.65545752e+02 5.35152168e-08
 6.65728213e+02 4.23544032e-08
 6.65910674e+02 3.25106543e-08
 6.66093134e+02 2.39928575e-08
 6.66275595e+02 1.68086389e-08
 6.66458056e+02 1.09651957e-08
 6.66640517e+02 6.46885777e-09
 6.66822978e+02 3.32496539e-09
 6.67005439e+02 1.53849868e-09
 6.67187899e+02 1.11313075e-09
 6.67370360e+02 2.05214295e-09
 6.67552821e+02 4.35786131e-09
 6.67735282e+02 8.03167442e-09
 6.67917743e+02 1.30745644e-08
 6.68100204e+02 1.94861965e-08
 6.68282665e+02 2.72658810e-08
 6.68465125e+02 3.64119037e-08
 6.68647586e+02 4.69216865e-08
 6.68830047e+02 5.87921968e-08
 6.69012508e+02 7.20191109e-08
 6.69194969e+02 8.65977839e-08
 6.69377430e+02 1.02522502e-07
 6.69559890e+02 1.19786774e-07
 6.69742351e+02 1.38383612e-07
 6.69924812e+02 1.58304795e-07
 6.70107273e+02 1.79541809e-07
 6.70289734e+02 2.02085054e-07
 6.70472195e+02 2.25924252e-07
 6.70654655e+02 2.51048589e-07
 6.70837116e+02 2.77446107e-07
 6.71019577e+02 3.05104579e-07
 6.71202038e+02 3.34010705e-07
 6.71384499e+02 3.64150609e-07
 6.71566960e+02 3.95509852e-07
 6.71749420e+02 4.28072965e-07
 6.71931881e+02 4.61824229e-07
 6.72114342e+02 4.96746894e-07
 6.72296803e+02 5.32823737e-07
 6.72479264e+02 5.70036961e-07
 6.72661725e+02 6.08367870e-07
 6.72844186e+02 6.47797532e-07
 6.73026646e+02 6.88306062e-07
 6.73209107e+02 7.29873192e-07
 6.73391568e+02 7.72478094e-07
 6.73574029e+02 8.16099180e-07
 6.73756490e+02 8.60714642e-07
 6.73938951e+02 9.06301820e-07
 6.74121411e+02 9.52837758e-07
 6.74303872e+02 1.00029897e-06
 6.74486333e+02 1.04866136e-06
 6.74668794e+02 1.09790063e-06
 6.74851255e+02 1.14799174e-06
 6.75033716e+02 1.19890944e-06
 6.75216176e+02 1.25062802e-06
 6.75398637e+02 1.30312128e-06
 6.75581098e+02 1.35636285e-06
 6.75763559e+02 1.41032576e-06
 6.75946020e+02 1.46498290e-06
 6.76128481e+02 1.52030676e-06
 6.76310942e+02 1.57626950e-06
 6.76493402e+02 1.63284311e-06
 6.76675863e+02 1.68999917e-06
 6.76858324e+02 1.74770915e-06
 6.77040785e+02 1.80594422e-06
 6.77223246e+02 1.86467536e-06
 6.77405707e+02 1.92387340e-06
 6.77588167e+02 1.98350893e-06
 6.77770628e+02 2.04355247e-06
 6.77953089e+02 2.10397437e-06
 6.78135550e+02 2.16474486e-06
 6.78318011e+02 2.22583413e-06
 6.78500472e+02 2.28721224e-06
 6.78682932e+02 2.34884924e-06
 6.78865393e+02 2.41071513e-06
 6.79047854e+02 2.47277989e-06
 6.79230315e+02 2.53501351e-06
 6.79412776e+02 2.59738602e-06
 6.79595237e+02 2.65986746e-06
 6.79777698e+02 2.72242796e-06
 6.79960158e+02 2.78503770e-06
 6.80142619e+02 2.84766696e-06
 6.80325080e+02 2.91028618e-06
 6.80507541e+02 2.97286585e-06
 6.80690002e+02 3.03537669e-06
 6.80872463e+02 3.09778952e-06
 6.81054923e+02 3.16007537e-06
 6.81237384e+02 3.22220551e-06
 6.81419845e+02 3.28415132e-06
 6.81602306e+02 3.34588454e-06
 6.81784767e+02 3.40737707e-06
 6.81967228e+02 3.46860107e-06
 6.82149688e+02 3.52952908e-06
 6.82332149e+02 3.59013376e-06
 6.82514610e+02 3.65038828e-06
 6.82697071e+02 3.71026597e-06
 6.82879532e+02 3.76974056e-06
 6.83061993e+02 3.82878619e-06
 6.83244453e+02 3.88737718e-06
 6.83426914e+02 3.94548849e-06
 6.83609375e+02 4.00309523e-06
 6.83791836e+02 4.06017303e-06
 6.83974297e+02 4.11669797e-06
 6.84156758e+02 4.17264637e-06
 6.84339219e+02 4.22799526e-06
 6.84521679e+02 4.28272186e-06
 6.84704140e+02 4.33680399e-06
 6.84886601e+02 4.39021994e-06
 6.85069062e+02 4.44294833e-06
 6.85251523e+02 4.49496851e-06
 6.85433984e+02 4.54626006e-06
 6.85616444e+02 4.59680325e-06
 6.85798905e+02 4.64657882e-06
 6.85981366e+02 4.69556789e-06
 6.86163827e+02 4.74375237e-06
 6.86346288e+02 4.79111440e-06
 6.86528749e+02 4.83763690e-06
 6.86711209e+02 4.88330322e-06
 6.86893670e+02 4.92809718e-06
 6.87076131e+02 4.97200341e-06
 6.87258592e+02 5.01500674e-06
 6.87441053e+02 5.05709288e-06
 6.87623514e+02 5.09824795e-06
 6.87805975e+02 5.13845857e-06
 6.87988435e+02 5.17771219e-06
 6.88170896e+02 5.21599646e-06
 6.88353357e+02 5.25329996e-06
 6.88535818e+02 5.28961164e-06
 6.88718279e+02 5.32492100e-06
 6.88900740e+02 5.35921836e-06
 6.89083200e+02 5.39249425e-06
 6.89265661e+02 5.42474014e-06
 6.89448122e+02 5.45594784e-06
 6.89630583e+02 5.48610977e-06
 6.89813044e+02 5.51521909e-06
 6.89995505e+02 5.54326923e-06
 6.90177965e+02 5.57025453e-06
 6.90360426e+02 5.59616964e-06
 6.90542887e+02 5.62100986e-06
 6.90725348e+02 5.64477118e-06
 6.90907809e+02 5.66744984e-06
 6.91090270e+02 5.68904301e-06
 6.91272731e+02 5.70954811e-06
 6.91455191e+02 5.72896325e-06
 6.91637652e+02 5.74728713e-06
 6.91820113e+02 5.76451875e-06
 6.92002574e+02 5.78065799e-06
 6.92185035e+02 5.79570492e-06
 6.92367496e+02 5.80966035e-06
 6.92549956e+02 5.82252556e-06
 6.92732417e+02 5.83430220e-06
 6.92914878e+02 5.84499268e-06
 6.93097339e+02 5.85459961e-06
 6.93279800e+02 5.86312632e-06
 6.93462261e+02 5.87057654e-06
 6.93644721e+02 5.87695435e-06
 6.93827182e+02 5.88226456e-06
 6.94009643e+02 5.88651214e-06
 6.94192104e+02 5.88970272e-06
 6.94374565e+02 5.89184231e-06
 6.94557026e+02 5.89293724e-06
 6.94739487e+02 5.89299449e-06
 6.94921947e+02 5.89202120e-06
 6.95104408e+02 5.89002509e-06
 6.95286869e+02 5.88701423e-06
 6.95469330e+02 5.88299697e-06
 6.95651791e+02 5.87798226e-06
 6.95834252e+02 5.87197914e-06
 6.96016712e+02 5.86499723e-06
 6.96199173e+02 5.85704640e-06
 6.96381634e+02 5.84813681e-06
 6.96564095e+02 5.83827910e-06
 6.96746556e+02 5.82748401e-06
 6.96929017e+02 5.81576279e-06
 6.97111477e+02 5.80312685e-06
 6.97293938e+02 5.78958793e-06
 6.97476399e+02 5.77515809e-06
 6.97658860e+02 5.75984954e-06
 6.97841321e+02 5.74367488e-06
 6.98023782e+02 5.72664685e-06
 6.98206242e+02 5.70877844e-06
 6.98388703e+02 5.69008295e-06
 6.98571164e+02 5.67057374e-06
 6.98753625e+02 5.65026452e-06
 6.98936086e+02 5.62916910e-06
 6.99118547e+02 5.60730149e-06
 6.99301008e+02 5.58467592e-06
 6.99483468e+02 5.56130669e-06
 6.99665929e+02 5.53720835e-06
 6.99848390e+02 5.51239550e-06
 7.00030851e+02 5.48688293e-06
 7.00213312e+02 5.46068555e-06
 7.00395773e+02 5.43381833e-06
 7.00578233e+02 5.40629642e-06
 7.00760694e+02 5.37813497e-06
 7.00943155e+02 5.34934928e-06
 7.01125616e+02 5.31995471e-06
 7.01308077e+02 5.28996666e-06
 7.01490538e+02 5.25940060e-06
 7.01672998e+02 5.22827204e-06
 7.01855459e+02 5.19659652e-06
 7.02037920e+02 5.16438962e-06
 7.02220381e+02 5.13166694e-06
 7.02402842e+02 5.09844406e-06
 7.02585303e+02 5.06473659e-06
 7.02767764e+02 5.03056012e-06
 7.02950224e+02 4.99593022e-06
 7.03132685e+02 4.96086245e-06
 7.03315146e+02 4.92537232e-06
 7.03497607e+02 4.88947532e-06
 7.03680068e+02 4.85318686e-06
 7.03862529e+02 4.81652233e-06
 7.04044989e+02 4.77949706e-06
 7.04227450e+02 4.74212625e-06
 7.04409911e+02 4.70442511e-06
 7.04592372e+02 4.66640870e-06
 7.04774833e+02 4.62809202e-06
 7.04957294e+02 4.58948998e-06
 7.05139754e+02 4.55061734e-06
 7.05322215e+02 4.51148883e-06
 7.05504676e+02 4.47211899e-06
 7.05687137e+02 4.43252229e-06
 7.05869598e+02 4.39271305e-06
 7.06052059e+02 4.35270544e-06
 7.06234520e+02 4.31251357e-06
 7.06416980e+02 4.27215130e-06
 7.06599441e+02 4.23163243e-06
 7.06781902e+02 4.19097058e-06
 7.06964363e+02 4.15017918e-06
 7.07146824e+02 4.10927159e-06
 7.07329285e+02 4.06826089e-06
 7.07511745e+02 4.02716009e-06
 7.07694206e+02 3.98598198e-06
 7.07876667e+02 3.94473916e-06
 7.08059128e+02 3.90344413e-06
 7.08241589e+02 3.86210908e-06
 7.08424050e+02 3.82074615e-06
 7.08606510e+02 3.77936721e-06
 7.08788971e+02 3.73798393e-06
 7.08971432e+02 3.69660788e-06
 7.09153893e+02 3.65525030e-06
 7.09336354e+02 3.61392237e-06
 7.09518815e+02 3.57263496e-06
 7.09701276e+02 3.53139878e-06
 7.09883736e+02 3.49022438e-06
 7.10066197e+02 3.44912200e-06
 7.10248658e+02 3.40810180e-06
 7.10431119e+02 3.36717363e-06
 7.10613580e+02 3.32634717e-06
 7.10796041e+02 3.28563194e-06
 7.10978501e+02 3.24503712e-06
 7.11160962e+02 3.20457184e-06
 7.11343423e+02 3.16424489e-06
 7.11525884e+02 3.12406489e-06
 7.11708345e+02 3.08404030e-06
 7.11890806e+02 3.04417926e-06
 7.12073266e+02 3.00448982e-06
 7.12255727e+02 2.96497971e-06
 7.12438188e+02 2.92565650e-06
 7.12620649e+02 2.88652758e-06
 7.12803110e+02 2.84760002e-06
 7.12985571e+02 2.80888084e-06
 7.13168031e+02 2.77037669e-06
 7.13350492e+02 2.73209412e-06
 7.13532953e+02 2.69403943e-06
 7.13715414e+02 2.65621869e-06
 7.13897875e+02 2.61863784e-06
 7.14080336e+02 2.58130252e-06
 7.14262797e+02 2.54421825e-06
 7.14445257e+02 2.50739030e-06
 7.14627718e+02 2.47082374e-06
 7.14810179e+02 2.43452350e-06
 7.14992640e+02 2.39849420e-06
 7.15175101e+02 2.36274039e-06
 7.15357562e+02 2.32726636e-06
 7.15540022e+02 2.29207618e-06
 7.15722483e+02 2.25717384e-06
 7.15904944e+02 2.22256300e-06
 7.16087405e+02 2.18824726e-06
 7.16269866e+02 2.15422997e-06
 7.16452327e+02 2.12051429e-06
 7.16634787e+02 2.08710329e-06
 7.16817248e+02 2.05399973e-06
 7.16999709e+02 2.02120633e-06
 7.17182170e+02 1.98872553e-06
 7.17364631e+02 1.95655967e-06
 7.17547092e+02 1.92471092e-06
 7.17729553e+02 1.89318123e-06
 7.17912013e+02 1.86197248e-06
 7.18094474e+02 1.83108630e-06
 7.18276935e+02 1.80052422e-06
 7.18459396e+02 1.77028763e-06
 7.18641857e+02 1.74037771e-06
 7.18824318e+02 1.71079555e-06
 7.19006778e+02 1.68154206e-06
 7.19189239e+02 1.65261803e-06
 7.19371700e+02 1.62402412e-06
 7.19554161e+02 1.59576080e-06
 7.19736622e+02 1.56782850e-06
 7.19919083e+02 1.54022742e-06
 7.20101543e+02 1.51295769e-06
 7.20284004e+02 1.48601933e-06
 7.20466465e+02 1.45941218e-06
 7.20648926e+02 1.43313602e-06
 7.20831387e+02 1.40719047e-06
 7.21013848e+02 1.38157508e-06
 7.21196309e+02 1.35628926e-06
 7.21378769e+02 1.33133229e-06
 7.21561230e+02 1.30670343e-06
 7.21743691e+02 1.28240175e-06
 7.21926152e+02 1.25842626e-06
 7.22108613e+02 1.23477588e-06
 7.22291074e+02 1.21144942e-06
 7.22473534e+02 1.18844562e-06
 7.22655995e+02 1.16576310e-06
 7.22838456e+02 1.14340044e-06
 7.23020917e+02 1.12135611e-06
 7.23203378e+02 1.09962849e-06
 7.23385839e+02 1.07821592e-06
 7.23568299e+02 1.05711662e-06
 7.23750760e+02 1.03632879e-06
 7.23933221e+02 1.01585052e-06
 7.24115682e+02 9.95679855e-07
 7.24298143e+02 9.75814779e-07
 7.24480604e+02 9.56253190e-07
 7.24663065e+02 9.36992962e-07
 7.24845525e+02 9.18031887e-07
 7.25027986e+02 8.99367711e-07
 7.25210447e+02 8.80998142e-07
 7.25392908e+02 8.62920811e-07
 7.25575369e+02 8.45133335e-07
 7.25757830e+02 8.27633262e-07
 7.25940290e+02 8.10418106e-07
 7.26122751e+02 7.93485352e-07
 7.26305212e+02 7.76832425e-07
 7.26487673e+02 7.60456740e-07
 7.26670134e+02 7.44355657e-07
 7.26852595e+02 7.28526517e-07
 7.27035055e+02 7.12966632e-07
 7.27217516e+02 6.97673276e-07
 7.27399977e+02 6.82643714e-07
 7.27582438e+02 6.67875173e-07
 7.27764899e+02 6.53364867e-07
 7.27947360e+02 6.39109989e-07
 7.28129820e+02 6.25107709e-07
 7.28312281e+02 6.11355190e-07
 7.28494742e+02 5.97849573e-07
 7.28677203e+02 5.84587989e-07
 7.28859664e+02 5.71567559e-07
 7.29042125e+02 5.58785393e-07
 7.29224586e+02 5.46238594e-07
 7.29407046e+02 5.33924258e-07
 7.29589507e+02 5.21839477e-07
 7.29771968e+02 5.09981339e-07
 7.29954429e+02 4.98346930e-07
 7.30136890e+02 4.86933336e-07
 7.30319351e+02 4.75737642e-07
 7.30501811e+02 4.64756937e-07
 7.30684272e+02 4.53988313e-07
 7.30866733e+02 4.43428865e-07
 7.31049194e+02 4.33075694e-07
 7.31231655e+02 4.22925910e-07
 7.31414116e+02 4.12976627e-07
 7.31596576e+02 4.03224971e-07
 7.31779037e+02 3.93668079e-07
 7.31961498e+02 3.84303093e-07
 7.32143959e+02 3.75127176e-07
 7.32326420e+02 3.66137494e-07
 7.32508881e+02 3.57331236e-07
 7.32691342e+02 3.48705599e-07
 7.32873802e+02 3.40257797e-07
 7.33056263e+02 3.31985065e-07
 7.33238724e+02 3.23884647e-07
 7.33421185e+02 3.15953811e-07
 7.33603646e+02 3.08189841e-07
 7.33786107e+02 3.00590039e-07
 7.33968567e+02 2.93151733e-07
 7.34151028e+02 2.85872260e-07
 7.34333489e+02 2.78748991e-07
 7.34515950e+02 2.71779309e-07
 7.34698411e+02 2.64960620e-07
 7.34880872e+02 2.58290362e-07
 7.35063332e+02 2.51765981e-07
 7.35245793e+02 2.45384959e-07
 7.35428254e+02 2.39144797e-07
 7.35610715e+02 2.33043016e-07
 7.35793176e+02 2.27077175e-07
 7.35975637e+02 2.21244838e-07
 7.36158098e+02 2.15543615e-07
 7.36340558e+02 2.09971127e-07
 7.36523019e+02 2.04525025e-07
 7.36705480e+02 1.99202992e-07
 7.36887941e+02 1.94002726e-07
 7.37070402e+02 1.88921964e-07
 7.37252863e+02 1.83958460e-07
 7.37435323e+02 1.79109998e-07
 7.37617784e+02 1.74374394e-07
 7.37800245e+02 1.69749479e-07
 7.37982706e+02 1.65233129e-07
 7.38165167e+02 1.60823229e-07
 7.38347628e+02 1.56517704e-07
 7.38530088e+02 1.52314504e-07
 7.38712549e+02 1.48211598e-07
 7.38895010e+02 1.44207000e-07
 7.39077471e+02 1.40298732e-07
 7.39259932e+02 1.36484857e-07
 7.39442393e+02 1.32763463e-07
 7.39624854e+02 1.29132658e-07
 7.39807314e+02 1.25590591e-07
 7.39989775e+02 1.22135424e-07
 7.40172236e+02 1.18765358e-07
 7.40354697e+02 1.15478616e-07
 7.40537158e+02 1.12273443e-07
 7.40719619e+02 1.09148125e-07
 7.40902079e+02 1.06100960e-07
 7.41084540e+02 1.03130284e-07
 7.41267001e+02 1.00234454e-07
 7.41449462e+02 9.74118508e-08
 7.41631923e+02 9.46608932e-08
 7.41814384e+02 9.19800102e-08
 7.41996844e+02 8.93676709e-08
 7.42179305e+02 8.68223635e-08
 7.42361766e+02 8.43425989e-08
 7.42544227e+02 8.19269247e-08
 7.42726688e+02 7.95738983e-08
 7.42909149e+02 7.72821168e-08
 7.43091609e+02 7.50501934e-08
 7.43274070e+02 7.28767657e-08
 7.43456531e+02 7.07605045e-08
 7.43638992e+02 6.87000904e-08
 7.43821453e+02 6.66942429e-08
 7.44003914e+02 6.47416951e-08
 7.44186375e+02 6.28412054e-08
 7.44368835e+02 6.09915619e-08
 7.44551296e+02 5.91915629e-08
 7.44733757e+02 5.74400439e-08
 7.44916218e+02 5.57358518e-08
 7.45098679e+02 5.40778597e-08
 7.45281140e+02 5.24649665e-08
 7.45463600e+02 5.08960819e-08
 7.45646061e+02 4.93701510e-08
 7.45828522e+02 4.78861281e-08
 7.46010983e+02 4.64429938e-08
 7.46193444e+02 4.50397517e-08
 7.46375905e+02 4.36754163e-08
 7.46558365e+02 4.23490348e-08
 7.46740826e+02 4.10596626e-08
 7.46923287e+02 3.98063812e-08
 7.47105748e+02 3.85882914e-08
 7.47288209e+02 3.74045060e-08
 7.47470670e+02 3.62541674e-08
 7.47653131e+02 3.51364253e-08
 7.47835591e+02 3.40504547e-08
 7.48018052e+02 3.29954471e-08
 7.48200513e+02 3.19706065e-08
 7.48382974e+02 3.09751635e-08
 7.48565435e+02 3.00083553e-08
 7.48747896e+02 2.90694434e-08
 7.48930356e+02 2.81577033e-08
 7.49112817e+02 2.72724231e-08
 7.49295278e+02 2.64129149e-08
 7.49477739e+02 2.55784964e-08
 7.49660200e+02 2.47685090e-08
 7.49842661e+02 2.39823053e-08
 7.50025121e+02 2.32192509e-08
 7.50207582e+02 2.24787325e-08
 7.50390043e+02 2.17601420e-08
 7.50572504e+02 2.10628936e-08
 7.50754965e+02 2.03864109e-08
 7.50937426e+02 1.97301303e-08
 7.51119887e+02 1.90935064e-08
 7.51302347e+02 1.84759994e-08
 7.51484808e+02 1.78770897e-08
 7.51667269e+02 1.72962655e-08
 7.51849730e+02 1.67330276e-08
 7.52032191e+02 1.61868930e-08
 7.52214652e+02 1.56573833e-08
 7.52397112e+02 1.51440393e-08
 7.52579573e+02 1.46464080e-08
 7.52762034e+02 1.41640487e-08
 7.52944495e+02 1.36965344e-08
 7.53126956e+02 1.32434429e-08
 7.53309417e+02 1.28043694e-08
 7.53491877e+02 1.23789140e-08
 7.53674338e+02 1.19666890e-08
 7.53856799e+02 1.15673178e-08
 7.54039260e+02 1.11804291e-08
 7.54221721e+02 1.08056670e-08
 7.54404182e+02 1.04426794e-08
 7.54586643e+02 1.00911261e-08
 7.54769103e+02 9.75067629e-09
 7.54951564e+02 9.42100409e-09
 7.55134025e+02 9.10179739e-09
 7.55316486e+02 8.79274729e-09
 7.55498947e+02 8.49355616e-09
 7.55681408e+02 8.20393385e-09
 7.55863868e+02 7.92359544e-09
 7.56046329e+02 7.65226793e-09
 7.56228790e+02 7.38968104e-09
 7.56411251e+02 7.13557506e-09
 7.56593712e+02 6.88969628e-09
 7.56776173e+02 6.65179628e-09
 7.56958633e+02 6.42163684e-09
 7.57141094e+02 6.19898217e-09
 7.57323555e+02 5.98360625e-09
 7.57506016e+02 5.77528784e-09
 7.57688477e+02 5.57381090e-09
 7.57870938e+02 5.37896814e-09
 7.58053398e+02 5.19055440e-09
 7.58235859e+02 5.00837352e-09
 7.58418320e+02 4.83223303e-09
 7.58600781e+02 4.66194563e-09
 7.58783242e+02 4.49733132e-09
 7.58965703e+02 4.33821216e-09
 7.59148164e+02 4.18441827e-09
 7.59330624e+02 4.03578268e-09
 7.59513085e+02 3.89214343e-09
 7.59695546e+02 3.75334463e-09
 7.59878007e+02 3.61923232e-09
 7.60060468e+02 3.48965977e-09
 7.60242929e+02 3.36448251e-09
 7.60425389e+02 3.24356085e-09
 7.60607850e+02 3.12676008e-09
 7.60790311e+02 3.01394740e-09
 7.60972772e+02 2.90499634e-09
 7.61155233e+02 2.79978223e-09
 7.61337694e+02 2.69818489e-09
 7.61520154e+02 2.60008822e-09
 7.61702615e+02 2.50537794e-09
 7.61885076e+02 2.41394532e-09
 7.62067537e+02 2.32568304e-09
 7.62249998e+02 2.24048798e-09
 7.62432459e+02 2.15826028e-09
 7.62614920e+02 2.07890189e-09
 7.62797380e+02 2.00231953e-09
 7.62979841e+02 1.92842106e-09
 7.63162302e+02 1.85711819e-09
 7.63344763e+02 1.78832526e-09
 7.63527224e+02 1.72195835e-09
 7.63709685e+02 1.65793761e-09
 7.63892145e+02 1.59618413e-09
 7.64074606e+02 1.53662252e-09
 7.64257067e+02 1.47917943e-09
 7.64439528e+02 1.42378326e-09
 7.64621989e+02 1.37036579e-09
 7.64804450e+02 1.31885960e-09
 7.64986910e+02 1.26920047e-09
 7.65169371e+02 1.22132576e-09
 7.65351832e+02 1.17517450e-09
 7.65534293e+02 1.13068854e-09
 7.65716754e+02 1.08781043e-09
 7.65899215e+02 1.04648560e-09
 7.66081676e+02 1.00666065e-09
 7.66264136e+02 9.68283803e-10
 7.66446597e+02 9.31305599e-10
 7.66629058e+02 8.95677205e-10
 7.66811519e+02 8.61352345e-10
 7.66993980e+02 8.28285681e-10
 7.67176441e+02 7.96433294e-10
 7.67358901e+02 7.65753042e-10
 7.67541362e+02 7.36203474e-10
 7.67723823e+02 7.07745876e-10
 7.67906284e+02 6.80342351e-10
 7.68088745e+02 6.53955002e-10
 7.68271206e+02 6.28545930e-10
