 1.19297053e+02 1.00745197e-05
 1.19574914e+02 1.20328211e-05
 1.19852774e+02 1.43209300e-05
 1.20130634e+02 1.70137718e-05
 1.20408494e+02 2.01862714e-05
 1.20686354e+02 2.39133541e-05
 1.20964215e+02 2.82722084e-05
 1.21242075e+02 3.33634316e-05
 1.21519935e+02 3.93014507e-05
 1.21797795e+02 4.62090904e-05
 1.22075656e+02 5.42375446e-05
 1.22353516e+02 6.35447492e-05
 1.22631376e+02 7.43130624e-05
 1.22909236e+02 8.67566548e-05
 1.23187096e+02 1.01097115e-04
 1.23464957e+02 1.17602217e-04
 1.23742817e+02 1.36563611e-04
 1.24020677e+02 1.58294295e-04
 1.24298537e+02 1.83170386e-04
 1.24576397e+02 2.11581514e-04
 1.24854258e+02 2.43970578e-04
 1.25132118e+02 2.80841456e-04
 1.25409978e+02 3.22713695e-04
 1.25687838e+02 3.70198544e-04
 1.25965699e+02 4.23948685e-04
 1.26243559e+02 4.84660417e-04
 1.26521419e+02 5.53142403e-04
 1.26799279e+02 6.30225409e-04
 1.27077139e+02 7.16837174e-04
 1.27355000e+02 8.14003069e-04
 1.27632860e+02 9.22776260e-04
 1.27910720e+02 1.04435950e-03
 1.28188580e+02 1.18001453e-03
 1.28466441e+02 1.33107578e-03
 1.28744301e+02 1.49904097e-03
 1.29022161e+02 1.68543775e-03
 1.29300021e+02 1.89193635e-03
 1.29577881e+02 2.12033319e-03
 1.29855742e+02 2.37246466e-03
 1.30133602e+02 2.65036190e-03
 1.30411462e+02 2.95612304e-03
 1.30689322e+02 3.29194132e-03
 1.30967183e+02 3.66019658e-03
 1.31245043e+02 4.06330104e-03
 1.31522903e+02 4.50382876e-03
 1.31800763e+02 4.98447978e-03
 1.32078623e+02 5.50799818e-03
 1.32356484e+02 6.07731988e-03
 1.32634344e+02 6.69543837e-03
 1.32912204e+02 7.36543913e-03
 1.33190064e+02 8.09056547e-03
 1.33467924e+02 8.87408683e-03
 1.33745785e+02 9.71940589e-03
 1.34023645e+02 1.06300164e-02
 1.34301505e+02 1.16094474e-02
 1.34579365e+02 1.26613637e-02
 1.34857226e+02 1.37894661e-02
 1.35135086e+02 1.49975214e-02
 1.35412946e+02 1.62893960e-02
 1.35690806e+02 1.76689734e-02
 1.35968666e+02 1.91402309e-02
 1.36246527e+02 2.07072018e-02
 1.36524387e+02 2.23739520e-02
 1.36802247e+02 2.41446592e-02
 1.37080107e+02 2.60235278e-02
 1.37357968e+02 2.80148501e-02
 1.37635828e+02 3.01230347e-02
 1.37913688e+02 3.23525196e-02
 1.38191548e+02 3.47079330e-02
 1.38469408e+02 3.71940033e-02
 1.38747269e+02 3.98155630e-02
 1.39025129e+02 4.25777587e-02
 1.39302989e+02 4.54858066e-02
 1.39580849e+02 4.85452419e-02
 1.39858710e+02 5.17619701e-02
 1.40136570e+02 5.51420045e-02
 1.40414430e+02 5.86920203e-02
 1.40692290e+02 6.24189958e-02
 1.40970150e+02 6.63302758e-02
 1.41248011e+02 7.04341640e-02
 1.41525871e+02 7.47391595e-02
 1.41803731e+02 7.92547094e-02
 1.42081591e+02 8.39912286e-02
 1.42359451e+02 8.89594340e-02
 1.42637312e+02 9.41717153e-02
 1.42915172e+02 9.96411312e-02
 1.43193032e+02 1.05381645e-01
 1.43470892e+02 1.11409280e-01
 1.43748753e+02 1.17740450e-01
 1.44026613e+02 1.24393549e-01
 1.44304473e+02 1.31388747e-01
 1.44582333e+02 1.38746812e-01
 1.44860193e+02 1.46491498e-01
 1.45138054e+02 1.54647597e-01
 1.45415914e+02 1.63241468e-01
 1.45693774e+02 1.72302579e-01
 1.45971634e+02 1.81860951e-01
 1.46249495e+02 1.91949447e-01
 1.46527355e+02 2.02603177e-01
 1.46805215e+02 2.13858041e-01
 1.47083075e+02 2.25753427e-01
 1.47360935e+02 2.38329783e-01
 1.47638796e+02 2.51629162e-01
 1.47916656e+02 2.65696402e-01
 1.48194516e+02 2.80576773e-01
 1.48472376e+02 2.96317479e-01
 1.48750236e+02 3.12967064e-01
 1.49028097e+02 3.30574321e-01
 1.49305957e+02 3.49188963e-01
 1.49583817e+02 3.68860932e-01
 1.49861677e+02 3.89639537e-01
 1.50139538e+02 4.11573123e-01
 1.50417398e+02 4.34709637e-01
 1.50695258e+02 4.59093588e-01
 1.50973118e+02 4.84767402e-01
 1.51250978e+02 5.11771376e-01
 1.51528839e+02 5.40138340e-01
 1.51806699e+02 5.69899288e-01
 1.52084559e+02 6.01078011e-01
 1.52362419e+02 6.33688655e-01
 1.52640280e+02 6.67743012e-01
 1.52918140e+02 7.03237656e-01
 1.53196000e+02 7.40161075e-01
 1.53473860e+02 7.78494632e-01
 1.53751720e+02 8.18198015e-01
 1.54029581e+02 8.59226189e-01
 1.54307441e+02 9.01516324e-01
 1.54585301e+02 9.44984659e-01
 1.54863161e+02 9.89542412e-01
 1.55141022e+02 1.03507140e+00
 1.55418882e+02 1.08143979e+00
 1.55696742e+02 1.12850323e+00
 1.55974602e+02 1.17608427e+00
 1.56252462e+02 1.22399901e+00
 1.56530323e+02 1.27203935e+00
 1.56808183e+02 1.31997219e+00
 1.57086043e+02 1.36755870e+00
 1.57363903e+02 1.41453020e+00
 1.57641763e+02 1.46060590e+00
 1.57919624e+02 1.50549532e+00
 1.58197484e+02 1.54888557e+00
 1.58475344e+02 1.59046017e+00
 1.58753204e+02 1.62989427e+00
 1.59031065e+02 1.66685536e+00
 1.59308925e+02 1.70101168e+00
 1.59586785e+02 1.73203743e+00
 1.59864645e+02 1.75960894e+00
 1.60142505e+02 1.78341510e+00
 1.60420366e+02 1.80317016e+00
 1.60698226e+02 1.81859399e+00
 1.60976086e+02 1.82944723e+00
 1.61253946e+02 1.83552310e+00
 1.61531807e+02 1.83663112e+00
 1.61809667e+02 1.83265540e+00
 1.62087527e+02 1.82350325e+00
 1.62365387e+02 1.80913043e+00
 1.62643247e+02 1.78957818e+00
 1.62921108e+02 1.76490342e+00
 1.63198968e+02 1.73525380e+00
 1.63476828e+02 1.70084073e+00
 1.63754688e+02 1.66190325e+00
 1.64032549e+02 1.61879063e+00
 1.64310409e+02 1.57188195e+00
 1.64588269e+02 1.52161068e+00
 1.64866129e+02 1.46849446e+00
 1.65143989e+02 1.41306368e+00
 1.65421850e+02 1.35590964e+00
 1.65699710e+02 1.29766111e+00
 1.65977570e+02 1.23895488e+00
 1.66255430e+02 1.18045475e+00
 1.66533290e+02 1.12283026e+00
 1.66811151e+02 1.06673524e+00
 1.67089011e+02 1.01280225e+00
 1.67366871e+02 9.61654213e-01
 1.67644731e+02 9.13839533e-01
 1.67922592e+02 8.69866394e-01
 1.68200452e+02 8.30200647e-01
 1.68478312e+02 7.95177081e-01
 1.68756172e+02 7.65101589e-01
 1.69034032e+02 7.40171083e-01
 1.69311893e+02 7.20452529e-01
 1.69589753e+02 7.05984180e-01
 1.69867613e+02 6.96639190e-01
 1.70145473e+02 6.92212890e-01
 1.70423334e+02 6.92443782e-01
 1.70701194e+02 6.96917792e-01
 1.70979054e+02 7.05192274e-01
 1.71256914e+02 7.16749036e-01
 1.71534774e+02 7.30990677e-01
 1.71812635e+02 7.47310700e-01
 1.72090495e+02 7.65066839e-01
 1.72368355e+02 7.83602222e-01
 1.72646215e+02 8.02276974e-01
 1.72924076e+02 8.20491288e-01
 1.73201936e+02 8.37655350e-01
 1.73479796e+02 8.53264041e-01
 1.73757656e+02 8.66890332e-01
 1.74035516e+02 8.78137545e-01
 1.74313377e+02 8.86766318e-01
 1.74591237e+02 8.92593807e-01
 1.74869097e+02 8.95515239e-01
 1.75146957e+02 8.95585672e-01
 1.75424817e+02 8.92886793e-01
 1.75702678e+02 8.87614386e-01
 1.75980538e+02 8.80056729e-01
 1.76258398e+02 8.70521652e-01
 1.76536258e+02 8.59400358e-01
 1.76814119e+02 8.47109771e-01
 1.77091979e+02 8.34070346e-01
 1.77369839e+02 8.20708857e-01
 1.77647699e+02 8.07448626e-01
 1.77925559e+02 7.94658211e-01
 1.78203420e+02 7.82667172e-01
 1.78481280e+02 7.71777317e-01
 1.78759140e+02 7.62175890e-01
 1.79037000e+02 7.54018528e-01
 1.79314861e+02 7.47390990e-01
 1.79592721e+02 7.42269464e-01
 1.79870581e+02 7.38612675e-01
 1.80148441e+02 7.36291554e-01
 1.80426301e+02 7.35122186e-01
 1.80704162e+02 7.34906821e-01
 1.80982022e+02 7.35399949e-01
 1.81259882e+02 7.36345282e-01
 1.81537742e+02 7.37494535e-01
 1.81815603e+02 7.38610436e-01
 1.82093463e+02 7.39462459e-01
 1.82371323e+02 7.39875831e-01
 1.82649183e+02 7.39706273e-01
 1.82927043e+02 7.38835478e-01
 1.83204904e+02 7.37226550e-01
 1.83482764e+02 7.34860082e-01
 1.83760624e+02 7.31762622e-01
 1.84038484e+02 7.28016265e-01
 1.84316344e+02 7.23710634e-01
 1.84594205e+02 7.18968848e-01
 1.84872065e+02 7.13930021e-01
 1.85149925e+02 7.08731112e-01
 1.85427785e+02 7.03502898e-01
 1.85705646e+02 6.98374065e-01
 1.85983506e+02 6.93446577e-01
 1.86261366e+02 6.88794003e-01
 1.86539226e+02 6.84481628e-01
 1.86817086e+02 6.80527784e-01
 1.87094947e+02 6.76931222e-01
 1.87372807e+02 6.73675651e-01
 1.87650667e+02 6.70709051e-01
 1.87928527e+02 6.67973738e-01
 1.88206388e+02 6.65402975e-01
 1.88484248e+02 6.62921554e-01
 1.88762108e+02 6.60456119e-01
 1.89039968e+02 6.57945966e-01
 1.89317828e+02 6.55335038e-01
 1.89595689e+02 6.52579271e-01
 1.89873549e+02 6.49659510e-01
 1.90151409e+02 6.46560891e-01
 1.90429269e+02 6.43288188e-01
 1.90707130e+02 6.39862312e-01
 1.90984990e+02 6.36306963e-01
 1.91262850e+02 6.32657414e-01
 1.91540710e+02 6.28952537e-01
 1.91818570e+02 6.25229126e-01
 1.92096431e+02 6.21520194e-01
 1.92374291e+02 6.17857500e-01
 1.92652151e+02 6.14261179e-01
 1.92930011e+02 6.10742977e-01
 1.93207871e+02 6.07311189e-01
 1.93485732e+02 6.03960015e-01
 1.93763592e+02 6.00679789e-01
 1.94041452e+02 5.97457227e-01
 1.94319312e+02 5.94273289e-01
 1.94597173e+02 5.91108618e-01
 1.94875033e+02 5.87946049e-01
 1.95152893e+02 5.84769800e-01
 1.95430753e+02 5.81566209e-01
 1.95708613e+02 5.78329417e-01
 1.95986474e+02 5.75055479e-01
 1.96264334e+02 5.71744707e-01
 1.96542194e+02 5.68403350e-01
 1.96820054e+02 5.65038327e-01
 1.97097915e+02 5.61658764e-01
 1.97375775e+02 5.58275010e-01
 1.97653635e+02 5.54896687e-01
 1.97931495e+02 5.51531029e-01
 1.98209355e+02 5.48184712e-01
 1.98487216e+02 5.44861595e-01
 1.98765076e+02 5.41562089e-01
 1.99042936e+02 5.38286053e-01
 1.99320796e+02 5.35030557e-01
 1.99598656e+02 5.31791327e-01
 1.99876517e+02 5.28564048e-01
 2.00154377e+02 5.25344322e-01
 2.00432237e+02 5.22127792e-01
 2.00710097e+02 5.18911484e-01
 2.00987958e+02 5.15693912e-01
 2.01265818e+02 5.12473956e-01
 2.01543678e+02 5.09252492e-01
 2.01821538e+02 5.06031240e-01
 2.02099398e+02 5.02812204e-01
 2.02377259e+02 4.99598059e-01
 2.02655119e+02 4.96391554e-01
 2.02932979e+02 4.93194888e-01
 2.03210839e+02 4.90009738e-01
 2.03488700e+02 4.86837563e-01
 2.03766560e+02 4.83678651e-01
 2.04044420e+02 4.80532861e-01
 2.04322280e+02 4.77399774e-01
 2.04600140e+02 4.74278388e-01
 2.04878001e+02 4.71167636e-01
 2.05155861e+02 4.68066631e-01
 2.05433721e+02 4.64974631e-01
 2.05711581e+02 4.61891024e-01
 2.05989442e+02 4.58815808e-01
 2.06267302e+02 4.55749181e-01
 2.06545162e+02 4.52691534e-01
 2.06823022e+02 4.49643615e-01
 2.07100882e+02 4.46606207e-01
 2.07378743e+02 4.43580032e-01
 2.07656603e+02 4.40565768e-01
 2.07934463e+02 4.37564020e-01
 2.08212323e+02 4.34575066e-01
 2.08490183e+02 4.31599093e-01
 2.08768044e+02 4.28636165e-01
 2.09045904e+02 4.25686149e-01
 2.09323764e+02 4.22748896e-01
 2.09601624e+02 4.19824277e-01
 2.09879485e+02 4.16912175e-01
 2.10157345e+02 4.14012517e-01
 2.10435205e+02 4.11125391e-01
 2.10713065e+02 4.08250926e-01
 2.10990925e+02 4.05389311e-01
 2.11268786e+02 4.02540825e-01
 2.11546646e+02 3.99705749e-01
 2.11824506e+02 3.96884340e-01
 2.12102366e+02 3.94076840e-01
 2.12380227e+02 3.91283463e-01
 2.12658087e+02 3.88504330e-01
 2.12935947e+02 3.85739540e-01
 2.13213807e+02 3.82989159e-01
 2.13491667e+02 3.80253211e-01
 2.13769528e+02 3.77531715e-01
 2.14047388e+02 3.74824709e-01
 2.14325248e+02 3.72132236e-01
 2.14603108e+02 3.69454353e-01
 2.14880969e+02 3.66791156e-01
 2.15158829e+02 3.64142750e-01
 2.15436689e+02 3.61509245e-01
 2.15714549e+02 3.58890763e-01
 2.15992409e+02 3.56287421e-01
 2.16270270e+02 3.53699314e-01
 2.16548130e+02 3.51126531e-01
 2.16825990e+02 3.48569146e-01
 2.17103850e+02 3.46027209e-01
 2.17381710e+02 3.43500767e-01
 2.17659571e+02 3.40989858e-01
 2.17937431e+02 3.38494517e-01
 2.18215291e+02 3.36014778e-01
 2.18493151e+02 3.33550684e-01
 2.18771012e+02 3.31102276e-01
 2.19048872e+02 3.28669601e-01
 2.19326732e+02 3.26252707e-01
 2.19604592e+02 3.23851640e-01
 2.19882452e+02 3.21466444e-01
 2.20160313e+02 3.19097157e-01
 2.20438173e+02 3.16743811e-01
 2.20716033e+02 3.14406432e-01
 2.20993893e+02 3.12085038e-01
 2.21271754e+02 3.09779645e-01
 2.21549614e+02 3.07490264e-01
 2.21827474e+02 3.05216904e-01
 2.22105334e+02 3.02959571e-01
 2.22383194e+02 3.00718272e-01
 2.22661055e+02 2.98493012e-01
 2.22938915e+02 2.96283796e-01
 2.23216775e+02 2.94090626e-01
 2.23494635e+02 2.91913503e-01
 2.23772496e+02 2.89752422e-01
 2.24050356e+02 2.87607378e-01
 2.24328216e+02 2.85478361e-01
 2.24606076e+02 2.83365357e-01
 2.24883936e+02 2.81268349e-01
 2.25161797e+02 2.79187319e-01
 2.25439657e+02 2.77122244e-01
 2.25717517e+02 2.75073100e-01
 2.25995377e+02 2.73039862e-01
 2.26273237e+02 2.71022503e-01
 2.26551098e+02 2.69020992e-01
 2.26828958e+02 2.67035298e-01
 2.27106818e+02 2.65065388e-01
 2.27384678e+02 2.63111225e-01
 2.27662539e+02 2.61172770e-01
 2.27940399e+02 2.59249984e-01
 2.28218259e+02 2.57342821e-01
 2.28496119e+02 2.55451238e-01
 2.28773979e+02 2.53575185e-01
 2.29051840e+02 2.51714614e-01
 2.29329700e+02 2.49869472e-01
 2.29607560e+02 2.48039706e-01
 2.29885420e+02 2.46225261e-01
 2.30163281e+02 2.44426080e-01
 2.30441141e+02 2.42642103e-01
 2.30719001e+02 2.40873272e-01
 2.30996861e+02 2.39119522e-01
 2.31274721e+02 2.37380789e-01
 2.31552582e+02 2.35657008e-01
 2.31830442e+02 2.33948110e-01
 2.32108302e+02 2.32254025e-01
 2.32386162e+02 2.30574684e-01
 2.32664023e+02 2.28910012e-01
 2.32941883e+02 2.27259936e-01
 2.33219743e+02 2.25624379e-01
 2.33497603e+02 2.24003266e-01
 2.33775463e+02 2.22396516e-01
 2.34053324e+02 2.20804051e-01
 2.34331184e+02 2.19225789e-01
 2.34609044e+02 2.17661647e-01
 2.34886904e+02 2.16111541e-01
 2.35164764e+02 2.14575386e-01
 2.35442625e+02 2.13053096e-01
 2.35720485e+02 2.11544582e-01
 2.35998345e+02 2.10049756e-01
 2.36276205e+02 2.08568528e-01
 2.36554066e+02 2.07100807e-01
 2.36831926e+02 2.05646501e-01
 2.37109786e+02 2.04205517e-01
 2.37387646e+02 2.02777761e-01
 2.37665506e+02 2.01363138e-01
 2.37943367e+02 1.99961551e-01
 2.38221227e+02 1.98572905e-01
 2.38499087e+02 1.97197102e-01
 2.38776947e+02 1.95834043e-01
 2.39054808e+02 1.94483630e-01
 2.39332668e+02 1.93145762e-01
 2.39610528e+02 1.91820338e-01
 2.39888388e+02 1.90507258e-01
 2.40166248e+02 1.89206420e-01
 2.40444109e+02 1.87917721e-01
 2.40721969e+02 1.86641059e-01
 2.40999829e+02 1.85376329e-01
 2.41277689e+02 1.84123427e-01
 2.41555550e+02 1.82882250e-01
 2.41833410e+02 1.81652692e-01
 2.42111270e+02 1.80434647e-01
 2.42389130e+02 1.79228011e-01
 2.42666990e+02 1.78032676e-01
 2.42944851e+02 1.76848538e-01
 2.43222711e+02 1.75675488e-01
 2.43500571e+02 1.74513420e-01
 2.43778431e+02 1.73362227e-01
 2.44056291e+02 1.72221801e-01
 2.44334152e+02 1.71092036e-01
 2.44612012e+02 1.69972823e-01
 2.44889872e+02 1.68864055e-01
 2.45167732e+02 1.67765624e-01
 2.45445593e+02 1.66677423e-01
 2.45723453e+02 1.65599342e-01
 2.46001313e+02 1.64531275e-01
 2.46279173e+02 1.63473114e-01
 2.46557033e+02 1.62424751e-01
 2.46834894e+02 1.61386079e-01
 2.47112754e+02 1.60356989e-01
 2.47390614e+02 1.59337375e-01
 2.47668474e+02 1.58327129e-01
 2.47946335e+02 1.57326145e-01
 2.48224195e+02 1.56334315e-01
 2.48502055e+02 1.55351533e-01
 2.48779915e+02 1.54377694e-01
 2.49057775e+02 1.53412689e-01
 2.49335636e+02 1.52456415e-01
 2.49613496e+02 1.51508766e-01
 2.49891356e+02 1.50569637e-01
 2.50169216e+02 1.49638923e-01
 2.50447076e+02 1.48716520e-01
 2.50724937e+02 1.47802325e-01
 2.51002797e+02 1.46896234e-01
 2.51280657e+02 1.45998143e-01
 2.51558517e+02 1.45107952e-01
 2.51836378e+02 1.44225558e-01
 2.52114238e+02 1.43350860e-01
 2.52392098e+02 1.42483756e-01
 2.52669958e+02 1.41624147e-01
 2.52947818e+02 1.40771934e-01
 2.53225679e+02 1.39927017e-01
 2.53503539e+02 1.39089297e-01
 2.53781399e+02 1.38258677e-01
 2.54059259e+02 1.37435060e-01
 2.54337120e+02 1.36618349e-01
 2.54614980e+02 1.35808449e-01
 2.54892840e+02 1.35005265e-01
 2.55170700e+02 1.34208701e-01
 2.55448560e+02 1.33418666e-01
 2.55726421e+02 1.32635064e-01
 2.56004281e+02 1.31857805e-01
 2.56282141e+02 1.31086798e-01
 2.56560001e+02 1.30321950e-01
 2.56837862e+02 1.29563173e-01
 2.57115722e+02 1.28810378e-01
 2.57393582e+02 1.28063477e-01
 2.57671442e+02 1.27322381e-01
 2.57949302e+02 1.26587005e-01
 2.58227163e+02 1.25857263e-01
 2.58505023e+02 1.25133070e-01
 2.58782883e+02 1.24414342e-01
 2.59060743e+02 1.23700996e-01
 2.59338603e+02 1.22992950e-01
 2.59616464e+02 1.22290123e-01
 2.59894324e+02 1.21592433e-01
 2.60172184e+02 1.20899803e-01
 2.60450044e+02 1.20212152e-01
 2.60727905e+02 1.19529405e-01
 2.61005765e+02 1.18851482e-01
 2.61283625e+02 1.18178310e-01
 2.61561485e+02 1.17509813e-01
 2.61839345e+02 1.16845918e-01
 2.62117206e+02 1.16186550e-01
 2.62395066e+02 1.15531640e-01
 2.62672926e+02 1.14881114e-01
 2.62950786e+02 1.14234904e-01
 2.63228647e+02 1.13592940e-01
 2.63506507e+02 1.12955155e-01
 2.63784367e+02 1.12321480e-01
 2.64062227e+02 1.11691850e-01
 2.64340087e+02 1.11066200e-01
 2.64617948e+02 1.10444466e-01
 2.64895808e+02 1.09826584e-01
 2.65173668e+02 1.09212492e-01
 2.65451528e+02 1.08602128e-01
 2.65729389e+02 1.07995434e-01
 2.66007249e+02 1.07392349e-01
 2.66285109e+02 1.06792815e-01
 2.66562969e+02 1.06196774e-01
 2.66840829e+02 1.05604172e-01
 2.67118690e+02 1.05014951e-01
 2.67396550e+02 1.04429058e-01
 2.67674410e+02 1.03846440e-01
 2.67952270e+02 1.03267043e-01
 2.68230130e+02 1.02690818e-01
 2.68507991e+02 1.02117712e-01
 2.68785851e+02 1.01547677e-01
 2.69063711e+02 1.00980665e-01
 2.69341571e+02 1.00416627e-01
 2.69619432e+02 9.98555173e-02
 2.69897292e+02 9.92972901e-02
 2.70175152e+02 9.87419009e-02
 2.70453012e+02 9.81893057e-02
 2.70730872e+02 9.76394620e-02
 2.71008733e+02 9.70923278e-02
 2.71286593e+02 9.65478622e-02
 2.71564453e+02 9.60060253e-02
 2.71842313e+02 9.54667781e-02
 2.72120174e+02 9.49300822e-02
 2.72398034e+02 9.43959008e-02
 2.72675894e+02 9.38641971e-02
 2.72953754e+02 9.33349360e-02
 2.73231614e+02 9.28080831e-02
 2.73509475e+02 9.22836042e-02
 2.73787335e+02 9.17614672e-02
 2.74065195e+02 9.12416397e-02
 2.74343055e+02 9.07240908e-02
 2.74620916e+02 9.02087906e-02
 2.74898776e+02 8.96957093e-02
 2.75176636e+02 8.91848187e-02
 2.75454496e+02 8.86760912e-02
 2.75732356e+02 8.81694996e-02
 2.76010217e+02 8.76650183e-02
 2.76288077e+02 8.71626218e-02
 2.76565937e+02 8.66622856e-02
 2.76843797e+02 8.61639865e-02
 2.77121657e+02 8.56677011e-02
 2.77399518e+02 8.51734076e-02
 2.77677378e+02 8.46810848e-02
 2.77955238e+02 8.41907117e-02
 2.78233098e+02 8.37022689e-02
 2.78510959e+02 8.32157370e-02
 2.78788819e+02 8.27310976e-02
 2.79066679e+02 8.22483333e-02
 2.79344539e+02 8.17674269e-02
 2.79622399e+02 8.12883622e-02
 2.79900260e+02 8.08111236e-02
 2.80178120e+02 8.03356960e-02
 2.80455980e+02 7.98620654e-02
 2.80733840e+02 7.93902180e-02
 2.81011701e+02 7.89201408e-02
 2.81289561e+02 7.84518217e-02
 2.81567421e+02 7.79852486e-02
 2.81845281e+02 7.75204107e-02
 2.82123141e+02 7.70572973e-02
 2.82401002e+02 7.65958985e-02
 2.82678862e+02 7.61362049e-02
 2.82956722e+02 7.56782078e-02
 2.83234582e+02 7.52218988e-02
 2.83512443e+02 7.47672703e-02
 2.83790303e+02 7.43143151e-02
 2.84068163e+02 7.38630266e-02
 2.84346023e+02 7.34133986e-02
 2.84623883e+02 7.29654254e-02
 2.84901744e+02 7.25191020e-02
 2.85179604e+02 7.20744236e-02
 2.85457464e+02 7.16313860e-02
 2.85735324e+02 7.11899856e-02
 2.86013184e+02 7.07502187e-02
 2.86291045e+02 7.03120829e-02
 2.86568905e+02 6.98755754e-02
 2.86846765e+02 6.94406942e-02
 2.87124625e+02 6.90074378e-02
 2.87402486e+02 6.85758047e-02
 2.87680346e+02 6.81457943e-02
 2.87958206e+02 6.77174059e-02
 2.88236066e+02 6.72906392e-02
 2.88513926e+02 6.68654947e-02
 2.88791787e+02 6.64419728e-02
 2.89069647e+02 6.60200742e-02
 2.89347507e+02 6.55998002e-02
 2.89625367e+02 6.51811522e-02
 2.89903228e+02 6.47641319e-02
 2.90181088e+02 6.43487414e-02
 2.90458948e+02 6.39349830e-02
 2.90736808e+02 6.35228592e-02
 2.91014668e+02 6.31123728e-02
 2.91292529e+02 6.27035268e-02
 2.91570389e+02 6.22963247e-02
 2.91848249e+02 6.18907697e-02
 2.92126109e+02 6.14868657e-02
 2.92403970e+02 6.10846165e-02
 2.92681830e+02 6.06840262e-02
 2.92959690e+02 6.02850992e-02
 2.93237550e+02 5.98878397e-02
 2.93515410e+02 5.94922524e-02
 2.93793271e+02 5.90983421e-02
 2.94071131e+02 5.87061137e-02
 2.94348991e+02 5.83155721e-02
 2.94626851e+02 5.79267225e-02
 2.94904711e+02 5.75395701e-02
 2.95182572e+02 5.71541204e-02
 2.95460432e+02 5.67703787e-02
 2.95738292e+02 5.63883506e-02
 2.96016152e+02 5.60080417e-02
 2.96294013e+02 5.56294577e-02
 2.96571873e+02 5.52526043e-02
 2.96849733e+02 5.48774874e-02
 2.97127593e+02 5.45041127e-02
 2.97405453e+02 5.41324861e-02
 2.97683314e+02 5.37626136e-02
 2.97961174e+02 5.33945010e-02
 2.98239034e+02 5.30281543e-02
 2.98516894e+02 5.26635794e-02
 2.98794755e+02 5.23007823e-02
 2.99072615e+02 5.19397688e-02
 2.99350475e+02 5.15805449e-02
 2.99628335e+02 5.12231164e-02
 2.99906195e+02 5.08674892e-02
 3.00184056e+02 5.05136691e-02
 3.00461916e+02 5.01616618e-02
 3.00739776e+02 4.98114730e-02
 3.01017636e+02 4.94631085e-02
 3.01295496e+02 4.91165736e-02
 3.01573357e+02 4.87718741e-02
 3.01851217e+02 4.84290152e-02
 3.02129077e+02 4.80880023e-02
 3.02406937e+02 4.77488407e-02
 3.02684798e+02 4.74115355e-02
 3.02962658e+02 4.70760919e-02
 3.03240518e+02 4.67425146e-02
 3.03518378e+02 4.64108086e-02
 3.03796238e+02 4.60809785e-02
 3.04074099e+02 4.57530290e-02
 3.04351959e+02 4.54269646e-02
 3.04629819e+02 4.51027895e-02
 3.04907679e+02 4.47805080e-02
 3.05185540e+02 4.44601241e-02
 3.05463400e+02 4.41416417e-02
 3.05741260e+02 4.38250645e-02
 3.06019120e+02 4.35103963e-02
 3.06296980e+02 4.31976404e-02
 3.06574841e+02 4.28868001e-02
 3.06852701e+02 4.25778785e-02
 3.07130561e+02 4.22708786e-02
 3.07408421e+02 4.19658032e-02
 3.07686282e+02 4.16626548e-02
 3.07964142e+02 4.13614359e-02
 3.08242002e+02 4.10621488e-02
 3.08519862e+02 4.07647953e-02
 3.08797722e+02 4.04693776e-02
 3.09075583e+02 4.01758972e-02
 3.09353443e+02 3.98843556e-02
 3.09631303e+02 3.95947541e-02
 3.09909163e+02 3.93070938e-02
 3.10187023e+02 3.90213756e-02
 3.10464884e+02 3.87376002e-02
 3.10742744e+02 3.84557681e-02
 3.11020604e+02 3.81758795e-02
 3.11298464e+02 3.78979346e-02
 3.11576325e+02 3.76219333e-02
 3.11854185e+02 3.73478751e-02
 3.12132045e+02 3.70757595e-02
 3.12409905e+02 3.68055859e-02
 3.12687765e+02 3.65373532e-02
 3.12965626e+02 3.62710602e-02
 3.13243486e+02 3.60067056e-02
 3.13521346e+02 3.57442877e-02
 3.13799206e+02 3.54838048e-02
 3.14077067e+02 3.52252547e-02
 3.14354927e+02 3.49686352e-02
 3.14632787e+02 3.47139440e-02
 3.14910647e+02 3.44611782e-02
 3.15188507e+02 3.42103349e-02
 3.15466368e+02 3.39614112e-02
 3.15744228e+02 3.37144035e-02
 3.16022088e+02 3.34693085e-02
 3.16299948e+02 3.32261223e-02
 3.16577809e+02 3.29848410e-02
 3.16855669e+02 3.27454603e-02
 3.17133529e+02 3.25079760e-02
 3.17411389e+02 3.22723833e-02
 3.17689249e+02 3.20386775e-02
 3.17967110e+02 3.18068535e-02
 3.18244970e+02 3.15769061e-02
 3.18522830e+02 3.13488299e-02
 3.18800690e+02 3.11226193e-02
 3.19078550e+02 3.08982683e-02
 3.19356411e+02 3.06757709e-02
 3.19634271e+02 3.04551209e-02
 3.19912131e+02 3.02363119e-02
 3.20189991e+02 3.00193371e-02
 3.20467852e+02 2.98041898e-02
 3.20745712e+02 2.95908629e-02
 3.21023572e+02 2.93793492e-02
 3.21301432e+02 2.91696413e-02
 3.21579292e+02 2.89617315e-02
 3.21857153e+02 2.87556121e-02
 3.22135013e+02 2.85512751e-02
 3.22412873e+02 2.83487124e-02
 3.22690733e+02 2.81479157e-02
 3.22968594e+02 2.79488763e-02
 3.23246454e+02 2.77515858e-02
 3.23524314e+02 2.75560351e-02
 3.23802174e+02 2.73622154e-02
 3.24080034e+02 2.71701174e-02
 3.24357895e+02 2.69797318e-02
 3.24635755e+02 2.67910490e-02
 3.24913615e+02 2.66040596e-02
 3.25191475e+02 2.64187535e-02
 3.25469336e+02 2.62351209e-02
 3.25747196e+02 2.60531518e-02
 3.26025056e+02 2.58728357e-02
 3.26302916e+02 2.56941623e-02
 3.26580776e+02 2.55171212e-02
 3.26858637e+02 2.53417016e-02
 3.27136497e+02 2.51678927e-02
 3.27414357e+02 2.49956836e-02
 3.27692217e+02 2.48250633e-02
 3.27970077e+02 2.46560206e-02
 3.28247938e+02 2.44885442e-02
 3.28525798e+02 2.43226227e-02
 3.28803658e+02 2.41582446e-02
 3.29081518e+02 2.39953983e-02
 3.29359379e+02 2.38340719e-02
 3.29637239e+02 2.36742538e-02
 3.29915099e+02 2.35159319e-02
 3.30192959e+02 2.33590943e-02
 3.30470819e+02 2.32037287e-02
 3.30748680e+02 2.30498231e-02
 3.31026540e+02 2.28973651e-02
 3.31304400e+02 2.27463424e-02
 3.31582260e+02 2.25967425e-02
 3.31860121e+02 2.24485528e-02
 3.32137981e+02 2.23017609e-02
 3.32415841e+02 2.21563540e-02
 3.32693701e+02 2.20123194e-02
 3.32971561e+02 2.18696444e-02
 3.33249422e+02 2.17283161e-02
 3.33527282e+02 2.15883216e-02
 3.33805142e+02 2.14496480e-02
 3.34083002e+02 2.13122823e-02
 3.34360863e+02 2.11762115e-02
 3.34638723e+02 2.10414225e-02
 3.34916583e+02 2.09079022e-02
 3.35194443e+02 2.07756376e-02
 3.35472303e+02 2.06446154e-02
 3.35750164e+02 2.05148224e-02
 3.36028024e+02 2.03862456e-02
 3.36305884e+02 2.02588715e-02
 3.36583744e+02 2.01326872e-02
 3.36861604e+02 2.00076792e-02
 3.37139465e+02 1.98838344e-02
 3.37417325e+02 1.97611394e-02
 3.37695185e+02 1.96395811e-02
 3.37973045e+02 1.95191462e-02
 3.38250906e+02 1.93998215e-02
 3.38528766e+02 1.92815937e-02
 3.38806626e+02 1.91644496e-02
 3.39084486e+02 1.90483760e-02
 3.39362346e+02 1.89333597e-02
 3.39640207e+02 1.88193877e-02
 3.39918067e+02 1.87064466e-02
 3.40195927e+02 1.85945235e-02
 3.40473787e+02 1.84836052e-02
 3.40751648e+02 1.83736788e-02
 3.41029508e+02 1.82647312e-02
 3.41307368e+02 1.81567495e-02
 3.41585228e+02 1.80497207e-02
 3.41863088e+02 1.79436320e-02
 3.42140949e+02 1.78384706e-02
 3.42418809e+02 1.77342236e-02
 3.42696669e+02 1.76308785e-02
 3.42974529e+02 1.75284225e-02
 3.43252390e+02 1.74268431e-02
 3.43530250e+02 1.73261276e-02
 3.43808110e+02 1.72262638e-02
 3.44085970e+02 1.71272390e-02
 3.44363830e+02 1.70290412e-02
 3.44641691e+02 1.69316579e-02
 3.44919551e+02 1.68350770e-02
 3.45197411e+02 1.67392865e-02
 3.45475271e+02 1.66442743e-02
 3.45753131e+02 1.65500284e-02
 3.46030992e+02 1.64565371e-02
 3.46308852e+02 1.63637886e-02
 3.46586712e+02 1.62717711e-02
 3.46864572e+02 1.61804732e-02
 3.47142433e+02 1.60898833e-02
 3.47420293e+02 1.59999901e-02
 3.47698153e+02 1.59107823e-02
 3.47976013e+02 1.58222486e-02
 3.48253873e+02 1.57343780e-02
 3.48531734e+02 1.56471595e-02
 3.48809594e+02 1.55605822e-02
 3.49087454e+02 1.54746354e-02
 3.49365314e+02 1.53893084e-02
 3.49643175e+02 1.53045906e-02
 3.49921035e+02 1.52204715e-02
 3.50198895e+02 1.51369409e-02
 3.50476755e+02 1.50539886e-02
 3.50754615e+02 1.49716043e-02
 3.51032476e+02 1.48897783e-02
 3.51310336e+02 1.48085005e-02
 3.51588196e+02 1.47277612e-02
 3.51866056e+02 1.46475509e-02
 3.52143916e+02 1.45678599e-02
 3.52421777e+02 1.44886790e-02
 3.52699637e+02 1.44099989e-02
 3.52977497e+02 1.43318105e-02
 3.53255357e+02 1.42541047e-02
 3.53533218e+02 1.41768726e-02
 3.53811078e+02 1.41001056e-02
 3.54088938e+02 1.40237950e-02
 3.54366798e+02 1.39479323e-02
 3.54644658e+02 1.38725091e-02
 3.54922519e+02 1.37975173e-02
 3.55200379e+02 1.37229487e-02
 3.55478239e+02 1.36487953e-02
 3.55756099e+02 1.35750494e-02
 3.56033960e+02 1.35017032e-02
 3.56311820e+02 1.34287492e-02
 3.56589680e+02 1.33561798e-02
 3.56867540e+02 1.32839879e-02
 3.57145400e+02 1.32121662e-02
 3.57423261e+02 1.31407078e-02
 3.57701121e+02 1.30696056e-02
 3.57978981e+02 1.29988530e-02
 3.58256841e+02 1.29284433e-02
 3.58534702e+02 1.28583701e-02
 3.58812562e+02 1.27886269e-02
 3.59090422e+02 1.27192075e-02
 3.59368282e+02 1.26501059e-02
 3.59646142e+02 1.25813160e-02
 3.59924003e+02 1.25128320e-02
 3.60201863e+02 1.24446484e-02
 3.60479723e+02 1.23767593e-02
 3.60757583e+02 1.23091596e-02
 3.61035443e+02 1.22418438e-02
 3.61313304e+02 1.21748069e-02
 3.61591164e+02 1.21080437e-02
 3.61869024e+02 1.20415493e-02
 3.62146884e+02 1.19753191e-02
 3.62424745e+02 1.19093483e-02
 3.62702605e+02 1.18436324e-02
 3.62980465e+02 1.17781671e-02
 3.63258325e+02 1.17129480e-02
 3.63536185e+02 1.16479711e-02
 3.63814046e+02 1.15832324e-02
 3.64091906e+02 1.15187280e-02
 3.64369766e+02 1.14544540e-02
 3.64647626e+02 1.13904070e-02
 3.64925487e+02 1.13265833e-02
 3.65203347e+02 1.12629796e-02
 3.65481207e+02 1.11995926e-02
 3.65759067e+02 1.11364191e-02
 3.66036927e+02 1.10734562e-02
 3.66314788e+02 1.10107010e-02
 3.66592648e+02 1.09481505e-02
 3.66870508e+02 1.08858022e-02
 3.67148368e+02 1.08236535e-02
 3.67426229e+02 1.07617019e-02
 3.67704089e+02 1.06999450e-02
 3.67981949e+02 1.06383807e-02
 3.68259809e+02 1.05770068e-02
 3.68537669e+02 1.05158213e-02
 3.68815530e+02 1.04548223e-02
 3.69093390e+02 1.03940080e-02
 3.69371250e+02 1.03333766e-02
 3.69649110e+02 1.02729267e-02
 3.69926970e+02 1.02126566e-02
 3.70204831e+02 1.01525650e-02
 3.70482691e+02 1.00926505e-02
 3.70760551e+02 1.00329120e-02
 3.71038411e+02 9.97334845e-03
 3.71316272e+02 9.91395867e-03
 3.71594132e+02 9.85474181e-03
 3.71871992e+02 9.79569705e-03
 3.72149852e+02 9.73682359e-03
 3.72427712e+02 9.67812083e-03
 3.72705573e+02 9.61958816e-03
 3.72983433e+02 9.56122510e-03
 3.73261293e+02 9.50303125e-03
 3.73539153e+02 9.44500627e-03
 3.73817014e+02 9.38714992e-03
 3.74094874e+02 9.32946204e-03
 3.74372734e+02 9.27194252e-03
 3.74650594e+02 9.21459135e-03
 3.74928454e+02 9.15740859e-03
 3.75206315e+02 9.10039434e-03
 3.75484175e+02 9.04354882e-03
 3.75762035e+02 8.98687228e-03
 3.76039895e+02 8.93036505e-03
 3.76317756e+02 8.87402752e-03
 3.76595616e+02 8.81786014e-03
 3.76873476e+02 8.76186344e-03
 3.77151336e+02 8.70603798e-03
 3.77429196e+02 8.65038440e-03
 3.77707057e+02 8.59490338e-03
 3.77984917e+02 8.53959567e-03
 3.78262777e+02 8.48446205e-03
 3.78540637e+02 8.42950339e-03
 3.78818497e+02 8.37472055e-03
 3.79096358e+02 8.32011450e-03
 3.79374218e+02 8.26568622e-03
 3.79652078e+02 8.21143673e-03
 3.79929938e+02 8.15736711e-03
 3.80207799e+02 8.10347848e-03
 3.80485659e+02 8.04977198e-03
 3.80763519e+02 7.99624881e-03
 3.81041379e+02 7.94291019e-03
 3.81319239e+02 7.88975739e-03
 3.81597100e+02 7.83679168e-03
 3.81874960e+02 7.78401440e-03
 3.82152820e+02 7.73142690e-03
 3.82430680e+02 7.67903056e-03
 3.82708541e+02 7.62682677e-03
 3.82986401e+02 7.57481698e-03
 3.83264261e+02 7.52300263e-03
 3.83542121e+02 7.47138519e-03
 3.83819981e+02 7.41996616e-03
 3.84097842e+02 7.36874705e-03
 3.84375702e+02 7.31772939e-03
 3.84653562e+02 7.26691471e-03
 3.84931422e+02 7.21630457e-03
 3.85209283e+02 7.16590055e-03
 3.85487143e+02 7.11570421e-03
 3.85765003e+02 7.06571714e-03
 3.86042863e+02 7.01594095e-03
 3.86320723e+02 6.96637722e-03
 3.86598584e+02 6.91702757e-03
 3.86876444e+02 6.86789360e-03
 3.87154304e+02 6.81897692e-03
 3.87432164e+02 6.77027915e-03
 3.87710024e+02 6.72180189e-03
 3.87987885e+02 6.67354676e-03
 3.88265745e+02 6.62551535e-03
 3.88543605e+02 6.57770927e-03
 3.88821465e+02 6.53013012e-03
 3.89099326e+02 6.48277947e-03
 3.89377186e+02 6.43565891e-03
 3.89655046e+02 6.38877001e-03
 3.89932906e+02 6.34211432e-03
 3.90210766e+02 6.29569339e-03
 3.90488627e+02 6.24950875e-03
 3.90766487e+02 6.20356192e-03
 3.91044347e+02 6.15785441e-03
 3.91322207e+02 6.11238770e-03
 3.91600068e+02 6.06716325e-03
 3.91877928e+02 6.02218253e-03
 3.92155788e+02 5.97744696e-03
 3.92433648e+02 5.93295794e-03
 3.92711508e+02 5.88871688e-03
 3.92989369e+02 5.84472513e-03
 3.93267229e+02 5.80098403e-03
 3.93545089e+02 5.75749491e-03
 3.93822949e+02 5.71425905e-03
 3.94100810e+02 5.67127773e-03
 3.94378670e+02 5.62855218e-03
 3.94656530e+02 5.58608360e-03
 3.94934390e+02 5.54387320e-03
 3.95212250e+02 5.50192212e-03
 3.95490111e+02 5.46023147e-03
 3.95767971e+02 5.41880236e-03
 3.96045831e+02 5.37763585e-03
 3.96323691e+02 5.33673295e-03
 3.96601551e+02 5.29609468e-03
 3.96879412e+02 5.25572198e-03
 3.97157272e+02 5.21561579e-03
 3.97435132e+02 5.17577700e-03
 3.97712992e+02 5.13620647e-03
 3.97990853e+02 5.09690502e-03
 3.98268713e+02 5.05787343e-03
 3.98546573e+02 5.01911245e-03
 3.98824433e+02 4.98062280e-03
 3.99102293e+02 4.94240514e-03
 3.99380154e+02 4.90446011e-03
 3.99658014e+02 4.86678831e-03
 3.99935874e+02 4.82939029e-03
 4.00213734e+02 4.79226658e-03
 4.00491595e+02 4.75541764e-03
 4.00769455e+02 4.71884392e-03
 4.01047315e+02 4.68254582e-03
 4.01325175e+02 4.64652369e-03
 4.01603035e+02 4.61077785e-03
 4.01880896e+02 4.57530857e-03
 4.02158756e+02 4.54011610e-03
 4.02436616e+02 4.50520063e-03
 4.02714476e+02 4.47056228e-03
 4.02992336e+02 4.43620115e-03
 4.03270197e+02 4.40211735e-03
 4.03548057e+02 4.36831098e-03
