 1.21579898e+03 2.76201019e-06
 1.21643461e+03 2.88132309e-06
 1.21707023e+03 3.00619578e-06
 1.21770585e+03 3.13690688e-06
 1.21834147e+03 3.27355358e-06
 1.21897710e+03 3.41603949e-06
 1.21961272e+03 3.56416642e-06
 1.22024834e+03 3.71773271e-06
 1.22088397e+03 3.87664574e-06
 1.22151959e+03 4.04100822e-06
 1.22215521e+03 4.21115499e-06
 1.22279084e+03 4.38762943e-06
 1.22342646e+03 4.57110737e-06
 1.22406208e+03 4.76228786e-06
 1.22469771e+03 4.96177802e-06
 1.22533333e+03 5.17000096e-06
 1.22596895e+03 5.38715043e-06
 1.22660458e+03 5.61320730e-06
 1.22724020e+03 5.84801458e-06
 1.22787582e+03 6.09138955e-06
 1.22851145e+03 6.34324580e-06
 1.22914707e+03 6.60369572e-06
 1.22978269e+03 6.87310833e-06
 1.23041832e+03 7.15210780e-06
 1.23105394e+03 7.44151005e-06
 1.23168956e+03 7.74221199e-06
 1.23232519e+03 8.05506366e-06
 1.23296081e+03 8.38075335e-06
 1.23359643e+03 8.71973251e-06
 1.23423206e+03 9.07219828e-06
 1.23486768e+03 9.43813885e-06
 1.23550330e+03 9.81743335e-06
 1.23613893e+03 1.02099838e-05
 1.23677455e+03 1.06158447e-05
 1.23741017e+03 1.10353212e-05
 1.23804580e+03 1.14690139e-05
 1.23868142e+03 1.19177999e-05
 1.23931704e+03 1.23827542e-05
 1.23995267e+03 1.28650271e-05
 1.24058829e+03 1.33657037e-05
 1.24122391e+03 1.38856823e-05
 1.24185953e+03 1.44255973e-05
 1.24249516e+03 1.49858036e-05
 1.24313078e+03 1.55664252e-05
 1.24376640e+03 1.61674587e-05
 1.24440203e+03 1.67889112e-05
 1.24503765e+03 1.74309425e-05
 1.24567327e+03 1.80939795e-05
 1.24630890e+03 1.87787750e-05
 1.24694452e+03 1.94864035e-05
 1.24758014e+03 2.02181924e-05
 1.24821577e+03 2.09756034e-05
 1.24885139e+03 2.17600888e-05
 1.24948701e+03 2.25729487e-05
 1.25012264e+03 2.34152258e-05
 1.25075826e+03 2.42876569e-05
 1.25139388e+03 2.51906922e-05
 1.25202951e+03 2.61245764e-05
 1.25266513e+03 2.70894764e-05
 1.25330075e+03 2.80856313e-05
 1.25393638e+03 2.91134958e-05
 1.25457200e+03 3.01738467e-05
 1.25520762e+03 3.12678284e-05
 1.25584325e+03 3.23969312e-05
 1.25647887e+03 3.35629084e-05
 1.25711449e+03 3.47676460e-05
 1.25775012e+03 3.60130112e-05
 1.25838574e+03 3.73007065e-05
 1.25902136e+03 3.86321589e-05
 1.25965699e+03 4.00084678e-05
 1.26029261e+03 4.14304210e-05
 1.26092823e+03 4.28985736e-05
 1.26156386e+03 4.44133749e-05
 1.26219948e+03 4.59753219e-05
 1.26283510e+03 4.75851118e-05
 1.26347073e+03 4.92437661e-05
 1.26410635e+03 5.09526995e-05
 1.26474197e+03 5.27137226e-05
 1.26537759e+03 5.45289807e-05
 1.26601322e+03 5.64008381e-05
 1.26664884e+03 5.83317304e-05
 1.26728446e+03 6.03240071e-05
 1.26792009e+03 6.23797941e-05
 1.26855571e+03 6.45009002e-05
 1.26919133e+03 6.66887869e-05
 1.26982696e+03 6.89446033e-05
 1.27046258e+03 7.12692798e-05
 1.27109820e+03 7.36636650e-05
 1.27173383e+03 7.61286832e-05
 1.27236945e+03 7.86654886e-05
 1.27300507e+03 8.12755880e-05
 1.27364070e+03 8.39609098e-05
 1.27427632e+03 8.67238100e-05
 1.27491194e+03 8.95670158e-05
 1.27554757e+03 9.24935163e-05
 1.27618319e+03 9.55064171e-05
 1.27681881e+03 9.86087819e-05
 1.27745444e+03 1.01803485e-04
 1.27809006e+03 1.05093101e-04
 1.27872568e+03 1.08479852e-04
 1.27936131e+03 1.11965611e-04
 1.27999693e+03 1.15551971e-04
 1.28063255e+03 1.19240359e-04
 1.28126818e+03 1.23032184e-04
 1.28190380e+03 1.26928996e-04
 1.28253942e+03 1.30932633e-04
 1.28317505e+03 1.35045329e-04
 1.28381067e+03 1.39269766e-04
 1.28444629e+03 1.43609069e-04
 1.28508192e+03 1.48066753e-04
 1.28571754e+03 1.52646603e-04
 1.28635316e+03 1.57352538e-04
 1.28698879e+03 1.62188448e-04
 1.28762441e+03 1.67158053e-04
 1.28826003e+03 1.72264790e-04
 1.28889566e+03 1.77511744e-04
 1.28953128e+03 1.82901639e-04
 1.29016690e+03 1.88436886e-04
 1.29080252e+03 1.94119673e-04
 1.29143815e+03 1.99952103e-04
 1.29207377e+03 2.05936346e-04
 1.29270939e+03 2.12074783e-04
 1.29334502e+03 2.18370139e-04
 1.29398064e+03 2.24825564e-04
 1.29461626e+03 2.31444674e-04
 1.29525189e+03 2.38231533e-04
 1.29588751e+03 2.45190589e-04
 1.29652313e+03 2.52326560e-04
 1.29715876e+03 2.59644294e-04
 1.29779438e+03 2.67148624e-04
 1.29843000e+03 2.74844230e-04
 1.29906563e+03 2.82735526e-04
 1.29970125e+03 2.90826589e-04
 1.30033687e+03 2.99121131e-04
 1.30097250e+03 3.07622529e-04
 1.30160812e+03 3.16333900e-04
 1.30224374e+03 3.25258210e-04
 1.30287937e+03 3.34398410e-04
 1.30351499e+03 3.43757576e-04
 1.30415061e+03 3.53339039e-04
 1.30478624e+03 3.63146495e-04
 1.30542186e+03 3.73184076e-04
 1.30605748e+03 3.83456373e-04
 1.30669311e+03 3.93968412e-04
 1.30732873e+03 4.04725592e-04
 1.30796435e+03 4.15733580e-04
 1.30859998e+03 4.26998190e-04
 1.30923560e+03 4.38525247e-04
 1.30987122e+03 4.50320456e-04
 1.31050685e+03 4.62389294e-04
 1.31114247e+03 4.74736926e-04
 1.31177809e+03 4.87368172e-04
 1.31241372e+03 5.00287502e-04
 1.31304934e+03 5.13499084e-04
 1.31368496e+03 5.27006860e-04
 1.31432058e+03 5.40814654e-04
 1.31495621e+03 5.54926291e-04
 1.31559183e+03 5.69345726e-04
 1.31622745e+03 5.84077158e-04
 1.31686308e+03 5.99125119e-04
 1.31749870e+03 6.14494538e-04
 1.31813432e+03 6.30190769e-04
 1.31876995e+03 6.46219578e-04
 1.31940557e+03 6.62587098e-04
 1.32004119e+03 6.79299747e-04
 1.32067682e+03 6.96364125e-04
 1.32131244e+03 7.13786903e-04
 1.32194806e+03 7.31574704e-04
 1.32258369e+03 7.49733996e-04
 1.32321931e+03 7.68271005e-04
 1.32385493e+03 7.87191649e-04
 1.32449056e+03 8.06501508e-04
 1.32512618e+03 8.26205825e-04
 1.32576180e+03 8.46309544e-04
 1.32639743e+03 8.66817367e-04
 1.32703305e+03 8.87733843e-04
 1.32766867e+03 9.09063461e-04
 1.32830430e+03 9.30810758e-04
 1.32893992e+03 9.52980417e-04
 1.32957554e+03 9.75577356e-04
 1.33021117e+03 9.98606790e-04
 1.33084679e+03 1.02207428e-03
 1.33148241e+03 1.04598574e-03
 1.33211804e+03 1.07034743e-03
 1.33275366e+03 1.09516591e-03
 1.33338928e+03 1.12044797e-03
 1.33402491e+03 1.14620059e-03
 1.33466053e+03 1.17243078e-03
 1.33529615e+03 1.19914553e-03
 1.33593178e+03 1.22635172e-03
 1.33656740e+03 1.25405603e-03
 1.33720302e+03 1.28226486e-03
 1.33783865e+03 1.31098432e-03
 1.33847427e+03 1.34022019e-03
 1.33910989e+03 1.36997792e-03
 1.33974551e+03 1.40026266e-03
 1.34038114e+03 1.43107932e-03
 1.34101676e+03 1.46243261e-03
 1.34165238e+03 1.49432713e-03
 1.34228801e+03 1.52676745e-03
 1.34292363e+03 1.55975814e-03
 1.34355925e+03 1.59330393e-03
 1.34419488e+03 1.62740968e-03
 1.34483050e+03 1.66208047e-03
 1.34546612e+03 1.69732164e-03
 1.34610175e+03 1.73313877e-03
 1.34673737e+03 1.76953767e-03
 1.34737299e+03 1.80652438e-03
 1.34800862e+03 1.84410509e-03
 1.34864424e+03 1.88228612e-03
 1.34927986e+03 1.92107383e-03
 1.34991549e+03 1.96047457e-03
 1.35055111e+03 2.00049457e-03
 1.35118673e+03 2.04113995e-03
 1.35182236e+03 2.08241659e-03
 1.35245798e+03 2.12433010e-03
 1.35309360e+03 2.16688584e-03
 1.35372923e+03 2.21008881e-03
 1.35436485e+03 2.25394373e-03
 1.35500047e+03 2.29845500e-03
 1.35563610e+03 2.34362673e-03
 1.35627172e+03 2.38946281e-03
 1.35690734e+03 2.43596688e-03
 1.35754297e+03 2.48314246e-03
 1.35817859e+03 2.53099294e-03
 1.35881421e+03 2.57952168e-03
 1.35944984e+03 2.62873200e-03
 1.36008546e+03 2.67862729e-03
 1.36072108e+03 2.72921098e-03
 1.36135671e+03 2.78048661e-03
 1.36199233e+03 2.83245784e-03
 1.36262795e+03 2.88512844e-03
 1.36326357e+03 2.93850228e-03
 1.36389920e+03 2.99258333e-03
 1.36453482e+03 3.04737563e-03
 1.36517044e+03 3.10288326e-03
 1.36580607e+03 3.15911030e-03
 1.36644169e+03 3.21606077e-03
 1.36707731e+03 3.27373862e-03
 1.36771294e+03 3.33214769e-03
 1.36834856e+03 3.39129162e-03
 1.36898418e+03 3.45117387e-03
 1.36961981e+03 3.51179767e-03
 1.37025543e+03 3.57316599e-03
 1.37089105e+03 3.63528152e-03
 1.37152668e+03 3.69814668e-03
 1.37216230e+03 3.76176360e-03
 1.37279792e+03 3.82613413e-03
 1.37343355e+03 3.89125988e-03
 1.37406917e+03 3.95714217e-03
 1.37470479e+03 4.02378213e-03
 1.37534042e+03 4.09118067e-03
 1.37597604e+03 4.15933854e-03
 1.37661166e+03 4.22825634e-03
 1.37724729e+03 4.29793458e-03
 1.37788291e+03 4.36837365e-03
 1.37851853e+03 4.43957392e-03
 1.37915416e+03 4.51153570e-03
 1.37978978e+03 4.58425930e-03
 1.38042540e+03 4.65774501e-03
 1.38106103e+03 4.73199316e-03
 1.38169665e+03 4.80700409e-03
 1.38233227e+03 4.88277815e-03
 1.38296790e+03 4.95931573e-03
 1.38360352e+03 5.03661721e-03
 1.38423914e+03 5.11468300e-03
 1.38487477e+03 5.19351350e-03
 1.38551039e+03 5.27310910e-03
 1.38614601e+03 5.35347015e-03
 1.38678163e+03 5.43459697e-03
 1.38741726e+03 5.51648981e-03
 1.38805288e+03 5.59914886e-03
 1.38868850e+03 5.68257422e-03
 1.38932413e+03 5.76676592e-03
 1.38995975e+03 5.85172387e-03
 1.39059537e+03 5.93744788e-03
 1.39123100e+03 6.02393766e-03
 1.39186662e+03 6.11119283e-03
 1.39250224e+03 6.19921288e-03
 1.39313787e+03 6.28799724e-03
 1.39377349e+03 6.37754523e-03
 1.39440911e+03 6.46785613e-03
 1.39504474e+03 6.55892914e-03
 1.39568036e+03 6.65076345e-03
 1.39631598e+03 6.74335822e-03
 1.39695161e+03 6.83671263e-03
 1.39758723e+03 6.93082589e-03
 1.39822285e+03 7.02569727e-03
 1.39885848e+03 7.12132613e-03
 1.39949410e+03 7.21771193e-03
 1.40012972e+03 7.31485428e-03
 1.40076535e+03 7.41275297e-03
 1.40140097e+03 7.51140799e-03
 1.40203659e+03 7.61081953e-03
 1.40267222e+03 7.71098808e-03
 1.40330784e+03 7.81191439e-03
 1.40394346e+03 7.91359956e-03
 1.40457909e+03 8.01604501e-03
 1.40521471e+03 8.11925256e-03
 1.40585033e+03 8.22322445e-03
 1.40648596e+03 8.32796335e-03
 1.40712158e+03 8.43347242e-03
 1.40775720e+03 8.53975534e-03
 1.40839283e+03 8.64681634e-03
 1.40902845e+03 8.75466023e-03
 1.40966407e+03 8.86329247e-03
 1.41029970e+03 8.97271917e-03
 1.41093532e+03 9.08294716e-03
 1.41157094e+03 9.19398405e-03
 1.41220656e+03 9.30583825e-03
 1.41284219e+03 9.41851904e-03
 1.41347781e+03 9.53203663e-03
 1.41411343e+03 9.64640221e-03
 1.41474906e+03 9.76162801e-03
 1.41538468e+03 9.87772742e-03
 1.41602030e+03 9.99471498e-03
 1.41665593e+03 1.01126065e-02
 1.41729155e+03 1.02314193e-02
 1.41792717e+03 1.03511719e-02
 1.41856280e+03 1.04718846e-02
 1.41919842e+03 1.05935793e-02
 1.41983404e+03 1.07162795e-02
 1.42046967e+03 1.08400109e-02
 1.42110529e+03 1.09648009e-02
 1.42174091e+03 1.10906792e-02
 1.42237654e+03 1.12176780e-02
 1.42301216e+03 1.13458315e-02
 1.42364778e+03 1.14751769e-02
 1.42428341e+03 1.16057540e-02
 1.42491903e+03 1.17376058e-02
 1.42555465e+03 1.18707781e-02
 1.42619028e+03 1.20053204e-02
 1.42682590e+03 1.21412857e-02
 1.42746152e+03 1.22787310e-02
 1.42809715e+03 1.24177172e-02
 1.42873277e+03 1.25583098e-02
 1.42936839e+03 1.27005787e-02
 1.43000402e+03 1.28445992e-02
 1.43063964e+03 1.29904515e-02
 1.43127526e+03 1.31382218e-02
 1.43191089e+03 1.32880022e-02
 1.43254651e+03 1.34398915e-02
 1.43318213e+03 1.35939950e-02
 1.43381776e+03 1.37504257e-02
 1.43445338e+03 1.39093043e-02
 1.43508900e+03 1.40707600e-02
 1.43572462e+03 1.42349307e-02
 1.43636025e+03 1.44019642e-02
 1.43699587e+03 1.45720183e-02
 1.43763149e+03 1.47452616e-02
 1.43826712e+03 1.49218744e-02
 1.43890274e+03 1.51020494e-02
 1.43953836e+03 1.52859926e-02
 1.44017399e+03 1.54739241e-02
 1.44080961e+03 1.56660790e-02
 1.44144523e+03 1.58627086e-02
 1.44208086e+03 1.60640816e-02
 1.44271648e+03 1.62704849e-02
 1.44335210e+03 1.64822250e-02
 1.44398773e+03 1.66996297e-02
 1.44462335e+03 1.69230490e-02
 1.44525897e+03 1.71528572e-02
 1.44589460e+03 1.73894540e-02
 1.44653022e+03 1.76332666e-02
 1.44716584e+03 1.78847517e-02
 1.44780147e+03 1.81443971e-02
 1.44843709e+03 1.84127240e-02
 1.44907271e+03 1.86902899e-02
 1.44970834e+03 1.89776902e-02
 1.45034396e+03 1.92755614e-02
 1.45097958e+03 1.95845839e-02
 1.45161521e+03 1.99054847e-02
 1.45225083e+03 2.02390410e-02
 1.45288645e+03 2.05860833e-02
 1.45352208e+03 2.09474992e-02
 1.45415770e+03 2.13242380e-02
 1.45479332e+03 2.17173139e-02
 1.45542895e+03 2.21278112e-02
 1.45606457e+03 2.25568889e-02
 1.45670019e+03 2.30057854e-02
 1.45733582e+03 2.34758245e-02
 1.45797144e+03 2.39684211e-02
 1.45860706e+03 2.44850875e-02
 1.45924269e+03 2.50274400e-02
 1.45987831e+03 2.55972058e-02
 1.46051393e+03 2.61962307e-02
 1.46114955e+03 2.68264866e-02
 1.46178518e+03 2.74900805e-02
 1.46242080e+03 2.81892631e-02
 1.46305642e+03 2.89264390e-02
 1.46369205e+03 2.97041769e-02
 1.46432767e+03 3.05252199e-02
 1.46496329e+03 3.13924971e-02
 1.46559892e+03 3.23091357e-02
 1.46623454e+03 3.32784739e-02
 1.46687016e+03 3.43040742e-02
 1.46750579e+03 3.53897384e-02
 1.46814141e+03 3.65395233e-02
 1.46877703e+03 3.77577558e-02
 1.46941266e+03 3.90490501e-02
 1.47004828e+03 4.04183252e-02
 1.47068390e+03 4.18708238e-02
 1.47131953e+03 4.34121318e-02
 1.47195515e+03 4.50481995e-02
 1.47259077e+03 4.67853641e-02
 1.47322640e+03 4.86303715e-02
 1.47386202e+03 5.05904002e-02
 1.47449764e+03 5.26730856e-02
 1.47513327e+03 5.48865461e-02
 1.47576889e+03 5.72394099e-02
 1.47640451e+03 5.97408429e-02
 1.47704014e+03 6.24005794e-02
 1.47767576e+03 6.52289517e-02
 1.47831138e+03 6.82369197e-02
 1.47894701e+03 7.14361032e-02
 1.47958263e+03 7.48388145e-02
 1.48021825e+03 7.84580916e-02
 1.48085388e+03 8.23077325e-02
 1.48148950e+03 8.64023321e-02
 1.48212512e+03 9.07573174e-02
 1.48276075e+03 9.53889815e-02
 1.48339637e+03 1.00314520e-01
 1.48403199e+03 1.05552064e-01
 1.48466761e+03 1.11120720e-01
 1.48530324e+03 1.17040601e-01
 1.48593886e+03 1.23332862e-01
 1.48657448e+03 1.30019737e-01
 1.48721011e+03 1.37124568e-01
 1.48784573e+03 1.44671833e-01
 1.48848135e+03 1.52687173e-01
 1.48911698e+03 1.61197418e-01
 1.48975260e+03 1.70230607e-01
 1.49038822e+03 1.79816010e-01
 1.49102385e+03 1.89984138e-01
 1.49165947e+03 2.00766755e-01
 1.49229509e+03 2.12196877e-01
 1.49293072e+03 2.24308766e-01
 1.49356634e+03 2.37137923e-01
 1.49420196e+03 2.50721062e-01
 1.49483759e+03 2.65096090e-01
 1.49547321e+03 2.80302064e-01
 1.49610883e+03 2.96379147e-01
 1.49674446e+03 3.13368539e-01
 1.49738008e+03 3.31312403e-01
 1.49801570e+03 3.50253779e-01
 1.49865133e+03 3.70236479e-01
 1.49928695e+03 3.91304966e-01
 1.49992257e+03 4.13504216e-01
 1.50055820e+03 4.36879562e-01
 1.50119382e+03 4.61476513e-01
 1.50182944e+03 4.87340556e-01
 1.50246507e+03 5.14516934e-01
 1.50310069e+03 5.43050405e-01
 1.50373631e+03 5.72984970e-01
 1.50437194e+03 6.04363581e-01
 1.50500756e+03 6.37227814e-01
 1.50564318e+03 6.71617521e-01
 1.50627881e+03 7.07570458e-01
 1.50691443e+03 7.45121880e-01
 1.50755005e+03 7.84304110e-01
 1.50818567e+03 8.25146083e-01
 1.50882130e+03 8.67672861e-01
 1.50945692e+03 9.11905101e-01
 1.51009254e+03 9.57858516e-01
 1.51072817e+03 1.00554332e+00
 1.51136379e+03 1.05496364e+00
 1.51199941e+03 1.10611690e+00
 1.51263504e+03 1.15899321e+00
 1.51327066e+03 1.21357473e+00
 1.51390628e+03 1.26983496e+00
 1.51454191e+03 1.32773813e+00
 1.51517753e+03 1.38723851e+00
 1.51581315e+03 1.44827976e+00
 1.51644878e+03 1.51079432e+00
 1.51708440e+03 1.57470272e+00
 1.51772002e+03 1.63991304e+00
 1.51835565e+03 1.70632024e+00
 1.51899127e+03 1.77380570e+00
 1.51962689e+03 1.84223664e+00
 1.52026252e+03 1.91146581e+00
 1.52089814e+03 1.98133106e+00
 1.52153376e+03 2.05165513e+00
 1.52216939e+03 2.12224539e+00
 1.52280501e+03 2.19289384e+00
 1.52344063e+03 2.26337706e+00
 1.52407626e+03 2.33345638e+00
 1.52471188e+03 2.40287826e+00
 1.52534750e+03 2.47137469e+00
 1.52598313e+03 2.53866387e+00
 1.52661875e+03 2.60445093e+00
 1.52725437e+03 2.66842894e+00
 1.52789000e+03 2.73028003e+00
 1.52852562e+03 2.78967678e+00
 1.52916124e+03 2.84628381e+00
 1.52979687e+03 2.89975955e+00
 1.53043249e+03 2.94975823e+00
 1.53106811e+03 2.99593208e+00
 1.53170374e+03 3.03793371e+00
 1.53233936e+03 3.07541877e+00
 1.53297498e+03 3.10804874e+00
 1.53361060e+03 3.13549397e+00
 1.53424623e+03 3.15743682e+00
 1.53488185e+03 3.17357500e+00
 1.53551747e+03 3.18362496e+00
 1.53615310e+03 3.18732547e+00
 1.53678872e+03 3.18444122e+00
 1.53742434e+03 3.17476659e+00
 1.53805997e+03 3.15812928e+00
 1.53869559e+03 3.13439393e+00
 1.53933121e+03 3.10346557e+00
 1.53996684e+03 3.06529305e+00
 1.54060246e+03 3.01987226e+00
 1.54123808e+03 2.96724903e+00
 1.54187371e+03 2.90752197e+00
 1.54250933e+03 2.84084482e+00
 1.54314495e+03 2.76742816e+00
 1.54378058e+03 2.68754088e+00
 1.54441620e+03 2.60151104e+00
 1.54505182e+03 2.50972617e+00
 1.54568745e+03 2.41263296e+00
 1.54632307e+03 2.31073633e+00
 1.54695869e+03 2.20459777e+00
 1.54759432e+03 2.09483267e+00
 1.54822994e+03 1.98210700e+00
 1.54886556e+03 1.86713322e+00
 1.54950119e+03 1.75066537e+00
 1.55013681e+03 1.63349336e+00
 1.55077243e+03 1.51643650e+00
 1.55140806e+03 1.40033619e+00
 1.55204368e+03 1.28604780e+00
 1.55267930e+03 1.17443195e+00
 1.55331493e+03 1.06634525e+00
 1.55395055e+03 9.62630539e-01
 1.55458617e+03 8.64106698e-01
 1.55522180e+03 7.71558205e-01
 1.55585742e+03 6.85724359e-01
 1.55649304e+03 6.07288551e-01
 1.55712866e+03 5.36867863e-01
 1.55776429e+03 4.75002936e-01
 1.55839991e+03 4.22148326e-01
 1.55903553e+03 3.78663542e-01
 1.55967116e+03 3.44804917e-01
 1.56030678e+03 3.20718339e-01
 1.56094240e+03 3.06433190e-01
 1.56157803e+03 3.01858177e-01
 1.56221365e+03 3.06778517e-01
 1.56284927e+03 3.20854790e-01
 1.56348490e+03 3.43623606e-01
 1.56412052e+03 3.74500207e-01
 1.56475614e+03 4.12782997e-01
 1.56539177e+03 4.57660025e-01
 1.56602739e+03 5.08218123e-01
 1.56666301e+03 5.63453880e-01
 1.56729864e+03 6.22286485e-01
 1.56793426e+03 6.83572432e-01
 1.56856988e+03 7.46121924e-01
 1.56920551e+03 8.08716813e-01
 1.56984113e+03 8.70129935e-01
 1.57047675e+03 9.29145606e-01
 1.57111238e+03 9.84580619e-01
 1.57174800e+03 1.03530546e+00
 1.57238362e+03 1.08026546e+00
 1.57301925e+03 1.11850142e+00
 1.57365487e+03 1.14916934e+00
 1.57429049e+03 1.17155907e+00
 1.57492612e+03 1.18511112e+00
 1.57556174e+03 1.18943060e+00
 1.57619736e+03 1.18429860e+00
 1.57683299e+03 1.16968056e+00
 1.57746861e+03 1.14573126e+00
 1.57810423e+03 1.11279603e+00
 1.57873986e+03 1.07140821e+00
 1.57937548e+03 1.02228271e+00
 1.58001110e+03 9.66304299e-01
 1.58064673e+03 9.04512262e-01
 1.58128235e+03 8.38081113e-01
 1.58191797e+03 7.68297622e-01
 1.58255359e+03 6.96534437e-01
 1.58318922e+03 6.24220751e-01
 1.58382484e+03 5.52810368e-01
 1.58446046e+03 4.83747761e-01
 1.58509609e+03 4.18433471e-01
 1.58573171e+03 3.58189490e-01
 1.58636733e+03 3.04225386e-01
 1.58700296e+03 2.57606077e-01
 1.58763858e+03 2.19222134e-01
 1.58827420e+03 1.89763070e-01
 1.58890983e+03 1.69695222e-01
 1.58954545e+03 1.59245696e-01
 1.59018107e+03 1.58391898e-01
 1.59081670e+03 1.66857482e-01
 1.59145232e+03 1.84115176e-01
 1.59208794e+03 2.09396710e-01
 1.59272357e+03 2.41709732e-01
 1.59335919e+03 2.79861910e-01
 1.59399481e+03 3.22492678e-01
 1.59463044e+03 3.68110337e-01
 1.59526606e+03 4.15134089e-01
 1.59590168e+03 4.61940030e-01
 1.59653731e+03 5.06909880e-01
 1.59717293e+03 5.48481096e-01
 1.59780855e+03 5.85197354e-01
 1.59844418e+03 6.15756749e-01
 1.59907980e+03 6.39055862e-01
 1.59971542e+03 6.54228580e-01
 1.60035105e+03 6.60678115e-01
 1.60098667e+03 6.58100865e-01
 1.60162229e+03 6.46500988e-01
 1.60225792e+03 6.26195353e-01
 1.60289354e+03 5.97806643e-01
 1.60352916e+03 5.62244604e-01
 1.60416479e+03 5.20677163e-01
 1.60480041e+03 4.74491489e-01
 1.60543603e+03 4.25246034e-01
 1.60607165e+03 3.74614995e-01
 1.60670728e+03 3.24326862e-01
 1.60734290e+03 2.76098665e-01
 1.60797852e+03 2.31569334e-01
 1.60861415e+03 1.92235115e-01
 1.60924977e+03 1.59389214e-01
 1.60988539e+03 1.34068185e-01
 1.61052102e+03 1.17007457e-01
 1.61115664e+03 1.08607916e-01
 1.61179226e+03 1.08914915e-01
 1.61242789e+03 1.17613734e-01
 1.61306351e+03 1.34040146e-01
 1.61369913e+03 1.57205768e-01
 1.61433476e+03 1.85837864e-01
 1.61497038e+03 2.18432337e-01
 1.61560600e+03 2.53317962e-01
 1.61624163e+03 2.88729682e-01
 1.61687725e+03 3.22888407e-01
 1.61751287e+03 3.54082238e-01
 1.61814850e+03 3.80745492e-01
 1.61878412e+03 4.01532208e-01
 1.61941974e+03 4.15380551e-01
 1.62005537e+03 4.21564826e-01
 1.62069099e+03 4.19732884e-01
 1.62132661e+03 4.09925683e-01
 1.62196224e+03 3.92575789e-01
 1.62259786e+03 3.68487146e-01
 1.62323348e+03 3.38796167e-01
 1.62386911e+03 3.04915576e-01
 1.62450473e+03 2.68463435e-01
 1.62514035e+03 2.31180560e-01
 1.62577598e+03 1.94839571e-01
 1.62641160e+03 1.61150930e-01
 1.62704722e+03 1.31672196e-01
 1.62768285e+03 1.07724698e-01
 1.62831847e+03 9.03220860e-02
 1.62895409e+03 8.01148194e-02
 1.62958971e+03 7.73538803e-02
 1.63022534e+03 8.18754586e-02
 1.63086096e+03 9.31107929e-02
 1.63149658e+03 1.10119687e-01
 1.63213221e+03 1.31644709e-01
 1.63276783e+03 1.56183951e-01
 1.63340345e+03 1.82078464e-01
 1.63403908e+03 2.07609599e-01
 1.63467470e+03 2.31101191e-01
 1.63531032e+03 2.51020799e-01
 1.63594595e+03 2.66071627e-01
 1.63658157e+03 2.75270191e-01
 1.63721719e+03 2.78005207e-01
 1.63785282e+03 2.74073923e-01
 1.63848844e+03 2.63693349e-01
 1.63912406e+03 2.47485562e-01
 1.63975969e+03 2.26437015e-01
 1.64039531e+03 2.01832147e-01
 1.64103093e+03 1.75168660e-01
 1.64166656e+03 1.48059202e-01
 1.64230218e+03 1.22125391e-01
 1.64293780e+03 9.88909432e-02
 1.64357343e+03 7.96807658e-02
 1.64420905e+03 6.55318779e-02
 1.64484467e+03 5.71248951e-02
 1.64548030e+03 5.47408824e-02
 1.64611592e+03 5.82452550e-02
 1.64675154e+03 6.71002171e-02
 1.64738717e+03 8.04050980e-02
 1.64802279e+03 9.69620612e-02
 1.64865841e+03 1.15363019e-01
 1.64929404e+03 1.34093064e-01
 1.64992966e+03 1.51641196e-01
 1.65056528e+03 1.66609620e-01
 1.65120091e+03 1.77814525e-01
 1.65183653e+03 1.84371107e-01
 1.65247215e+03 1.85756575e-01
 1.65310778e+03 1.81846746e-01
 1.65374340e+03 1.72922628e-01
 1.65437902e+03 1.59643748e-01
 1.65501464e+03 1.42993487e-01
 1.65565027e+03 1.24200184e-01
 1.65628589e+03 1.04639707e-01
 1.65692151e+03 8.57268227e-02
 1.65755714e+03 6.88035010e-02
 1.65819276e+03 5.50319701e-02
 1.65882838e+03 4.53032284e-02
 1.65946401e+03 4.01688432e-02
 1.66009963e+03 3.98003047e-02
 1.66073525e+03 4.39792258e-02
 1.66137088e+03 5.21192462e-02
 1.66200650e+03 6.33180283e-02
 1.66264212e+03 7.64354376e-02
 1.66327775e+03 9.01930483e-02
 1.66391337e+03 1.03284555e-01
 1.66454899e+03 1.14487034e-01
 1.66518462e+03 1.22764460e-01
 1.66582024e+03 1.27354830e-01
 1.66645586e+03 1.27833450e-01
 1.66709149e+03 1.24147284e-01
 1.66772711e+03 1.16616121e-01
 1.66836273e+03 1.05898408e-01
 1.66899836e+03 9.29279653e-02
 1.66963398e+03 7.88267514e-02
 1.67026960e+03 6.48012219e-02
 1.67090523e+03 5.20314377e-02
 1.67154085e+03 4.15626195e-02
 1.67217647e+03 3.42083167e-02
 1.67281210e+03 3.04770032e-02
 1.67344772e+03 3.05285118e-02
 1.67408334e+03 3.41632781e-02
 1.67471897e+03 4.08454549e-02
 1.67535459e+03 4.97577941e-02
 1.67599021e+03 5.98832974e-02
 1.67662584e+03 7.01065339e-02
 1.67726146e+03 7.93253723e-02
 1.67789708e+03 8.65597575e-02
 1.67853270e+03 9.10471642e-02
 1.67916833e+03 9.23159349e-02
 1.67980395e+03 9.02293402e-02
 1.68043957e+03 8.49959236e-02
 1.68107520e+03 7.71450961e-02
 1.68171082e+03 6.74686944e-02
 1.68234644e+03 5.69344698e-02
 1.68298207e+03 4.65830109e-02
 1.68361769e+03 3.74179662e-02
 1.68425331e+03 3.03007356e-02
 1.68488894e+03 2.58605157e-02
 1.68552456e+03 2.44289318e-02
 1.68616018e+03 2.60064032e-02
 1.68679581e+03 3.02670025e-02
 1.68743143e+03 3.65987264e-02
 1.68806705e+03 4.41743141e-02
 1.68870268e+03 5.20451526e-02
 1.68933830e+03 5.92481129e-02
 1.68997392e+03 6.49137698e-02
 1.69060955e+03 6.83647556e-02
 1.69124517e+03 6.91910763e-02
 1.69188079e+03 6.72929336e-02
 1.69251642e+03 6.28878344e-02
 1.69315204e+03 5.64812664e-02
 1.69378766e+03 4.88043110e-02
 1.69442329e+03 4.07252464e-02
 1.69505891e+03 3.31448385e-02
 1.69569453e+03 2.68872151e-02
 1.69633016e+03 2.26018110e-02
 1.69696578e+03 2.06878208e-02
 1.69760140e+03 2.12494319e-02
 1.69823703e+03 2.40870231e-02
 1.69887265e+03 2.87253829e-02
 1.69950827e+03 3.44756862e-02
 1.70014390e+03 4.05247231e-02
 1.70077952e+03 4.60398520e-02
 1.70141514e+03 5.02741914e-02
 1.70205077e+03 5.26596706e-02
 1.70268639e+03 5.28766212e-02
 1.70332201e+03 5.08912880e-02
 1.70395763e+03 4.69565420e-02
 1.70459326e+03 4.15753668e-02
 1.70522888e+03 3.54299576e-02
 1.70586450e+03 2.92884174e-02
 1.70650013e+03 2.39019288e-02
 1.70713575e+03 1.99053932e-02
 1.70777137e+03 1.77344468e-02
 1.70840700e+03 1.75696983e-02
 1.70904262e+03 1.93153378e-02
 1.70967824e+03 2.26169267e-02
 1.71031387e+03 2.69156380e-02
 1.71094949e+03 3.15290235e-02
 1.71158511e+03 3.57475102e-02
 1.71222074e+03 3.89334439e-02
 1.71285636e+03 4.06091554e-02
 1.71349198e+03 4.05221898e-02
 1.71412761e+03 3.86779948e-02
 1.71476323e+03 3.53333227e-02
 1.71539885e+03 3.09540599e-02
 1.71603448e+03 2.61440816e-02
 1.71667010e+03 2.15554176e-02
 1.71730572e+03 1.77926074e-02
 1.71794135e+03 1.53248372e-02
 1.71857697e+03 1.44182239e-02
 1.71921259e+03 1.51006270e-02
 1.71984822e+03 1.71632163e-02
 1.72048384e+03 2.01969079e-02
 1.72111946e+03 2.36579059e-02
 1.72175509e+03 2.69523772e-02
 1.72239071e+03 2.95276080e-02
 1.72302633e+03 3.09564370e-02
 1.72366196e+03 3.10009061e-02
 1.72429758e+03 2.96441377e-02
 1.72493320e+03 2.70875227e-02
 1.72556883e+03 2.37143727e-02
 1.72620445e+03 2.00260753e-02
 1.72684007e+03 1.65608190e-02
 1.72747569e+03 1.38073073e-02
 1.72811132e+03 1.21270589e-02
 1.72874694e+03 1.16998021e-02
 1.72938256e+03 1.24995383e-02
 1.73001819e+03 1.43039290e-02
 1.73065381e+03 1.67349023e-02
 1.73128943e+03 1.93236182e-02
 1.73192506e+03 2.15892908e-02
 1.73256068e+03 2.31194833e-02
 1.73319630e+03 2.36370103e-02
 1.73383193e+03 2.30420363e-02
 1.73446755e+03 2.14238464e-02
 1.73510317e+03 1.90410928e-02
 1.73573880e+03 1.62742856e-02
 1.73637442e+03 1.35586598e-02
 1.73701004e+03 1.13083531e-02
 1.73764567e+03 9.84542057e-03
 1.73828129e+03 9.34731291e-03
 1.73891691e+03 9.82059050e-03
 1.73955254e+03 1.11044471e-02
 1.74018816e+03 1.29028419e-02
 1.74082378e+03 1.48393755e-02
 1.74145941e+03 1.65254979e-02
 1.74209503e+03 1.76301829e-02
 1.74273065e+03 1.79370081e-02
 1.74336628e+03 1.73790469e-02
 1.74400190e+03 1.60465035e-02
 1.74463752e+03 1.41664046e-02
 1.74527315e+03 1.20583742e-02
 1.74590877e+03 1.00744810e-02
 1.74654439e+03 8.53367098e-03
 1.74718002e+03 7.66406264e-03
 1.74781564e+03 7.56402007e-03
 1.74845126e+03 8.18792553e-03
 1.74908689e+03 9.35852712e-03
 1.74972251e+03 1.08031263e-02
 1.75035813e+03 1.22067522e-02
 1.75099376e+03 1.32727475e-02
 1.75162938e+03 1.37787164e-02
 1.75226500e+03 1.36162362e-02
 1.75290062e+03 1.28079430e-02
 1.75353625e+03 1.14995675e-02
 1.75417187e+03 9.92892891e-03
 1.75480749e+03 8.37800468e-03
 1.75544312e+03 7.11706537e-03
 1.75607874e+03 6.35180833e-03
 1.75671436e+03 6.18511790e-03
 1.75734999e+03 6.60007089e-03
 1.75798561e+03 7.46659886e-03
 1.75862123e+03 8.56999342e-03
 1.75925686e+03 9.65543163e-03
 1.75989248e+03 1.04798221e-02
 1.76052810e+03 1.08608416e-02
 1.76116373e+03 1.07120280e-02
 1.76179935e+03 1.00573057e-02
 1.76243497e+03 9.02304569e-03
 1.76307060e+03 7.80976954e-03
 1.76370622e+03 6.64944946e-03
 1.76434184e+03 5.75705115e-03
 1.76497747e+03 5.28595555e-03
 1.76561309e+03 5.29747462e-03
 1.76624871e+03 5.75083042e-03
 1.76688434e+03 6.51449782e-03
 1.76751996e+03 7.39605637e-03
 1.76815558e+03 8.18411276e-03
 1.76879121e+03 8.69353430e-03
 1.76942683e+03 8.80471482e-03
 1.77006245e+03 8.48791044e-03
 1.77069808e+03 7.80694679e-03
 1.77133370e+03 6.90282778e-03
 1.77196932e+03 5.96125941e-03
 1.77260495e+03 5.17125220e-03
 1.77324057e+03 4.68370025e-03
 1.77387619e+03 4.57874368e-03
 1.77451182e+03 4.84931439e-03
 1.77514744e+03 5.40526796e-03
 1.77578306e+03 6.09581631e-03
 1.77641868e+03 6.74474322e-03
 1.77705431e+03 7.19048198e-03
 1.77768993e+03 7.32221442e-03
 1.77832555e+03 7.10406387e-03
 1.77896118e+03 6.58188478e-03
 1.77959680e+03 5.87034299e-03
 1.78023242e+03 5.12445736e-03
 1.78086805e+03 4.50279791e-03
 1.78150367e+03 4.13074095e-03
 1.78213929e+03 4.07206917e-03
 1.78277492e+03 4.31529862e-03
 1.78341054e+03 4.77787612e-03
 1.78404616e+03 5.32778984e-03
 1.78468179e+03 5.81655037e-03
 1.78531741e+03 6.11493712e-03
 1.78595303e+03 6.14327058e-03
 1.78658866e+03 5.88929185e-03
 1.78722428e+03 5.40961943e-03
 1.78785990e+03 4.81449717e-03
 1.78849553e+03 4.23923288e-03
 1.78913115e+03 3.81002224e-03
 1.78976677e+03 3.61327286e-03
 1.79040240e+03 3.67550515e-03
 1.79103802e+03 3.95836038e-03
 1.79167364e+03 4.36966430e-03
 1.79230927e+03 4.78773033e-03
 1.79294489e+03 5.09301688e-03
 1.79358051e+03 5.19854008e-03
 1.79421614e+03 5.07082407e-03
 1.79485176e+03 4.73673573e-03
 1.79548738e+03 4.27496938e-03
 1.79612301e+03 3.79461838e-03
 1.79675863e+03 3.40635433e-03
 1.79739425e+03 3.19346515e-03
 1.79802988e+03 3.19076797e-03
 1.79866550e+03 3.37719826e-03
 1.79930112e+03 3.68311974e-03
 1.79993674e+03 4.00996503e-03
 1.80057237e+03 4.25688697e-03
 1.80120799e+03 4.34745925e-03
 1.80184361e+03 4.24953055e-03
 1.80247924e+03 3.98265404e-03
 1.80311486e+03 3.61094230e-03
 1.80375048e+03 3.22434552e-03
 1.80438611e+03 2.91371424e-03
 1.80502173e+03 2.74634467e-03
 1.80565735e+03 2.74842674e-03
 1.80629298e+03 2.89896983e-03
 1.80692860e+03 3.13695301e-03
 1.80756422e+03 3.37973153e-03
 1.80819985e+03 3.54658217e-03
 1.80883547e+03 3.58080529e-03
 1.80947109e+03 3.46454938e-03
 1.81010672e+03 3.22256504e-03
 1.81074234e+03 2.91405881e-03
 1.81137796e+03 2.61491366e-03
 1.81201359e+03 2.39545704e-03
 1.81264921e+03 2.30082147e-03
 1.81328483e+03 2.33921920e-03
 1.81392046e+03 2.48096210e-03
 1.81455608e+03 2.66814976e-03
 1.81519170e+03 2.83209712e-03
 1.81582733e+03 2.91354512e-03
 1.81646295e+03 2.87965107e-03
 1.81709857e+03 2.73239893e-03
 1.81773420e+03 2.50659358e-03
 1.81836982e+03 2.25854998e-03
 1.81900544e+03 2.04900595e-03
 1.81964107e+03 1.92525599e-03
 1.82027669e+03 1.90762780e-03
 1.82091231e+03 1.98432705e-03
 1.82154794e+03 2.11634590e-03
 1.82218356e+03 2.25017290e-03
 1.82281918e+03 2.33417711e-03
 1.82345481e+03 2.33381688e-03
 1.82409043e+03 2.24132096e-03
 1.82472605e+03 2.07713610e-03
 1.82536167e+03 1.88275436e-03
 1.82599730e+03 1.70715257e-03
 1.82663292e+03 1.59163698e-03
 1.82726854e+03 1.55772744e-03
 1.82790417e+03 1.60145602e-03
 1.82853979e+03 1.69552112e-03
 1.82917541e+03 1.79845293e-03
 1.82981104e+03 1.86795221e-03
 1.83044666e+03 1.87414651e-03
 1.83108228e+03 1.80827354e-03
 1.83171791e+03 1.68443546e-03
 1.83235353e+03 1.53429769e-03
 1.83298915e+03 1.39661066e-03
 1.83362478e+03 1.30487510e-03
 1.83426040e+03 1.27695090e-03
 1.83489602e+03 1.30993061e-03
 1.83553165e+03 1.38201722e-03
 1.83616727e+03 1.46024956e-03
 1.83680289e+03 1.51134860e-03
 1.83743852e+03 1.51223502e-03
 1.83807414e+03 1.45699495e-03
 1.83870976e+03 1.35820228e-03
 1.83934539e+03 1.24219479e-03
 1.83998101e+03 1.13989838e-03
 1.84061663e+03 1.07664299e-03
 1.84125226e+03 1.06425915e-03
 1.84188788e+03 1.09779564e-03
 1.84252350e+03 1.15772198e-03
 1.84315913e+03 1.21678830e-03
 1.84379475e+03 1.24930172e-03
 1.84443037e+03 1.23963560e-03
 1.84506600e+03 1.18694285e-03
 1.84570162e+03 1.10480157e-03
 1.84633724e+03 1.01617818e-03
 1.84697287e+03 9.45495161e-04
 1.84760849e+03 9.10435962e-04
 1.84824411e+03 9.16167649e-04
 1.84887973e+03 9.53993778e-04
 1.84951536e+03 1.00489588e-03
 1.85015098e+03 1.04636790e-03
 1.85078660e+03 1.06012645e-03
 1.85142223e+03 1.03814432e-03
 1.85205785e+03 9.85066105e-04
 1.85269347e+03 9.16249665e-04
 1.85332910e+03 8.52079931e-04
 1.85396472e+03 8.10646072e-04
 1.85460034e+03 8.01571548e-04
 1.85523597e+03 8.23006964e-04
 1.85587159e+03 8.62653165e-04
 1.85650721e+03 9.02354242e-04
 1.85714284e+03 9.24639225e-04
 1.85777846e+03 9.18943861e-04
 1.85841408e+03 8.85165395e-04
 1.85904971e+03 8.33278394e-04
 1.85968533e+03 7.79420895e-04
 1.86032095e+03 7.39956676e-04
 1.86095658e+03 7.25624487e-04
 1.86159220e+03 7.37811359e-04
 1.86222782e+03 7.68264188e-04
 1.86286345e+03 8.02416022e-04
 1.86349907e+03 8.24959903e-04
 1.86413469e+03 8.25462083e-04
 1.86477032e+03 8.01918791e-04
 1.86540594e+03 7.61413325e-04
 1.86604156e+03 7.16926541e-04
