300   0.468                                                              
       302   0.463                                                              
       304   0.460                                                              
       306   0.455                                                              
       308   0.451                                                              
       310   0.447                                                              
       312   0.445                                                              
       314   0.441                                                              
       316   0.440                                                              
       318   0.437                                                              
       320   0.435                                                              
       322   0.432                                                              
       324   0.429                                                              
       326   0.426                                                              
       328   0.423                                                              
       330   0.422                                                              
       332   0.420                                                              
       334   0.418                                                              
       336   0.416                                                              
       338   0.415                                                              
       340   0.412                                                              
       342   0.412                                                              
       344   0.410                                                              
       346   0.409                                                              
       348   0.407                                                              
       350   0.405                                                              
       352   0.405                                                              
       354   0.405                                                              
       356   0.403                                                              
       358   0.403                                                              
       360   0.402                                                              
       362   0.402                                                              
       364   0.401                                                              
       366   0.403                                                              
       368   0.401                                                              
       370   0.398                                                              
       372   0.397                                                              
       374   0.396                                                              
       376   0.395                                                              
       378   0.393                                                              
       380   0.392                                                              
       382   0.392                                                              
       384   0.392                                                              
       386   0.390                                                              
       388   0.389                                                              
       390   0.387                                                              
       392   0.386                                                              
       394   0.386                                                              
       396   0.384                                                              
       398   0.383                                                              
       400   0.383                                                              
       402   0.381                                                              
       404   0.380                                                              
       406   0.379                                                              
       408   0.379                                                              
       410   0.377                                                              
       412   0.377                                                              
       414   0.374                                                              
       416   0.375                                                              
       418   0.373                                                              
       420   0.372                                                              
       422   0.372                                                              
       424   0.372                                                              
       426   0.373                                                              
       428   0.370                                                              
       430   0.371                                                              
       432   0.372                                                              
       434   0.370                                                              
       436   0.370                                                              
       438   0.370                                                              
       440   0.368                                                              
       442   0.369                                                              
       444   0.369                                                              
       446   0.369                                                              
       448   0.369                                                              
       450   0.369                                                              
       452   0.371                                                              
       454   0.369                                                              
       456   0.370                                                              
       458   0.370                                                              
       460   0.371                                                              
       462   0.372                                                              
       464   0.373                                                              
       466   0.375                                                              
       468   0.377                                                              
       470   0.378                                                              
       472   0.380                                                              
       474   0.383                                                              
       476   0.384                                                              
       478   0.387                                                              
       480   0.392                                                              
       482   0.394                                                              
       484   0.399                                                              
       486   0.404                                                              
       488   0.408                                                              
       490   0.414                                                              
       492   0.421                                                              
       494   0.428                                                              
       496   0.435                                                              
       498   0.444                                                              
       500   0.451                                                              
       502   0.458                                                              
       504   0.468                                                              
       506   0.478                                                              
       508   0.487                                                              
       510   0.494                                                              
       512   0.505                                                              
       514   0.512                                                              
       516   0.519                                                              
       518   0.529                                                              
       520   0.535                                                              
       522   0.540                                                              
       524   0.545                                                              
       526   0.550                                                              
       528   0.551                                                              
       530   0.554                                                              
       532   0.553                                                              
       534   0.554                                                              
       536   0.553                                                              
       538   0.550                                                              
       540   0.546                                                              
       542   0.541                                                              
       544   0.538                                                              
       546   0.532                                                              
       548   0.527                                                              
       550   0.522                                                              
       552   0.513                                                              
       554   0.504                                                              
       556   0.498                                                              
       558   0.491                                                              
       560   0.481                                                              
       562   0.473                                                              
       564   0.464                                                              
       566   0.457                                                              
       568   0.449                                                              
       570   0.443                                                              
       572   0.434                                                              
       574   0.427                                                              
       576   0.419                                                              
       578   0.413                                                              
       580   0.406                                                              
       582   0.399                                                              
       584   0.392                                                              
       586   0.387                                                              
       588   0.380                                                              
       590   0.372                                                              
       592   0.368                                                              
       594   0.362                                                              
       596   0.355                                                              
       598   0.350                                                              
       600   0.347                                                              
       602   0.341                                                              
       604   0.335                                                              
       606   0.332                                                              
       608   0.328                                                              
       610   0.322                                                              
       612   0.320                                                              
       614   0.316                                                              
       616   0.311                                                              
       618   0.305                                                              
       620   0.302                                                              
       622   0.299                                                              
       624   0.295                                                              
       626   0.291                                                              
       628   0.288                                                              
       630   0.286                                                              
       632   0.282                                                              
       634   0.279                                                              
       636   0.275                                                              
       638   0.272                                                              
       640   0.270                                                              
       642   0.265                                                              
       644   0.264                                                              
       646   0.260                                                              
       648   0.257                                                              
       650   0.255                                                              
       652   0.251                                                              
       654   0.250                                                              
       656   0.247                                                              
       658   0.244                                                              
       660   0.241                                                              
       662   0.240                                                              
       664   0.238                                                              
       666   0.234                                                              
       668   0.232                                                              
       670   0.229                                                              
       672   0.228                                                              
       674   0.226                                                              
       676   0.224                                                              
       678   0.222                                                              
       680   0.221                                                              
       682   0.219                                                              
       684   0.217                                                              
       686   0.215                                                              
       688   0.213                                                              
       690   0.211                                                              
       692   0.209                                                              
       694   0.207                                                              
       696   0.207                                                              
       698   0.204                                                              
       700   0.203                                                              
       702   0.203                                                              
       704   0.203                                                              
       706   0.198                                                              
       708   0.196                                                              
       710   0.197                                                              
       712   0.194                                                              
       714   0.193                                                              
       716   0.191                                                              
       718   0.190                                                              
       720   0.189                                                              
       722   0.188                                                              
       724   0.187                                                              
       726   0.185                                                              
       728   0.185                                                              
       730   0.183                                                              
       732   0.181                                                              
       734   0.181                                                              
       736   0.180                                                              
       738   0.178                                                              
       740   0.177                                                              
       742   0.177                                                              
       744   0.176                                                              
       746   0.173                                                              
       748   0.173                                                              
       750   0.171                                                              
       752   0.171                                                              
       754   0.170                                                              
       756   0.168                                                              
       758   0.167                                                              
       760   0.166                                                              
       762   0.165                                                              
       764   0.164                                                              
       766   0.164                                                              
       768   0.165                                                              
       770   0.163                                                              
       772   0.162                                                              
       774   0.162                                                              
       776   0.160                                                              
       778   0.158                                                              
       780   0.157                                                              
       782   0.157                                                              
       784   0.157                                                              
       786   0.154                                                              
       788   0.153                                                              
       790   0.152                                                              
       792   0.152                                                              
       794   0.152                                                              
       796   0.150                                                              
       798   0.150                                                              
       800   0.150                                                              
       802   0.148                                                              
       804   0.148                                                              
       806   0.146                                                              
       808   0.145                                                              
       810   0.145                                                              
       812   0.146                                                              
       814   0.145                                                              
       816   0.143                                                              
       818   0.142                                                              
       820   0.140                                                              
       822   0.133                                                              
       824   0.139                                                              
       826   0.144                                                              
       828   0.140                                                              
       830   0.142                                                              
       832   0.142                                                              
       834   0.135                                                              
       836   0.137                                                              
       838   0.140                                                              
       840   0.136                                                              
       842   0.135                                                              
       844   0.135                                                              
       846   0.135                                                              
       848   0.133                                                              
       850   0.133                                                              
       852   0.131                                                              
       854   0.132                                                              
       856   0.132                                                              
       858   0.133                                                              
       860   0.131                                                              
       862   0.128                                                              
       864   0.129                                                              
       866   0.128                                                              
       868   0.127                                                              
       870   0.126                                                              
       872   0.125                                                              
       874   0.125                                                              
       876   0.125                                                              
       878   0.124                                                              
       880   0.119                                                              
       882   0.119                                                              
       884   0.127                                                              
       886   0.129                                                              
       888   0.124                                                              
       890   0.122                                                              
       892   0.119                                                              
       894   0.116                                                              
       896   0.117                                                              
       898   0.121                                                              
       900   0.119
