 4.88078747e+03 2.86426823e-06
 4.88318705e+03 2.98171861e-06
 4.88558662e+03 3.10366503e-06
 4.88798619e+03 3.23026597e-06
 4.89038577e+03 3.36168491e-06
 4.89278534e+03 3.49809054e-06
 4.89518492e+03 3.63965684e-06
 4.89758449e+03 3.78656327e-06
 4.89998406e+03 3.93899489e-06
 4.90238364e+03 4.09714250e-06
 4.90478321e+03 4.26120285e-06
 4.90718279e+03 4.43137874e-06
 4.90958236e+03 4.60787919e-06
 4.91198193e+03 4.79091966e-06
 4.91438151e+03 4.98072212e-06
 4.91678108e+03 5.17751534e-06
 4.91918066e+03 5.38153494e-06
 4.92158023e+03 5.59302368e-06
 4.92397980e+03 5.81223156e-06
 4.92637938e+03 6.03941606e-06
 4.92877895e+03 6.27484228e-06
 4.93117853e+03 6.51878319e-06
 4.93357810e+03 6.77151977e-06
 4.93597767e+03 7.03334126e-06
 4.93837725e+03 7.30454532e-06
 4.94077682e+03 7.58543826e-06
 4.94317640e+03 7.87633526e-06
 4.94557597e+03 8.17756056e-06
 4.94797554e+03 8.48944772e-06
 4.95037512e+03 8.81233977e-06
 4.95277469e+03 9.14658952e-06
 4.95517426e+03 9.49255974e-06
 4.95757384e+03 9.85062340e-06
 4.95997341e+03 1.02211639e-05
 4.96237299e+03 1.06045755e-05
 4.96477256e+03 1.10012630e-05
 4.96717213e+03 1.14116428e-05
 4.96957171e+03 1.18361426e-05
 4.97197128e+03 1.22752016e-05
 4.97437086e+03 1.27292713e-05
 4.97677043e+03 1.31988152e-05
 4.97917000e+03 1.36843093e-05
 4.98156958e+03 1.41862425e-05
 4.98396915e+03 1.47051166e-05
 4.98636873e+03 1.52414468e-05
 4.98876830e+03 1.57957620e-05
 4.99116787e+03 1.63686049e-05
 4.99356745e+03 1.69605323e-05
 4.99596702e+03 1.75721157e-05
 4.99836660e+03 1.82039414e-05
 5.00076617e+03 1.88566106e-05
 5.00316574e+03 1.95307401e-05
 5.00556532e+03 2.02269623e-05
 5.00796489e+03 2.09459259e-05
 5.01036447e+03 2.16882955e-05
 5.01276404e+03 2.24547529e-05
 5.01516361e+03 2.32459966e-05
 5.01756319e+03 2.40627424e-05
 5.01996276e+03 2.49057241e-05
 5.02236234e+03 2.57756933e-05
 5.02476191e+03 2.66734199e-05
 5.02716148e+03 2.75996926e-05
 5.02956106e+03 2.85553193e-05
 5.03196063e+03 2.95411270e-05
 5.03436021e+03 3.05579627e-05
 5.03675978e+03 3.16066935e-05
 5.03915935e+03 3.26882069e-05
 5.04155893e+03 3.38034112e-05
 5.04395850e+03 3.49532360e-05
 5.04635808e+03 3.61386325e-05
 5.04875765e+03 3.73605738e-05
 5.05115722e+03 3.86200553e-05
 5.05355680e+03 3.99180951e-05
 5.05595637e+03 4.12557345e-05
 5.05835595e+03 4.26340381e-05
 5.06075552e+03 4.40540944e-05
 5.06315509e+03 4.55170161e-05
 5.06555467e+03 4.70239406e-05
 5.06795424e+03 4.85760301e-05
 5.07035382e+03 5.01744725e-05
 5.07275339e+03 5.18204811e-05
 5.07515296e+03 5.35152957e-05
 5.07755254e+03 5.52601824e-05
 5.07995211e+03 5.70564344e-05
 5.08235169e+03 5.89053722e-05
 5.08475126e+03 6.08083440e-05
 5.08715083e+03 6.27667261e-05
 5.08955041e+03 6.47819235e-05
 5.09194998e+03 6.68553699e-05
 5.09434955e+03 6.89885284e-05
 5.09674913e+03 7.11828918e-05
 5.09914870e+03 7.34399830e-05
 5.10154828e+03 7.57613553e-05
 5.10394785e+03 7.81485930e-05
 5.10634742e+03 8.06033115e-05
 5.10874700e+03 8.31271580e-05
 5.11114657e+03 8.57218115e-05
 5.11354615e+03 8.83889836e-05
 5.11594572e+03 9.11304187e-05
 5.11834529e+03 9.39478941e-05
 5.12074487e+03 9.68432210e-05
 5.12314444e+03 9.98182441e-05
 5.12554402e+03 1.02874843e-04
 5.12794359e+03 1.06014930e-04
 5.13034316e+03 1.09240456e-04
 5.13274274e+03 1.12553404e-04
 5.13514231e+03 1.15955793e-04
 5.13754189e+03 1.19449680e-04
 5.13994146e+03 1.23037157e-04
 5.14234103e+03 1.26720352e-04
 5.14474061e+03 1.30501432e-04
 5.14714018e+03 1.34382599e-04
 5.14953976e+03 1.38366095e-04
 5.15193933e+03 1.42454197e-04
 5.15433890e+03 1.46649224e-04
 5.15673848e+03 1.50953530e-04
 5.15913805e+03 1.55369510e-04
 5.16153763e+03 1.59899598e-04
 5.16393720e+03 1.64546266e-04
 5.16633677e+03 1.69312026e-04
 5.16873635e+03 1.74199431e-04
 5.17113592e+03 1.79211073e-04
 5.17353550e+03 1.84349585e-04
 5.17593507e+03 1.89617640e-04
 5.17833464e+03 1.95017952e-04
 5.18073422e+03 2.00553275e-04
 5.18313379e+03 2.06226406e-04
 5.18553337e+03 2.12040181e-04
 5.18793294e+03 2.17997479e-04
 5.19033251e+03 2.24101221e-04
 5.19273209e+03 2.30354367e-04
 5.19513166e+03 2.36759922e-04
 5.19753124e+03 2.43320931e-04
 5.19993081e+03 2.50040482e-04
 5.20233038e+03 2.56921703e-04
 5.20472996e+03 2.63967768e-04
 5.20712953e+03 2.71181888e-04
 5.20952911e+03 2.78567321e-04
 5.21192868e+03 2.86127364e-04
 5.21432825e+03 2.93865357e-04
 5.21672783e+03 3.01784683e-04
 5.21912740e+03 3.09888767e-04
 5.22152697e+03 3.18181073e-04
 5.22392655e+03 3.26665112e-04
 5.22632612e+03 3.35344432e-04
 5.22872570e+03 3.44222626e-04
 5.23112527e+03 3.53303327e-04
 5.23352484e+03 3.62590210e-04
 5.23592442e+03 3.72086990e-04
 5.23832399e+03 3.81797424e-04
 5.24072357e+03 3.91725310e-04
 5.24312314e+03 4.01874486e-04
 5.24552271e+03 4.12248830e-04
 5.24792229e+03 4.22852261e-04
 5.25032186e+03 4.33688735e-04
 5.25272144e+03 4.44762251e-04
 5.25512101e+03 4.56076844e-04
 5.25752058e+03 4.67636588e-04
 5.25992016e+03 4.79445597e-04
 5.26231973e+03 4.91508019e-04
 5.26471931e+03 5.03828043e-04
 5.26711888e+03 5.16409891e-04
 5.26951845e+03 5.29257825e-04
 5.27191803e+03 5.42376140e-04
 5.27431760e+03 5.55769166e-04
 5.27671718e+03 5.69441268e-04
 5.27911675e+03 5.83396846e-04
 5.28151632e+03 5.97640331e-04
 5.28391590e+03 6.12176188e-04
 5.28631547e+03 6.27008912e-04
 5.28871505e+03 6.42143032e-04
 5.29111462e+03 6.57583103e-04
 5.29351419e+03 6.73333714e-04
 5.29591377e+03 6.89399479e-04
 5.29831334e+03 7.05785041e-04
 5.30071292e+03 7.22495070e-04
 5.30311249e+03 7.39534262e-04
 5.30551206e+03 7.56907337e-04
 5.30791164e+03 7.74619042e-04
 5.31031121e+03 7.92674142e-04
 5.31271079e+03 8.11077428e-04
 5.31511036e+03 8.29833710e-04
 5.31750993e+03 8.48947819e-04
 5.31990951e+03 8.68424604e-04
 5.32230908e+03 8.88268930e-04
 5.32470866e+03 9.08485681e-04
 5.32710823e+03 9.29079753e-04
 5.32950780e+03 9.50056060e-04
 5.33190738e+03 9.71419524e-04
 5.33430695e+03 9.93175081e-04
 5.33670653e+03 1.01532768e-03
 5.33910610e+03 1.03788226e-03
 5.34150567e+03 1.06084380e-03
 5.34390525e+03 1.08421726e-03
 5.34630482e+03 1.10800760e-03
 5.34870440e+03 1.13221980e-03
 5.35110397e+03 1.15685884e-03
 5.35350354e+03 1.18192969e-03
 5.35590312e+03 1.20743731e-03
 5.35830269e+03 1.23338668e-03
 5.36070226e+03 1.25978276e-03
 5.36310184e+03 1.28663051e-03
 5.36550141e+03 1.31393486e-03
 5.36790099e+03 1.34170076e-03
 5.37030056e+03 1.36993313e-03
 5.37270013e+03 1.39863688e-03
 5.37509971e+03 1.42781689e-03
 5.37749928e+03 1.45747806e-03
 5.37989886e+03 1.48762523e-03
 5.38229843e+03 1.51826324e-03
 5.38469800e+03 1.54939689e-03
 5.38709758e+03 1.58103098e-03
 5.38949715e+03 1.61317026e-03
 5.39189673e+03 1.64581946e-03
 5.39429630e+03 1.67898328e-03
 5.39669587e+03 1.71266637e-03
 5.39909545e+03 1.74687337e-03
 5.40149502e+03 1.78160887e-03
 5.40389460e+03 1.81687741e-03
 5.40629417e+03 1.85268350e-03
 5.40869374e+03 1.88903161e-03
 5.41109332e+03 1.92592615e-03
 5.41349289e+03 1.96337149e-03
 5.41589247e+03 2.00137195e-03
 5.41829204e+03 2.03993178e-03
 5.42069161e+03 2.07905521e-03
 5.42309119e+03 2.11874637e-03
 5.42549076e+03 2.15900936e-03
 5.42789034e+03 2.19984821e-03
 5.43028991e+03 2.24126688e-03
 5.43268948e+03 2.28326926e-03
 5.43508906e+03 2.32585918e-03
 5.43748863e+03 2.36904040e-03
 5.43988821e+03 2.41281660e-03
 5.44228778e+03 2.45719138e-03
 5.44468735e+03 2.50216826e-03
 5.44708693e+03 2.54775069e-03
 5.44948650e+03 2.59394202e-03
 5.45188608e+03 2.64074554e-03
 5.45428565e+03 2.68816442e-03
 5.45668522e+03 2.73620176e-03
 5.45908480e+03 2.78486056e-03
 5.46148437e+03 2.83414372e-03
 5.46388395e+03 2.88405404e-03
 5.46628352e+03 2.93459424e-03
 5.46868309e+03 2.98576691e-03
 5.47108267e+03 3.03757455e-03
 5.47348224e+03 3.09001954e-03
 5.47588182e+03 3.14310416e-03
 5.47828139e+03 3.19683058e-03
 5.48068096e+03 3.25120085e-03
 5.48308054e+03 3.30621688e-03
 5.48548011e+03 3.36188050e-03
 5.48787969e+03 3.41819339e-03
 5.49027926e+03 3.47515712e-03
 5.49267883e+03 3.53277311e-03
 5.49507841e+03 3.59104268e-03
 5.49747798e+03 3.64996700e-03
 5.49987755e+03 3.70954712e-03
 5.50227713e+03 3.76978392e-03
 5.50467670e+03 3.83067818e-03
 5.50707628e+03 3.89223053e-03
 5.50947585e+03 3.95444143e-03
 5.51187542e+03 4.01731124e-03
 5.51427500e+03 4.08084013e-03
 5.51667457e+03 4.14502814e-03
 5.51907415e+03 4.20987517e-03
 5.52147372e+03 4.27538094e-03
 5.52387329e+03 4.34154502e-03
 5.52627287e+03 4.40836685e-03
 5.52867244e+03 4.47584567e-03
 5.53107202e+03 4.54398060e-03
 5.53347159e+03 4.61277055e-03
 5.53587116e+03 4.68221430e-03
 5.53827074e+03 4.75231045e-03
 5.54067031e+03 4.82305743e-03
 5.54306989e+03 4.89445350e-03
 5.54546946e+03 4.96649676e-03
 5.54786903e+03 5.03918511e-03
 5.55026861e+03 5.11251630e-03
 5.55266818e+03 5.18648788e-03
 5.55506776e+03 5.26109724e-03
 5.55746733e+03 5.33634159e-03
 5.55986690e+03 5.41221794e-03
 5.56226648e+03 5.48872313e-03
 5.56466605e+03 5.56585382e-03
 5.56706563e+03 5.64360647e-03
 5.56946520e+03 5.72197737e-03
 5.57186477e+03 5.80096260e-03
 5.57426435e+03 5.88055808e-03
 5.57666392e+03 5.96075952e-03
 5.57906350e+03 6.04156243e-03
 5.58146307e+03 6.12296217e-03
 5.58386264e+03 6.20495385e-03
 5.58626222e+03 6.28753244e-03
 5.58866179e+03 6.37069268e-03
 5.59106137e+03 6.45442913e-03
 5.59346094e+03 6.53873615e-03
 5.59586051e+03 6.62360792e-03
 5.59826009e+03 6.70903839e-03
 5.60065966e+03 6.79502135e-03
 5.60305924e+03 6.88155038e-03
 5.60545881e+03 6.96861885e-03
 5.60785838e+03 7.05621995e-03
 5.61025796e+03 7.14434666e-03
 5.61265753e+03 7.23299178e-03
 5.61505711e+03 7.32214789e-03
 5.61745668e+03 7.41180740e-03
 5.61985625e+03 7.50196250e-03
 5.62225583e+03 7.59260520e-03
 5.62465540e+03 7.68372729e-03
 5.62705497e+03 7.77532041e-03
 5.62945455e+03 7.86737595e-03
 5.63185412e+03 7.95988514e-03
 5.63425370e+03 8.05283902e-03
 5.63665327e+03 8.14622841e-03
 5.63905284e+03 8.24004397e-03
 5.64145242e+03 8.33427615e-03
 5.64385199e+03 8.42891520e-03
 5.64625157e+03 8.52395121e-03
 5.64865114e+03 8.61937406e-03
 5.65105071e+03 8.71517345e-03
 5.65345029e+03 8.81133890e-03
 5.65584986e+03 8.90785974e-03
 5.65824944e+03 9.00472512e-03
 5.66064901e+03 9.10192401e-03
 5.66304858e+03 9.19944521e-03
 5.66544816e+03 9.29727732e-03
 5.66784773e+03 9.39540879e-03
 5.67024731e+03 9.49382788e-03
 5.67264688e+03 9.59252269e-03
 5.67504645e+03 9.69148114e-03
 5.67744603e+03 9.79069098e-03
 5.67984560e+03 9.89013983e-03
 5.68224518e+03 9.98981510e-03
 5.68464475e+03 1.00897041e-02
 5.68704432e+03 1.01897938e-02
 5.68944390e+03 1.02900714e-02
 5.69184347e+03 1.03905235e-02
 5.69424305e+03 1.04911369e-02
 5.69664262e+03 1.05918980e-02
 5.69904219e+03 1.06927932e-02
 5.70144177e+03 1.07938088e-02
 5.70384134e+03 1.08949308e-02
 5.70624092e+03 1.09961451e-02
 5.70864049e+03 1.10974377e-02
 5.71104006e+03 1.11987942e-02
 5.71343964e+03 1.13002001e-02
 5.71583921e+03 1.14016409e-02
 5.71823879e+03 1.15031019e-02
 5.72063836e+03 1.16045684e-02
 5.72303793e+03 1.17060255e-02
 5.72543751e+03 1.18074580e-02
 5.72783708e+03 1.19088510e-02
 5.73023666e+03 1.20101892e-02
 5.73263623e+03 1.21114574e-02
 5.73503580e+03 1.22126400e-02
 5.73743538e+03 1.23137216e-02
 5.73983495e+03 1.24146867e-02
 5.74223453e+03 1.25155196e-02
 5.74463410e+03 1.26162045e-02
 5.74703367e+03 1.27167257e-02
 5.74943325e+03 1.28170672e-02
 5.75183282e+03 1.29172132e-02
 5.75423240e+03 1.30171477e-02
 5.75663197e+03 1.31168545e-02
 5.75903154e+03 1.32163177e-02
 5.76143112e+03 1.33155210e-02
 5.76383069e+03 1.34144483e-02
 5.76623026e+03 1.35130833e-02
 5.76862984e+03 1.36114098e-02
 5.77102941e+03 1.37094115e-02
 5.77342899e+03 1.38070720e-02
 5.77582856e+03 1.39043751e-02
 5.77822813e+03 1.40013044e-02
 5.78062771e+03 1.40978436e-02
 5.78302728e+03 1.41939762e-02
 5.78542686e+03 1.42896860e-02
 5.78782643e+03 1.43849565e-02
 5.79022600e+03 1.44797715e-02
 5.79262558e+03 1.45741145e-02
 5.79502515e+03 1.46679693e-02
 5.79742473e+03 1.47613196e-02
 5.79982430e+03 1.48541492e-02
 5.80222387e+03 1.49464417e-02
 5.80462345e+03 1.50381810e-02
 5.80702302e+03 1.51293511e-02
 5.80942260e+03 1.52199356e-02
 5.81182217e+03 1.53099187e-02
 5.81422174e+03 1.53992844e-02
 5.81662132e+03 1.54880166e-02
 5.81902089e+03 1.55760996e-02
 5.82142047e+03 1.56635176e-02
 5.82382004e+03 1.57502548e-02
 5.82621961e+03 1.58362957e-02
 5.82861919e+03 1.59216247e-02
 5.83101876e+03 1.60062263e-02
 5.83341834e+03 1.60900852e-02
 5.83581791e+03 1.61731862e-02
 5.83821748e+03 1.62555142e-02
 5.84061706e+03 1.63370540e-02
 5.84301663e+03 1.64177907e-02
 5.84541621e+03 1.64977097e-02
 5.84781578e+03 1.65767961e-02
 5.85021535e+03 1.66550355e-02
 5.85261493e+03 1.67324135e-02
 5.85501450e+03 1.68089158e-02
 5.85741408e+03 1.68845282e-02
 5.85981365e+03 1.69592368e-02
 5.86221322e+03 1.70330277e-02
 5.86461280e+03 1.71058874e-02
 5.86701237e+03 1.71778022e-02
 5.86941195e+03 1.72487588e-02
 5.87181152e+03 1.73187440e-02
 5.87421109e+03 1.73877450e-02
 5.87661067e+03 1.74557487e-02
 5.87901024e+03 1.75227426e-02
 5.88140982e+03 1.75887142e-02
 5.88380939e+03 1.76536512e-02
 5.88620896e+03 1.77175417e-02
 5.88860854e+03 1.77803735e-02
 5.89100811e+03 1.78421352e-02
 5.89340769e+03 1.79028152e-02
 5.89580726e+03 1.79624023e-02
 5.89820683e+03 1.80208853e-02
 5.90060641e+03 1.80782535e-02
 5.90300598e+03 1.81344962e-02
 5.90540555e+03 1.81896030e-02
 5.90780513e+03 1.82435638e-02
 5.91020470e+03 1.82963685e-02
 5.91260428e+03 1.83480075e-02
 5.91500385e+03 1.83984713e-02
 5.91740342e+03 1.84477506e-02
 5.91980300e+03 1.84958364e-02
 5.92220257e+03 1.85427200e-02
 5.92460215e+03 1.85883928e-02
 5.92700172e+03 1.86328465e-02
 5.92940129e+03 1.86760732e-02
 5.93180087e+03 1.87180650e-02
 5.93420044e+03 1.87588144e-02
 5.93660002e+03 1.87983142e-02
 5.93899959e+03 1.88365574e-02
 5.94139916e+03 1.88735371e-02
 5.94379874e+03 1.89092471e-02
 5.94619831e+03 1.89436809e-02
 5.94859789e+03 1.89768327e-02
 5.95099746e+03 1.90086969e-02
 5.95339703e+03 1.90392679e-02
 5.95579661e+03 1.90685407e-02
 5.95819618e+03 1.90965104e-02
 5.96059576e+03 1.91231724e-02
 5.96299533e+03 1.91485223e-02
 5.96539490e+03 1.91725562e-02
 5.96779448e+03 1.91952703e-02
 5.97019405e+03 1.92166611e-02
 5.97259363e+03 1.92367254e-02
 5.97499320e+03 1.92554602e-02
 5.97739277e+03 1.92728630e-02
 5.97979235e+03 1.92889313e-02
 5.98219192e+03 1.93036631e-02
 5.98459150e+03 1.93170565e-02
 5.98699107e+03 1.93291101e-02
 5.98939064e+03 1.93398227e-02
 5.99179022e+03 1.93491931e-02
 5.99418979e+03 1.93572208e-02
 5.99658937e+03 1.93639054e-02
 5.99898894e+03 1.93692468e-02
 6.00138851e+03 1.93732450e-02
 6.00378809e+03 1.93759007e-02
 6.00618766e+03 1.93772144e-02
 6.00858724e+03 1.93771873e-02
 6.01098681e+03 1.93758205e-02
 6.01338638e+03 1.93731156e-02
 6.01578596e+03 1.93690746e-02
 6.01818553e+03 1.93636994e-02
 6.02058511e+03 1.93569924e-02
 6.02298468e+03 1.93489564e-02
 6.02538425e+03 1.93395943e-02
 6.02778383e+03 1.93289091e-02
 6.03018340e+03 1.93169045e-02
 6.03258297e+03 1.93035842e-02
 6.03498255e+03 1.92889520e-02
 6.03738212e+03 1.92730124e-02
 6.03978170e+03 1.92557698e-02
 6.04218127e+03 1.92372289e-02
 6.04458084e+03 1.92173950e-02
 6.04698042e+03 1.91962731e-02
 6.04937999e+03 1.91738689e-02
 6.05177957e+03 1.91501882e-02
 6.05417914e+03 1.91252370e-02
 6.05657871e+03 1.90990216e-02
 6.05897829e+03 1.90715485e-02
 6.06137786e+03 1.90428245e-02
 6.06377744e+03 1.90128567e-02
 6.06617701e+03 1.89816522e-02
 6.06857658e+03 1.89492186e-02
 6.07097616e+03 1.89155635e-02
 6.07337573e+03 1.88806950e-02
 6.07577531e+03 1.88446211e-02
 6.07817488e+03 1.88073502e-02
 6.08057445e+03 1.87688909e-02
 6.08297403e+03 1.87292521e-02
 6.08537360e+03 1.86884428e-02
 6.08777318e+03 1.86464721e-02
 6.09017275e+03 1.86033496e-02
 6.09257232e+03 1.85590848e-02
 6.09497190e+03 1.85136877e-02
 6.09737147e+03 1.84671681e-02
 6.09977105e+03 1.84195364e-02
 6.10217062e+03 1.83708030e-02
 6.10457019e+03 1.83209783e-02
 6.10696977e+03 1.82700733e-02
 6.10936934e+03 1.82180988e-02
 6.11176892e+03 1.81650660e-02
 6.11416849e+03 1.81109861e-02
 6.11656806e+03 1.80558705e-02
 6.11896764e+03 1.79997309e-02
 6.12136721e+03 1.79425791e-02
 6.12376679e+03 1.78844269e-02
 6.12616636e+03 1.78252865e-02
 6.12856593e+03 1.77651699e-02
 6.13096551e+03 1.77040896e-02
 6.13336508e+03 1.76420580e-02
 6.13576466e+03 1.75790878e-02
 6.13816423e+03 1.75151917e-02
 6.14056380e+03 1.74503825e-02
 6.14296338e+03 1.73846733e-02
 6.14536295e+03 1.73180771e-02
 6.14776253e+03 1.72506071e-02
 6.15016210e+03 1.71822767e-02
 6.15256167e+03 1.71130993e-02
 6.15496125e+03 1.70430883e-02
 6.15736082e+03 1.69722575e-02
 6.15976040e+03 1.69006205e-02
 6.16215997e+03 1.68281910e-02
 6.16455954e+03 1.67549831e-02
 6.16695912e+03 1.66810105e-02
 6.16935869e+03 1.66062873e-02
 6.17175826e+03 1.65308276e-02
 6.17415784e+03 1.64546456e-02
 6.17655741e+03 1.63777554e-02
 6.17895699e+03 1.63001714e-02
 6.18135656e+03 1.62219078e-02
 6.18375613e+03 1.61429791e-02
 6.18615571e+03 1.60633995e-02
 6.18855528e+03 1.59831837e-02
 6.19095486e+03 1.59023460e-02
 6.19335443e+03 1.58209009e-02
 6.19575400e+03 1.57388631e-02
 6.19815358e+03 1.56562470e-02
 6.20055315e+03 1.55730673e-02
 6.20295273e+03 1.54893386e-02
 6.20535230e+03 1.54050754e-02
 6.20775187e+03 1.53202925e-02
 6.21015145e+03 1.52350043e-02
 6.21255102e+03 1.51492255e-02
 6.21495060e+03 1.50629708e-02
 6.21735017e+03 1.49762547e-02
 6.21974974e+03 1.48890919e-02
 6.22214932e+03 1.48014968e-02
 6.22454889e+03 1.47134841e-02
 6.22694847e+03 1.46250683e-02
 6.22934804e+03 1.45362639e-02
 6.23174761e+03 1.44470854e-02
 6.23414719e+03 1.43575471e-02
 6.23654676e+03 1.42676636e-02
 6.23894634e+03 1.41774491e-02
 6.24134591e+03 1.40869180e-02
 6.24374548e+03 1.39960845e-02
 6.24614506e+03 1.39049628e-02
 6.24854463e+03 1.38135672e-02
 6.25094421e+03 1.37219116e-02
 6.25334378e+03 1.36300102e-02
 6.25574335e+03 1.35378769e-02
 6.25814293e+03 1.34455255e-02
 6.26054250e+03 1.33529700e-02
 6.26294208e+03 1.32602241e-02
 6.26534165e+03 1.31673015e-02
 6.26774122e+03 1.30742157e-02
 6.27014080e+03 1.29809803e-02
 6.27254037e+03 1.28876087e-02
 6.27493995e+03 1.27941143e-02
 6.27733952e+03 1.27005102e-02
 6.27973909e+03 1.26068097e-02
 6.28213867e+03 1.25130258e-02
 6.28453824e+03 1.24191715e-02
 6.28693782e+03 1.23252597e-02
 6.28933739e+03 1.22313030e-02
 6.29173696e+03 1.21373141e-02
 6.29413654e+03 1.20433056e-02
 6.29653611e+03 1.19492899e-02
 6.29893569e+03 1.18552793e-02
 6.30133526e+03 1.17612860e-02
 6.30373483e+03 1.16673221e-02
 6.30613441e+03 1.15733996e-02
 6.30853398e+03 1.14795303e-02
 6.31093355e+03 1.13857259e-02
 6.31333313e+03 1.12919980e-02
 6.31573270e+03 1.11983581e-02
 6.31813228e+03 1.11048175e-02
 6.32053185e+03 1.10113874e-02
 6.32293142e+03 1.09180789e-02
 6.32533100e+03 1.08249030e-02
 6.32773057e+03 1.07318704e-02
 6.33013015e+03 1.06389919e-02
 6.33252972e+03 1.05462779e-02
 6.33492929e+03 1.04537388e-02
 6.33732887e+03 1.03613850e-02
 6.33972844e+03 1.02692266e-02
 6.34212802e+03 1.01772734e-02
 6.34452759e+03 1.00855354e-02
 6.34692716e+03 9.99402219e-03
 6.34932674e+03 9.90274336e-03
 6.35172631e+03 9.81170830e-03
 6.35412589e+03 9.72092624e-03
 6.35652546e+03 9.63040629e-03
 6.35892503e+03 9.54015742e-03
 6.36132461e+03 9.45018840e-03
 6.36372418e+03 9.36050792e-03
 6.36612376e+03 9.27112446e-03
 6.36852333e+03 9.18204638e-03
 6.37092290e+03 9.09328188e-03
 6.37332248e+03 9.00483902e-03
 6.37572205e+03 8.91672569e-03
 6.37812163e+03 8.82894965e-03
 6.38052120e+03 8.74151849e-03
 6.38292077e+03 8.65443964e-03
 6.38532035e+03 8.56772041e-03
 6.38771992e+03 8.48136793e-03
 6.39011950e+03 8.39538919e-03
 6.39251907e+03 8.30979102e-03
 6.39491864e+03 8.22458010e-03
 6.39731822e+03 8.13976296e-03
 6.39971779e+03 8.05534598e-03
 6.40211737e+03 7.97133538e-03
 6.40451694e+03 7.88773723e-03
 6.40691651e+03 7.80455747e-03
 6.40931609e+03 7.72180185e-03
 6.41171566e+03 7.63947601e-03
 6.41411524e+03 7.55758541e-03
 6.41651481e+03 7.47613537e-03
 6.41891438e+03 7.39513106e-03
 6.42131396e+03 7.31457751e-03
 6.42371353e+03 7.23447960e-03
 6.42611311e+03 7.15484206e-03
 6.42851268e+03 7.07566946e-03
 6.43091225e+03 6.99696624e-03
 6.43331183e+03 6.91873670e-03
 6.43571140e+03 6.84098498e-03
 6.43811097e+03 6.76371509e-03
 6.44051055e+03 6.68693089e-03
 6.44291012e+03 6.61063610e-03
 6.44530970e+03 6.53483430e-03
 6.44770927e+03 6.45952892e-03
 6.45010884e+03 6.38472328e-03
 6.45250842e+03 6.31042053e-03
 6.45490799e+03 6.23662370e-03
 6.45730757e+03 6.16333568e-03
 6.45970714e+03 6.09055924e-03
 6.46210671e+03 6.01829698e-03
 6.46450629e+03 5.94655141e-03
 6.46690586e+03 5.87532489e-03
 6.46930544e+03 5.80461965e-03
 6.47170501e+03 5.73443779e-03
 6.47410458e+03 5.66478128e-03
 6.47650416e+03 5.59565198e-03
 6.47890373e+03 5.52705161e-03
 6.48130331e+03 5.45898178e-03
 6.48370288e+03 5.39144396e-03
 6.48610245e+03 5.32443951e-03
 6.48850203e+03 5.25796967e-03
 6.49090160e+03 5.19203558e-03
 6.49330118e+03 5.12663822e-03
 6.49570075e+03 5.06177850e-03
 6.49810032e+03 4.99745720e-03
 6.50049990e+03 4.93367497e-03
 6.50289947e+03 4.87043237e-03
 6.50529905e+03 4.80772986e-03
 6.50769862e+03 4.74556776e-03
 6.51009819e+03 4.68394631e-03
 6.51249777e+03 4.62286565e-03
 6.51489734e+03 4.56232579e-03
 6.51729692e+03 4.50232666e-03
 6.51969649e+03 4.44286808e-03
 6.52209606e+03 4.38394978e-03
 6.52449564e+03 4.32557138e-03
 6.52689521e+03 4.26773243e-03
 6.52929479e+03 4.21043236e-03
 6.53169436e+03 4.15367051e-03
 6.53409393e+03 4.09744615e-03
 6.53649351e+03 4.04175844e-03
 6.53889308e+03 3.98660646e-03
 6.54129266e+03 3.93198922e-03
 6.54369223e+03 3.87790561e-03
 6.54609180e+03 3.82435447e-03
 6.54849138e+03 3.77133454e-03
 6.55089095e+03 3.71884449e-03
 6.55329053e+03 3.66688292e-03
 6.55569010e+03 3.61544833e-03
 6.55808967e+03 3.56453916e-03
 6.56048925e+03 3.51415378e-03
 6.56288882e+03 3.46429049e-03
 6.56528840e+03 3.41494751e-03
 6.56768797e+03 3.36612298e-03
 6.57008754e+03 3.31781501e-03
 6.57248712e+03 3.27002162e-03
 6.57488669e+03 3.22274076e-03
 6.57728626e+03 3.17597034e-03
 6.57968584e+03 3.12970818e-03
 6.58208541e+03 3.08395208e-03
 6.58448499e+03 3.03869974e-03
 6.58688456e+03 2.99394883e-03
 6.58928413e+03 2.94969697e-03
 6.59168371e+03 2.90594171e-03
 6.59408328e+03 2.86268055e-03
 6.59648286e+03 2.81991095e-03
 6.59888243e+03 2.77763032e-03
 6.60128200e+03 2.73583600e-03
 6.60368158e+03 2.69452533e-03
 6.60608115e+03 2.65369556e-03
 6.60848073e+03 2.61334393e-03
 6.61088030e+03 2.57346761e-03
 6.61327987e+03 2.53406375e-03
 6.61567945e+03 2.49512946e-03
 6.61807902e+03 2.45666181e-03
 6.62047860e+03 2.41865782e-03
 6.62287817e+03 2.38111450e-03
 6.62527774e+03 2.34402882e-03
 6.62767732e+03 2.30739769e-03
 6.63007689e+03 2.27121803e-03
 6.63247647e+03 2.23548671e-03
 6.63487604e+03 2.20020057e-03
 6.63727561e+03 2.16535643e-03
 6.63967519e+03 2.13095108e-03
 6.64207476e+03 2.09698130e-03
 6.64447434e+03 2.06344382e-03
 6.64687391e+03 2.03033537e-03
 6.64927348e+03 1.99765265e-03
 6.65167306e+03 1.96539234e-03
 6.65407263e+03 1.93355111e-03
 6.65647221e+03 1.90212561e-03
 6.65887178e+03 1.87111246e-03
 6.66127135e+03 1.84050829e-03
 6.66367093e+03 1.81030969e-03
 6.66607050e+03 1.78051325e-03
 6.66847008e+03 1.75111556e-03
 6.67086965e+03 1.72211317e-03
 6.67326922e+03 1.69350264e-03
 6.67566880e+03 1.66528053e-03
 6.67806837e+03 1.63744337e-03
 6.68046795e+03 1.60998770e-03
 6.68286752e+03 1.58291005e-03
 6.68526709e+03 1.55620693e-03
 6.68766667e+03 1.52987487e-03
 6.69006624e+03 1.50391039e-03
 6.69246582e+03 1.47830999e-03
 6.69486539e+03 1.45307020e-03
 6.69726496e+03 1.42818752e-03
 6.69966454e+03 1.40365847e-03
 6.70206411e+03 1.37947957e-03
 6.70446369e+03 1.35564732e-03
 6.70686326e+03 1.33215826e-03
 6.70926283e+03 1.30900889e-03
 6.71166241e+03 1.28619576e-03
 6.71406198e+03 1.26371539e-03
 6.71646155e+03 1.24156433e-03
 6.71886113e+03 1.21973911e-03
 6.72126070e+03 1.19823630e-03
 6.72366028e+03 1.17705244e-03
 6.72605985e+03 1.15618413e-03
 6.72845942e+03 1.13562792e-03
 6.73085900e+03 1.11538041e-03
 6.73325857e+03 1.09543821e-03
 6.73565815e+03 1.07579792e-03
 6.73805772e+03 1.05645616e-03
 6.74045729e+03 1.03740957e-03
 6.74285687e+03 1.01865480e-03
 6.74525644e+03 1.00018851e-03
 6.74765602e+03 9.82007377e-04
 6.75005559e+03 9.64108085e-04
 6.75245516e+03 9.46487343e-04
 6.75485474e+03 9.29141871e-04
 6.75725431e+03 9.12068404e-04
 6.75965389e+03 8.95263696e-04
 6.76205346e+03 8.78724517e-04
 6.76445303e+03 8.62447652e-04
 6.76685261e+03 8.46429906e-04
 6.76925218e+03 8.30668102e-04
 6.77165176e+03 8.15159080e-04
 6.77405133e+03 7.99899699e-04
 6.77645090e+03 7.84886840e-04
 6.77885048e+03 7.70117399e-04
 6.78125005e+03 7.55588295e-04
 6.78364963e+03 7.41296465e-04
 6.78604920e+03 7.27238870e-04
 6.78844877e+03 7.13412486e-04
 6.79084835e+03 6.99814317e-04
 6.79324792e+03 6.86441381e-04
 6.79564750e+03 6.73290724e-04
 6.79804707e+03 6.60359409e-04
 6.80044664e+03 6.47644524e-04
 6.80284622e+03 6.35143177e-04
 6.80524579e+03 6.22852500e-04
 6.80764537e+03 6.10769648e-04
 6.81004494e+03 5.98891797e-04
 6.81244451e+03 5.87216146e-04
 6.81484409e+03 5.75739920e-04
 6.81724366e+03 5.64460364e-04
 6.81964324e+03 5.53374749e-04
 6.82204281e+03 5.42480367e-04
 6.82444238e+03 5.31774535e-04
 6.82684196e+03 5.21254595e-04
 6.82924153e+03 5.10917912e-04
 6.83164111e+03 5.00761874e-04
 6.83404068e+03 4.90783893e-04
 6.83644025e+03 4.80981409e-04
 6.83883983e+03 4.71351880e-04
 6.84123940e+03 4.61892794e-04
 6.84363897e+03 4.52601661e-04
 6.84603855e+03 4.43476014e-04
 6.84843812e+03 4.34513413e-04
 6.85083770e+03 4.25711441e-04
 6.85323727e+03 4.17067705e-04
 6.85563684e+03 4.08579839e-04
 6.85803642e+03 4.00245499e-04
 6.86043599e+03 3.92062367e-04
 6.86283557e+03 3.84028147e-04
 6.86523514e+03 3.76140572e-04
 6.86763471e+03 3.68397394e-04
 6.87003429e+03 3.60796394e-04
 6.87243386e+03 3.53335375e-04
 6.87483344e+03 3.46012165e-04
 6.87723301e+03 3.38824617e-04
 6.87963258e+03 3.31770606e-04
 6.88203216e+03 3.24848033e-04
 6.88443173e+03 3.18054823e-04
 6.88683131e+03 3.11388926e-04
 6.88923088e+03 3.04848313e-04
 6.89163045e+03 2.98430981e-04
 6.89403003e+03 2.92134951e-04
 6.89642960e+03 2.85958267e-04
 6.89882918e+03 2.79898996e-04
 6.90122875e+03 2.73955230e-04
 6.90362832e+03 2.68125084e-04
 6.90602790e+03 2.62406696e-04
 6.90842747e+03 2.56798227e-04
 6.91082705e+03 2.51297860e-04
 6.91322662e+03 2.45903804e-04
 6.91562619e+03 2.40614287e-04
 6.91802577e+03 2.35427564e-04
 6.92042534e+03 2.30341909e-04
 6.92282492e+03 2.25355619e-04
 6.92522449e+03 2.20467015e-04
 6.92762406e+03 2.15674439e-04
 6.93002364e+03 2.10976255e-04
 6.93242321e+03 2.06370849e-04
 6.93482279e+03 2.01856628e-04
 6.93722236e+03 1.97432022e-04
 6.93962193e+03 1.93095482e-04
 6.94202151e+03 1.88845478e-04
 6.94442108e+03 1.84680505e-04
 6.94682066e+03 1.80599075e-04
 6.94922023e+03 1.76599724e-04
 6.95161980e+03 1.72681006e-04
 6.95401938e+03 1.68841498e-04
 6.95641895e+03 1.65079794e-04
 6.95881853e+03 1.61394512e-04
 6.96121810e+03 1.57784286e-04
 6.96361767e+03 1.54247773e-04
 6.96601725e+03 1.50783647e-04
 6.96841682e+03 1.47390603e-04
 6.97081640e+03 1.44067354e-04
 6.97321597e+03 1.40812634e-04
 6.97561554e+03 1.37625194e-04
 6.97801512e+03 1.34503804e-04
 6.98041469e+03 1.31447253e-04
 6.98281426e+03 1.28454347e-04
 6.98521384e+03 1.25523913e-04
 6.98761341e+03 1.22654793e-04
 6.99001299e+03 1.19845849e-04
 6.99241256e+03 1.17095957e-04
 6.99481213e+03 1.14404015e-04
 6.99721171e+03 1.11768935e-04
 6.99961128e+03 1.09189648e-04
 7.00201086e+03 1.06665100e-04
 7.00441043e+03 1.04194254e-04
 7.00681000e+03 1.01776092e-04
 7.00920958e+03 9.94096087e-05
 7.01160915e+03 9.70938169e-05
 7.01400873e+03 9.48277449e-05
 7.01640830e+03 9.26104367e-05
 7.01880787e+03 9.04409520e-05
 7.02120745e+03 8.83183658e-05
 7.02360702e+03 8.62417680e-05
 7.02600660e+03 8.42102640e-05
 7.02840617e+03 8.22229736e-05
 7.03080574e+03 8.02790315e-05
 7.03320532e+03 7.83775866e-05
 7.03560489e+03 7.65178024e-05
 7.03800447e+03 7.46988563e-05
 7.04040404e+03 7.29199395e-05
 7.04280361e+03 7.11802572e-05
 7.04520319e+03 6.94790281e-05
 7.04760276e+03 6.78154842e-05
 7.05000234e+03 6.61888708e-05
 7.05240191e+03 6.45984461e-05
 7.05480148e+03 6.30434814e-05
 7.05720106e+03 6.15232604e-05
 7.05960063e+03 6.00370797e-05
 7.06200021e+03 5.85842478e-05
 7.06439978e+03 5.71640858e-05
 7.06679935e+03 5.57759266e-05
 7.06919893e+03 5.44191150e-05
 7.07159850e+03 5.30930075e-05
 7.07399808e+03 5.17969720e-05
 7.07639765e+03 5.05303879e-05
 7.07879722e+03 4.92926458e-05
 7.08119680e+03 4.80831473e-05
 7.08359637e+03 4.69013047e-05
 7.08599595e+03 4.57465413e-05
 7.08839552e+03 4.46182908e-05
 7.09079509e+03 4.35159974e-05
 7.09319467e+03 4.24391154e-05
 7.09559424e+03 4.13871093e-05
 7.09799382e+03 4.03594536e-05
 7.10039339e+03 3.93556324e-05
 7.10279296e+03 3.83751397e-05
 7.10519254e+03 3.74174787e-05
 7.10759211e+03 3.64821623e-05
 7.10999169e+03 3.55687124e-05
 7.11239126e+03 3.46766599e-05
 7.11479083e+03 3.38055448e-05
 7.11719041e+03 3.29549158e-05
 7.11958998e+03 3.21243302e-05
 7.12198955e+03 3.13133539e-05
 7.12438913e+03 3.05215611e-05
 7.12678870e+03 2.97485343e-05
 7.12918828e+03 2.89938640e-05
 7.13158785e+03 2.82571488e-05
 7.13398742e+03 2.75379951e-05
 7.13638700e+03 2.68360170e-05
 7.13878657e+03 2.61508361e-05
 7.14118615e+03 2.54820816e-05
 7.14358572e+03 2.48293900e-05
 7.14598529e+03 2.41924050e-05
 7.14838487e+03 2.35707774e-05
 7.15078444e+03 2.29641649e-05
 7.15318402e+03 2.23722323e-05
 7.15558359e+03 2.17946507e-05
 7.15798316e+03 2.12310983e-05
 7.16038274e+03 2.06812594e-05
 7.16278231e+03 2.01448251e-05
 7.16518189e+03 1.96214925e-05
 7.16758146e+03 1.91109649e-05
 7.16998103e+03 1.86129517e-05
 7.17238061e+03 1.81271684e-05
 7.17478018e+03 1.76533362e-05
 7.17717976e+03 1.71911820e-05
 7.17957933e+03 1.67404386e-05
 7.18197890e+03 1.63008440e-05
 7.18437848e+03 1.58721420e-05
 7.18677805e+03 1.54540816e-05
 7.18917763e+03 1.50464169e-05
 7.19157720e+03 1.46489074e-05
 7.19397677e+03 1.42613176e-05
 7.19637635e+03 1.38834168e-05
 7.19877592e+03 1.35149795e-05
 7.20117550e+03 1.31557847e-05
 7.20357507e+03 1.28056162e-05
 7.20597464e+03 1.24642624e-05
 7.20837422e+03 1.21315164e-05
 7.21077379e+03 1.18071754e-05
 7.21317337e+03 1.14910413e-05
 7.21557294e+03 1.11829201e-05
 7.21797251e+03 1.08826219e-05
 7.22037209e+03 1.05899612e-05
 7.22277166e+03 1.03047562e-05
 7.22517124e+03 1.00268294e-05
 7.22757081e+03 9.75600687e-06
 7.22997038e+03 9.49211871e-06
 7.23236996e+03 9.23499864e-06
 7.23476953e+03 8.98448408e-06
 7.23716911e+03 8.74041602e-06
 7.23956868e+03 8.50263900e-06
 7.24196825e+03 8.27100097e-06
 7.24436783e+03 8.04535329e-06
 7.24676740e+03 7.82555062e-06
 7.24916697e+03 7.61145087e-06
 7.25156655e+03 7.40291514e-06
 7.25396612e+03 7.19980765e-06
 7.25636570e+03 7.00199567e-06
 7.25876527e+03 6.80934947e-06
 7.26116484e+03 6.62174225e-06
 7.26356442e+03 6.43905009e-06
 7.26596399e+03 6.26115188e-06
 7.26836357e+03 6.08792930e-06
 7.27076314e+03 5.91926668e-06
 7.27316271e+03 5.75505104e-06
 7.27556229e+03 5.59517198e-06
 7.27796186e+03 5.43952163e-06
 7.28036144e+03 5.28799462e-06
 7.28276101e+03 5.14048802e-06
 7.28516058e+03 4.99690126e-06
 7.28756016e+03 4.85713612e-06
 7.28995973e+03 4.72109667e-06
 7.29235931e+03 4.58868921e-06
 7.29475888e+03 4.45982222e-06
 7.29715845e+03 4.33440634e-06
 7.29955803e+03 4.21235431e-06
 7.30195760e+03 4.09358090e-06
 7.30435718e+03 3.97800292e-06
 7.30675675e+03 3.86553911e-06
 7.30915632e+03 3.75611018e-06
 7.31155590e+03 3.64963868e-06
 7.31395547e+03 3.54604902e-06
 7.31635505e+03 3.44526742e-06
 7.31875462e+03 3.34722185e-06
 7.32115419e+03 3.25184200e-06
 7.32355377e+03 3.15905926e-06
 7.32595334e+03 3.06880667e-06
 7.32835292e+03 2.98101888e-06
 7.33075249e+03 2.89563210e-06
 7.33315206e+03 2.81258412e-06
 7.33555164e+03 2.73181420e-06
