 2.41717997e+02 3.99551326e-06
 2.41988858e+02 4.37810478e-06
 2.42259720e+02 4.79434073e-06
 2.42530581e+02 5.24746879e-06
 2.42801443e+02 5.74073667e-06
 2.43072304e+02 6.27739205e-06
 2.43343166e+02 6.86070774e-06
 2.43614027e+02 7.49440136e-06
 2.43884889e+02 8.18257242e-06
 2.44155750e+02 8.92940989e-06
 2.44426612e+02 9.73960835e-06
 2.44697474e+02 1.06180663e-05
 2.44968335e+02 1.15699101e-05
 2.45239197e+02 1.26009090e-05
 2.45510058e+02 1.37169568e-05
 2.45780920e+02 1.49244127e-05
 2.46051781e+02 1.62302466e-05
 2.46322643e+02 1.76415373e-05
 2.46593504e+02 1.91661231e-05
 2.46864366e+02 2.08123211e-05
 2.47135227e+02 2.25886752e-05
 2.47406089e+02 2.45047345e-05
 2.47676951e+02 2.65703398e-05
 2.47947812e+02 2.87958603e-05
 2.48218674e+02 3.11927372e-05
 2.48489535e+02 3.37725866e-05
 2.48760397e+02 3.65479880e-05
 2.49031258e+02 3.95324516e-05
 2.49302120e+02 4.27397118e-05
 2.49572981e+02 4.61849102e-05
 2.49843843e+02 4.98838328e-05
 2.50114704e+02 5.38527865e-05
 2.50385566e+02 5.81097491e-05
 2.50656428e+02 6.26730553e-05
 2.50927289e+02 6.75621207e-05
 2.51198151e+02 7.27979591e-05
 2.51469012e+02 7.84018445e-05
 2.51739874e+02 8.43967992e-05
 2.52010735e+02 9.08070878e-05
 2.52281597e+02 9.76574380e-05
 2.52552458e+02 1.04974872e-04
 2.52823320e+02 1.12787168e-04
 2.53094181e+02 1.21123158e-04
 2.53365043e+02 1.30014101e-04
 2.53635905e+02 1.39491668e-04
 2.53906766e+02 1.49589449e-04
 2.54177628e+02 1.60343114e-04
 2.54448489e+02 1.71788754e-04
 2.54719351e+02 1.83965222e-04
 2.54990212e+02 1.96912808e-04
 2.55261074e+02 2.10672689e-04
 2.55531935e+02 2.25289281e-04
 2.55802797e+02 2.40807774e-04
 2.56073658e+02 2.57275185e-04
 2.56344520e+02 2.74741579e-04
 2.56615382e+02 2.93257493e-04
 2.56886243e+02 3.12876376e-04
 2.57157105e+02 3.33654004e-04
 2.57427966e+02 3.55646839e-04
 2.57698828e+02 3.78915080e-04
 2.57969689e+02 4.03520321e-04
 2.58240551e+02 4.29525638e-04
 2.58511412e+02 4.56997968e-04
 2.58782274e+02 4.86004951e-04
 2.59053135e+02 5.16616861e-04
 2.59323997e+02 5.48907191e-04
 2.59594859e+02 5.82949987e-04
 2.59865720e+02 6.18822969e-04
 2.60136582e+02 6.56606008e-04
 2.60407443e+02 6.96379982e-04
 2.60678305e+02 7.38229907e-04
 2.60949166e+02 7.82241911e-04
 2.61220028e+02 8.28504089e-04
 2.61490889e+02 8.77108251e-04
 2.61761751e+02 9.28146770e-04
 2.62032612e+02 9.81714993e-04
 2.62303474e+02 1.03791094e-03
 2.62574336e+02 1.09683325e-03
 2.62845197e+02 1.15858408e-03
 2.63116059e+02 1.22326711e-03
 2.63386920e+02 1.29098714e-03
 2.63657782e+02 1.36185231e-03
 2.63928643e+02 1.43597144e-03
 2.64199505e+02 1.51345512e-03
 2.64470366e+02 1.59441639e-03
 2.64741228e+02 1.67896867e-03
 2.65012089e+02 1.76722745e-03
 2.65282951e+02 1.85930962e-03
 2.65553813e+02 1.95533248e-03
 2.65824674e+02 2.05541514e-03
 2.66095536e+02 2.15967724e-03
 2.66366397e+02 2.26823894e-03
 2.66637259e+02 2.38122139e-03
 2.66908120e+02 2.49874588e-03
 2.67178982e+02 2.62093388e-03
 2.67449843e+02 2.74790702e-03
 2.67720705e+02 2.87978687e-03
 2.67991566e+02 3.01669429e-03
 2.68262428e+02 3.15874984e-03
 2.68533290e+02 3.30607355e-03
 2.68804151e+02 3.45878365e-03
 2.69075013e+02 3.61699796e-03
 2.69345874e+02 3.78083267e-03
 2.69616736e+02 3.95040141e-03
 2.69887597e+02 4.12581734e-03
 2.70158459e+02 4.30719017e-03
 2.70429320e+02 4.49462703e-03
 2.70700182e+02 4.68823401e-03
 2.70971043e+02 4.88811175e-03
 2.71241905e+02 5.09435897e-03
 2.71512767e+02 5.30707166e-03
 2.71783628e+02 5.52633913e-03
 2.72054490e+02 5.75224949e-03
 2.72325351e+02 5.98488526e-03
 2.72596213e+02 6.22432253e-03
 2.72867074e+02 6.47063609e-03
 2.73137936e+02 6.72389183e-03
 2.73408797e+02 6.98415079e-03
 2.73679659e+02 7.25147108e-03
 2.73950521e+02 7.52589950e-03
 2.74221382e+02 7.80748005e-03
 2.74492244e+02 8.09625024e-03
 2.74763105e+02 8.39223622e-03
 2.75033967e+02 8.69546237e-03
 2.75304828e+02 9.00594210e-03
 2.75575690e+02 9.32367960e-03
 2.75846551e+02 9.64867648e-03
 2.76117413e+02 9.98091949e-03
 2.76388274e+02 1.03203896e-02
 2.76659136e+02 1.06670618e-02
 2.76929998e+02 1.10208950e-02
 2.77200859e+02 1.13818453e-02
 2.77471721e+02 1.17498574e-02
 2.77742582e+02 1.21248623e-02
 2.78013444e+02 1.25067883e-02
 2.78284305e+02 1.28955481e-02
 2.78555167e+02 1.32910442e-02
 2.78826028e+02 1.36931747e-02
 2.79096890e+02 1.41018189e-02
 2.79367751e+02 1.45168509e-02
 2.79638613e+02 1.49381355e-02
 2.79909475e+02 1.53655197e-02
 2.80180336e+02 1.57988479e-02
 2.80451198e+02 1.62379498e-02
 2.80722059e+02 1.66826418e-02
 2.80992921e+02 1.71327369e-02
 2.81263782e+02 1.75880300e-02
 2.81534644e+02 1.80483077e-02
 2.81805505e+02 1.85133506e-02
 2.82076367e+02 1.89829204e-02
 2.82347228e+02 1.94567750e-02
 2.82618090e+02 1.99346616e-02
 2.82888952e+02 2.04163120e-02
 2.83159813e+02 2.09014556e-02
 2.83430675e+02 2.13898072e-02
 2.83701536e+02 2.18810718e-02
 2.83972398e+02 2.23749506e-02
 2.84243259e+02 2.28711294e-02
 2.84514121e+02 2.33692884e-02
 2.84784982e+02 2.38691022e-02
 2.85055844e+02 2.43702311e-02
 2.85326705e+02 2.48723337e-02
 2.85597567e+02 2.53750595e-02
 2.85868429e+02 2.58780486e-02
 2.86139290e+02 2.63809397e-02
 2.86410152e+02 2.68833615e-02
 2.86681013e+02 2.73849380e-02
 2.86951875e+02 2.78852907e-02
 2.87222736e+02 2.83840329e-02
 2.87493598e+02 2.88807761e-02
 2.87764459e+02 2.93751286e-02
 2.88035321e+02 2.98666938e-02
 2.88306182e+02 3.03550742e-02
 2.88577044e+02 3.08398702e-02
 2.88847906e+02 3.13206801e-02
 2.89118767e+02 3.17971020e-02
 2.89389629e+02 3.22687340e-02
 2.89660490e+02 3.27351740e-02
 2.89931352e+02 3.31960208e-02
 2.90202213e+02 3.36508760e-02
 2.90473075e+02 3.40993413e-02
 2.90743936e+02 3.45410225e-02
 2.91014798e+02 3.49755295e-02
 2.91285659e+02 3.54024732e-02
 2.91556521e+02 3.58214721e-02
 2.91827383e+02 3.62321492e-02
 2.92098244e+02 3.66341300e-02
 2.92369106e+02 3.70270518e-02
 2.92639967e+02 3.74105543e-02
 2.92910829e+02 3.77842847e-02
 2.93181690e+02 3.81479026e-02
 2.93452552e+02 3.85010699e-02
 2.93723413e+02 3.88434612e-02
 2.93994275e+02 3.91747622e-02
 2.94265136e+02 3.94946620e-02
 2.94535998e+02 3.98028677e-02
 2.94806860e+02 4.00990944e-02
 2.95077721e+02 4.03830643e-02
 2.95348583e+02 4.06545204e-02
 2.95619444e+02 4.09132100e-02
 2.95890306e+02 4.11588948e-02
 2.96161167e+02 4.13913551e-02
 2.96432029e+02 4.16103747e-02
 2.96702890e+02 4.18157587e-02
 2.96973752e+02 4.20073261e-02
 2.97244613e+02 4.21849018e-02
 2.97515475e+02 4.23483365e-02
 2.97786337e+02 4.24974888e-02
 2.98057198e+02 4.26322297e-02
 2.98328060e+02 4.27524551e-02
 2.98598921e+02 4.28580654e-02
 2.98869783e+02 4.29489808e-02
 2.99140644e+02 4.30251414e-02
 2.99411506e+02 4.30864916e-02
 2.99682367e+02 4.31330021e-02
 2.99953229e+02 4.31646558e-02
 3.00224090e+02 4.31814442e-02
 3.00494952e+02 4.31833865e-02
 3.00765814e+02 4.31705079e-02
 3.01036675e+02 4.31428490e-02
 3.01307537e+02 4.31004742e-02
 3.01578398e+02 4.30434512e-02
 3.01849260e+02 4.29718696e-02
 3.02120121e+02 4.28858352e-02
 3.02390983e+02 4.27854589e-02
 3.02661844e+02 4.26708766e-02
 3.02932706e+02 4.25422328e-02
 3.03203568e+02 4.23996815e-02
 3.03474429e+02 4.22434001e-02
 3.03745291e+02 4.20735697e-02
 3.04016152e+02 4.18903866e-02
 3.04287014e+02 4.16940640e-02
 3.04557875e+02 4.14848182e-02
 3.04828737e+02 4.12628839e-02
 3.05099598e+02 4.10285060e-02
 3.05370460e+02 4.07819341e-02
 3.05641321e+02 4.05234360e-02
 3.05912183e+02 4.02532843e-02
 3.06183045e+02 3.99717596e-02
 3.06453906e+02 3.96791569e-02
 3.06724768e+02 3.93757731e-02
 3.06995629e+02 3.90619159e-02
 3.07266491e+02 3.87379017e-02
 3.07537352e+02 3.84040489e-02
 3.07808214e+02 3.80606866e-02
 3.08079075e+02 3.77081481e-02
 3.08349937e+02 3.73467697e-02
 3.08620798e+02 3.69768962e-02
 3.08891660e+02 3.65988737e-02
 3.09162522e+02 3.62130519e-02
 3.09433383e+02 3.58197857e-02
 3.09704245e+02 3.54194302e-02
 3.09975106e+02 3.50123437e-02
 3.10245968e+02 3.45988861e-02
 3.10516829e+02 3.41794177e-02
 3.10787691e+02 3.37542998e-02
 3.11058552e+02 3.33238939e-02
 3.11329414e+02 3.28885607e-02
 3.11600275e+02 3.24486598e-02
 3.11871137e+02 3.20045504e-02
 3.12141999e+02 3.15565890e-02
 3.12412860e+02 3.11051296e-02
 3.12683722e+02 3.06505253e-02
 3.12954583e+02 3.01931238e-02
 3.13225445e+02 2.97332705e-02
 3.13496306e+02 2.92713083e-02
 3.13767168e+02 2.88075725e-02
 3.14038029e+02 2.83423968e-02
 3.14308891e+02 2.78761095e-02
 3.14579752e+02 2.74090313e-02
 3.14850614e+02 2.69414811e-02
 3.15121476e+02 2.64737691e-02
 3.15392337e+02 2.60061992e-02
 3.15663199e+02 2.55390724e-02
 3.15934060e+02 2.50726782e-02
 3.16204922e+02 2.46073021e-02
 3.16475783e+02 2.41432238e-02
 3.16746645e+02 2.36807109e-02
 3.17017506e+02 2.32200287e-02
 3.17288368e+02 2.27614328e-02
 3.17559229e+02 2.23051684e-02
 3.17830091e+02 2.18514787e-02
 3.18100953e+02 2.14005933e-02
 3.18371814e+02 2.09527351e-02
 3.18642676e+02 2.05081226e-02
 3.18913537e+02 2.00669594e-02
 3.19184399e+02 1.96294457e-02
 3.19455260e+02 1.91957733e-02
 3.19726122e+02 1.87661209e-02
 3.19996983e+02 1.83406649e-02
 3.20267845e+02 1.79195697e-02
 3.20538706e+02 1.75029899e-02
 3.20809568e+02 1.70910775e-02
 3.21080430e+02 1.66839697e-02
 3.21351291e+02 1.62817981e-02
 3.21622153e+02 1.58846890e-02
 3.21893014e+02 1.54927542e-02
 3.22163876e+02 1.51061030e-02
 3.22434737e+02 1.47248354e-02
 3.22705599e+02 1.43490400e-02
 3.22976460e+02 1.39788038e-02
 3.23247322e+02 1.36142013e-02
 3.23518183e+02 1.32553002e-02
 3.23789045e+02 1.29021646e-02
 3.24059907e+02 1.25548459e-02
 3.24330768e+02 1.22133919e-02
 3.24601630e+02 1.18778445e-02
 3.24872491e+02 1.15482343e-02
 3.25143353e+02 1.12245904e-02
 3.25414214e+02 1.09069330e-02
 3.25685076e+02 1.05952749e-02
 3.25955937e+02 1.02896269e-02
 3.26226799e+02 9.98998993e-03
 3.26497660e+02 9.69636052e-03
 3.26768522e+02 9.40873210e-03
 3.27039384e+02 9.12708863e-03
 3.27310245e+02 8.85141231e-03
 3.27581107e+02 8.58168002e-03
 3.27851968e+02 8.31786166e-03
 3.28122830e+02 8.05992604e-03
 3.28393691e+02 7.80783538e-03
 3.28664553e+02 7.56154770e-03
 3.28935414e+02 7.32101951e-03
 3.29206276e+02 7.08620066e-03
 3.29477137e+02 6.85703905e-03
 3.29747999e+02 6.63348001e-03
 3.30018861e+02 6.41546349e-03
 3.30289722e+02 6.20292866e-03
 3.30560584e+02 5.99581115e-03
 3.30831445e+02 5.79404318e-03
 3.31102307e+02 5.59755632e-03
 3.31373168e+02 5.40627844e-03
 3.31644030e+02 5.22013568e-03
 3.31914891e+02 5.03905320e-03
 3.32185753e+02 4.86295306e-03
 3.32456615e+02 4.69175665e-03
 3.32727476e+02 4.52538403e-03
 3.32998338e+02 4.36375322e-03
 3.33269199e+02 4.20678201e-03
 3.33540061e+02 4.05438678e-03
 3.33810922e+02 3.90648296e-03
 3.34081784e+02 3.76298576e-03
 3.34352645e+02 3.62380940e-03
 3.34623507e+02 3.48886780e-03
 3.34894368e+02 3.35807469e-03
 3.35165230e+02 3.23134342e-03
 3.35436092e+02 3.10858732e-03
 3.35706953e+02 2.98971978e-03
 3.35977815e+02 2.87465430e-03
 3.36248676e+02 2.76330445e-03
 3.36519538e+02 2.65558435e-03
 3.36790399e+02 2.55140841e-03
 3.37061261e+02 2.45069132e-03
 3.37332122e+02 2.35334877e-03
 3.37602984e+02 2.25929672e-03
 3.37873845e+02 2.16845183e-03
 3.38144707e+02 2.08073198e-03
 3.38415569e+02 1.99605523e-03
 3.38686430e+02 1.91434098e-03
 3.38957292e+02 1.83550968e-03
 3.39228153e+02 1.75948214e-03
 3.39499015e+02 1.68618099e-03
 3.39769876e+02 1.61552960e-03
 3.40040738e+02 1.54745209e-03
 3.40311599e+02 1.48187464e-03
 3.40582461e+02 1.41872378e-03
 3.40853322e+02 1.35792753e-03
 3.41124184e+02 1.29941565e-03
 3.41395046e+02 1.24311823e-03
 3.41665907e+02 1.18896745e-03
 3.41936769e+02 1.13689672e-03
 3.42207630e+02 1.08684004e-03
 3.42478492e+02 1.03873381e-03
 3.42749353e+02 9.92515136e-04
 3.43020215e+02 9.48122268e-04
 3.43291076e+02 9.05495725e-04
 3.43561938e+02 8.64576368e-04
 3.43832799e+02 8.25306923e-04
 3.44103661e+02 7.87631800e-04
 3.44374523e+02 7.51495807e-04
 3.44645384e+02 7.16846089e-04
 3.44916246e+02 6.83630794e-04
 3.45187107e+02 6.51798862e-04
 3.45457969e+02 6.21301612e-04
 3.45728830e+02 5.92090839e-04
 3.45999692e+02 5.64119742e-04
 3.46270553e+02 5.37343464e-04
 3.46541415e+02 5.11717451e-04
 3.46812276e+02 4.87199087e-04
 3.47083138e+02 4.63747045e-04
 3.47354000e+02 4.41320465e-04
 3.47624861e+02 4.19880659e-04
 3.47895723e+02 3.99389608e-04
 3.48166584e+02 3.79810199e-04
 3.48437446e+02 3.61107283e-04
 3.48708307e+02 3.43246025e-04
 3.48979169e+02 3.26192997e-04
 3.49250030e+02 3.09916212e-04
 3.49520892e+02 2.94383964e-04
 3.49791753e+02 2.79566289e-04
 3.50062615e+02 2.65434068e-04
 3.50333477e+02 2.51958700e-04
 3.50604338e+02 2.39113337e-04
 3.50875200e+02 2.26871521e-04
 3.51146061e+02 2.15207706e-04
 3.51416923e+02 2.04097769e-04
 3.51687784e+02 1.93517795e-04
 3.51958646e+02 1.83445123e-04
 3.52229507e+02 1.73858032e-04
 3.52500369e+02 1.64735074e-04
 3.52771230e+02 1.56056197e-04
 3.53042092e+02 1.47801841e-04
 3.53312954e+02 1.39952962e-04
 3.53583815e+02 1.32491779e-04
 3.53854677e+02 1.25400730e-04
 3.54125538e+02 1.18663060e-04
 3.54396400e+02 1.12262944e-04
 3.54667261e+02 1.06184713e-04
 3.54938123e+02 1.00413700e-04
 3.55208984e+02 9.49357907e-05
 3.55479846e+02 8.97371322e-05
 3.55750707e+02 8.48048860e-05
 3.56021569e+02 8.01264686e-05
 3.56292431e+02 7.56897643e-05
 3.56563292e+02 7.14834844e-05
 3.56834154e+02 6.74964623e-05
 3.57105015e+02 6.37181824e-05
 3.57375877e+02 6.01386799e-05
 3.57646738e+02 5.67481209e-05
 3.57917600e+02 5.35374038e-05
 3.58188461e+02 5.04977176e-05
 3.58459323e+02 4.76204926e-05
 3.58730184e+02 4.48978280e-05
 3.59001046e+02 4.23219486e-05
 3.59271908e+02 3.98854623e-05
 3.59542769e+02 3.75814729e-05
 3.59813631e+02 3.54031604e-05
 3.60084492e+02 3.33441852e-05
 3.60355354e+02 3.13985057e-05
 3.60626215e+02 2.95601941e-05
 3.60897077e+02 2.78238137e-05
 3.61167938e+02 2.61840677e-05
 3.61438800e+02 2.46358623e-05
 3.61709662e+02 2.31745097e-05
 3.61980523e+02 2.17953838e-05
 3.62251385e+02 2.04941457e-05
 3.62522246e+02 1.92667306e-05
 3.62793108e+02 1.81091281e-05
 3.63063969e+02 1.70176551e-05
 3.63334831e+02 1.59887758e-05
 3.63605692e+02 1.50190509e-05
 3.63876554e+02 1.41053441e-05
 3.64147415e+02 1.32445828e-05
 3.64418277e+02 1.24338503e-05
 3.64689139e+02 1.16704577e-05
 3.64960000e+02 1.09517495e-05
 3.65230862e+02 1.02752691e-05
 3.65501723e+02 9.63869900e-06
 3.65772585e+02 9.03976486e-06
 3.66043446e+02 8.47639859e-06
 3.66314308e+02 7.94659895e-06
 3.66585169e+02 7.44844120e-06
 3.66856031e+02 6.98017393e-06
 3.67126892e+02 6.54007388e-06
 3.67397754e+02 6.12652848e-06
 3.67668616e+02 5.73804384e-06
 3.67939477e+02 5.37314670e-06
 3.68210339e+02 5.03049179e-06
 3.68481200e+02 4.70879923e-06
 3.68752062e+02 4.40682288e-06
 3.69022923e+02 4.12343750e-06
 3.69293785e+02 3.85754605e-06
 3.69564646e+02 3.60810753e-06
 3.69835508e+02 3.37417309e-06
 3.70106369e+02 3.15480714e-06
 3.70377231e+02 2.94914686e-06
 3.70648093e+02 2.75638685e-06
 3.70918954e+02 2.57573620e-06
 3.71189816e+02 2.40648074e-06
 3.71460677e+02 2.24793454e-06
 3.71731539e+02 2.09943722e-06
 3.72002400e+02 1.96039407e-06
 3.72273262e+02 1.83022196e-06
 3.72544123e+02 1.70837567e-06
 3.72814985e+02 1.59435572e-06
 3.73085846e+02 1.48766975e-06
 3.73356708e+02 1.38787005e-06
 3.73627570e+02 1.29453464e-06
 3.73898431e+02 1.20725221e-06
 3.74169293e+02 1.12565436e-06
 3.74440154e+02 1.04938402e-06
 3.74711016e+02 9.78102063e-07
 3.74981877e+02 9.11502700e-07
 3.75252739e+02 8.49285052e-07
 3.75523600e+02 7.91172074e-07
 3.75794462e+02 7.36907903e-07
 3.76065323e+02 6.86241159e-07
 3.76336185e+02 6.38946047e-07
 3.76607047e+02 5.94807485e-07
 3.76877908e+02 5.53618040e-07
 3.77148770e+02 5.15192650e-07
 3.77419631e+02 4.79350614e-07
 3.77690493e+02 4.45922903e-07
 3.77961354e+02 4.14756342e-07
 3.78232216e+02 3.85700080e-07
 3.78503077e+02 3.58617279e-07
 3.78773939e+02 3.33380258e-07
 3.79044800e+02 3.09864374e-07
 3.79315662e+02 2.87958740e-07
 3.79586524e+02 2.67556596e-07
 3.79857385e+02 2.48556365e-07
 3.80128247e+02 2.30867381e-07
 3.80399108e+02 2.14400668e-07
 3.80669970e+02 1.99074317e-07
 3.80940831e+02 1.84813491e-07
 3.81211693e+02 1.71544640e-07
 3.81482554e+02 1.59201950e-07
 3.81753416e+02 1.47723281e-07
 3.82024277e+02 1.37048578e-07
 3.82295139e+02 1.27124699e-07
 3.82566001e+02 1.17900010e-07
 3.82836862e+02 1.09326141e-07
 3.83107724e+02 1.01359719e-07
 3.83378585e+02 9.39580814e-08
 3.83649447e+02 8.70825777e-08
 3.83920308e+02 8.06975077e-08
 3.84191170e+02 7.47679741e-08
 3.84462031e+02 6.92630936e-08
 3.84732893e+02 6.41533536e-08
 3.85003754e+02 5.94106053e-08
 3.85274616e+02 5.50099580e-08
 3.85545478e+02 5.09270638e-08
 3.85816339e+02 4.71394893e-08
 3.86087201e+02 4.36269550e-08
 3.86358062e+02 4.03695291e-08
 3.86628924e+02 3.73494191e-08
 3.86899785e+02 3.45499835e-08
 3.87170647e+02 3.19551004e-08
 3.87441508e+02 2.95506038e-08
 3.87712370e+02 2.73228076e-08
 3.87983231e+02 2.52588609e-08
 3.88254093e+02 2.33473565e-08
 3.88524955e+02 2.15770937e-08
 3.88795816e+02 1.99379240e-08
 3.89066678e+02 1.84205713e-08
 3.89337539e+02 1.70159567e-08
 3.89608401e+02 1.57160766e-08
 3.89879262e+02 1.45133452e-08
 3.90150124e+02 1.34005057e-08
 3.90420985e+02 1.23711955e-08
 3.90691847e+02 1.14192153e-08
 3.90962709e+02 1.05388423e-08
 3.91233570e+02 9.72495711e-09
 3.91504432e+02 8.97252999e-09
 3.91775293e+02 8.27707577e-09
 3.92046155e+02 7.63444040e-09
 3.92317016e+02 7.04059018e-09
 3.92587878e+02 6.49200067e-09
 3.92858739e+02 5.98528911e-09
 3.93129601e+02 5.51726941e-09
 3.93400462e+02 5.08514023e-09
 3.93671324e+02 4.68615738e-09
 3.93942186e+02 4.31783149e-09
 3.94213047e+02 3.97791092e-09
 3.94483909e+02 3.66418984e-09
 3.94754770e+02 3.37472851e-09
 3.95025632e+02 3.10770456e-09
 3.95296493e+02 2.86136918e-09
 3.95567355e+02 2.63420027e-09
 3.95838216e+02 2.42472185e-09
 3.96109078e+02 2.23156756e-09
 3.96379939e+02 2.05352752e-09
 3.96650801e+02 1.88941400e-09
 3.96921663e+02 1.73816768e-09
 3.97192524e+02 1.59881737e-09
 3.97463386e+02 1.47041794e-09
 3.97734247e+02 1.35214707e-09
 3.98005109e+02 1.24322132e-09
 3.98275970e+02 1.14290014e-09
 3.98546832e+02 1.05053810e-09
 3.98817693e+02 9.65504842e-10
 3.99088555e+02 8.87227261e-10
 3.99359416e+02 8.15192392e-10
 3.99630278e+02 7.48897399e-10
 3.99901140e+02 6.87900632e-10
 4.00172001e+02 6.31791040e-10
 4.00442863e+02 5.80172858e-10
 4.00713724e+02 5.32703771e-10
 4.00984586e+02 4.89053669e-10
 4.01255447e+02 4.48915887e-10
 4.01526309e+02 4.12021508e-10
 4.01797170e+02 3.78106901e-10
 4.02068032e+02 3.46936640e-10
 4.02338893e+02 3.18297096e-10
 4.02609755e+02 2.91979974e-10
 4.02880617e+02 2.67804571e-10
 4.03151478e+02 2.45600116e-10
 4.03422340e+02 2.25204552e-10
 4.03693201e+02 2.06477750e-10
 4.03964063e+02 1.89283358e-10
 4.04234924e+02 1.73497031e-10
 4.04505786e+02 1.59008606e-10
 4.04776647e+02 1.45710082e-10
 4.05047509e+02 1.33506596e-10
 4.05318370e+02 1.22310717e-10
 4.05589232e+02 1.12037997e-10
 4.05860094e+02 1.02615753e-10
 4.06130955e+02 9.39743393e-11
 4.06401817e+02 8.60487923e-11
 4.06672678e+02 7.87826615e-11
 4.06943540e+02 7.21207189e-11
 4.07214401e+02 6.60135295e-11
 4.07485263e+02 6.04167005e-11
 4.07756124e+02 5.52868780e-11
 4.08026986e+02 5.05865106e-11
 4.08297847e+02 4.62804216e-11
 4.08568709e+02 4.23350906e-11
 4.08839571e+02 3.87217318e-11
 4.09110432e+02 3.54124615e-11
 4.09381294e+02 3.23817532e-11
 4.09652155e+02 2.96072161e-11
 4.09923017e+02 2.70669072e-11
 4.10193878e+02 2.47415296e-11
 4.10464740e+02 2.26134777e-11
 4.10735601e+02 2.06656953e-11
 4.11006463e+02 1.88835552e-11
 4.11277324e+02 1.72531428e-11
 4.11548186e+02 1.57614192e-11
 4.11819048e+02 1.43971496e-11
 4.12089909e+02 1.31493719e-11
 4.12360771e+02 1.20082421e-11
 4.12631632e+02 1.09650113e-11
 4.12902494e+02 1.00111253e-11
 4.13173355e+02 9.13917734e-12
 4.13444217e+02 8.34229345e-12
 4.13715078e+02 7.61389596e-12
 4.13985940e+02 6.94836887e-12
 4.14256801e+02 6.34030094e-12
 4.14527663e+02 5.78471612e-12
 4.14798525e+02 5.27729093e-12
 4.15069386e+02 4.81379252e-12
 4.15340248e+02 4.39049011e-12
 4.15611109e+02 4.00401477e-12
 4.15881971e+02 3.65109403e-12
 4.16152832e+02 3.32892779e-12
 4.16423694e+02 3.03487359e-12
 4.16694555e+02 2.76644324e-12
 4.16965417e+02 2.52150902e-12
 4.17236278e+02 2.29800194e-12
 4.17507140e+02 2.09405653e-12
 4.17778002e+02 1.90803161e-12
 4.18048863e+02 1.73832146e-12
 4.18319725e+02 1.58353455e-12
 4.18590586e+02 1.44239201e-12
 4.18861448e+02 1.31366514e-12
 4.19132309e+02 1.19630964e-12
 4.19403171e+02 1.08932542e-12
 4.19674032e+02 9.91788264e-13
 4.19944894e+02 9.02902259e-13
 4.20215755e+02 8.21889471e-13
 4.20486617e+02 7.48062028e-13
 4.20757479e+02 6.80805170e-13
 4.21028340e+02 6.19520413e-13
 4.21299202e+02 5.63696146e-13
 4.21570063e+02 5.12853732e-13
 4.21840925e+02 4.66540231e-13
 4.22111786e+02 4.24370861e-13
 4.22382648e+02 3.85973040e-13
 4.22653509e+02 3.51009240e-13
 4.22924371e+02 3.19185417e-13
 4.23195233e+02 2.90213867e-13
 4.23466094e+02 2.63844759e-13
 4.23736956e+02 2.39850799e-13
 4.24007817e+02 2.18012786e-13
 4.24278679e+02 1.98145013e-13
 4.24549540e+02 1.80070881e-13
 4.24820402e+02 1.63626297e-13
 4.25091263e+02 1.48671113e-13
 4.25362125e+02 1.35068665e-13
 4.25632986e+02 1.22697615e-13
 4.25903848e+02 1.11450634e-13
 4.26174710e+02 1.01223053e-13
 4.26445571e+02 9.19253669e-14
 4.26716433e+02 8.34746125e-14
 4.26987294e+02 7.57918893e-14
 4.27258156e+02 6.88105378e-14
 4.27529017e+02 6.24663342e-14
 4.27799879e+02 5.67007886e-14
 4.28070740e+02 5.14634224e-14
 4.28341602e+02 4.67048720e-14
 4.28612463e+02 4.23821434e-14
 4.28883325e+02 3.84565205e-14
 4.29154187e+02 3.48905409e-14
 4.29425048e+02 3.16525244e-14
 4.29695910e+02 2.87125788e-14
 4.29966771e+02 2.60427724e-14
 4.30237633e+02 2.36194243e-14
 4.30508494e+02 2.14195135e-14
 4.30779356e+02 1.94225021e-14
 4.31050217e+02 1.76104058e-14
 4.31321079e+02 1.59656649e-14
 4.31591940e+02 1.44732418e-14
 4.31862802e+02 1.31193325e-14
 4.32133664e+02 1.18907459e-14
 4.32404525e+02 1.07763851e-14
 4.32675387e+02 9.76562123e-15
 4.32946248e+02 8.84871829e-15
 4.33217110e+02 8.01734760e-15
 4.33487971e+02 7.26337432e-15
 4.33758833e+02 6.57968545e-15
 4.34029694e+02 5.95994149e-15
 4.34300556e+02 5.39799057e-15
 4.34571417e+02 4.88863313e-15
 4.34842279e+02 4.42700463e-15
 4.35113141e+02 4.00853341e-15
 4.35384002e+02 3.62936848e-15
 4.35654864e+02 3.28578052e-15
 4.35925725e+02 2.97442429e-15
 4.36196587e+02 2.69239892e-15
 4.36467448e+02 2.43687046e-15
 4.36738310e+02 2.20540570e-15
 4.37009171e+02 1.99579336e-15
 4.37280033e+02 1.80591078e-15
 4.37550894e+02 1.63397771e-15
 4.37821756e+02 1.47830030e-15
 4.38092618e+02 1.33731749e-15
 4.38363479e+02 1.20970470e-15
 4.38634341e+02 1.09417066e-15
 4.38905202e+02 9.89580935e-16
 4.39176064e+02 8.94934765e-16
 4.39446925e+02 8.09258761e-16
 4.39717787e+02 7.31729599e-16
 4.39988648e+02 6.61584002e-16
 4.40259510e+02 5.98100546e-16
 4.40530371e+02 5.40674780e-16
 4.40801233e+02 4.88724074e-16
 4.41072095e+02 4.41722663e-16
 4.41342956e+02 3.99218861e-16
 4.41613818e+02 3.60771430e-16
 4.41884679e+02 3.26000177e-16
 4.42155541e+02 2.94563099e-16
 4.42426402e+02 2.66130574e-16
 4.42697264e+02 2.40426598e-16
 4.42968125e+02 2.17190530e-16
 4.43238987e+02 1.96180640e-16
 4.43509848e+02 1.77193301e-16
 4.43780710e+02 1.60030540e-16
 4.44051572e+02 1.44517477e-16
 4.44322433e+02 1.30501387e-16
 4.44593295e+02 1.17833459e-16
 4.44864156e+02 1.06387591e-16
 4.45135018e+02 9.60479954e-17
 4.45405879e+02 8.67046297e-17
 4.45676741e+02 7.82656821e-17
 4.45947602e+02 7.06431389e-17
 4.46218464e+02 6.37570648e-17
 4.46489325e+02 5.75393837e-17
 4.46760187e+02 5.19236445e-17
 4.47031049e+02 4.68523304e-17
 4.47301910e+02 4.22742295e-17
 4.47572772e+02 3.81398107e-17
 4.47843633e+02 3.44076123e-17
 4.48114495e+02 3.10388039e-17
 4.48385356e+02 2.79971422e-17
 4.48656218e+02 2.52522933e-17
 4.48927079e+02 2.27748683e-17
 4.49197941e+02 2.05387492e-17
 4.49468802e+02 1.85213485e-17
 4.49739664e+02 1.67006337e-17
 4.50010526e+02 1.50578763e-17
 4.50281387e+02 1.35760491e-17
 4.50552249e+02 1.22388847e-17
 4.50823110e+02 1.10328490e-17
 4.51093972e+02 9.94504886e-18
 4.51364833e+02 8.96369613e-18
 4.51635695e+02 8.07883289e-18
 4.51906556e+02 7.28075361e-18
 4.52177418e+02 6.56101478e-18
 4.52448280e+02 5.91217614e-18
 4.52719141e+02 5.32702062e-18
 4.52990003e+02 4.79950122e-18
 4.53260864e+02 4.32400505e-18
 4.53531726e+02 3.89525926e-18
 4.53802587e+02 3.50887285e-18
 4.54073449e+02 3.16060943e-18
 4.54344310e+02 2.84667890e-18
 4.54615172e+02 2.56383329e-18
 4.54886033e+02 2.30890312e-18
 4.55156895e+02 2.07918423e-18
 4.55427757e+02 1.87224341e-18
 4.55698618e+02 1.68574525e-18
 4.55969480e+02 1.51775063e-18
 4.56240341e+02 1.36642565e-18
 4.56511203e+02 1.23008174e-18
 4.56782064e+02 1.10730235e-18
 4.57052926e+02 9.96709875e-19
 4.57323787e+02 8.97098106e-19
 4.57594649e+02 8.07414242e-19
 4.57865510e+02 7.26634734e-19
 4.58136372e+02 6.53900395e-19
 4.58407234e+02 5.88421353e-19
 4.58678095e+02 5.29451208e-19
 4.58948957e+02 4.76371608e-19
 4.59219818e+02 4.28589141e-19
 4.59490680e+02 3.85569069e-19
 4.59761541e+02 3.46856937e-19
 4.60032403e+02 3.12009349e-19
 4.60303264e+02 2.80645734e-19
 4.60574126e+02 2.52426832e-19
 4.60844987e+02 2.27025689e-19
 4.61115849e+02 2.04171057e-19
 4.61386711e+02 1.83608516e-19
 4.61657572e+02 1.65102318e-19
 4.61928434e+02 1.48456320e-19
 4.62199295e+02 1.33480399e-19
 4.62470157e+02 1.20006910e-19
 4.62741018e+02 1.07890845e-19
 4.63011880e+02 9.69909548e-20
 4.63282741e+02 8.71880400e-20
 4.63553603e+02 7.83734482e-20
 4.63824464e+02 7.04439246e-20
 4.64095326e+02 6.33142595e-20
 4.64366188e+02 5.69031860e-20
 4.64637049e+02 5.11370348e-20
 4.64907911e+02 4.59538574e-20
 4.65178772e+02 4.12932891e-20
 4.65449634e+02 3.71031976e-20
 4.65720495e+02 3.33375526e-20
 4.65991357e+02 2.99518191e-20
 4.66262218e+02 2.69089146e-20
 4.66533080e+02 2.41743199e-20
 4.66803941e+02 2.17158281e-20
 4.67074803e+02 1.95067975e-20
 4.67345665e+02 1.75215069e-20
 4.67616526e+02 1.57371446e-20
 4.67887388e+02 1.41341956e-20
 4.68158249e+02 1.26936358e-20
 4.68429111e+02 1.13993426e-20
 4.68699972e+02 1.02367658e-20
 4.68970834e+02 9.19200017e-21
 4.69241695e+02 8.25357863e-21
 4.69512557e+02 7.41063591e-21
 4.69783418e+02 6.65324922e-21
 4.70054280e+02 5.97313765e-21
 4.70325142e+02 5.36224709e-21
 4.70596003e+02 4.81357632e-21
 4.70866865e+02 4.32100300e-21
 4.71137726e+02 3.87858556e-21
 4.71408588e+02 3.48135796e-21
 4.71679449e+02 3.12473577e-21
 4.71950311e+02 2.80441319e-21
 4.72221172e+02 2.51684595e-21
 4.72492034e+02 2.25862904e-21
 4.72762895e+02 2.02672860e-21
 4.73033757e+02 1.81858421e-21
 4.73304619e+02 1.63170052e-21
 4.73575480e+02 1.46395369e-21
 4.73846342e+02 1.31344739e-21
 4.74117203e+02 1.17835690e-21
 4.74388065e+02 1.05716074e-21
 4.74658926e+02 9.48422400e-22
 4.74929788e+02 8.50817627e-22
 4.75200649e+02 7.63243363e-22
 4.75471511e+02 6.84629471e-22
 4.75742372e+02 6.14051160e-22
 4.76013234e+02 5.50720175e-22
 4.76284096e+02 4.93871166e-22
 4.76554957e+02 4.42867594e-22
 4.76825819e+02 3.97130154e-22
 4.77096680e+02 3.56107213e-22
 4.77367542e+02 3.19332894e-22
 4.77638403e+02 2.86358922e-22
 4.77909265e+02 2.56780206e-22
 4.78180126e+02 2.30253730e-22
 4.78450988e+02 2.06445629e-22
 4.78721849e+02 1.85077522e-22
 4.78992711e+02 1.65909364e-22
 4.79263573e+02 1.48709957e-22
 4.79534434e+02 1.33289229e-22
 4.79805296e+02 1.19470196e-22
 4.80076157e+02 1.07086040e-22
 4.80347019e+02 9.59926361e-23
 4.80617880e+02 8.60495926e-23
 4.80888742e+02 7.71331975e-23
 4.81159603e+02 6.91373709e-23
 4.81430465e+02 6.19593350e-23
 4.81701327e+02 5.55171328e-23
 4.81972188e+02 4.97392952e-23
 4.82243050e+02 4.45578006e-23
 4.82513911e+02 3.99166744e-23
 4.82784773e+02 3.57626781e-23
 4.83055634e+02 3.20454835e-23
 4.83326496e+02 2.87194816e-23
 4.83597357e+02 2.57399148e-23
 4.83868219e+02 2.30684180e-23
 4.84139080e+02 2.06716028e-23
 4.84409942e+02 1.85176441e-23
 4.84680804e+02 1.65830792e-23
 4.84951665e+02 1.48474753e-23
 4.85222527e+02 1.32916461e-23
 4.85493388e+02 1.18995608e-23
 4.85764250e+02 1.06556957e-23
 4.86035111e+02 9.54496547e-24
 4.86305973e+02 8.55280675e-24
 4.86576834e+02 7.66491853e-24
 4.86847696e+02 6.86929108e-24
 4.87118557e+02 6.15522051e-24
 4.87389419e+02 5.51276835e-24
 4.87660281e+02 4.93506965e-24
 4.87931142e+02 4.41605273e-24
 4.88202004e+02 3.95026537e-24
 4.88472865e+02 3.53339044e-24
 4.88743727e+02 3.16123201e-24
 4.89014588e+02 2.82959119e-24
 4.89285450e+02 2.53426643e-24
 4.89556311e+02 2.27109242e-24
 4.89827173e+02 2.03614809e-24
 4.90098034e+02 1.82561338e-24
 4.90368896e+02 1.63605172e-24
 4.90639758e+02 1.46513546e-24
 4.90910619e+02 1.31074955e-24
 4.91181481e+02 1.17132751e-24
 4.91452342e+02 1.04603781e-24
 4.91723204e+02 9.34089682e-25
 4.91994065e+02 8.34568924e-25
 4.92264927e+02 7.46481905e-25
 4.92535788e+02 6.68765995e-25
 4.92806650e+02 6.00040934e-25
 4.93077511e+02 5.38834428e-25
 4.93348373e+02 4.83840242e-25
 4.93619235e+02 4.34096706e-25
 4.93890096e+02 3.88703943e-25
 4.94160958e+02 3.47187165e-25
 4.94431819e+02 3.09490816e-25
 4.94702681e+02 2.75575014e-25
 4.94973542e+02 2.45383538e-25
 4.95244404e+02 2.18852500e-25
 4.95515265e+02 1.95813688e-25
 4.95786127e+02 1.75754200e-25
 4.96056988e+02 1.58091187e-25
 4.96327850e+02 1.42307844e-25
 4.96598712e+02 1.27987103e-25
 4.96869573e+02 1.14740529e-25
 4.97140435e+02 1.02458846e-25
 4.97411296e+02 9.12353824e-26
 4.97682158e+02 8.11533404e-26
 4.97953019e+02 7.22169492e-26
 4.98223881e+02 6.44037833e-26
 4.98494742e+02 5.76366287e-26
 4.98765604e+02 5.17093069e-26
 4.99036465e+02 4.64001960e-26
 4.99307327e+02 4.15745131e-26
 4.99578189e+02 3.71938424e-26
 4.99849050e+02 3.32277974e-26
 5.00119912e+02 2.96731475e-26
 5.00390773e+02 2.65410582e-26
 5.00661635e+02 2.38228083e-26
 5.00932496e+02 2.14339519e-26
 5.01203358e+02 1.92725214e-26
 5.01474219e+02 1.72665792e-26
 5.01745081e+02 1.53953837e-26
 5.02015942e+02 1.36452791e-26
 5.02286804e+02 1.20368970e-26
 5.02557666e+02 1.06188982e-26
 5.02828527e+02 9.43144475e-27
 5.03099389e+02 8.45704309e-27
 5.03370250e+02 7.65617083e-27
 5.03641112e+02 6.98438969e-27
 5.03911973e+02 6.38420880e-27
 5.04182835e+02 5.79687188e-27
 5.04453696e+02 5.19562804e-27
 5.04724558e+02 4.59370662e-27
 5.04995419e+02 4.00797352e-27
 5.05266281e+02 3.46709008e-27
 5.05537143e+02 3.00678685e-27
 5.05808004e+02 2.65383842e-27
 5.06078866e+02 2.39580382e-27
 5.06349727e+02 2.20958485e-27
 5.06620589e+02 2.06739541e-27
 5.06891450e+02 1.93241133e-27
 5.07162312e+02 1.76825905e-27
 5.07433173e+02 1.56799572e-27
 5.07704035e+02 1.35175748e-27
 5.07974896e+02 1.14068962e-27
 5.08245758e+02 9.55942372e-28
 5.08516620e+02 8.18662354e-28
 5.08787481e+02 7.39883050e-28
 5.09058343e+02 6.99732618e-28
 5.09329204e+02 6.72612141e-28
 5.09600066e+02 6.40232913e-28
 5.09870927e+02 5.94593397e-28
 5.10141789e+02 5.29512825e-28
 5.10412650e+02 4.51805867e-28
 5.10683512e+02 3.77076964e-28
 5.10954374e+02 3.18423077e-28
 5.11225235e+02 2.75668772e-28
 5.11496097e+02 2.44528901e-28
 5.11766958e+02 2.21004536e-28
 5.12037820e+02 2.01724870e-28
 5.12308681e+02 1.83528612e-28
 5.12579543e+02 1.66355051e-28
 5.12850404e+02 1.53353506e-28
 5.13121266e+02 1.47084177e-28
 5.13392127e+02 1.44018447e-28
 5.13662989e+02 1.37627595e-28
 5.13933851e+02 1.23135555e-28
 5.14204712e+02 1.01962999e-28
 5.14475574e+02 7.69070359e-29
 5.14746435e+02 5.22993609e-29
 5.15017297e+02 3.49073458e-29
 5.15288158e+02 3.11723136e-29
 5.15559020e+02 3.95383912e-29
 5.15829881e+02 5.23534871e-29
 5.16100743e+02 6.24018376e-29
 5.16371604e+02 6.58279188e-29
 5.16642466e+02 5.99719131e-29
 5.16913328e+02 4.48214124e-29
 5.17184189e+02 2.69326862e-29
 5.17455051e+02 1.37233491e-29
 5.17725912e+02 8.28017645e-30
 5.17996774e+02 8.64418172e-30
 5.18267635e+02 1.25717696e-29
 5.18538497e+02 1.78193448e-29
 5.18809358e+02 2.21433120e-29
