 5.36844507e+02 2.18393399e-07
 5.37160860e+02 2.31641548e-07
 5.37477214e+02 2.45647532e-07
 5.37793567e+02 2.60455818e-07
 5.38109921e+02 2.76110872e-07
 5.38426274e+02 2.92657167e-07
 5.38742628e+02 3.10141090e-07
 5.39058981e+02 3.28613465e-07
 5.39375335e+02 3.48126209e-07
 5.39691688e+02 3.68734913e-07
 5.40008042e+02 3.90496981e-07
 5.40324395e+02 4.13472615e-07
 5.40640749e+02 4.37725930e-07
 5.40957103e+02 4.63322478e-07
 5.41273456e+02 4.90332934e-07
 5.41589810e+02 5.18829639e-07
 5.41906163e+02 5.48889336e-07
 5.42222517e+02 5.80592557e-07
 5.42538870e+02 6.14022340e-07
 5.42855224e+02 6.49267830e-07
 5.43171577e+02 6.86419855e-07
 5.43487931e+02 7.25575615e-07
 5.43804284e+02 7.66835724e-07
 5.44120638e+02 8.10305126e-07
 5.44436991e+02 8.56095373e-07
 5.44753345e+02 9.04320282e-07
 5.45069698e+02 9.55102097e-07
 5.45386052e+02 1.00856599e-06
 5.45702406e+02 1.06484406e-06
 5.46018759e+02 1.12407490e-06
 5.46335113e+02 1.18640093e-06
 5.46651466e+02 1.25197464e-06
 5.46967820e+02 1.32095133e-06
 5.47284173e+02 1.39349631e-06
 5.47600527e+02 1.46978082e-06
 5.47916880e+02 1.54998262e-06
 5.48233234e+02 1.63429046e-06
 5.48549587e+02 1.72289653e-06
 5.48865941e+02 1.81600641e-06
 5.49182294e+02 1.91383065e-06
 5.49498648e+02 2.01659032e-06
 5.49815002e+02 2.12451733e-06
 5.50131355e+02 2.23784920e-06
 5.50447709e+02 2.35683951e-06
 5.50764062e+02 2.48174639e-06
 5.51080416e+02 2.61284325e-06
 5.51396769e+02 2.75041338e-06
 5.51713123e+02 2.89474961e-06
 5.52029476e+02 3.04616232e-06
 5.52345830e+02 3.20496712e-06
 5.52662183e+02 3.37150009e-06
 5.52978537e+02 3.54610555e-06
 5.53294890e+02 3.72914322e-06
 5.53611244e+02 3.92099030e-06
 5.53927597e+02 4.12203194e-06
 5.54243951e+02 4.33267811e-06
 5.54560305e+02 4.55334587e-06
 5.54876658e+02 4.78447491e-06
 5.55193012e+02 5.02652072e-06
 5.55509365e+02 5.27995234e-06
 5.55825719e+02 5.54526591e-06
 5.56142072e+02 5.82296529e-06
 5.56458426e+02 6.11358455e-06
 5.56774779e+02 6.41767102e-06
 5.57091133e+02 6.73579383e-06
 5.57407486e+02 7.06854916e-06
 5.57723840e+02 7.41654432e-06
 5.58040193e+02 7.78042338e-06
 5.58356547e+02 8.16084151e-06
 5.58672901e+02 8.55848593e-06
 5.58989254e+02 8.97406850e-06
 5.59305608e+02 9.40831954e-06
 5.59621961e+02 9.86200979e-06
 5.59938315e+02 1.03359212e-05
 5.60254668e+02 1.08308785e-05
 5.60571022e+02 1.13477275e-05
 5.60887375e+02 1.18873432e-05
 5.61203729e+02 1.24506414e-05
 5.61520082e+02 1.30385528e-05
 5.61836436e+02 1.36520608e-05
 5.62152789e+02 1.42921656e-05
 5.62469143e+02 1.49599110e-05
 5.62785496e+02 1.56563780e-05
 5.63101850e+02 1.63826720e-05
 5.63418204e+02 1.71399561e-05
 5.63734557e+02 1.79294095e-05
 5.64050911e+02 1.87522703e-05
 5.64367264e+02 1.96098075e-05
 5.64683618e+02 2.05033292e-05
 5.64999971e+02 2.14342016e-05
 5.65316325e+02 2.24038109e-05
 5.65632678e+02 2.34136156e-05
 5.65949032e+02 2.44650988e-05
 5.66265385e+02 2.55598015e-05
 5.66581739e+02 2.66993180e-05
 5.66898092e+02 2.78852733e-05
 5.67214446e+02 2.91193730e-05
 5.67530800e+02 3.04033442e-05
 5.67847153e+02 3.17389921e-05
 5.68163507e+02 3.31281662e-05
 5.68479860e+02 3.45727655e-05
 5.68796214e+02 3.60747698e-05
 5.69112567e+02 3.76361842e-05
 5.69428921e+02 3.92591093e-05
 5.69745274e+02 4.09456810e-05
 5.70061628e+02 4.26981081e-05
 5.70377981e+02 4.45186735e-05
 5.70694335e+02 4.64096979e-05
 5.71010688e+02 4.83736085e-05
 5.71327042e+02 5.04128617e-05
 5.71643395e+02 5.25300128e-05
 5.71959749e+02 5.47276784e-05
 5.72276103e+02 5.70085356e-05
 5.72592456e+02 5.93753680e-05
 5.72908810e+02 6.18309912e-05
 5.73225163e+02 6.43783420e-05
 5.73541517e+02 6.70204051e-05
 5.73857870e+02 6.97602539e-05
 5.74174224e+02 7.26010598e-05
 5.74490577e+02 7.55460393e-05
 5.74806931e+02 7.85985437e-05
 5.75123284e+02 8.17619626e-05
 5.75439638e+02 8.50398054e-05
 5.75755991e+02 8.84356632e-05
 5.76072345e+02 9.19531967e-05
 5.76388699e+02 9.55962026e-05
 5.76705052e+02 9.93685157e-05
 5.77021406e+02 1.03274117e-04
 5.77337759e+02 1.07317053e-04
 5.77654113e+02 1.11501469e-04
 5.77970466e+02 1.15831637e-04
 5.78286820e+02 1.20311879e-04
 5.78603173e+02 1.24946682e-04
 5.78919527e+02 1.29740579e-04
 5.79235880e+02 1.34698242e-04
 5.79552234e+02 1.39824447e-04
 5.79868587e+02 1.45124047e-04
 5.80184941e+02 1.50602058e-04
 5.80501294e+02 1.56263542e-04
 5.80817648e+02 1.62113727e-04
 5.81134002e+02 1.68157924e-04
 5.81450355e+02 1.74401553e-04
 5.81766709e+02 1.80850186e-04
 5.82083062e+02 1.87509448e-04
 5.82399416e+02 1.94385154e-04
 5.82715769e+02 2.01483173e-04
 5.83032123e+02 2.08809530e-04
 5.83348476e+02 2.16370369e-04
 5.83664830e+02 2.24171918e-04
 5.83981183e+02 2.32220590e-04
 5.84297537e+02 2.40522849e-04
 5.84613890e+02 2.49085340e-04
 5.84930244e+02 2.57914804e-04
 5.85246598e+02 2.67018095e-04
 5.85562951e+02 2.76402240e-04
 5.85879305e+02 2.86074319e-04
 5.86195658e+02 2.96041615e-04
 5.86512012e+02 3.06311477e-04
 5.86828365e+02 3.16891408e-04
 5.87144719e+02 3.27789050e-04
 5.87461072e+02 3.39012122e-04
 5.87777426e+02 3.50568544e-04
 5.88093779e+02 3.62466287e-04
 5.88410133e+02 3.74713506e-04
 5.88726486e+02 3.87318461e-04
 5.89042840e+02 4.00289520e-04
 5.89359193e+02 4.13635229e-04
 5.89675547e+02 4.27364189e-04
 5.89991901e+02 4.41485198e-04
 5.90308254e+02 4.56007127e-04
 5.90624608e+02 4.70938989e-04
 5.90940961e+02 4.86289939e-04
 5.91257315e+02 5.02069204e-04
 5.91573668e+02 5.18286201e-04
 5.91890022e+02 5.34950400e-04
 5.92206375e+02 5.52071438e-04
 5.92522729e+02 5.69659054e-04
 5.92839082e+02 5.87723082e-04
 5.93155436e+02 6.06273521e-04
 5.93471789e+02 6.25320419e-04
 5.93788143e+02 6.44873996e-04
 5.94104497e+02 6.64944540e-04
 5.94420850e+02 6.85542459e-04
 5.94737204e+02 7.06678283e-04
 5.95053557e+02 7.28362603e-04
 5.95369911e+02 7.50606165e-04
 5.95686264e+02 7.73419763e-04
 5.96002618e+02 7.96814318e-04
 5.96318971e+02 8.20800837e-04
 5.96635325e+02 8.45390395e-04
 5.96951678e+02 8.70594196e-04
 5.97268032e+02 8.96423478e-04
 5.97584385e+02 9.22889600e-04
 5.97900739e+02 9.50003975e-04
 5.98217092e+02 9.77778088e-04
 5.98533446e+02 1.00622351e-03
 5.98849800e+02 1.03535186e-03
 5.99166153e+02 1.06517482e-03
 5.99482507e+02 1.09570414e-03
 5.99798860e+02 1.12695161e-03
 6.00115214e+02 1.15892908e-03
 6.00431567e+02 1.19164843e-03
 6.00747921e+02 1.22512159e-03
 6.01064274e+02 1.25936051e-03
 6.01380628e+02 1.29437718e-03
 6.01696981e+02 1.33018362e-03
 6.02013335e+02 1.36679184e-03
 6.02329688e+02 1.40421390e-03
 6.02646042e+02 1.44246184e-03
 6.02962396e+02 1.48154771e-03
 6.03278749e+02 1.52148356e-03
 6.03595103e+02 1.56228141e-03
 6.03911456e+02 1.60395328e-03
 6.04227810e+02 1.64651118e-03
 6.04544163e+02 1.68996705e-03
 6.04860517e+02 1.73433284e-03
 6.05176870e+02 1.77962041e-03
 6.05493224e+02 1.82584161e-03
 6.05809577e+02 1.87300821e-03
 6.06125931e+02 1.92113193e-03
 6.06442284e+02 1.97022442e-03
 6.06758638e+02 2.02029721e-03
 6.07074991e+02 2.07136181e-03
 6.07391345e+02 2.12342960e-03
 6.07707699e+02 2.17651184e-03
 6.08024052e+02 2.23061974e-03
 6.08340406e+02 2.28576432e-03
 6.08656759e+02 2.34195654e-03
 6.08973113e+02 2.39920718e-03
 6.09289466e+02 2.45752690e-03
 6.09605820e+02 2.51692622e-03
 6.09922173e+02 2.57741546e-03
 6.10238527e+02 2.63900486e-03
 6.10554880e+02 2.70170437e-03
 6.10871234e+02 2.76552384e-03
 6.11187587e+02 2.83047292e-03
 6.11503941e+02 2.89656100e-03
 6.11820295e+02 2.96379737e-03
 6.12136648e+02 3.03219096e-03
 6.12453002e+02 3.10175060e-03
 6.12769355e+02 3.17248482e-03
 6.13085709e+02 3.24440189e-03
 6.13402062e+02 3.31750991e-03
 6.13718416e+02 3.39181659e-03
 6.14034769e+02 3.46732952e-03
 6.14351123e+02 3.54405584e-03
 6.14667476e+02 3.62200255e-03
 6.14983830e+02 3.70117628e-03
 6.15300183e+02 3.78158331e-03
 6.15616537e+02 3.86322975e-03
 6.15932890e+02 3.94612119e-03
 6.16249244e+02 4.03026305e-03
 6.16565598e+02 4.11566031e-03
 6.16881951e+02 4.20231761e-03
 6.17198305e+02 4.29023932e-03
 6.17514658e+02 4.37942926e-03
 6.17831012e+02 4.46989108e-03
 6.18147365e+02 4.56162787e-03
 6.18463719e+02 4.65464241e-03
 6.18780072e+02 4.74893711e-03
 6.19096426e+02 4.84451381e-03
 6.19412779e+02 4.94137418e-03
 6.19729133e+02 5.03951917e-03
 6.20045486e+02 5.13894956e-03
 6.20361840e+02 5.23966551e-03
 6.20678194e+02 5.34166677e-03
 6.20994547e+02 5.44495272e-03
 6.21310901e+02 5.54952208e-03
 6.21627254e+02 5.65537334e-03
 6.21943608e+02 5.76250428e-03
 6.22259961e+02 5.87091233e-03
 6.22576315e+02 5.98059441e-03
 6.22892668e+02 6.09154683e-03
 6.23209022e+02 6.20376562e-03
 6.23525375e+02 6.31724598e-03
 6.23841729e+02 6.43198289e-03
 6.24158082e+02 6.54797062e-03
 6.24474436e+02 6.66520293e-03
 6.24790789e+02 6.78367318e-03
 6.25107143e+02 6.90337392e-03
 6.25423497e+02 7.02429748e-03
 6.25739850e+02 7.14643535e-03
 6.26056204e+02 7.26977863e-03
 6.26372557e+02 7.39431787e-03
 6.26688911e+02 7.52004286e-03
 6.27005264e+02 7.64694314e-03
 6.27321618e+02 7.77500735e-03
 6.27637971e+02 7.90422380e-03
 6.27954325e+02 8.03458012e-03
 6.28270678e+02 8.16606331e-03
 6.28587032e+02 8.29866000e-03
 6.28903385e+02 8.43235589e-03
 6.29219739e+02 8.56713649e-03
 6.29536093e+02 8.70298642e-03
 6.29852446e+02 8.83988983e-03
 6.30168800e+02 8.97783037e-03
 6.30485153e+02 9.11679087e-03
 6.30801507e+02 9.25675389e-03
 6.31117860e+02 9.39770109e-03
 6.31434214e+02 9.53961377e-03
 6.31750567e+02 9.68247257e-03
 6.32066921e+02 9.82625745e-03
 6.32383274e+02 9.97094806e-03
 6.32699628e+02 1.01165231e-02
 6.33015981e+02 1.02629611e-02
 6.33332335e+02 1.04102396e-02
 6.33648688e+02 1.05583360e-02
 6.33965042e+02 1.07072268e-02
 6.34281396e+02 1.08568880e-02
 6.34597749e+02 1.10072953e-02
 6.34914103e+02 1.11584234e-02
 6.35230456e+02 1.13102470e-02
 6.35546810e+02 1.14627398e-02
 6.35863163e+02 1.16158752e-02
 6.36179517e+02 1.17696260e-02
 6.36495870e+02 1.19239645e-02
 6.36812224e+02 1.20788625e-02
 6.37128577e+02 1.22342912e-02
 6.37444931e+02 1.23902214e-02
 6.37761284e+02 1.25466235e-02
 6.38077638e+02 1.27034671e-02
 6.38393992e+02 1.28607218e-02
 6.38710345e+02 1.30183563e-02
 6.39026699e+02 1.31763391e-02
 6.39343052e+02 1.33346381e-02
 6.39659406e+02 1.34932209e-02
 6.39975759e+02 1.36520547e-02
 6.40292113e+02 1.38111061e-02
 6.40608466e+02 1.39703414e-02
 6.40924820e+02 1.41297267e-02
 6.41241173e+02 1.42892273e-02
 6.41557527e+02 1.44488086e-02
 6.41873880e+02 1.46084354e-02
 6.42190234e+02 1.47680721e-02
 6.42506587e+02 1.49276830e-02
 6.42822941e+02 1.50872319e-02
 6.43139295e+02 1.52466823e-02
 6.43455648e+02 1.54059976e-02
 6.43772002e+02 1.55651408e-02
 6.44088355e+02 1.57240747e-02
 6.44404709e+02 1.58827617e-02
 6.44721062e+02 1.60411641e-02
 6.45037416e+02 1.61992441e-02
 6.45353769e+02 1.63569635e-02
 6.45670123e+02 1.65142840e-02
 6.45986476e+02 1.66711672e-02
 6.46302830e+02 1.68275746e-02
 6.46619183e+02 1.69834673e-02
 6.46935537e+02 1.71388065e-02
 6.47251891e+02 1.72935534e-02
 6.47568244e+02 1.74476688e-02
 6.47884598e+02 1.76011137e-02
 6.48200951e+02 1.77538490e-02
 6.48517305e+02 1.79058355e-02
 6.48833658e+02 1.80570341e-02
 6.49150012e+02 1.82074056e-02
 6.49466365e+02 1.83569108e-02
 6.49782719e+02 1.85055106e-02
 6.50099072e+02 1.86531661e-02
 6.50415426e+02 1.87998383e-02
 6.50731779e+02 1.89454882e-02
 6.51048133e+02 1.90900772e-02
 6.51364486e+02 1.92335665e-02
 6.51680840e+02 1.93759178e-02
 6.51997194e+02 1.95170926e-02
 6.52313547e+02 1.96570529e-02
 6.52629901e+02 1.97957607e-02
 6.52946254e+02 1.99331783e-02
 6.53262608e+02 2.00692683e-02
 6.53578961e+02 2.02039933e-02
 6.53895315e+02 2.03373165e-02
 6.54211668e+02 2.04692012e-02
 6.54528022e+02 2.05996109e-02
 6.54844375e+02 2.07285097e-02
 6.55160729e+02 2.08558618e-02
 6.55477082e+02 2.09816319e-02
 6.55793436e+02 2.11057850e-02
 6.56109790e+02 2.12282866e-02
 6.56426143e+02 2.13491024e-02
 6.56742497e+02 2.14681987e-02
 6.57058850e+02 2.15855423e-02
 6.57375204e+02 2.17011001e-02
 6.57691557e+02 2.18148398e-02
 6.58007911e+02 2.19267296e-02
 6.58324264e+02 2.20367380e-02
 6.58640618e+02 2.21448341e-02
 6.58956971e+02 2.22509876e-02
 6.59273325e+02 2.23551686e-02
 6.59589678e+02 2.24573479e-02
 6.59906032e+02 2.25574968e-02
 6.60222386e+02 2.26555873e-02
 6.60538739e+02 2.27515916e-02
 6.60855093e+02 2.28454833e-02
 6.61171446e+02 2.29372357e-02
 6.61487800e+02 2.30268234e-02
 6.61804153e+02 2.31142214e-02
 6.62120507e+02 2.31994053e-02
 6.62436860e+02 2.32823516e-02
 6.62753214e+02 2.33630373e-02
 6.63069567e+02 2.34414401e-02
 6.63385921e+02 2.35175386e-02
 6.63702274e+02 2.35913117e-02
 6.64018628e+02 2.36627396e-02
 6.64334981e+02 2.37318026e-02
 6.64651335e+02 2.37984824e-02
 6.64967689e+02 2.38627608e-02
 6.65284042e+02 2.39246208e-02
 6.65600396e+02 2.39840462e-02
 6.65916749e+02 2.40410211e-02
 6.66233103e+02 2.40955310e-02
 6.66549456e+02 2.41475615e-02
 6.66865810e+02 2.41970998e-02
 6.67182163e+02 2.42441331e-02
 6.67498517e+02 2.42886500e-02
 6.67814870e+02 2.43306396e-02
 6.68131224e+02 2.43700917e-02
 6.68447577e+02 2.44069974e-02
 6.68763931e+02 2.44413482e-02
 6.69080285e+02 2.44731363e-02
 6.69396638e+02 2.45023553e-02
 6.69712992e+02 2.45289990e-02
 6.70029345e+02 2.45530625e-02
 6.70345699e+02 2.45745414e-02
 6.70662052e+02 2.45934322e-02
 6.70978406e+02 2.46097325e-02
 6.71294759e+02 2.46234402e-02
 6.71611113e+02 2.46345546e-02
 6.71927466e+02 2.46430752e-02
 6.72243820e+02 2.46490031e-02
 6.72560173e+02 2.46523396e-02
 6.72876527e+02 2.46530869e-02
 6.73192880e+02 2.46512483e-02
 6.73509234e+02 2.46468275e-02
 6.73825588e+02 2.46398296e-02
 6.74141941e+02 2.46302598e-02
 6.74458295e+02 2.46181246e-02
 6.74774648e+02 2.46034312e-02
 6.75091002e+02 2.45861873e-02
 6.75407355e+02 2.45664019e-02
 6.75723709e+02 2.45440842e-02
 6.76040062e+02 2.45192446e-02
 6.76356416e+02 2.44918941e-02
 6.76672769e+02 2.44620444e-02
 6.76989123e+02 2.44297082e-02
 6.77305476e+02 2.43948984e-02
 6.77621830e+02 2.43576294e-02
 6.77938184e+02 2.43179155e-02
 6.78254537e+02 2.42757724e-02
 6.78570891e+02 2.42312162e-02
 6.78887244e+02 2.41842636e-02
 6.79203598e+02 2.41349322e-02
 6.79519951e+02 2.40832400e-02
 6.79836305e+02 2.40292060e-02
 6.80152658e+02 2.39728496e-02
 6.80469012e+02 2.39141910e-02
 6.80785365e+02 2.38532509e-02
 6.81101719e+02 2.37900506e-02
 6.81418072e+02 2.37246122e-02
 6.81734426e+02 2.36569582e-02
 6.82050779e+02 2.35871117e-02
 6.82367133e+02 2.35150965e-02
 6.82683487e+02 2.34409368e-02
 6.82999840e+02 2.33646574e-02
 6.83316194e+02 2.32862837e-02
 6.83632547e+02 2.32058415e-02
 6.83948901e+02 2.31233572e-02
 6.84265254e+02 2.30388576e-02
 6.84581608e+02 2.29523700e-02
 6.84897961e+02 2.28639221e-02
 6.85214315e+02 2.27735422e-02
 6.85530668e+02 2.26812590e-02
 6.85847022e+02 2.25871014e-02
 6.86163375e+02 2.24910989e-02
 6.86479729e+02 2.23932814e-02
 6.86796083e+02 2.22936791e-02
 6.87112436e+02 2.21923225e-02
 6.87428790e+02 2.20892425e-02
 6.87745143e+02 2.19844704e-02
 6.88061497e+02 2.18780378e-02
 6.88377850e+02 2.17699764e-02
 6.88694204e+02 2.16603183e-02
 6.89010557e+02 2.15490960e-02
 6.89326911e+02 2.14363421e-02
 6.89643264e+02 2.13220894e-02
 6.89959618e+02 2.12063711e-02
 6.90275971e+02 2.10892203e-02
 6.90592325e+02 2.09706707e-02
 6.90908678e+02 2.08507558e-02
 6.91225032e+02 2.07295094e-02
 6.91541386e+02 2.06069656e-02
 6.91857739e+02 2.04831583e-02
 6.92174093e+02 2.03581218e-02
 6.92490446e+02 2.02318904e-02
 6.92806800e+02 2.01044984e-02
 6.93123153e+02 1.99759803e-02
 6.93439507e+02 1.98463707e-02
 6.93755860e+02 1.97157039e-02
 6.94072214e+02 1.95840146e-02
 6.94388567e+02 1.94513375e-02
 6.94704921e+02 1.93177069e-02
 6.95021274e+02 1.91831576e-02
 6.95337628e+02 1.90477241e-02
 6.95653982e+02 1.89114408e-02
 6.95970335e+02 1.87743421e-02
 6.96286689e+02 1.86364625e-02
 6.96603042e+02 1.84978362e-02
 6.96919396e+02 1.83584974e-02
 6.97235749e+02 1.82184801e-02
 6.97552103e+02 1.80778183e-02
 6.97868456e+02 1.79365459e-02
 6.98184810e+02 1.77946964e-02
 6.98501163e+02 1.76523035e-02
 6.98817517e+02 1.75094005e-02
 6.99133870e+02 1.73660204e-02
 6.99450224e+02 1.72221964e-02
 6.99766577e+02 1.70779610e-02
 7.00082931e+02 1.69333471e-02
 7.00399285e+02 1.67883867e-02
 7.00715638e+02 1.66431121e-02
 7.01031992e+02 1.64975550e-02
 7.01348345e+02 1.63517471e-02
 7.01664699e+02 1.62057198e-02
 7.01981052e+02 1.60595039e-02
 7.02297406e+02 1.59131304e-02
 7.02613759e+02 1.57666297e-02
 7.02930113e+02 1.56200320e-02
 7.03246466e+02 1.54733671e-02
 7.03562820e+02 1.53266646e-02
 7.03879173e+02 1.51799537e-02
 7.04195527e+02 1.50332633e-02
 7.04511881e+02 1.48866220e-02
 7.04828234e+02 1.47400579e-02
 7.05144588e+02 1.45935989e-02
 7.05460941e+02 1.44472726e-02
 7.05777295e+02 1.43011059e-02
 7.06093648e+02 1.41551258e-02
 7.06410002e+02 1.40093584e-02
 7.06726355e+02 1.38638299e-02
 7.07042709e+02 1.37185658e-02
 7.07359062e+02 1.35735913e-02
 7.07675416e+02 1.34289313e-02
 7.07991769e+02 1.32846101e-02
 7.08308123e+02 1.31406517e-02
 7.08624476e+02 1.29970797e-02
 7.08940830e+02 1.28539172e-02
 7.09257184e+02 1.27111871e-02
 7.09573537e+02 1.25689115e-02
 7.09889891e+02 1.24271125e-02
 7.10206244e+02 1.22858115e-02
 7.10522598e+02 1.21450295e-02
 7.10838951e+02 1.20047872e-02
 7.11155305e+02 1.18651046e-02
 7.11471658e+02 1.17260017e-02
 7.11788012e+02 1.15874976e-02
 7.12104365e+02 1.14496112e-02
 7.12420719e+02 1.13123609e-02
 7.12737072e+02 1.11757647e-02
 7.13053426e+02 1.10398403e-02
 7.13369780e+02 1.09046046e-02
 7.13686133e+02 1.07700743e-02
 7.14002487e+02 1.06362657e-02
 7.14318840e+02 1.05031944e-02
 7.14635194e+02 1.03708760e-02
 7.14951547e+02 1.02393251e-02
 7.15267901e+02 1.01085565e-02
 7.15584254e+02 9.97858389e-03
 7.15900608e+02 9.84942103e-03
 7.16216961e+02 9.72108109e-03
 7.16533315e+02 9.59357667e-03
 7.16849668e+02 9.46692021e-03
 7.17166022e+02 9.34112343e-03
 7.17482375e+02 9.21619784e-03
 7.17798729e+02 9.09215444e-03
 7.18115083e+02 8.96900376e-03
 7.18431436e+02 8.84675607e-03
 7.18747790e+02 8.72542101e-03
 7.19064143e+02 8.60500800e-03
 7.19380497e+02 8.48552593e-03
 7.19696850e+02 8.36698331e-03
 7.20013204e+02 8.24938832e-03
 7.20329557e+02 8.13274858e-03
 7.20645911e+02 8.01707152e-03
 7.20962264e+02 7.90236399e-03
 7.21278618e+02 7.78863257e-03
 7.21594971e+02 7.67588343e-03
 7.21911325e+02 7.56412228e-03
 7.22227679e+02 7.45335464e-03
 7.22544032e+02 7.34358543e-03
 7.22860386e+02 7.23481939e-03
 7.23176739e+02 7.12706080e-03
 7.23493093e+02 7.02031358e-03
 7.23809446e+02 6.91458140e-03
 7.24125800e+02 6.80986740e-03
 7.24442153e+02 6.70617459e-03
 7.24758507e+02 6.60350546e-03
 7.25074860e+02 6.50186227e-03
 7.25391214e+02 6.40124696e-03
 7.25707567e+02 6.30166103e-03
 7.26023921e+02 6.20310586e-03
 7.26340274e+02 6.10558229e-03
 7.26656628e+02 6.00909105e-03
 7.26972982e+02 5.91363245e-03
 7.27289335e+02 5.81920653e-03
 7.27605689e+02 5.72581310e-03
 7.27922042e+02 5.63345156e-03
 7.28238396e+02 5.54212120e-03
 7.28554749e+02 5.45182086e-03
 7.28871103e+02 5.36254923e-03
 7.29187456e+02 5.27430472e-03
 7.29503810e+02 5.18708540e-03
 7.29820163e+02 5.10088925e-03
 7.30136517e+02 5.01571381e-03
 7.30452870e+02 4.93155654e-03
 7.30769224e+02 4.84841457e-03
 7.31085578e+02 4.76628484e-03
 7.31401931e+02 4.68516409e-03
 7.31718285e+02 4.60504875e-03
 7.32034638e+02 4.52593516e-03
 7.32350992e+02 4.44781935e-03
 7.32667345e+02 4.37069721e-03
 7.32983699e+02 4.29456443e-03
 7.33300052e+02 4.21941645e-03
 7.33616406e+02 4.14524862e-03
 7.33932759e+02 4.07205603e-03
 7.34249113e+02 3.99983364e-03
 7.34565466e+02 3.92857623e-03
 7.34881820e+02 3.85827840e-03
 7.35198173e+02 3.78893464e-03
 7.35514527e+02 3.72053921e-03
 7.35830881e+02 3.65308631e-03
 7.36147234e+02 3.58656994e-03
 7.36463588e+02 3.52098397e-03
 7.36779941e+02 3.45632218e-03
 7.37096295e+02 3.39257814e-03
 7.37412648e+02 3.32974539e-03
 7.37729002e+02 3.26781729e-03
 7.38045355e+02 3.20678713e-03
 7.38361709e+02 3.14664806e-03
 7.38678062e+02 3.08739312e-03
 7.38994416e+02 3.02901532e-03
 7.39310769e+02 2.97150749e-03
 7.39627123e+02 2.91486243e-03
 7.39943477e+02 2.85907283e-03
 7.40259830e+02 2.80413131e-03
 7.40576184e+02 2.75003042e-03
 7.40892537e+02 2.69676262e-03
 7.41208891e+02 2.64432033e-03
 7.41525244e+02 2.59269588e-03
 7.41841598e+02 2.54188157e-03
 7.42157951e+02 2.49186963e-03
 7.42474305e+02 2.44265223e-03
 7.42790658e+02 2.39422153e-03
 7.43107012e+02 2.34656960e-03
 7.43423365e+02 2.29968851e-03
 7.43739719e+02 2.25357028e-03
 7.44056072e+02 2.20820690e-03
 7.44372426e+02 2.16359033e-03
 7.44688780e+02 2.11971252e-03
 7.45005133e+02 2.07656539e-03
 7.45321487e+02 2.03414083e-03
 7.45637840e+02 1.99243073e-03
 7.45954194e+02 1.95142699e-03
 7.46270547e+02 1.91112146e-03
 7.46586901e+02 1.87150602e-03
 7.46903254e+02 1.83257253e-03
 7.47219608e+02 1.79431286e-03
 7.47535961e+02 1.75671888e-03
 7.47852315e+02 1.71978248e-03
 7.48168668e+02 1.68349554e-03
 7.48485022e+02 1.64784997e-03
 7.48801376e+02 1.61283768e-03
 7.49117729e+02 1.57845063e-03
 7.49434083e+02 1.54468075e-03
 7.49750436e+02 1.51152003e-03
 7.50066790e+02 1.47896049e-03
 7.50383143e+02 1.44699414e-03
 7.50699497e+02 1.41561306e-03
 7.51015850e+02 1.38480934e-03
 7.51332204e+02 1.35457510e-03
 7.51648557e+02 1.32490252e-03
 7.51964911e+02 1.29578378e-03
 7.52281264e+02 1.26721113e-03
 7.52597618e+02 1.23917686e-03
 7.52913971e+02 1.21167328e-03
 7.53230325e+02 1.18469278e-03
 7.53546679e+02 1.15822775e-03
 7.53863032e+02 1.13227067e-03
 7.54179386e+02 1.10681404e-03
 7.54495739e+02 1.08185044e-03
 7.54812093e+02 1.05737248e-03
 7.55128446e+02 1.03337281e-03
 7.55444800e+02 1.00984418e-03
 7.55761153e+02 9.86779347e-04
 7.56077507e+02 9.64171163e-04
 7.56393860e+02 9.42012503e-04
 7.56710214e+02 9.20296333e-04
 7.57026567e+02 8.99015662e-04
 7.57342921e+02 8.78163554e-04
 7.57659275e+02 8.57733159e-04
 7.57975628e+02 8.37717654e-04
 7.58291982e+02 8.18110318e-04
 7.58608335e+02 7.98904462e-04
 7.58924689e+02 7.80093477e-04
 7.59241042e+02 7.61670824e-04
 7.59557396e+02 7.43630007e-04
 7.59873749e+02 7.25964632e-04
 7.60190103e+02 7.08668333e-04
 7.60506456e+02 6.91734841e-04
 7.60822810e+02 6.75157942e-04
 7.61139163e+02 6.58931483e-04
 7.61455517e+02 6.43049406e-04
 7.61771870e+02 6.27505681e-04
 7.62088224e+02 6.12294390e-04
 7.62404578e+02 5.97409651e-04
 7.62720931e+02 5.82845667e-04
 7.63037285e+02 5.68596715e-04
 7.63353638e+02 5.54657118e-04
 7.63669992e+02 5.41021304e-04
 7.63986345e+02 5.27683735e-04
 7.64302699e+02 5.14638968e-04
 7.64619052e+02 5.01881623e-04
 7.64935406e+02 4.89406375e-04
 7.65251759e+02 4.77207999e-04
 7.65568113e+02 4.65281302e-04
 7.65884466e+02 4.53621196e-04
 7.66200820e+02 4.42222638e-04
 7.66517174e+02 4.31080660e-04
 7.66833527e+02 4.20190375e-04
 7.67149881e+02 4.09546937e-04
 7.67466234e+02 3.99145606e-04
 7.67782588e+02 3.88981672e-04
 7.68098941e+02 3.79050520e-04
 7.68415295e+02 3.69347593e-04
 7.68731648e+02 3.59868390e-04
 7.69048002e+02 3.50608505e-04
 7.69364355e+02 3.41563561e-04
 7.69680709e+02 3.32729282e-04
 7.69997062e+02 3.24101437e-04
 7.70313416e+02 3.15675859e-04
 7.70629769e+02 3.07448467e-04
 7.70946123e+02 2.99415209e-04
 7.71262477e+02 2.91572137e-04
 7.71578830e+02 2.83915331e-04
 7.71895184e+02 2.76440955e-04
 7.72211537e+02 2.69145234e-04
 7.72527891e+02 2.62024435e-04
 7.72844244e+02 2.55074921e-04
 7.73160598e+02 2.48293076e-04
 7.73476951e+02 2.41675377e-04
 7.73793305e+02 2.35218344e-04
 7.74109658e+02 2.28918554e-04
 7.74426012e+02 2.22772660e-04
 7.74742365e+02 2.16777343e-04
 7.75058719e+02 2.10929375e-04
 7.75375073e+02 2.05225559e-04
 7.75691426e+02 1.99662766e-04
 7.76007780e+02 1.94237924e-04
 7.76324133e+02 1.88948000e-04
 7.76640487e+02 1.83790043e-04
 7.76956840e+02 1.78761124e-04
 7.77273194e+02 1.73858392e-04
 7.77589547e+02 1.69079038e-04
 7.77905901e+02 1.64420298e-04
 7.78222254e+02 1.59879479e-04
 7.78538608e+02 1.55453910e-04
 7.78854961e+02 1.51141001e-04
 7.79171315e+02 1.46938186e-04
 7.79487668e+02 1.42842960e-04
 7.79804022e+02 1.38852868e-04
 7.80120376e+02 1.34965485e-04
 7.80436729e+02 1.31178461e-04
 7.80753083e+02 1.27489462e-04
 7.81069436e+02 1.23896222e-04
 7.81385790e+02 1.20396510e-04
 7.81702143e+02 1.16988133e-04
 7.82018497e+02 1.13668961e-04
 7.82334850e+02 1.10436879e-04
 7.82651204e+02 1.07289843e-04
 7.82967557e+02 1.04225829e-04
 7.83283911e+02 1.01242863e-04
 7.83600264e+02 9.83390153e-05
 7.83916618e+02 9.55123803e-05
 7.84232972e+02 9.27611139e-05
 7.84549325e+02 9.00833882e-05
 7.84865679e+02 8.74774290e-05
 7.85182032e+02 8.49414938e-05
 7.85498386e+02 8.24738707e-05
 7.85814739e+02 8.00728992e-05
 7.86131093e+02 7.77369339e-05
 7.86447446e+02 7.54643841e-05
 7.86763800e+02 7.32536796e-05
 7.87080153e+02 7.11032882e-05
 7.87396507e+02 6.90117165e-05
 7.87712860e+02 6.69774895e-05
 7.88029214e+02 6.49991829e-05
 7.88345567e+02 6.30753862e-05
 7.88661921e+02 6.12047315e-05
 7.88978275e+02 5.93858784e-05
 7.89294628e+02 5.76175096e-05
 7.89610982e+02 5.58983510e-05
 7.89927335e+02 5.42271401e-05
 7.90243689e+02 5.26026584e-05
 7.90560042e+02 5.10237051e-05
 7.90876396e+02 4.94891082e-05
 7.91192749e+02 4.79977290e-05
 7.91509103e+02 4.65484420e-05
 7.91825456e+02 4.51401631e-05
 7.92141810e+02 4.37718195e-05
 7.92458163e+02 4.24423716e-05
 7.92774517e+02 4.11508029e-05
 7.93090871e+02 3.98961142e-05
 7.93407224e+02 3.86773415e-05
 7.93723578e+02 3.74935300e-05
 7.94039931e+02 3.63437591e-05
 7.94356285e+02 3.52271232e-05
 7.94672638e+02 3.41427385e-05
 7.94988992e+02 3.30897485e-05
 7.95305345e+02 3.20673064e-05
 7.95621699e+02 3.10745981e-05
 7.95938052e+02 3.01108191e-05
 7.96254406e+02 2.91751897e-05
 7.96570759e+02 2.82669497e-05
 7.96887113e+02 2.73853514e-05
 7.97203466e+02 2.65296752e-05
 7.97519820e+02 2.56992085e-05
 7.97836174e+02 2.48932650e-05
 7.98152527e+02 2.41111711e-05
 7.98468881e+02 2.33522691e-05
 7.98785234e+02 2.26159229e-05
 7.99101588e+02 2.19015042e-05
 7.99417941e+02 2.12084094e-05
 7.99734295e+02 2.05360430e-05
 8.00050648e+02 1.98838281e-05
 8.00367002e+02 1.92512032e-05
 8.00683355e+02 1.86376162e-05
 8.00999709e+02 1.80425366e-05
 8.01316062e+02 1.74654397e-05
 8.01632416e+02 1.69058203e-05
 8.01948770e+02 1.63631837e-05
 8.02265123e+02 1.58370464e-05
 8.02581477e+02 1.53269423e-05
 8.02897830e+02 1.48324109e-05
 8.03214184e+02 1.43530103e-05
 8.03530537e+02 1.38883054e-05
 8.03846891e+02 1.34378742e-05
 8.04163244e+02 1.30013075e-05
 8.04479598e+02 1.25782025e-05
 8.04795951e+02 1.21681731e-05
 8.05112305e+02 1.17708376e-05
 8.05428658e+02 1.13858285e-05
 8.05745012e+02 1.10127870e-05
 8.06061365e+02 1.06513621e-05
 8.06377719e+02 1.03012164e-05
 8.06694073e+02 9.96201619e-06
 8.07010426e+02 9.63344213e-06
 8.07326780e+02 9.31517987e-06
 8.07643133e+02 9.00692474e-06
 8.07959487e+02 8.70838187e-06
 8.08275840e+02 8.41926091e-06
 8.08592194e+02 8.13928409e-06
 8.08908547e+02 7.86817701e-06
 8.09224901e+02 7.60567572e-06
 8.09541254e+02 7.35152279e-06
 8.09857608e+02 7.10546652e-06
 8.10173961e+02 6.86726536e-06
 8.10490315e+02 6.63668057e-06
 8.10806669e+02 6.41348376e-06
 8.11123022e+02 6.19745061e-06
 8.11439376e+02 5.98836358e-06
 8.11755729e+02 5.78601266e-06
 8.12072083e+02 5.59019098e-06
 8.12388436e+02 5.40070096e-06
 8.12704790e+02 5.21734762e-06
 8.13021143e+02 5.03994341e-06
 8.13337497e+02 4.86830586e-06
 8.13653850e+02 4.70225639e-06
 8.13970204e+02 4.54162409e-06
 8.14286557e+02 4.38624001e-06
 8.14602911e+02 4.23594268e-06
 8.14919264e+02 4.09057379e-06
 8.15235618e+02 3.94997972e-06
 8.15551972e+02 3.81401257e-06
 8.15868325e+02 3.68252656e-06
 8.16184679e+02 3.55538269e-06
 8.16501032e+02 3.43244396e-06
 8.16817386e+02 3.31357853e-06
 8.17133739e+02 3.19865847e-06
 8.17450093e+02 3.08755849e-06
 8.17766446e+02 2.98015892e-06
 8.18082800e+02 2.87634154e-06
 8.18399153e+02 2.77599338e-06
 8.18715507e+02 2.67900394e-06
 8.19031860e+02 2.58526589e-06
 8.19348214e+02 2.49467618e-06
 8.19664568e+02 2.40713319e-06
 8.19980921e+02 2.32254016e-06
 8.20297275e+02 2.24080183e-06
 8.20613628e+02 2.16182651e-06
 8.20929982e+02 2.08552547e-06
 8.21246335e+02 2.01181171e-06
 8.21562689e+02 1.94060233e-06
 8.21879042e+02 1.87181546e-06
 8.22195396e+02 1.80537288e-06
 8.22511749e+02 1.74119827e-06
 8.22828103e+02 1.67921743e-06
 8.23144456e+02 1.61935928e-06
 8.23460810e+02 1.56155371e-06
 8.23777163e+02 1.50573406e-06
 8.24093517e+02 1.45183479e-06
 8.24409871e+02 1.39979277e-06
 8.24726224e+02 1.34954707e-06
 8.25042578e+02 1.30103792e-06
 8.25358931e+02 1.25420844e-06
 8.25675285e+02 1.20900254e-06
 8.25991638e+02 1.16536659e-06
 8.26307992e+02 1.12324841e-06
 8.26624345e+02 1.08259720e-06
 8.26940699e+02 1.04336444e-06
 8.27257052e+02 1.00550225e-06
 8.27573406e+02 9.68965144e-07
 8.27889759e+02 9.33708480e-07
 8.28206113e+02 8.99689229e-07
 8.28522467e+02 8.66865965e-07
 8.28838820e+02 8.35198014e-07
 8.29155174e+02 8.04646753e-07
 8.29471527e+02 7.75174104e-07
 8.29787881e+02 7.46743679e-07
 8.30104234e+02 7.19320135e-07
 8.30420588e+02 6.92869045e-07
 8.30736941e+02 6.67357593e-07
 8.31053295e+02 6.42753407e-07
 8.31369648e+02 6.19025744e-07
 8.31686002e+02 5.96144490e-07
 8.32002355e+02 5.74080593e-07
 8.32318709e+02 5.52806159e-07
 8.32635062e+02 5.32293779e-07
 8.32951416e+02 5.12517467e-07
 8.33267770e+02 4.93451628e-07
 8.33584123e+02 4.75071796e-07
 8.33900477e+02 4.57354265e-07
 8.34216830e+02 4.40275919e-07
 8.34533184e+02 4.23814775e-07
 8.34849537e+02 4.07949150e-07
 8.35165891e+02 3.92658457e-07
 8.35482244e+02 3.77922575e-07
 8.35798598e+02 3.63722070e-07
 8.36114951e+02 3.50038334e-07
 8.36431305e+02 3.36853067e-07
 8.36747658e+02 3.24148946e-07
 8.37064012e+02 3.11908926e-07
 8.37380366e+02 3.00116708e-07
 8.37696719e+02 2.88756536e-07
 8.38013073e+02 2.77813032e-07
 8.38329426e+02 2.67271602e-07
 8.38645780e+02 2.57117856e-07
 8.38962133e+02 2.47338134e-07
 8.39278487e+02 2.37919110e-07
 8.39594840e+02 2.28847905e-07
 8.39911194e+02 2.20112213e-07
 8.40227547e+02 2.11699930e-07
 8.40543901e+02 2.03599608e-07
 8.40860254e+02 1.95800000e-07
 8.41176608e+02 1.88290342e-07
 8.41492961e+02 1.81060256e-07
 8.41809315e+02 1.74099603e-07
 8.42125669e+02 1.67398779e-07
 8.42442022e+02 1.60948320e-07
 8.42758376e+02 1.54739238e-07
 8.43074729e+02 1.48762791e-07
 8.43391083e+02 1.43010512e-07
 8.43707436e+02 1.37474339e-07
 8.44023790e+02 1.32146334e-07
 8.44340143e+02 1.27018997e-07
 8.44656497e+02 1.22084972e-07
 8.44972850e+02 1.17337210e-07
 8.45289204e+02 1.12768937e-07
 8.45605557e+02 1.08373525e-07
 8.45921911e+02 1.04144707e-07
 8.46238265e+02 1.00076311e-07
 8.46554618e+02 9.61624776e-08
 8.46870972e+02 9.23975165e-08
 8.47187325e+02 8.87759132e-08
 8.47503679e+02 8.52924268e-08
 8.47820032e+02 8.19418973e-08
 8.48136386e+02 7.87194528e-08
 8.48452739e+02 7.56203221e-08
 8.48769093e+02 7.26399293e-08
 8.49085446e+02 6.97738877e-08
 8.49401800e+02 6.70179013e-08
 8.49718153e+02 6.43679161e-08
 8.50034507e+02 6.18199411e-08
 8.50350860e+02 5.93701857e-08
 8.50667214e+02 5.70149784e-08
 8.50983568e+02 5.47507562e-08
 8.51299921e+02 5.25741413e-08
 8.51616275e+02 5.04818071e-08
 8.51932628e+02 4.84706141e-08
 8.52248982e+02 4.65374936e-08
 8.52565335e+02 4.46794990e-08
 8.52881689e+02 4.28938132e-08
 8.53198042e+02 4.11776745e-08
 8.53514396e+02 3.95284808e-08
 8.53830749e+02 3.79436730e-08
 8.54147103e+02 3.64208185e-08
 8.54463456e+02 3.49575675e-08
 8.54779810e+02 3.35516367e-08
 8.55096164e+02 3.22008660e-08
 8.55412517e+02 3.09031284e-08
 8.55728871e+02 2.96564166e-08
 8.56045224e+02 2.84587729e-08
 8.56361578e+02 2.73083148e-08
 8.56677931e+02 2.62032476e-08
 8.56994285e+02 2.51418102e-08
 8.57310638e+02 2.41223451e-08
 8.57626992e+02 2.31432239e-08
 8.57943345e+02 2.22028986e-08
 8.58259699e+02 2.12998789e-08
 8.58576052e+02 2.04327120e-08
 8.58892406e+02 1.96000221e-08
 8.59208759e+02 1.88004559e-08
 8.59525113e+02 1.80327553e-08
 8.59841467e+02 1.72957029e-08
 8.60157820e+02 1.65880812e-08
 8.60474174e+02 1.59086730e-08
