-14.9 3.83500256843e-11
-14.6526006006 4.58706248372e-11
-14.4052012012 4.55013884802e-11
-14.1578018018 3.7382560986e-11
-13.9104024024 2.50032178414e-11
-13.663003003 1.37806425541e-11
-13.4156036036 8.7503661628e-12
-13.1682042042 1.23465659843e-11
-12.9208048048 2.32469094315e-11
-12.6734054054 3.68237561002e-11
-12.426006006 4.70600678985e-11
-12.1786066066 4.91459684927e-11
-11.9312072072 4.16561508488e-11
-11.6838078078 2.73713295495e-11
-11.4364084084 1.2394642702e-11
-11.189009009 3.98191179793e-12
-10.9416096096 8.11976943213e-12
-10.6942102102 2.80734449414e-11
-10.4468108108 6.48031971581e-11
-10.1994114114 1.1948415908e-10
-9.95201201201 1.9774503878e-10
-9.70461261261 3.15156906727e-10
-9.45721321321 5.0441414968e-10
-9.20981381381 8.26904856127e-10
-8.96241441441 1.39524238982e-09
-8.71501501502 2.41920688201e-09
-8.46761561562 4.29623505561e-09
-8.22021621622 7.7807583227e-09
-7.97281681682 1.42873298258e-08
-7.72541741742 2.64155473111e-08
-7.47801801802 4.88379083827e-08
-7.23061861862 8.97762884014e-08
-6.98321921922 1.63425220681e-07
-6.73581981982 2.93884130627e-07
-6.48842042042 5.21468977306e-07
-6.24102102102 9.12730915799e-07
-5.99362162162 1.57617382535e-06
-5.74622222222 2.68660666026e-06
-5.49882282282 4.52237685733e-06
-5.25142342342 7.52150297558e-06
-5.00402402402 1.2365054411e-05
-4.75662462462 2.00990956373e-05
-4.50922522523 3.23101688842e-05
-4.26182582583 5.13736144216e-05
-4.01442642643 8.07989003075e-05
-3.76702702703 0.000125701282377
-3.51962762763 0.000193434067225
-3.27222822823 0.000294419778198
-3.02482882883 0.000443220600395
-2.77742942943 0.000659887257611
-2.53003003003 0.000971619299268
-2.28263063063 0.00141475676706
-2.03523123123 0.00203710141545
-1.78783183183 0.00290053330538
-1.54043243243 0.00408384444707
-1.29303303303 0.00568565500399
-1.04563363363 0.00782721067143
-0.798234234234 0.0106547855297
-0.550834834835 0.0143412348238
-0.303435435435 0.0190868879897
-0.056036036036 0.0251180069005
0.191363363363 0.0326831142085
0.438762762763 0.0420481603536
0.686162162162 0.0534869053736
0.933561561562 0.0672689238657
1.18096096096 0.0836445665244
1.42836036036 0.102826221033
1.67575975976 0.124967880397
1.92315915916 0.150143010307
2.17055855856 0.178322441166
2.41795795796 0.209353897947
2.66535735736 0.24294506799
2.91275675676 0.278652194781
3.16015615616 0.315876095339
3.40755555556 0.353867205287
3.65495495495 0.391740754699
3.90235435435 0.428502488736
4.14975375375 0.463084515433
4.39715315315 0.494389957117
4.64455255255 0.521344188799
4.89195195195 0.542949661963
5.13935135135 0.558340729335
5.38675075075 0.566834584984
5.63415015015 0.567974468767
5.88154954955 0.561561674828
6.12894894895 0.547673631805
6.37634834835 0.52666632995
6.62374774775 0.499160566347
6.87114714715 0.466012748866
7.11854654655 0.428272217156
7.36594594595 0.387128084047
7.61334534535 0.34384937119
7.86074474474 0.29972263766
8.10814414414 0.255991347147
8.35554354354 0.213800897354
8.60294294294 0.174152592306
8.85034234234 0.137868953789
9.09774174174 0.105571742032
9.34514114114 0.0776729957117
9.59254054054 0.054378351773
9.83993993994 0.0357014773594
10.0873393393 0.0214865943388
10.3347387387 0.0114377642114
10.5821381381 0.00515137934041
10.8295375375 0.0021498138843
11.0769369369 0.00191377929914
11.3243363363 0.00391173321854
11.5717357357 0.00762499155579
11.8191351351 0.0125677875216
12.0665345345 0.0183020665062
12.3139339339 0.0244465046109
12.5613333333 0.0306826102192
12.8087327327 0.0367538856739
13.0561321321 0.0424642426656
13.3035315315 0.0476729091609
13.5509309309 0.0522879614085
13.7983303303 0.0562590018424
14.0457297297 0.059569589411
14.2931291291 0.0622297710957
14.5405285285 0.0642698146286
14.7879279279 0.0657334306817
15.0353273273 0.0666732064628
15.2827267267 0.067146297302
15.5301261261 0.0672111439245
15.7775255255 0.0669250038823
16.0249249249 0.0663421953406
16.2723243243 0.0655129402694
16.5197237237 0.0644826935282
16.7671231231 0.0632918511276
17.0145225225 0.0619757422969
17.2619219219 0.0605647462189
17.5093213213 0.0590849158218
17.7567207207 0.0575579680914
18.0041201201 0.05600199655
18.2515195195 0.0544318674858
18.4989189189 0.0528596648628
18.7463183183 0.0512951076205
18.9937177177 0.0497459303253
19.2411171171 0.0482182223739
19.4885165165 0.0467167240792
19.7359159159 0.0452450802199
19.9833153153 0.0438060532105
20.2307147147 0.042401699094
20.4781141141 0.0410335102258
20.7255135135 0.0397025288672
20.9729129129 0.0384094360341
21.2203123123 0.0371546198776
21.4677117117 0.0359382276568
21.7151111111 0.0347602050245
21.9625105105 0.0336203259144
22.2099099099 0.0325182158233
22.4573093093 0.0314533707473
22.7047087087 0.0304251734965
22.9521081081 0.0294329085983
23.1995075075 0.0284757765343
23.4469069069 0.027552907661
23.6943063063 0.0266633758532
23.9417057057 0.0258062116911
24.1891051051 0.0249804148826
24.4365045045 0.0241849655724
24.6839039039 0.0234188342181
24.9313033033 0.0226809897965
25.1787027027 0.0219704062252
25.4261021021 0.0212859270409
25.6735015015 0.0206268514823
25.9209009009 0.0199920271374
26.1683003003 0.0193804792189
26.4156996997 0.0187912479395
26.6630990991 0.0182233883025
26.9104984985 0.0176759700125
27.1578978979 0.0171481101052
27.4052972973 0.0166388123889
27.6526966967 0.0161472921585
27.9000960961 0.0156726555959
28.1474954955 0.0152140643507
28.3948948949 0.0147707067646
28.6422942943 0.0143418016168
28.8896936937 0.0139266018095
29.1370930931 0.0135243977106
29.3844924925 0.0131345198951
29.6318918919 0.0127563410757
29.8792912913 0.0123892101774
30.1266906907 0.0120327144286
30.3740900901 0.0116862941384
30.6214894895 0.0113494904342
30.8688888889 0.0110218819618
31.1162882883 0.0107030817707
31.3636876877 0.0103927339572
31.6110870871 0.0100905103123
31.8584864865 0.00979610720603
32.1058858859 0.00950924289329
32.3532852853 0.0092296553676
32.6006846847 0.0089571008224
32.8480840841 0.00869135270609
33.0954834835 0.00843220129223
33.3428828829 0.00817945363198
33.5902822823 0.0079329337191
33.8376816817 0.0076924826822
34.0850810811 0.00745795882462
34.3324804805 0.00722923735801
34.5798798799 0.00700620971828
34.8272792793 0.00678878240511
35.0746786787 0.00657687534434
35.3220780781 0.00637041982778
35.5694774775 0.00616935613301
35.8168768769 0.00597363096043
36.0642762763 0.00578319484423
36.3116756757 0.00559799969602
36.5590750751 0.00541799662517
36.8064744745 0.00524313415173
37.0538738739 0.00507335688815
37.3012732733 0.00490860472158
37.5486726727 0.00474881248242
37.7960720721 0.00459391004338
38.0434714715 0.00444382275985
38.2908708709 0.00429847214052
38.5382702703 0.00415777662797
38.7856696697 0.00402165237287
39.0330690691 0.00389001390103
39.2804684685 0.00376277459636
39.5278678679 0.00363984695377
39.7752672673 0.00352114258745
40.0226666667 0.00340657201111
40.2700660661 0.00329604423324
40.5174654655 0.00318946623037
40.7648648649 0.00308674237321
41.0122642643 0.00298777388426
41.2596636637 0.00289245840099
41.5070630631 0.0028006897069
41.7544624625 0.00271235767584
42.0018618619 0.0026273484541
42.2492612613 0.00254554488246
42.4966606607 0.00246682713906
42.7440600601 0.00239107356471
42.9914594595 0.0023181616178
43.2388588589 0.00224796889629
43.4862582583 0.00218037416095
43.7336576577 0.00211525829616
43.9810570571 0.00205250515247
44.2284564565 0.00199200222697
44.4758558559 0.00193364115282
44.7232552553 0.00187731798653
44.9706546547 0.00182293329867
45.2180540541 0.00177039209001
45.4654534535 0.00171960356906
45.7128528529 0.0016704808369
45.9602522523 0.0016229405311
46.2076516517 0.00157690248104
46.4550510511 0.00153228942279
46.7024504505 0.00148902681214
46.9498498498 0.00144704276184
47.1972492492 0.00140626811325
47.4446486486 0.00136663663653
47.692048048 0.00132808533781
47.9394474474 0.00129055483885
48.1868468468 0.00125398978544
48.4342462462 0.00121833923658
48.6816456456 0.00118355698714
48.929045045 0.00114960178275
49.1764444444 0.00111643739561
49.4238438438 0.00108403254368
49.6712432432 0.00105236065051
49.9186426426 0.00102139945877
50.166042042 0.00099113052399
50.4134414414 0.00096153862658
50.6608408408 0.000932611146544
50.9082402402 0.000904337447953
51.1556396396 0.000876708317096
51.403039039 0.000849715490992
51.6504384384 0.000823351301829
51.8978378378 0.000797608449562
52.1452372372 0.000772479900781
52.3926366366 0.000747958898774
52.640036036 0.000724039058869
52.8874354354 0.000700714515715
53.1348348348 0.000677980085906
53.3822342342 0.000655831410239
53.6296336336 0.000634265044703
53.877033033 0.000613278477161
54.1244324324 0.000592870056661
54.3718318318 0.000573038833124
54.6192312312 0.000553784315708
54.8666306306 0.000535106167302
55.11403003 0.000517003859484
55.3614294294 0.000499476316346
55.6088288288 0.000482521576469
55.8562282282 0.000466136500198
56.1036276276 0.000450316544478
56.351027027 0.000435055620656
56.5984264264 0.000420346042537
56.8458258258 0.000406178563631
57.0932252252 0.000392542494735
57.3406246246 0.000379425886592
57.588024024 0.000366815757803
57.8354234234 0.000354698345773
58.0828228228 0.000343059358263
58.3302222222 0.000331884204926
58.5776216216 0.000321158191668
58.825021021 0.000310866665442
59.0724204204 0.00030099510256
59.3198198198 0.000291529139465
59.5672192192 0.000282454550488
59.8146186186 0.000273757182182
60.062018018 0.000265422857761
60.3094174174 0.000257437267836
60.5568168168 0.000249785864662
60.8042162162 0.00024245377653
61.0516156156 0.000235425756641
61.299015015 0.000228686177219
61.5464144144 0.000222219074906
61.7938138138 0.000216008248247
62.0412132132 0.000210037402739
62.2886126126 0.000204290334061
62.536012012 0.000198751136093
62.7834114114 0.00019340441766
63.0308108108 0.000188235510777
63.2782102102 0.000183230653629
63.5256096096 0.000178377133682
63.773009009 0.000173663379894
64.0204084084 0.000169078997758
64.2678078078 0.000164614746339
64.5152072072 0.000160262462094
64.7626066066 0.000156014939407
65.010006006 0.000151865781877
65.2574054054 0.00014780924103
65.5048048048 0.000143840059857
65.7522042042 0.000139953337403
65.9996036036 0.000136144427659
66.247003003 0.000132408881558
66.4944024024 0.000128742435567
66.7418018018 0.000125141044797
66.9892012012 0.000121600953334
67.2366006006 0.000118118790284
67.484 0.000114691677243
67.7313993994 0.000111317331751
67.9787987988 0.000107994151994
68.2261981982 0.000104721270262
68.4735975976 0.000101498566363
68.720996997 9.83266367278e-05
68.9683963964 9.52067199145e-05
69.2157957958 9.2140583985e-05
69.4631951952 8.91303853037e-05
69.7105945946 8.61785111877e-05
69.957993994 8.32874202449e-05
70.2053933934 8.04594940427e-05
70.4527927928 7.76969120188e-05
70.7001921922 7.50015585678e-05
70.9475915916 7.23749674135e-05
71.194990991 6.98183042148e-05
71.4423903904 6.73323843572e-05
71.6897897898 6.49177195e-05
71.9371891892 6.25745840078e-05
72.1845885886 6.03030910905e-05
72.431987988 5.81032683381e-05
72.6793873874 5.59751232804e-05
72.9267867868 5.39186914322e-05
73.1741861862 5.19340617491e-05
73.4215855856 5.00213772146e-05
73.668984985 4.8180811128e-05
73.9163843844 4.64125222628e-05
74.1637837838 4.47165942031e-05
74.4111831832 4.30929656377e-05
74.6585825826 4.15413591026e-05
74.905981982 4.00612155801e-05
75.1533813814 3.86516415512e-05
75.4007807808 3.73113736793e-05
75.6481801802 3.60387644835e-05
75.8955795796 3.4831790329e-05
76.142978979 3.36880810518e-05
76.3903783784 3.26049687002e-05
76.6377777778 3.15795513716e-05
76.8851771772 3.06087670227e-05
77.1325765766 2.96894714805e-05
77.379975976 2.88185147076e-05
77.6273753754 2.79928096578e-05
77.8747747748 2.72093887957e-05
78.1221741742 2.64654444896e-05
78.3695735736 2.57583509697e-05
78.616972973 2.50856672553e-05
78.8643723724 2.44451222684e-05
79.1117717718 2.38345850769e-05
79.3591711712 2.32520246834e-05
79.6065705706 2.26954648099e-05
79.85396997 2.21629396041e-05
80.1013693694 2.16524560422e-05
80.3487687688 2.1161968027e-05
80.5961681682 2.06893658689e-05
80.8435675676 2.02324831229e-05
81.090966967 1.97891208197e-05
81.3383663664 1.93570871855e-05
81.5857657658 1.89342491789e-05
81.8331651652 1.85185907883e-05
82.0805645646 1.81082721642e-05
82.327963964 1.77016834261e-05
82.5753633634 1.7297487425e-05
82.8227627628 1.68946468261e-05
83.0701621622 1.6492432522e-05
83.3175615616 1.60904123957e-05
83.564960961 1.56884216108e-05
83.8123603604 1.52865176397e-05
84.0597597598 1.48849249003e-05
84.3071591592 1.44839749309e-05
84.5545585586 1.40840483743e-05
84.801957958 1.36855246169e-05
85.0493573574 1.32887438214e-05
85.2967567568 1.28939844499e-05
85.5441561562 1.25014574379e-05
85.7915555556 1.21113161885e-05
86.038954955 1.17236797545e-05
86.2863543544 1.13386651695e-05
86.5337537538 1.09564240106e-05
86.7811531532 1.05771780066e-05
87.0285525526 1.0201248839e-05
87.275951952 9.82907815994e-06
87.5233513514 9.46123514871e-06
87.7707507508 9.09841048704e-06
88.0181501502 8.7413972642e-06
88.2655495495 8.39106082874e-06
88.5129489489 8.04830081302e-06
88.7603483483 7.71400932554e-06
89.0077477477 7.38902956234e-06
89.2551471471 7.07411882221e-06
89.5025465465 6.76991919108e-06
89.7499459459 6.4769381107e-06
89.9973453453 6.19553982995e-06
90.2447447447 5.92594752194e-06
90.4921441441 5.66825478578e-06
90.7395435435 5.4224444455e-06
90.9869429429 5.18841206759e-06
91.2343423423 4.96599144726e-06
91.4817417417 4.75497943116e-06
91.7291411411 4.55515779185e-06
91.9765405405 4.36631038128e-06
92.2239399399 4.18823439996e-06
92.4713393393 4.02074526701e-06
92.7187387387 3.86367520948e-06
92.9661381381 3.71686626223e-06
93.2135375375 3.58015884145e-06
93.4609369369 3.45337739425e-06
93.7083363363 3.33631481239e-06
93.9557357357 3.22871732648e-06
94.2031351351 3.13027147839e-06
94.4505345345 3.04059452963e-06
94.6979339339 2.95922933655e-06
94.9453333333 2.88564434152e-06
95.1927327327 2.81923892362e-06
95.4401321321 2.75935393945e-06
95.6875315315 2.70528687957e-06
95.9349309309 2.6563106804e-06
96.1823303303 2.6116948834e-06
96.4297297297 2.5707275523e-06
96.6771291291 2.53273618554e-06
96.9245285285 2.49710583615e-06
97.1719279279 2.46329281046e-06
97.4193273273 2.43083267372e-06
97.6667267267 2.39934182628e-06
97.9141261261 2.36851257918e-06
98.1615255255 2.33810237174e-06
98.4089249249 2.3079184434e-06
98.6563243243 2.27779980379e-06
98.9037237237 2.24759866311e-06
99.1511231231 2.21716354772e-06
99.3985225225 2.18632612137e-06
99.6459219219 2.15489328942e-06
99.8933213213 2.12264553478e-06
100.140720721 2.08934169438e-06
100.38812012 2.05472961763e-06
100.63551952 2.01856143846e-06
100.882918919 1.98061162262e-06
101.130318318 1.94069558885e-06
101.377717718 1.89868659733e-06
101.625117117 1.85452877479e-06
101.872516517 1.80824459068e-06
102.119915916 1.75993576699e-06
102.367315315 1.70977741218e-06
102.614714715 1.65800601032e-06
102.862114114 1.60490265185e-06
103.109513514 1.5507734555e-06
103.356912913 1.49592942317e-06
103.604312312 1.44066795588e-06
103.851711712 1.38525795217e-06
104.099111111 1.3299298689e-06
104.346510511 1.27487143625e-06
104.59390991 1.22022898856e-06
104.841309309 1.1661136999e-06
105.088708709 1.11261147736e-06
105.336108108 1.05979492299e-06
105.583507508 1.0077356476e-06
105.830906907 9.5651530587e-07
106.078306306 9.06233993875e-07
106.325705706 8.57015064147e-07
106.573105105 8.09005914676e-07
106.820504505 7.6237483187e-07
107.067903904 7.1730445203e-07
107.315303303 6.73982787496e-07
107.562702703 6.32593001037e-07
107.810102102 5.93303175102e-07
108.057501502 5.56257215705e-07
108.304900901 5.21567779363e-07
108.5523003 4.89311767989e-07
108.7996997 4.59528563554e-07
109.047099099 4.3222083402e-07
109.294498498 4.07357484291e-07
109.541897898 3.84878176997e-07
109.789297297 3.64698808377e-07
110.036696697 3.46717373601e-07
110.284096096 3.30819758543e-07
110.531495495 3.16885115204e-07
110.778894895 3.04790586755e-07
111.026294294 2.94415229547e-07
111.273693694 2.85643032101e-07
111.521093093 2.78364963966e-07
111.768492492 2.72480012992e-07
112.015891892 2.67895200081e-07
112.263291291 2.64524602258e-07
112.510690691 2.62287469181e-07
112.75809009 2.61105581484e-07
113.005489489 2.60900066889e-07
113.252888889 2.61587955538e-07
113.500288288 2.63078814316e-07
113.747687688 2.65271842647e-07
113.995087087 2.6805382961e-07
114.242486486 2.7129835123e-07
114.489885886 2.7486651474e-07
114.737285285 2.78609425963e-07
114.984684685 2.82372369079e-07
115.232084084 2.86000461743e-07
115.479483483 2.89345313628e-07
115.726882883 2.92272014804e-07
115.974282282 2.94665653657e-07
116.221681682 2.96436547777e-07
116.469081081 2.9752347993e-07
116.71648048 2.9789445798e-07
116.96387988 2.97544830678e-07
117.211279279 2.96492942046e-07
117.458678679 2.94773839458e-07
117.706078078 2.92431812851e-07
117.953477477 2.89512695319e-07
118.200876877 2.86056880131e-07
118.448276276 2.82093906884e-07
118.695675676 2.77639257775e-07
118.943075075 2.72693715543e-07
119.190474474 2.67245304461e-07
119.437873874 2.61273505433e-07
119.685273273 2.54755144743e-07
119.932672673 2.47671138764e-07
120.180072072 2.40013162368e-07
120.427471471 2.31789316586e-07
120.674870871 2.23028003578e-07
120.92227027 2.13779462987e-07
121.16966967 2.0411474999e-07
121.417069069 1.94122295453e-07
121.664468468 1.83902526607e-07
121.911867868 1.73561288359e-07
122.159267267 1.63202948629e-07
122.406666667 1.529240754e-07
122.654066066 1.42808442859e-07
122.901465465 1.32923887696e-07
123.148864865 1.23321239832e-07
123.396264264 1.14035247332e-07
123.643663664 1.05087150943e-07
123.891063063 9.64883759678e-08
124.138462462 8.82447161498e-08
124.385861862 8.03603870503e-08
124.633261261 7.28414128057e-08
124.880660661 6.5697957323e-08
125.12806006 5.89453942066e-08
125.375459459 5.26041023993e-08
125.622858859 4.66981525548e-08
125.870258258 4.12531912817e-08
126.117657658 3.62939197127e-08
126.365057057 3.18415876851e-08
126.612456456 2.79118828522e-08
126.859855856 2.45134920976e-08
127.107255255 2.16474696087e-08
127.354654655 1.93073887717e-08
127.602054054 1.74801150078e-08
127.849453453 1.61469421635e-08
128.096852853 1.5284804566e-08
128.344252252 1.48673140188e-08
128.591651652 1.48654632419e-08
128.839051051 1.5247959108e-08
129.08645045 1.59812686805e-08
129.33384985 1.70295488455e-08
129.581249249 1.83546662239e-08
129.828648649 1.99164923735e-08
130.076048048 2.16735885048e-08
130.323447447 2.35842938482e-08
130.570846847 2.56081267268e-08
130.818246246 2.77073205089e-08
131.065645646 2.98482642585e-08
131.313045045 3.20026085006e-08
131.560444444 3.41478294017e-08
131.807843844 3.62671135376e-08
132.055243243 3.83485199302e-08
132.302642643 4.03834838925e-08
132.550042042 4.23648347631e-08
132.797441441 4.42845925483e-08
133.044840841 4.61318716292e-08
133.29224024 4.78912388861e-08
133.53963964 4.95418390394e-08
133.787039039 5.10575085634e-08
134.034438438 5.24079592822e-08
134.281837838 5.35609428261e-08
134.529237237 5.44851358429e-08
134.776636637 5.51533461086e-08
135.024036036 5.55455607257e-08
135.271435435 5.56513585752e-08
135.518834835 5.5471293532e-08
135.766234234 5.5017008995e-08
136.013633634 5.43100404508e-08
136.261033033 5.33794652188e-08
136.508432432 5.22587319504e-08
136.755831832 5.09821186906e-08
137.003231231 4.9581311725e-08
137.250630631 4.80825658611e-08
137.49803003 4.65048105777e-08
137.745429429 4.4858923658e-08
137.992828829 4.31482269245e-08
138.240228228 4.1370090288e-08
138.487627628 3.95183809732e-08
138.735027027 3.75863826449e-08
138.982426426 3.55697477734e-08
139.229825826 3.34690453143e-08
139.477225225 3.12915270413e-08
139.724624625 2.90518541629e-08
139.972024024 2.67716857798e-08
140.219423423 2.44782088456e-08
140.466822823 2.22018560278e-08
140.714222222 1.99735835754e-08
140.961621622 1.78221426507e-08
141.209021021 1.57717628306e-08
141.45642042 1.38405791166e-08
141.70381982 1.20399919991e-08
141.951219219 1.03749828242e-08
142.198618619 8.84524656556e-09
142.446018018 7.4468803509e-09
142.693417417 6.17429831973e-09
142.940816817 5.02203809121e-09
143.188216216 3.98617535753e-09
143.435615616 3.06515537784e-09
143.683015015 2.25996320808e-09
143.930414414 1.57366828002e-09
144.177813814 1.01047658495e-09
144.425213213 5.74493600543e-10
144.672612613 2.68436327299e-10
144.920012012 9.25309531019e-11
145.167411411 4.37949019263e-11
145.414810811 1.158330875e-10
145.66221021 2.99187040598e-10
145.90960961 5.82175301793e-10
146.157009009 9.52070724079e-10
146.404408408 1.39639279983e-09
146.651807808 1.90406598102e-09
146.899207207 2.46621664971e-09
147.146606607 3.07645045774e-09
147.394006006 3.73055597016e-09
147.641405405 4.42569870566e-09
147.888804805 5.15927645847e-09
148.136204204 5.92767871273e-09
148.383603604 6.72521437897e-09
148.631003003 7.54343893234e-09
148.878402402 8.37103260748e-09
149.125801802 9.19427354124e-09
149.373201201 9.9980367506e-09
149.620600601 1.07671534487e-08
149.868 1.14879023451e-08
150.115399399 1.21493834537e-08
150.362798799 1.27445457673e-08
150.610198198 1.32706962712e-08
150.857597598 1.37293985105e-08
151.104996997 1.41257620087e-08
151.352396396 1.44672169098e-08
151.599795796 1.47619496691e-08
151.847195195 1.50172345238e-08
152.094594595 1.52379224256e-08
152.341993994 1.5425337429e-08
152.589393393 1.55767776709e-08
152.836792793 1.56857285911e-08
153.084192192 1.57427813914e-08
153.331591592 1.57371287427e-08
153.578990991 1.56584044548e-08
153.82639039 1.5498565838e-08
154.07378979 1.52535020695e-08
154.321189189 1.49240940628e-08
154.568588589 1.45165441274e-08
154.815987988 1.40419191884e-08
155.063387387 1.35149851144e-08
155.310786787 1.29525261032e-08
155.558186186 1.23714216227e-08
155.805585586 1.17867820777e-08
156.052984985 1.12104221843e-08
156.300384384 1.06498857555e-08
156.547783784 1.01081418993e-08
156.795183183 9.58396712778e-09
157.042582583 9.07292677883e-09
157.289981982 8.56878540784e-09
157.537381381 8.06511894517e-09
157.784780781 7.55687715114e-09
158.03218018 7.04165593756e-09
158.27957958 6.52048463231e-09
158.526978979 5.99800863623e-09
158.774378378 5.48204393408e-09
159.021777778 4.98258294355e-09
159.269177177 4.51042424666e-09
159.516576577 4.07566462823e-09
159.763975976 3.68631648542e-09
160.011375375 3.34729039761e-09
160.258774775 3.05991421703e-09
160.506174174 2.82205919383e-09
160.753573574 2.62883046159e-09
161.000972973 2.47367667364e-09
161.248372372 2.34970201875e-09
161.495771772 2.2509363911e-09
161.743171171 2.17333911682e-09
161.990570571 2.1153713874e-09
162.23796997 2.0780579236e-09
162.485369369 2.06455142953e-09
162.732768769 2.07929709191e-09
162.980168168 2.12695577632e-09
163.227567568 2.2112764938e-09
163.474966967 2.33410956441e-09
163.722366366 2.49472442101e-09
163.969765766 2.68954558201e-09
164.217165165 2.91235427103e-09
164.464564565 3.15492959572e-09
164.711963964 3.40803167431e-09
164.959363363 3.66256978666e-09
165.206762763 3.91076184286e-09
165.454162162 4.1470855703e-09
165.701561562 4.3688510206e-09
165.948960961 4.57628619683e-09
166.19636036 4.77211347013e-09
166.44375976 4.96068855287e-09
166.691159159 5.14685724463e-09
166.938558559 5.33474038747e-09
167.185957958 5.52667213725e-09
167.433357357 5.72248731598e-09
167.680756757 5.91928653901e-09
167.928156156 6.11171733151e-09
168.175555556 6.29271452582e-09
168.422954955 6.45456253527e-09
168.670354354 6.59009000429e-09
168.917753754 6.69379112776e-09
169.165153153 6.76268734091e-09
169.412552553 6.79679147323e-09
169.659951952 6.79910358739e-09
169.907351351 6.77514190576e-09
170.154750751 6.73208343476e-09
170.40215015 6.67764701728e-09
170.64954955 6.6188917325e-09
170.896948949 6.56111888321e-09
171.144348348 6.50705455858e-09
171.391747748 6.45645112856e-09
171.639147147 6.4061832422e-09
171.886546547 6.3508348759e-09
172.133945946 6.28369055805e-09
172.381345345 6.19797090173e-09
172.628744745 6.08810473064e-09
172.876144144 5.95081841976e-09
173.123543544 5.7858520622e-09
173.370942943 5.59617733914e-09
173.618342342 5.38768129924e-09
173.865741742 5.16837580941e-09
174.113141141 4.94727500753e-09
174.360540541 4.73313849479e-09
174.60793994 4.53328983576e-09
174.855339339 4.35270482191e-09
175.102738739 4.19350266744e-09
175.350138138 4.05490455931e-09
175.597537538 3.93364440761e-09
175.844936937 3.82474683719e-09
176.092336336 3.7225352478e-09
176.339735736 3.62170380755e-09
176.587135135 3.51828337034e-09
176.834534535 3.41035126804e-09
177.081933934 3.29837568291e-09
177.329333333 3.18514178623e-09
177.576732733 3.07527247346e-09
177.824132132 2.97442258025e-09
178.071531532 2.88828191907e-09
178.318930931 2.82155891774e-09
178.56633033 2.77712476656e-09
178.81372973 2.75547369994e-09
179.061129129 2.75460065549e-09
179.308528529 2.77032190553e-09
179.555927928 2.79698181801e-09
179.803327327 2.82841626968e-09
180.050726727 2.85899562759e-09
180.298126126 2.88455735056e-09
180.545525526 2.90306227525e-09
180.792924925 2.91486345461e-09
181.040324324 2.92254978199e-09
181.287723724 2.93040293344e-09
181.535123123 2.94357196842e-09
181.782522523 2.96711183397e-09
182.029921922 3.0050488542e-09
182.277321321 3.05962434557e-09
182.524720721 3.13083402125e-09
182.77212012 3.21633176577e-09
183.01951952 3.31170962072e-09
183.266918919 3.41110891944e-09
183.514318318 3.50806721998e-09
183.761717718 3.59646825001e-09
184.009117117 3.67144302148e-09
184.256516517 3.73007373869e-09
184.503915916 3.77177979782e-09
184.751315315 3.79831501009e-09
184.998714715 3.81337048794e-09
185.246114114 3.82184772386e-09
185.493513514 3.8289277914e-09
185.740912913 3.83910259679e-09
185.988312312 3.85534324674e-09
186.235711712 3.87855601561e-09
186.483111111 3.90742226219e-09
186.730510511 3.93864673984e-09
186.97790991 3.96756240785e-09
187.225309309 3.98897682663e-09
187.472708709 3.99810513201e-09
187.720108108 3.99142517489e-09
187.967507508 3.96731046342e-09
188.214906907 3.92634010769e-09
188.462306306 3.87124215511e-09
188.709705706 3.80648702982e-09
188.957105105 3.73760172051e-09
189.204504505 3.67031612203e-09
189.451903904 3.60967627073e-09
189.699303303 3.55926331514e-09
189.946702703 3.52064182183e-09
190.194102102 3.49312795105e-09
190.441501502 3.4739203878e-09
190.688900901 3.4585802804e-09
190.9363003 3.44178857991e-09
191.1836997 3.41825974545e-09
191.431099099 3.38365944168e-09
191.678498498 3.33536826896e-09
191.925897898 3.27295687949e-09
192.173297297 3.19828742342e-09
192.420696697 3.1152233088e-09
192.668096096 3.02900069978e-09
192.915495495 2.94537649457e-09
193.162894895 2.86970615476e-09
193.410294294 2.80611347371e-09
193.657693694 2.75689242173e-09
193.905093093 2.72223456576e-09
194.152492492 2.70031483239e-09
194.399891892 2.68770589023e-09
194.647291291 2.68003853563e-09
194.894690691 2.67278999158e-09
195.14209009 2.6620677931e-09
195.389489489 2.64526358577e-09
195.636888889 2.62147568404e-09
195.884288288 2.59163695405e-09
196.131687688 2.55833016275e-09
196.379087087 2.52532092368e-09
196.626486486 2.49688286815e-09
196.873885886 2.47702472589e-09
197.121285285 2.46874863534e-09
197.368684685 2.4734685516e-09
197.616084084 2.49069492226e-09
197.863483483 2.51804863112e-09
198.110882883 2.55160989576e-09
198.358282282 2.58654647091e-09
198.605681682 2.61791237662e-09
198.853081081 2.64147474793e-09
199.10048048 2.6544199391e-09
199.34787988 2.65581245709e-09
199.595279279 2.64672708316e-09
199.842678679 2.63003554285e-09
200.090078078 2.60989173941e-09
200.337477477 2.59101129937e-09
200.584876877 2.57787296156e-09
200.832276276 2.57397681859e-09
201.079675676 2.58127863709e-09
201.327075075 2.59988550077e-09
201.574474474 2.6280532007e-09
201.821873874 2.66247798958e-09
202.069273273 2.69883124138e-09
202.316672673 2.73245047396e-09
202.564072072 2.75907780032e-09
202.811471471 2.77552947032e-09
203.058870871 2.7801892843e-09
203.30627027 2.77324392343e-09
203.55366967 2.75661773691e-09
203.801069069 2.73361330473e-09
204.048468468 2.70831499656e-09
204.295867868 2.68485647969e-09
204.543267267 2.66668074801e-09
204.790666667 2.65592584934e-09
205.038066066 2.65304868603e-09
205.285465465 2.65675602524e-09
205.532864865 2.66425455223e-09
205.780264264 2.67177200927e-09
206.027663664 2.67525164177e-09
206.275063063 2.67109221657e-09
206.522462462 2.65680117283e-09
206.769861862 2.63144844581e-09
207.017261261 2.59584783502e-09
207.264660661 2.55244236635e-09
207.51206006 2.50492035445e-09
207.759459459 2.45763118078e-09
208.006858859 2.41489842325e-09
208.254258258 2.38034028783e-09
208.501657658 2.35630322308e-09
208.749057057 2.34349606666e-09
208.996456456 2.34088182905e-09
209.243855856 2.34584604524e-09
209.491255255 2.35461863419e-09
209.738654655 2.36288587413e-09
209.986054054 2.36649622559e-09
210.233453453 2.36214459315e-09
210.480852853 2.34791893323e-09
210.728252252 2.32361311988e-09
210.975651652 2.29074868338e-09
211.223051051 2.25229942357e-09
211.47045045 2.21216714163e-09
211.71784985 2.1745030523e-09
211.965249249 2.14299772099e-09
212.212648649 2.12026693123e-09
212.460048048 2.10744058899e-09
212.707447447 2.10402172446e-09
212.954846847 2.10803144662e-09
213.202246246 2.11640425715e-09
213.449645646 2.12555617142e-09
213.697045045 2.13202260574e-09
213.944444444 2.13305679821e-09
214.191843844 2.12709147145e-09
214.439243243 2.1139927159e-09
214.686642643 2.09507000807e-09
214.934042042 2.07284455462e-09
215.181441441 2.05061462502e-09
215.428840841 2.03188714755e-09
215.67624024 2.01976605157e-09
215.92363964 2.01639666399e-09
216.171039039 2.02255981017e-09
216.418438438 2.03748839227e-09
216.665837838 2.05894479828e-09
216.913237237 2.08355390105e-09
217.160636637 2.10734083112e-09
217.408036036 2.12638375062e-09
217.655435435 2.1374680064e-09
217.902834835 2.13862505103e-09
218.150234234 2.12945916025e-09
218.397633634 2.11120375746e-09
218.645033033 2.08649925457e-09
218.892432432 2.05893541624e-09
219.139831832 2.03244277022e-09
219.387231231 2.01064180289e-09
219.634630631 1.99626165227e-09
219.88203003 1.99072295364e-09
220.129429429 1.99394722022e-09
220.376828829 2.00441485388e-09
220.624228228 2.01945321836e-09
220.871627628 2.03570142542e-09
221.119027027 2.04967387777e-09
221.366426426 2.05833235738e-09
221.613825826 2.05957704196e-09
221.861225225 2.05257957215e-09
222.108624625 2.0379048264e-09
222.356024024 2.01739987098e-09
222.603423423 1.99386521727e-09
222.850822823 1.97055993169e-09
223.098222222 1.95062244901e-09
223.345621622 1.93650692294e-09
223.593021021 1.92953593225e-09
223.84042042 1.92965251164e-09
224.08781982 1.93541977014e-09
224.335219219 1.94427105145e-09
224.582618619 1.95296644204e-09
224.830018018 1.95817243005e-09
225.077417417 1.95705878119e-09
225.324816817 1.94780488211e-09
225.572216216 1.92992669758e-09
225.819615616 1.90437046217e-09
226.067015015 1.87336239396e-09
226.314414414 1.84004631309e-09
226.561813814 1.80797522312e-09
226.809213213 1.78054369669e-09
227.056612613 1.76045320681e-09
227.304012012 1.74929356834e-09
227.551411411 1.74730310198e-09
227.798810811 1.75334199914e-09
228.04621021 1.76508145911e-09
228.29360961 1.77937927796e-09
228.541009009 1.7927843513e-09
228.788408408 1.8020915114e-09
229.035807808 1.80485783875e-09
229.283207207 1.79979465656e-09
229.530606607 1.7869670796e-09
229.778006006 1.76776367984e-09
230.025405405 1.74463833108e-09
230.272804805 1.7206675464e-09
230.520204204 1.69900150509e-09
230.767603604 1.68230782151e-09
231.015003003 1.67230902769e-09
231.262402402 1.66949684877e-09
231.509801802 1.67307228963e-09
231.757201201 1.68111752128e-09
232.004600601 1.69096275177e-09
232.252 1.69967720311e-09
