50980.0 9.69739e-09
51001.7867868 1.00774e-08
51023.5735736 1.08381e-08
51045.3603604 1.27852e-08
51067.1471471 1.37053e-08
51088.9339339 1.37282e-08
51110.7207207 1.39875e-08
51132.5075075 1.34629e-08
51154.2942943 1.98599e-08
51176.0810811 2.05564e-08
51197.8678679 2.20931e-08
51219.6546547 2.6345e-08
51241.4414414 2.80788e-08
51263.2282282 2.84789e-08
51285.015015 3.22483e-08
51306.8018018 3.48525e-08
51328.5885886 3.6718e-08
51350.3753754 4.09007e-08
51372.1621622 4.59096e-08
51393.9489489 4.99634e-08
51415.7357357 5.3381e-08
51437.5225225 5.37515e-08
51459.3093093 6.08592e-08
51481.0960961 6.75552e-08
51502.8828829 7.27062e-08
51524.6696697 8.81299e-08
51546.4564565 8.05013e-08
51568.2432432 9.37298e-08
51590.03003 9.9946e-08
51611.8168168 1.10429e-07
51633.6036036 1.17499e-07
51655.3903904 1.40328e-07
51677.1771772 1.36403e-07
51698.963964 1.4379e-07
51720.7507508 1.74602e-07
51742.5375375 1.79692e-07
51764.3243243 1.90931e-07
51786.1111111 1.98963e-07
51807.8978979 2.39008e-07
51829.6846847 2.22455e-07
51851.4714715 2.63364e-07
51873.2582583 2.827e-07
51895.045045 3.06024e-07
51916.8318318 3.13955e-07
51938.6186186 3.56442e-07
51960.4054054 3.86927e-07
51982.1921922 4.18437e-07
52003.978979 4.49957e-07
52025.7657658 4.86713e-07
52047.5525526 5.26561e-07
52069.3393393 5.66117e-07
52091.1261261 6.10949e-07
52112.9129129 6.60879e-07
52134.6996997 7.12734e-07
52156.4864865 7.65456e-07
52178.2732733 8.2632e-07
52200.0600601 8.97749e-07
52221.8468468 9.61768e-07
52243.6336336 1.03321e-06
52265.4204204 1.11265e-06
52287.2072072 1.19934e-06
52308.993994 1.29322e-06
52330.7807808 1.39199e-06
52352.5675676 1.50365e-06
52374.3543544 1.60725e-06
52396.1411411 1.72955e-06
52417.9279279 1.86081e-06
52439.7147147 1.98925e-06
52461.5015015 2.15352e-06
52483.2882883 2.31361e-06
52505.0750751 2.48565e-06
52526.8618619 2.67003e-06
52548.6486486 2.86628e-06
52570.4354354 3.07595e-06
52592.2222222 3.30108e-06
52614.009009 3.54442e-06
52635.7957958 3.80134e-06
52657.5825826 4.07828e-06
52679.3693694 4.37348e-06
52701.1561562 4.69119e-06
52722.9429429 5.03127e-06
52744.7297297 5.39144e-06
52766.5165165 5.77878e-06
52788.3033033 6.19234e-06
52810.0900901 6.64251e-06
52831.8768769 7.12416e-06
52853.6636637 7.61206e-06
52875.4504505 8.14685e-06
52897.2372372 8.73528e-06
52919.024024 9.32123e-06
52940.8108108 9.94824e-06
52962.5975976 1.06263e-05
52984.3843844 1.14092e-05
53006.1711712 1.22025e-05
53027.957958 1.30446e-05
53049.7447447 1.39385e-05
53071.5315315 1.49456e-05
53093.3183183 1.59082e-05
53115.1051051 1.69937e-05
53136.8918919 1.81449e-05
53158.6786787 1.93677e-05
53180.4654655 2.06657e-05
53202.2522523 2.20551e-05
53224.039039 2.36252e-05
53245.8258258 2.49295e-05
53267.6126126 2.67618e-05
53289.3993994 2.85383e-05
53311.1861862 3.04288e-05
53332.972973 3.24218e-05
53354.7597598 3.45486e-05
53376.5465465 3.6817e-05
53398.3333333 3.91551e-05
53420.1201201 4.17598e-05
53441.9069069 4.44516e-05
53463.6936937 4.73021e-05
53485.4804805 5.03487e-05
53507.2672673 5.35755e-05
53529.0540541 5.69787e-05
53550.8408408 6.06104e-05
53572.6276276 6.46023e-05
53594.4144144 6.83487e-05
53616.2012012 7.51582e-05
53637.987988 7.73709e-05
53659.7747748 8.22016e-05
53681.5615616 8.7306e-05
53703.3483483 9.27342e-05
53725.1351351 9.84421e-05
53746.9219219 0.000104513
53768.7087087 0.000110916
53790.4954955 0.000117709
53812.2822823 0.00012486
53834.0690691 0.000132448
53855.8558559 0.000140506
53877.6426426 0.000148892
53899.4294294 0.000157913
53921.2162162 0.000167247
53943.003003 0.000177232
53964.7897898 0.000187771
53986.5765766 0.000198859
54008.3633634 0.000210566
54030.1501502 0.000222969
54051.9369369 0.000235989
54073.7237237 0.000249757
54095.5105105 0.000264222
54117.2972973 0.000279545
54139.0840841 0.000294648
54160.8708709 0.000312513
54182.6576577 0.00033048
54204.4444444 0.000349352
54226.2312312 0.000369137
54248.018018 0.000390019
54269.8048048 0.000412002
54291.5915916 0.000435138
54313.3783784 0.000459432
54335.1651652 0.000485038
54356.951952 0.000511927
54378.7387387 0.000540254
54400.5255255 0.000570004
54422.3123123 0.000601233
54444.0990991 0.000634068
54465.8858859 0.000668577
54487.6726727 0.000704826
54509.4594595 0.000742899
54531.2462462 0.000782871
54553.033033 0.000824461
54574.8198198 0.000869088
54596.6066066 0.000914931
54618.3933934 0.000963356
54640.1801802 0.00101414
54661.966967 0.00106744
54683.7537538 0.00112324
54705.5405405 0.00118177
54727.3273273 0.0012431
54749.1141141 0.00130735
54770.9009009 0.00136985
54792.6876877 0.00144505
54814.4744745 0.00151885
54836.2612613 0.00159606
54858.048048 0.00167687
54879.8348348 0.00176142
54901.6216216 0.0018483
54923.4084084 0.00194194
54945.1951952 0.00204003
54966.981982 0.00214017
54988.7687688 0.00224547
55010.5555556 0.0023556
55032.3423423 0.00247135
55054.1291291 0.00259144
55075.9159159 0.00271741
55097.7027027 0.00285059
55119.4894895 0.00298663
55141.2762763 0.00312972
55163.0630631 0.00327935
55184.8498498 0.00343524
55206.6366366 0.00359784
55228.4234234 0.00376788
55250.2102102 0.00394414
55271.996997 0.00412836
55293.7837838 0.00432039
55315.5705706 0.00452048
55337.3573574 0.00472593
55359.1441441 0.00494352
55380.9309309 0.00517192
55402.7177177 0.00540729
55424.5045045 0.00565214
55446.2912913 0.00590696
55468.0780781 0.00617219
55489.8648649 0.00644802
55511.6516517 0.00673482
55533.4384384 0.00703317
55555.2252252 0.00734317
55577.012012 0.00766525
55598.7987988 0.00799765
55620.5855856 0.00834816
55642.3723724 0.0087096
55664.1591592 0.00908491
55685.9459459 0.00947442
55707.7327327 0.00987889
55729.5195195 0.0102984
55751.3063063 0.0107319
55773.0930931 0.0111861
55794.8798799 0.0116545
55816.6666667 0.0121395
55838.4534535 0.0126443
55860.2402402 0.0131668
55882.027027 0.0137078
55903.8138138 0.0142687
55925.6006006 0.0148496
55947.3873874 0.0154514
55969.1741742 0.016073
55990.960961 0.0167205
56012.7477477 0.0173858
56034.5345345 0.0180778
56056.3213213 0.0187891
56078.1081081 0.0195321
56099.8948949 0.0202963
56121.6816817 0.0210876
56143.4684685 0.0219051
56165.2552553 0.0227502
56187.042042 0.0236226
56208.8288288 0.0245263
56230.6156156 0.0254575
56252.4024024 0.0264198
56274.1891892 0.0274139
56295.975976 0.0284395
56317.7627628 0.0294987
56339.5495495 0.0305914
56361.3363363 0.0317188
56383.1231231 0.0328798
56404.9099099 0.0340812
56426.6966967 0.0353178
56448.4834835 0.0365927
56470.2702703 0.0379066
56492.0570571 0.0392609
56513.8438438 0.0406559
56535.6306306 0.0420931
56557.4174174 0.0435732
56579.2042042 0.0450972
56600.990991 0.0466664
56622.7777778 0.0482814
56644.5645646 0.0499434
56666.3513514 0.0516534
56688.1381381 0.0534122
56709.9249249 0.0552213
56731.7117117 0.057082
56753.4984985 0.0589944
56775.2852853 0.0609655
56797.0720721 0.0629789
56818.8588589 0.0650576
56840.6456456 0.0671904
56862.4324324 0.0693815
56884.2192192 0.0716313
56906.006006 0.0739414
56927.7927928 0.0763129
56949.5795796 0.0787473
56971.3663664 0.0812455
56993.1531532 0.0838083
57014.9399399 0.0864378
57036.7267267 0.0891349
57058.5135135 0.091901
57080.3003003 0.094737
57102.0870871 0.0976441
57123.8738739 0.100624
57145.6606607 0.103678
57167.4474474 0.106808
57189.2342342 0.110014
57211.021021 0.113299
57232.8078078 0.116663
57254.5945946 0.120108
57276.3813814 0.123636
57298.1681682 0.127248
57319.954955 0.130946
57341.7417417 0.134731
57363.5285285 0.138606
57385.3153153 0.142571
57407.1021021 0.146628
57428.8888889 0.150783
57450.6756757 0.155033
57472.4624625 0.159375
57494.2492492 0.163823
57516.036036 0.168373
57537.8228228 0.17303
57559.6096096 0.177795
57581.3963964 0.182671
57603.1831832 0.187661
57624.96997 0.192769
57646.7567568 0.198004
57668.5435435 0.20339
57690.3303303 0.208855
57712.1171171 0.214486
57733.9039039 0.220261
57755.6906907 0.226191
57777.4774775 0.232295
57799.2642643 0.238559
57821.0510511 0.245001
57842.8378378 0.251648
57864.6246246 0.2585
57886.4114114 0.265568
57908.1981982 0.272849
57929.984985 0.28034
57951.7717718 0.287994
57973.5585586 0.295768
57995.3453453 0.303568
58017.1321321 0.311272
58038.9189189 0.318745
58060.7057057 0.325868
58082.4924925 0.332601
58104.2792793 0.339036
58126.0660661 0.345435
58147.8528529 0.352167
58169.6396396 0.359547
58191.4264264 0.367695
58213.2132132 0.376188
58235.0 0.384458
58256.7867868 0.392104
58278.5735736 0.399334
58300.3603604 0.406899
58322.1471471 0.415348
58343.9339339 0.424277
58365.7207207 0.432713
58387.5075075 0.440478
58409.2942943 0.44859
58431.0810811 0.457646
58452.8678679 0.466692
58474.6546547 0.474918
58496.4414414 0.483327
58518.2282282 0.492704
58540.015015 0.501799
58561.8018018 0.510199
58583.5885886 0.519398
58605.3753754 0.528962
58627.1621622 0.537646
58648.9489489 0.546877
58670.7357357 0.556615
58692.5225225 0.565468
58714.3093093 0.574998
58736.0960961 0.584698
58757.8828829 0.593689
58779.6696697 0.603649
58801.4564565 0.612986
58823.2432432 0.622506
58845.03003 0.632411
58866.8168168 0.641637
58888.6036036 0.651745
58910.3903904 0.661014
58932.1771772 0.671052
58953.963964 0.680484
58975.7507508 0.690403
58997.5375375 0.699961
59019.3243243 0.709788
59041.1111111 0.719334
59062.8978979 0.729172
59084.6846847 0.738624
59106.4714715 0.748502
59128.2582583 0.757794
59150.045045 0.767682
59171.8318318 0.776864
59193.6186186 0.786604
59215.4054054 0.795847
59237.1921922 0.805177
59258.978979 0.814612
59280.7657658 0.823504
59302.5525526 0.832859
59324.3393393 0.841819
59346.1261261 0.850528
59367.9129129 0.859538
59389.6996997 0.868008
59411.4864865 0.87646
59433.2732733 0.885048
59455.0600601 0.893102
59476.8468468 0.901017
59498.6336336 0.909065
59520.4204204 0.916714
59542.2072072 0.923963
59563.993994 0.931236
59585.7807808 0.938373
59607.5675676 0.945024
59629.3543544 0.951314
59651.1411411 0.95753
59672.9279279 0.96348
59694.7147147 0.969005
59716.5015015 0.974033
59738.2882883 0.978719
59760.0750751 0.983119
59781.8618619 0.987162
59803.6486486 0.990696
59825.4354354 0.993649
59847.2222222 0.99603
59869.009009 0.997874
59890.7957958 0.999182
59912.5825826 0.999914
59934.3693694 1
59956.1561562 0.999353
59977.9429429 0.997931
59999.7297297 0.995688
60021.5165165 0.992556
60043.3033033 0.988506
60065.0900901 0.983448
60086.8768769 0.977402
60108.6636637 0.970256
60130.4504505 0.961952
60152.2372372 0.952437
60174.024024 0.941603
60195.8108108 0.929416
60217.5975976 0.915793
60239.3843844 0.900664
60261.1711712 0.883954
60282.957958 0.865598
60304.7447447 0.845526
60326.5315315 0.823683
60348.3183183 0.800027
60370.1051051 0.774474
60391.8918919 0.747046
60413.6786787 0.717735
60435.4654655 0.686581
60457.2522523 0.653591
60479.039039 0.618952
60500.8258258 0.582677
60522.6126126 0.544916
60544.3993994 0.50579
60566.1861862 0.465644
60587.972973 0.424691
60609.7597598 0.383319
60631.5465465 0.341971
60653.3333333 0.300928
60675.1201201 0.260667
60696.9069069 0.221686
60718.6936937 0.184554
60740.4804805 0.149746
60762.2672673 0.11769
60784.0540541 0.0888628
60805.8408408 0.0637294
60827.6276276 0.0426034
60849.4144144 0.0257149
60871.2012012 0.0132583
60892.987988 0.00531537
60914.7747748 0.00182541
60936.5615616 0.00267426
60958.3483483 0.00763122
60980.1351351 0.0163897
61001.9219219 0.028617
61023.7087087 0.0438639
61045.4954955 0.0617322
61067.2822823 0.081802
61089.0690691 0.103576
61110.8558559 0.126746
61132.6426426 0.150849
61154.4294294 0.175588
61176.2162162 0.200696
61198.003003 0.2258
61219.7897898 0.250828
61241.5765766 0.275428
61263.3633634 0.299641
61285.1501502 0.323155
61306.9369369 0.346032
61328.7237237 0.368066
61350.5105105 0.389326
61372.2972973 0.409655
61394.0840841 0.429158
61415.8708709 0.447672
61437.6576577 0.465369
61459.4444444 0.482055
61481.2312312 0.497953
61503.018018 0.512842
61524.8048048 0.52699
61546.5915916 0.540232
61568.3783784 0.55263
61590.1651652 0.564298
61611.951952 0.575104
61633.7387387 0.585235
61655.5255255 0.594607
61677.3123123 0.60326
61699.0990991 0.611313
61720.8858859 0.618664
61742.6726727 0.625358
61764.4594595 0.631535
61786.2462462 0.637092
61808.033033 0.642049
61829.8198198 0.646542
61851.6066066 0.650527
61873.3933934 0.653952
61895.1801802 0.656926
61916.966967 0.6595
61938.7537538 0.661613
61960.5405405 0.663264
61982.3273273 0.664526
62004.1141141 0.665452
62025.9009009 0.666005
62047.6876877 0.666162
62069.4744745 0.665972
62091.2612613 0.665472
62113.048048 0.664689
62134.8348348 0.663615
62156.6216216 0.662227
62178.4084084 0.660542
62200.1951952 0.658601
62221.981982 0.656389
62243.7687688 0.653948
62265.5555556 0.651307
62287.3423423 0.648445
62309.1291291 0.645361
62330.9159159 0.642078
62352.7027027 0.638597
62374.4894895 0.634925
62396.2762763 0.631076
62418.0630631 0.627054
62439.8498498 0.622867
62461.6366366 0.618552
62483.4234234 0.61408
62505.2102102 0.609473
62526.996997 0.604726
62548.7837838 0.599881
62570.5705706 0.594909
62592.3573574 0.589826
62614.1441441 0.58464
62635.9309309 0.579358
62657.7177177 0.573982
62679.5045045 0.568517
62701.2912913 0.562967
62723.0780781 0.557339
62744.8648649 0.551636
62766.6516517 0.545867
62788.4384384 0.540043
62810.2252252 0.534173
62832.012012 0.528261
62853.7987988 0.522296
62875.5855856 0.516319
62897.3723724 0.510244
62919.1591592 0.504144
62940.9459459 0.498023
62962.7327327 0.491932
62984.5195195 0.485755
63006.3063063 0.479582
63028.0930931 0.473371
63049.8798799 0.467157
63071.6666667 0.46096
63093.4534535 0.454761
63115.2402402 0.448535
63137.027027 0.442299
63158.8138138 0.436108
63180.6006006 0.429924
63202.3873874 0.423713
63224.1741742 0.417524
63245.960961 0.411387
63267.7477477 0.405234
63289.5345345 0.399091
63311.3213213 0.393012
63333.1081081 0.386932
63354.8948949 0.380866
63376.6816817 0.374872
63398.4684685 0.368868
63420.2552553 0.362903
63442.042042 0.357004
63463.8288288 0.351106
63485.6156156 0.345265
63507.4024024 0.339465
63529.1891892 0.33369
63550.975976 0.327992
63572.7627628 0.322291
63594.5495495 0.316684
63616.3363363 0.311081
63638.1231231 0.305551
63659.9099099 0.300066
63681.6966967 0.294637
63703.4834835 0.289246
63725.2702703 0.283918
63747.0570571 0.278645
63768.8438438 0.273425
63790.6306306 0.26825
63812.4174174 0.263153
63834.2042042 0.258081
63855.990991 0.253101
63877.7777778 0.248144
63899.5645646 0.243278
63921.3513514 0.238445
63943.1381381 0.233681
63964.9249249 0.228987
63986.7117117 0.224328
64008.4984985 0.21976
64030.2852853 0.215229
64052.0720721 0.210761
64073.8588589 0.206374
64095.6456456 0.202022
64117.4324324 0.197744
64139.2192192 0.193537
64161.006006 0.18937
64182.7927928 0.185273
64204.5795796 0.181251
64226.3663664 0.177273
64248.1531532 0.173354
64269.9399399 0.169513
64291.7267267 0.165728
64313.5135135 0.16199
64335.3003003 0.158319
64357.0870871 0.154719
64378.8738739 0.151174
64400.6606607 0.147679
64422.4474474 0.144253
64444.2342342 0.140878
64466.021021 0.13759
64487.8078078 0.134321
64509.5945946 0.131119
64531.3813814 0.127976
64553.1681682 0.124895
64574.954955 0.121875
64596.7417417 0.118888
64618.5285285 0.115981
64640.3153153 0.11314
64662.1021021 0.110333
64683.8888889 0.10758
64705.6756757 0.104883
64727.4624625 0.10224
64749.2492492 0.0996514
64771.036036 0.0971148
64792.8228228 0.0946296
64814.6096096 0.092196
64836.3963964 0.089809
64858.1831832 0.0874707
64879.96997 0.0851842
64901.7567568 0.0829436
64923.5435435 0.0807511
64945.3303303 0.0786057
64967.1171171 0.0765059
64988.9039039 0.0744524
65010.6906907 0.0724401
65032.4774775 0.0704805
65054.2642643 0.0685568
65076.0510511 0.0666777
65097.8378378 0.064841
65119.6246246 0.0630465
65141.4114114 0.0612927
65163.1981982 0.0595817
65184.984985 0.0579088
65206.7717718 0.0562798
65228.5585586 0.0546863
65250.3453453 0.0531323
65272.1321321 0.0516127
65293.9189189 0.0501281
65315.7057057 0.0486803
65337.4924925 0.0472708
65359.2792793 0.0458916
65381.0660661 0.0445559
65402.8528529 0.0432443
65424.6396396 0.0419593
65446.4264264 0.0407173
65468.2132132 0.0395058
65490.0 0.0383267
65511.7867868 0.0371762
65533.5735736 0.0360509
65555.3603604 0.0349515
65577.1471471 0.0338963
65598.9339339 0.0328638
65620.7207207 0.0318457
65642.5075075 0.0308678
65664.2942943 0.029915
65686.0810811 0.0289834
65707.8678679 0.0280775
65729.6546547 0.0271995
65751.4414414 0.0263433
65773.2282282 0.0255085
65795.015015 0.0247023
65816.8018018 0.0239141
65838.5885886 0.0231469
65860.3753754 0.0224083
65882.1621622 0.0216829
65903.9489489 0.0209804
65925.7357357 0.0203009
65947.5225225 0.0196347
65969.3093093 0.0189977
65991.0960961 0.0183703
66012.8828829 0.0177634
66034.6696697 0.0171756
66056.4564565 0.0166027
66078.2432432 0.0160509
66100.03003 0.0155101
66121.8168168 0.0149915
66143.6036036 0.0144825
66165.3903904 0.0139943
66187.1771772 0.0135159
66208.963964 0.0130571
66230.7507508 0.012607
66252.5375375 0.0121761
66274.3243243 0.0117537
66296.1111111 0.0113467
66317.8978979 0.0109499
66339.6846847 0.0105714
66361.4714715 0.0102017
66383.2582583 0.00984199
66405.045045 0.00949642
66426.8318318 0.0091586
66448.6186186 0.00883534
66470.4054054 0.00851969
66492.1921922 0.00821454
66513.978979 0.007921
66535.7657658 0.00763497
66557.5525526 0.00735997
66579.3393393 0.0070941
66601.1261261 0.00683458
66622.9129129 0.00658594
66644.6996997 0.00634526
66666.4864865 0.00611085
66688.2732733 0.00588533
66710.0600601 0.00566954
66731.8468468 0.00545843
66753.6336336 0.00525892
66775.4204204 0.00505955
66797.2072072 0.00487039
66818.993994 0.00468947
66840.7807808 0.00450944
66862.5675676 0.00434036
66884.3543544 0.00417546
66906.1411411 0.00401614
66927.9279279 0.00386225
66949.7147147 0.00371434
66971.5015015 0.00357232
66993.2882883 0.00343471
67015.0750751 0.00330122
67036.8618619 0.00317296
67058.6486486 0.00304995
67080.4354354 0.00293134
67102.2222222 0.00281651
67124.009009 0.002706
67145.7957958 0.00259989
67167.5825826 0.002497
67189.3693694 0.0023978
67211.1561562 0.00230229
67232.9429429 0.00220965
67254.7297297 0.00212138
67276.5165165 0.00203729
67298.3033033 0.00195537
67320.0900901 0.00187673
67341.8768769 0.00180103
67363.6636637 0.00172808
67385.4504505 0.00165782
67407.2372372 0.00159034
67429.024024 0.00152518
67450.8108108 0.00146288
67472.5975976 0.00140201
67494.3843844 0.00134546
67516.1711712 0.00128904
67537.957958 0.0012352
67559.7447447 0.00118418
67581.5315315 0.00113454
67603.3183183 0.00108471
67625.1051051 0.00104172
67646.8918919 0.000997241
67668.6786787 0.000955488
67690.4654655 0.000915235
67712.2522523 0.000876077
67734.039039 0.000837931
67755.8258258 0.000803574
67777.6126126 0.000769211
67799.3993994 0.000735508
67821.1861862 0.000704712
67842.972973 0.000673561
67864.7597598 0.000645307
67886.5465465 0.000616806
67908.3333333 0.000590841
67930.1201201 0.000564296
67951.9069069 0.000539734
67973.6936937 0.000515996
67995.4804805 0.000493803
68017.2672673 0.000472076
68039.0540541 0.000451154
68060.8408408 0.000430947
68082.6276276 0.000412049
68104.4144144 0.000393883
68126.2012012 0.000376205
68147.987988 0.000359217
68169.7747748 0.000343351
68191.5615616 0.000327973
68213.3483483 0.000313012
68235.1351351 0.000298948
68256.9219219 0.000285589
68278.7087087 0.00027277
68300.4954955 0.000260039
68322.2822823 0.000248427
68344.0690691 0.000236888
68365.8558559 0.000225942
68387.6426426 0.000215863
68409.4294294 0.000205691
68431.2162162 0.000196347
68453.003003 0.000187273
68474.7897898 0.000178487
68496.5765766 0.000170407
68518.3633634 0.000162187
68540.1501502 0.000154808
68561.9369369 0.000147525
68583.7237237 0.000140323
68605.5105105 0.000134074
68627.2972973 0.000127587
68649.0840841 0.00012194
68670.8708709 0.000115946
68692.6576577 0.000110461
68714.4444444 0.000104974
68736.2312312 0.000100227
68758.018018 9.52757e-05
68779.8048048 9.08821e-05
68801.5915916 8.63805e-05
68823.3783784 8.23534e-05
68845.1651652 7.82764e-05
68866.951952 7.46676e-05
68888.7387387 7.09264e-05
68910.5255255 6.7471e-05
68932.3123123 6.42143e-05
68954.0990991 6.0996e-05
68975.8858859 5.80721e-05
68997.6726727 5.51927e-05
69019.4594595 5.25574e-05
69041.2462462 5.00051e-05
69063.033033 4.74753e-05
69084.8198198 4.52166e-05
69106.6066066 4.2892e-05
69128.3933934 4.07629e-05
69150.1801802 3.87989e-05
69171.966967 3.68065e-05
69193.7537538 3.49988e-05
69215.5405405 3.33035e-05
69237.3273273 3.15689e-05
69259.1141141 2.99688e-05
69280.9009009 2.85104e-05
69302.6876877 2.70416e-05
69324.4744745 2.56341e-05
69346.2612613 2.43612e-05
69368.048048 2.31547e-05
69389.8348348 2.19511e-05
69411.6216216 2.08267e-05
69433.4084084 1.98131e-05
69455.1951952 1.88231e-05
69476.981982 1.78254e-05
69498.7687688 1.6881e-05
69520.5555556 1.60215e-05
69542.3423423 1.52254e-05
69564.1291291 1.44269e-05
69585.9159159 1.36832e-05
69607.7027027 1.29125e-05
69629.4894895 1.22404e-05
69651.2762763 1.16338e-05
69673.0630631 1.10579e-05
69694.8498498 1.04814e-05
69716.6366366 9.9349e-06
69738.4234234 9.38883e-06
69760.2102102 8.87968e-06
69781.996997 8.38942e-06
69803.7837838 7.93425e-06
69825.5705706 7.54189e-06
69847.3573574 7.18021e-06
69869.1441441 6.77053e-06
69890.9309309 6.42094e-06
69912.7177177 6.12273e-06
69934.5045045 5.74725e-06
69956.2912913 5.43568e-06
69978.0780781 5.19164e-06
69999.8648649 4.87981e-06
70021.6516517 4.62853e-06
70043.4384384 4.39486e-06
70065.2252252 4.11877e-06
70087.012012 3.92276e-06
70108.7987988 3.69763e-06
70130.5855856 3.50747e-06
70152.3723724 3.32454e-06
70174.1591592 3.11166e-06
70195.9459459 2.96881e-06
70217.7327327 2.79762e-06
70239.5195195 2.6383e-06
70261.3063063 2.47548e-06
70283.0930931 2.33972e-06
70304.8798799 2.21915e-06
70326.6666667 2.09428e-06
70348.4534535 1.97896e-06
70370.2402402 1.8929e-06
70392.027027 1.76776e-06
70413.8138138 1.68545e-06
70435.6006006 1.58222e-06
70457.3873874 1.48684e-06
70479.1741742 1.3959e-06
70500.960961 1.33148e-06
70522.7477477 1.26079e-06
70544.5345345 1.18486e-06
70566.3213213 1.12134e-06
70588.1081081 1.04351e-06
70609.8948949 9.92877e-07
70631.6816817 9.44347e-07
70653.4684685 8.85182e-07
70675.2552553 8.35315e-07
70697.042042 7.78679e-07
70718.8288288 7.48162e-07
70740.6156156 7.0141e-07
70762.4024024 6.57986e-07
70784.1891892 6.1857e-07
70805.975976 5.894e-07
70827.7627628 5.54983e-07
70849.5495495 5.14934e-07
70871.3363363 4.83205e-07
70893.1231231 4.63593e-07
70914.9099099 4.3309e-07
70936.6966967 4.10052e-07
70958.4834835 3.92176e-07
70980.2702703 3.66255e-07
71002.0570571 3.45038e-07
71023.8438438 3.21891e-07
71045.6306306 2.99822e-07
71067.4174174 2.93388e-07
71089.2042042 2.65065e-07
71110.990991 2.60552e-07
71132.7777778 2.42131e-07
71154.5645646 2.14633e-07
71176.3513514 2.09059e-07
71198.1381381 1.96137e-07
71219.9249249 1.9955e-07
71241.7117117 1.76617e-07
71263.4984985 1.60908e-07
71285.2852853 1.5779e-07
71307.0720721 1.44218e-07
71328.8588589 1.36247e-07
71350.6456456 1.30747e-07
71372.4324324 1.25252e-07
71394.2192192 1.10266e-07
71416.006006 1.10654e-07
71437.7927928 1.0219e-07
71459.5795796 9.41706e-08
71481.3663664 8.58688e-08
71503.1531532 8.49753e-08
71524.9399399 7.78586e-08
71546.7267267 6.87997e-08
71568.5135135 6.8278e-08
71590.3003003 6.71415e-08
71612.0870871 6.45054e-08
71633.8738739 5.46948e-08
71655.6606607 5.31281e-08
71677.4474474 5.36229e-08
71699.2342342 5.12735e-08
71721.021021 4.80882e-08
71742.8078078 4.0026e-08
71764.5945946 3.68867e-08
71786.3813814 3.8143e-08
71808.1681682 3.66342e-08
71829.954955 3.5379e-08
71851.7417417 3.1831e-08
71873.5285285 2.53812e-08
71895.3153153 2.22986e-08
71917.1021021 2.35618e-08
71938.8888889 2.2331e-08
71960.6756757 2.3492e-08
71982.4624625 2.55441e-08
72004.2492492 2.48544e-08
72026.036036 2.21187e-08
72047.8228228 1.9962e-08
72069.6096096 1.68086e-08
72091.3963964 1.37955e-08
72113.1831832 1.06564e-08
72134.96997 8.54268e-09
72156.7567568 7.31037e-09
72178.5435435 5.83769e-09
72200.3303303 4.11659e-09
72222.1171171 2.88387e-09
72243.9039039 2.32716e-09
72265.6906907 2.00939e-09
72287.4774775 1.55151e-09
72309.2642643 1.03217e-09
72331.0510511 7.1336e-10
72352.8378378 6.47719e-10
72374.6246246 3.85447e-10
72396.4114114 3.98434e-10
72418.1981982 3.46943e-10
72439.984985 2.24853e-10
72461.7717718 2.26631e-10
72483.5585586 2.71675e-10
72505.3453453 2.5506e-10
72527.1321321 1.8001e-10
72548.9189189 1.17666e-10
72570.7057057 1.21737e-10
72592.4924925 1.49271e-10
72614.2792793 1.42285e-10
72636.0660661 1.28837e-10
72657.8528529 7.50002e-11
72679.6396396 6.10068e-11
72701.4264264 7.4544e-11
72723.2132132 1.0231e-10
72745.0 8.45772e-11
