5.098000000000000000e+04 0
5.100178678680000303e+04 0
5.102357357359999878e+04 0
5.104536036040000181e+04 0
5.106714714709999680e+04 0
5.108893393389999983e+04 0
5.111072072070000286e+04 0
5.113250750749999861e+04 0
5.115429429430000164e+04 0
5.117608108109999739e+04 0
5.119786786790000042e+04 0
5.121965465470000345e+04 0
5.124144144139999844e+04 0
5.126322822820000147e+04 0
5.128501501499999722e+04 0
5.130680180180000025e+04 0
5.132858858860000328e+04 0
5.135037537539999903e+04 0
5.137216216220000206e+04 0
5.139394894889999705e+04 0
5.141573573570000008e+04 0
5.143752252250000311e+04 0
5.145930930929999886e+04 0
5.148109609610000189e+04 0
5.150288288289999764e+04 0
5.152466966970000067e+04 0
5.154645645649999642e+04 0
5.156824324319999869e+04 0
5.159003003000000172e+04 0
5.161181681679999747e+04 0
5.163360360360000050e+04 0
5.165539039040000353e+04 0
5.167717717719999928e+04 0
5.169896396400000231e+04 0
5.172075075079999806e+04 0
5.174253753750000033e+04 0
5.176432432430000335e+04 0
5.178611111109999911e+04 0
5.180789789790000214e+04 0
5.182968468469999789e+04 0
5.185147147150000092e+04 0
5.187325825829999667e+04 0
5.189504504499999894e+04 0
5.191683183180000196e+04 0
5.193861861859999772e+04 0
5.196040540540000075e+04 0
5.198219219219999650e+04 0
5.200397897899999953e+04 0
5.202576576580000255e+04 0
5.204755255259999831e+04 0
5.206933933930000057e+04 0
5.209112612610000360e+04 0
5.211291291289999936e+04 0
5.213469969970000238e+04 0
5.215648648649999814e+04 0
5.217827327330000116e+04 0
5.220006006009999692e+04 0
5.222184684679999918e+04 0
5.224363363360000221e+04 0
5.226542042039999797e+04 0
5.228720720720000099e+04 0
5.230899399399999675e+04 0
5.233078078079999977e+04 0
5.235256756760000280e+04 0
5.237435435439999856e+04 0
5.239614114110000082e+04 0
5.241792792789999658e+04 0
5.243971471469999960e+04 0
5.246150150150000263e+04 0
5.248328828829999838e+04 0
5.250507507510000141e+04 0
5.252686186189999717e+04 0
5.254864864859999943e+04 0
5.257043543540000246e+04 0
5.259222222219999821e+04 0
5.261400900900000124e+04 0
5.263579579579999699e+04 0
5.265758258260000002e+04 0
5.267936936940000305e+04 0
5.270115615619999880e+04 0
5.272294294290000107e+04 0
5.274472972969999682e+04 0
5.276651651649999985e+04 0
5.278830330330000288e+04 0
5.281009009009999863e+04 0
5.283187687690000166e+04 0
5.285366366369999741e+04 0
5.287545045050000044e+04 0
5.289723723720000271e+04 0
5.291902402399999846e+04 0
5.294081081080000149e+04 0
5.296259759759999724e+04 0
5.298438438440000027e+04 0
5.300617117120000330e+04 0
5.302795795799999905e+04 0
5.304974474470000132e+04 0
5.307153153149999707e+04 0
5.309331831830000010e+04 0
5.311510510510000313e+04 0
5.313689189189999888e+04 0
5.315867867870000191e+04 0
5.318046546549999766e+04 0
5.320225225230000069e+04 0
5.322403903900000296e+04 0
5.324582582579999871e+04 0
5.326761261260000174e+04 0
5.328939939939999749e+04 0
5.331118618620000052e+04 0
5.333297297300000355e+04 0
5.335475975979999930e+04 0
5.337654654650000157e+04 0
5.339833333329999732e+04 0
5.342012012010000035e+04 0
5.344190690690000338e+04 0
5.346369369369999913e+04 0
5.348548048050000216e+04 0
5.350726726729999791e+04 0
5.352905405410000094e+04 0
5.355084084080000321e+04 0
5.357262762759999896e+04 0
5.359441441440000199e+04 0
5.361620120119999774e+04 0
5.363798798800000077e+04 0
5.365977477479999652e+04 0
5.368156156159999955e+04 0
5.370334834830000182e+04 0
5.372513513509999757e+04 0
5.374692192190000060e+04 0
5.376870870870000363e+04 0
5.379049549549999938e+04 0
5.381228228230000241e+04 0
5.383406906909999816e+04 0.0111797
5.385585585590000119e+04 0.00957707
5.387764264260000346e+04 0.00926869
5.389942942939999921e+04 0.00916114
5.392121621620000224e+04 0.00894124
5.394300300299999799e+04 0.00882456
5.396478978980000102e+04 0.00867748
5.398657657659999677e+04 0.00861504
5.400836336339999980e+04 0.00866008
5.403015015020000283e+04 0.00845785
5.405193693689999782e+04 0.00814567
5.407372372370000085e+04 0.00797949
5.409551051049999660e+04 0.00813108
5.411729729729999963e+04 0.00837387
5.413908408410000266e+04 0.00833524
5.416087087089999841e+04 0.00824632
5.418265765770000144e+04 0.0084486
5.420444444439999643e+04 0.00862807
5.422623123119999946e+04 0.00868403
5.424801801800000248e+04 0.00906463
5.426980480479999824e+04 0.0095508
5.429159159160000127e+04 0.00988831
5.431337837839999702e+04 0.0100356
5.433516516520000005e+04 0.0101843
5.435695195200000308e+04 0.0106509
5.437873873869999807e+04 0.0110917
5.440052552550000109e+04 0.011305
5.442231231229999685e+04 0.011485
5.444409909909999988e+04 0.0115641
5.446588588590000290e+04 0.0118818
5.448767267269999866e+04 0.0123958
5.450945945950000169e+04 0.0126812
5.453124624619999668e+04 0.0127384
5.455303303299999970e+04 0.0125723
5.457481981980000273e+04 0.0124528
5.459660660659999849e+04 0.012593
5.461839339340000151e+04 0.0127388
5.464018018019999727e+04 0.0127046
5.466196696700000030e+04 0.0124897
5.468375375380000332e+04 0.0121735
5.470554054049999831e+04 0.0120893
5.472732732730000134e+04 0.0123254
5.474911411409999710e+04 0.0125815
5.477090090090000012e+04 0.0126967
5.479268768770000315e+04 0.0126566
5.481447447449999891e+04 0.0126933
5.483626126130000193e+04 0.0130915
5.485804804799999692e+04 0.0135842
5.487983483479999995e+04 0.0134348
5.490162162160000298e+04 0.0128552
5.492340840839999873e+04 0.0125649
5.494519519520000176e+04 0.0127505
5.496698198199999752e+04 0.0131949
5.498876876880000054e+04 0.013601
5.501055555560000357e+04 0.0137232
5.503234234229999856e+04 0.0135547
5.505412912910000159e+04 0.013447
5.507591591589999734e+04 0.0135855
5.509770270270000037e+04 0.0137953
5.511948948950000340e+04 0.0137738
5.514127627629999915e+04 0.0135111
5.516306306310000218e+04 0.0134296
5.518484984979999717e+04 0.0136901
5.520663663660000020e+04 0.0139208
5.522842342340000323e+04 0.0140856
5.525021021019999898e+04 0.0140783
5.527199699700000201e+04 0.0139515
5.529378378379999776e+04 0.0141457
5.531557057060000079e+04 0.0146666
5.533735735739999654e+04 0.0149614
5.535914414409999881e+04 0.0148129
5.538093093090000184e+04 0.0146502
5.540271771769999759e+04 0.0147091
5.542450450450000062e+04 0.0150978
5.544629129129999637e+04 0.015612
5.546807807809999940e+04 0.0161049
5.548986486490000243e+04 0.016633
5.551165165169999818e+04 0.0168101
5.553343843840000045e+04 0.0167345
5.555522522520000348e+04 0.0169097
5.557701201199999923e+04 0.0174319
5.559879879880000226e+04 0.0179118
5.562058558559999801e+04 0.0181238
5.564237237240000104e+04 0.0184949
5.566415915919999679e+04 0.019331
5.568594594589999906e+04 0.0198206
5.570773273270000209e+04 0.0199769
5.572951951949999784e+04 0.0206026
5.575130630630000087e+04 0.0213515
5.577309309309999662e+04 0.0217038
5.579487987989999965e+04 0.0218446
5.581666666670000268e+04 0.0225419
5.583845345349999843e+04 0.0230973
5.586024024020000070e+04 0.0228279
5.588202702699999645e+04 0.0231364
5.590381381379999948e+04 0.0249029
5.592560060060000251e+04 0.0269869
5.594738738739999826e+04 0.0284578
5.596917417420000129e+04 0.0295952
5.599096096099999704e+04 0.0305138
5.601274774769999931e+04 0.0313788
5.603453453450000234e+04 0.0322553
5.605632132129999809e+04 0.0327995
5.607810810810000112e+04 0.0332017
5.609989489489999687e+04 0.0343212
5.612168168169999990e+04 0.036158
5.614346846850000293e+04 0.0380523
5.616525525529999868e+04 0.0398766
5.618704204200000095e+04 0.0414657
5.620882882879999670e+04 0.042739
5.623061561559999973e+04 0.0439756
5.625240240240000276e+04 0.0450887
5.627418918919999851e+04 0.0460567
5.629597597600000154e+04 0.0473466
5.631776276279999729e+04 0.0491826
5.633954954949999956e+04 0.051167
5.636133633630000259e+04 0.0526306
5.638312312309999834e+04 0.0540219
5.640490990990000137e+04 0.055759
5.642669669669999712e+04 0.0577197
5.644848348350000015e+04 0.0596849
5.647027027030000318e+04 0.061439
5.649205705709999893e+04 0.0633138
5.651384384380000120e+04 0.0648147
5.653563063059999695e+04 0.0655854
5.655741741739999998e+04 0.0664866
5.657920420420000301e+04 0.068134
5.660099099099999876e+04 0.0702754
5.662277777780000179e+04 0.072826
5.664456456459999754e+04 0.0758374
5.666635135140000057e+04 0.0796272
5.668813813810000283e+04 0.0831867
5.670992492489999859e+04 0.0854346
5.673171171170000162e+04 0.0873788
5.675349849849999737e+04 0.0895638
5.677528528530000040e+04 0.0913648
5.679707207210000342e+04 0.093003
5.681885885889999918e+04 0.0947507
5.684064564560000144e+04 0.0964934
5.686243243239999720e+04 0.0989963
5.688421921920000023e+04 0.102486
5.690600600600000325e+04 0.106605
5.692779279279999901e+04 0.110363
5.694957957960000203e+04 0.113211
5.697136636639999779e+04 0.11599
5.699315315320000082e+04 0.119425
5.701493993990000308e+04 0.123201
5.703672672669999884e+04 0.126522
5.705851351350000186e+04 0.129209
5.708030030029999762e+04 0.132296
5.710208708710000064e+04 0.135827
5.712387387389999640e+04 0.139313
5.714566066069999943e+04 0.142907
5.716744744740000169e+04 0.146628
5.718923423419999745e+04 0.150991
5.721102102100000047e+04 0.155648
5.723280780780000350e+04 0.1602
5.725459459459999925e+04 0.165278
5.727638138140000228e+04 0.170517
5.729816816819999804e+04 0.175111
5.731995495500000106e+04 0.17952
5.734174174170000333e+04 0.184094
5.736352852849999908e+04 0.188752
5.738531531530000211e+04 0.193356
5.740710210209999786e+04 0.19778
5.742888888890000089e+04 0.202332
5.745067567569999665e+04 0.207371
5.747246246249999967e+04 0.21288
5.749424924920000194e+04 0.218824
5.751603603599999769e+04 0.225015
5.753782282280000072e+04 0.230777
5.755960960959999647e+04 0.23587
5.758139639639999950e+04 0.24084
5.760318318320000253e+04 0.245357
5.762496996999999828e+04 0.24898
5.764675675680000131e+04 0.25225
5.766854354350000358e+04 0.255192
5.769033033029999933e+04 0.257795
5.771211711710000236e+04 0.260554
5.773390390389999811e+04 0.263296
5.775569069070000114e+04 0.266149
5.777747747749999689e+04 0.269685
5.779926426429999992e+04 0.273701
5.782105105110000295e+04 0.278511
5.784283783779999794e+04 0.284173
5.786462462460000097e+04 0.290437
5.788641141139999672e+04 0.296666
5.790819819819999975e+04 0.30261
5.792998498500000278e+04 0.308874
5.795177177179999853e+04 0.315001
5.797355855860000156e+04 0.320414
5.799534534529999655e+04 0.325891
5.801713213209999958e+04 0.331294
5.803891891890000261e+04 0.33652
5.806070570569999836e+04 0.342019
5.808249249250000139e+04 0.347489
5.810427927929999714e+04 0.353083
5.812606606610000017e+04 0.359266
5.814785285290000320e+04 0.366143
5.816963963959999819e+04 0.373815
5.819142642640000122e+04 0.38143
5.821321321319999697e+04 0.389037
5.823500000000000000e+04 0.396998
5.825678678680000303e+04 0.40485
5.827857357359999878e+04 0.412416
5.830036036040000181e+04 0.419716
5.832214714709999680e+04 0.426314
5.834393393389999983e+04 0.431979
5.836572072070000286e+04 0.437211
5.838750750749999861e+04 0.44306
5.840929429430000164e+04 0.449804
5.843108108109999739e+04 0.456531
5.845286786790000042e+04 0.462674
5.847465465470000345e+04 0.46831
5.849644144139999844e+04 0.473804
5.851822822820000147e+04 0.480338
5.854001501499999722e+04 0.488234
5.856180180180000025e+04 0.496847
5.858358858860000328e+04 0.506121
5.860537537539999903e+04 0.51587
5.862716216220000206e+04 0.525392
5.864894894889999705e+04 0.534434
5.867073573570000008e+04 0.543415
5.869252252250000311e+04 0.55254
5.871430930929999886e+04 0.561613
5.873609609610000189e+04 0.570234
5.875788288289999764e+04 0.577755
5.877966966970000067e+04 0.584594
5.880145645649999642e+04 0.591631
5.882324324319999869e+04 0.598621
5.884503003000000172e+04 0.60537
5.886681681679999747e+04 0.612364
5.888860360360000050e+04 0.620306
5.891039039040000353e+04 0.628885
5.893217717719999928e+04 0.637295
5.895396396400000231e+04 0.645703
5.897575075079999806e+04 0.654201
5.899753753750000033e+04 0.663029
5.901932432430000335e+04 0.672842
5.904111111109999911e+04 0.683614
5.906289789790000214e+04 0.694842
5.908468468469999789e+04 0.705893
5.910647147150000092e+04 0.71632
5.912825825829999667e+04 0.726628
5.915004504499999894e+04 0.737985
5.917183183180000196e+04 0.749666
5.919361861859999772e+04 0.759821
5.921540540540000075e+04 0.768019
5.923719219219999650e+04 0.774599
5.925897897899999953e+04 0.781051
5.928076576580000255e+04 0.787515
5.930255255259999831e+04 0.79311
5.932433933930000057e+04 0.797717
5.934612612610000360e+04 0.802156
5.936791291289999936e+04 0.807003
5.938969969970000238e+04 0.811847
5.941148648649999814e+04 0.81642
5.943327327330000116e+04 0.820941
5.945506006009999692e+04 0.825705
5.947684684679999918e+04 0.831167
5.949863363360000221e+04 0.837228
5.952042042039999797e+04 0.844248
5.954220720720000099e+04 0.851906
5.956399399399999675e+04 0.859487
5.958578078079999977e+04 0.866935
5.960756756760000280e+04 0.874471
5.962935435439999856e+04 0.882287
5.965114114110000082e+04 0.890083
5.967292792789999658e+04 0.897036
5.969471471469999960e+04 0.903389
5.971650150150000263e+04 0.91006
5.973828828829999838e+04 0.91682
5.976007507510000141e+04 0.922438
5.978186186189999717e+04 0.927232
5.980364864859999943e+04 0.93197
5.982543543540000246e+04 0.936761
5.984722222219999821e+04 0.941045
5.986900900900000124e+04 0.944104
5.989079579579999699e+04 0.946064
5.991258258260000002e+04 0.947396
5.993436936940000305e+04 0.94852
5.995615615619999880e+04 0.949257
5.997794294290000107e+04 0.948924
5.999972972969999682e+04 0.947719
6.002151651649999985e+04 0.946493
6.004330330330000288e+04 0.945087
6.006509009009999863e+04 0.943633
6.008687687690000166e+04 0.942235
6.010866366369999741e+04 0.940008
6.013045045050000044e+04 0.936396
6.015223723720000271e+04 0.931971
6.017402402399999846e+04 0.927402
6.019581081080000149e+04 0.921824
6.021759759759999724e+04 0.914424
6.023938438440000027e+04 0.905203
6.026117117120000330e+04 0.895323
6.028295795799999905e+04 0.884181
6.030474474470000132e+04 0.871009
6.032653153149999707e+04 0.856143
6.034831831830000010e+04 0.838555
6.037010510510000313e+04 0.817802
6.039189189189999888e+04 0.794677
6.041367867870000191e+04 0.771006
6.043546546549999766e+04 0.745669
6.045725225230000069e+04 0.717698
6.047903903900000296e+04 0.686638
6.050082582579999871e+04 0.652806
6.052261261260000174e+04 0.617066
6.054439939939999749e+04 0.579585
6.056618618620000052e+04 0.540081
6.058797297300000355e+04 0.498972
6.060975975979999930e+04 0.456709
6.063154654650000157e+04 0.413068
6.065333333329999732e+04 0.369469
6.067512012010000035e+04 0.326841
6.069690690690000338e+04 0.285181
6.071869369369999913e+04 0.2453
6.074048048050000216e+04 0.207905
6.076226726729999791e+04 0.173625
6.078405405410000094e+04 0.144127
6.080584084080000321e+04 0.119446
6.082762762759999896e+04 0.099687
6.084941441440000199e+04 0.0839372
6.087120120119999774e+04 0.0741759
6.089298798800000077e+04 0.0698202
6.091477477479999652e+04 0.0712105
6.093656156159999955e+04 0.0774745
6.095834834830000182e+04 0.0882303
6.098013513509999757e+04 0.10286
6.100192192190000060e+04 0.120126
6.102370870870000363e+04 0.139883
6.104549549549999938e+04 0.161473
6.106728228230000241e+04 0.185052
6.108906906909999816e+04 0.210238
6.111085585590000119e+04 0.236719
6.113264264260000346e+04 0.26311
6.115442942939999921e+04 0.288823
6.117621621620000224e+04 0.31455
6.119800300299999799e+04 0.340011
6.121978978980000102e+04 0.364409
6.124157657659999677e+04 0.38771
6.126336336339999980e+04 0.40971
6.128515015020000283e+04 0.430762
6.130693693689999782e+04 0.450739
6.132872372370000085e+04 0.469922
6.135051051049999660e+04 0.487622
6.137229729729999963e+04 0.503698
6.139408408410000266e+04 0.519271
6.141587087089999841e+04 0.534523
6.143765765770000144e+04 0.548966
6.145944444439999643e+04 0.563162
6.148123123119999946e+04 0.576719
6.150301801800000248e+04 0.58774
6.152480480479999824e+04 0.597163
6.154659159160000127e+04 0.606353
6.156837837839999702e+04 0.615812
6.159016516520000005e+04 0.624612
6.161195195200000308e+04 0.631823
6.163373873869999807e+04 0.637692
6.165552552550000109e+04 0.642509
6.167731231229999685e+04 0.646789
6.169909909909999988e+04 0.650837
6.172088588590000290e+04 0.654773
6.174267267269999866e+04 0.658716
6.176445945950000169e+04 0.661997
6.178624624619999668e+04 0.663773
6.180803303299999970e+04 0.664743
6.182981981980000273e+04 0.66603
6.185160660659999849e+04 0.667589
6.187339339340000151e+04 0.668677
6.189518018019999727e+04 0.669349
6.191696696700000030e+04 0.669963
6.193875375380000332e+04 0.669855
6.196054054049999831e+04 0.668623
6.198232732730000134e+04 0.666789
6.200411411409999710e+04 0.664862
6.202590090090000012e+04 0.662522
6.204768768770000315e+04 0.660033
6.206947447449999891e+04 0.658021
6.209126126130000193e+04 0.656325
6.211304804799999692e+04 0.6545
6.213483483479999995e+04 0.652192
6.215662162160000298e+04 0.6489
6.217840840839999873e+04 0.644673
6.220019519520000176e+04 0.64085
6.222198198199999752e+04 0.638108
6.224376876880000054e+04 0.636131
6.226555555560000357e+04 0.634
6.228734234229999856e+04 0.630793
6.230912912910000159e+04 0.626777
6.233091591589999734e+04 0.621951
6.235270270270000037e+04 0.616471
6.237448948950000340e+04 0.611204
6.239627627629999915e+04 0.606732
6.241806306310000218e+04 0.603471
6.243984984979999717e+04 0.600616
6.246163663660000020e+04 0.597056
6.248342342340000323e+04 0.592726
6.250521021019999898e+04 0.587755
6.252699699700000201e+04 0.582005
6.254878378379999776e+04 0.575473
6.257057057060000079e+04 0.568133
6.259235735739999654e+04 0.560688
6.261414414409999881e+04 0.554003
6.263593093090000184e+04 0.547949
6.265771771769999759e+04 0.541886
6.267950450450000062e+04 0.535673
6.270129129129999637e+04 0.52991
6.272307807809999940e+04 0.524788
6.274486486490000243e+04 0.520231
6.276665165169999818e+04 0.515907
6.278843843840000045e+04 0.511808
6.281022522520000348e+04 0.508282
6.283201201199999923e+04 0.504943
6.285379879880000226e+04 0.501477
6.287558558559999801e+04 0.497752
6.289737237240000104e+04 0.493517
6.291915915919999679e+04 0.488827
6.294094594589999906e+04 0.483539
6.296273273270000209e+04 0.477819
6.298451951949999784e+04 0.471947
6.300630630630000087e+04 0.465482
6.302809309309999662e+04 0.458878
6.304987987989999965e+04 0.452464
6.307166666670000268e+04 0.445768
6.309345345349999843e+04 0.439044
6.311524024020000070e+04 0.432724
6.313702702699999645e+04 0.427293
6.315881381379999948e+04 0.423027
6.318060060060000251e+04 0.419204
6.320238738739999826e+04 0.415378
6.322417417420000129e+04 0.412117
6.324596096099999704e+04 0.408954
6.326774774769999931e+04 0.405072
6.328953453450000234e+04 0.400598
6.331132132129999809e+04 0.395964
6.333310810810000112e+04 0.390912
6.335489489489999687e+04 0.385483
6.337668168169999990e+04 0.379962
6.339846846850000293e+04 0.37418
6.342025525529999868e+04 0.368012
6.344204204200000095e+04 0.362225
6.346382882879999670e+04 0.357124
6.348561561559999973e+04 0.352032
6.350740240240000276e+04 0.346692
6.352918918919999851e+04 0.340466
6.355097597600000154e+04 0.332941
6.357276276279999729e+04 0.324687
6.359454954949999956e+04 0.316982
6.361633633630000259e+04 0.310546
6.363812312309999834e+04 0.305349
6.365990990990000137e+04 0.300933
6.368169669669999712e+04 0.297138
6.370348348350000015e+04 0.29327
6.372527027030000318e+04 0.288917
6.374705705709999893e+04 0.28483
6.376884384380000120e+04 0.28146
6.379063063059999695e+04 0.278108
6.381241741739999998e+04 0.273942
6.383420420420000301e+04 0.269329
6.385599099099999876e+04 0.264489
6.387777777780000179e+04 0.259093
6.389956456459999754e+04 0.254031
6.392135135140000057e+04 0.249869
6.394313813810000283e+04 0.245712
6.396492492489999859e+04 0.241445
6.398671171170000162e+04 0.237348
6.400849849849999737e+04 0.233764
6.403028528530000040e+04 0.230334
6.405207207210000342e+04 0.226564
6.407385885889999918e+04 0.2226
6.409564564560000144e+04 0.218624
6.411743243239999720e+04 0.214979
6.413921921920000023e+04 0.211369
6.416100600600000325e+04 0.207369
6.418279279279999901e+04 0.203704
6.420457957960000203e+04 0.200747
6.422636636639999779e+04 0.197365
6.424815315320000082e+04 0.192868
6.426993993990000308e+04 0.188156
6.429172672669999884e+04 0.183591
6.431351351350000186e+04 0.178953
6.433530030029999762e+04 0.174792
6.435708708710000064e+04 0.171804
6.437887387389999640e+04 0.169309
6.440066066069999943e+04 0.166845
6.442244744740000169e+04 0.164233
6.444423423419999745e+04 0.161509
6.446602102100000047e+04 0.159344
6.448780780780000350e+04 0.157462
6.450959459459999925e+04 0.154895
6.453138138140000228e+04 0.151952
6.455316816819999804e+04 0.149329
6.457495495500000106e+04 0.146945
6.459674174170000333e+04 0.14478
6.461852852849999908e+04 0.142249
6.464031531530000211e+04 0.139272
6.466210210209999786e+04 0.137156
6.468388888890000089e+04 0.136207
6.470567567569999665e+04 0.135344
6.472746246249999967e+04 0.133589
6.474924924920000194e+04 0.131251
6.477103603599999769e+04 0.129315
6.479282282280000072e+04 0.127678
6.481460960959999647e+04 0.125426
6.483639639639999950e+04 0.122621
6.485818318320000253e+04 0.120091
6.487996996999999828e+04 0.117565
6.490175675680000131e+04 0.114586
6.492354354350000358e+04 0.111704
6.494533033029999933e+04 0.109533
6.496711711710000236e+04 0.107634
6.498890390389999811e+04 0.105797
6.501069069070000114e+04 0.104626
6.503247747749999689e+04 0.104252
6.505426426429999992e+04 0.103607
6.507605105110000295e+04 0.102087
6.509783783779999794e+04 0.100099
6.511962462460000097e+04 0.0982291
6.514141141139999672e+04 0.0964494
6.516319819819999975e+04 0.0941949
6.518498498500000278e+04 0.0917867
6.520677177179999853e+04 0.0899115
6.522855855860000156e+04 0.0883806
6.525034534529999655e+04 0.0866722
6.527213213209999958e+04 0.0852682
6.529391891890000261e+04 0.0841865
6.531570570569999836e+04 0.0826835
6.533749249250000139e+04 0.0805853
6.535927927929999714e+04 0.0784445
6.538106606610000017e+04 0.0770363
6.540285285290000320e+04 0.075958
6.542463963959999819e+04 0.0744537
6.544642642640000122e+04 0.0724183
6.546821321319999697e+04 0.0701734
6.549000000000000000e+04 0.0685144
6.551178678680000303e+04 0.0679969
6.553357357359999878e+04 0.0678122
6.555536036039999453e+04 0.0677186
6.557714714709999680e+04 0.0675634
6.559893393389999983e+04 0.0668269
6.562072072070000286e+04 0.0657807
6.564250750750000589e+04 0.0644735
6.566429429429999436e+04 0.062857
6.568608108109999739e+04 0.0612266
6.570786786790000042e+04 0.0595552
6.572965465470000345e+04 0.058197
6.575144144140000571e+04 0.0569564
6.577322822819999419e+04 0.0553348
6.579501501499999722e+04 0.0540416
6.581680180180000025e+04 0.0529491
6.583858858860000328e+04 0.0516956
6.586037537540000631e+04 0.0506331
6.588216216219999478e+04 0.0497398
6.590394894889999705e+04 0.0493483
6.592573573570000008e+04 0.0490801
6.594752252250000311e+04 0.0477887
6.596930930930000613e+04 0.0461845
6.599109609609999461e+04 0.0458367
6.601288288289999764e+04 0.0462833
6.603466966970000067e+04 0.0461035
6.605645645650000370e+04 0.04553
6.607824324320000596e+04 0.045043
6.610003002999999444e+04 0.044283
6.612181681679999747e+04 0.0435222
6.614360360360000050e+04 0.0426374
6.616539039040000353e+04 0.0413904
6.618717717720000655e+04 0.0402088
6.620896396399999503e+04 0.0393251
6.623075075079999806e+04 0.0387111
6.625253753750000033e+04 0.0385303
6.627432432430000335e+04 0.0385871
6.629611111110000638e+04 0.0385244
6.631789789789999486e+04 0.0384475
6.633968468469999789e+04 0.0378265
6.636147147150000092e+04 0.0365616
6.638325825830000394e+04 0.035557
6.640504504500000621e+04 0.0351265
6.642683183179999469e+04 0.0341711
6.644861861859999772e+04 0.0329264
6.647040540540000075e+04 0.0321293
6.649219219220000377e+04 0.0314407
6.651397897900000680e+04 0.0312049
6.653576576579999528e+04 0.0311927
6.655755255259999831e+04 0.0306036
6.657933933930000057e+04 0.0298622
6.660112612610000360e+04 0.0294942
6.662291291290000663e+04 0.0292973
6.664469969969999511e+04 0.0290235
6.666648648649999814e+04 0.0283672
6.668827327330000116e+04 0.0279145
6.671006006010000419e+04 0.0279168
6.673184684680000646e+04 0.0278486
6.675363363359999494e+04 0.0278041
6.677542042039999797e+04 0.027514
6.679720720720000099e+04 0.0270113
6.681899399400000402e+04 0.0266051
6.684078078080000705e+04 0.0259793
6.686256756759999553e+04 0.0249112
6.688435435439999856e+04 0.0241091
6.690614114110000082e+04 0.0243695
6.692792792790000385e+04 0.0251732
6.694971471470000688e+04 0.0254432
6.697150150149999536e+04 0.0252169
6.699328828829999838e+04 0.0252854
6.701507507510000141e+04 0.0251937
6.703686186190000444e+04 0.0245841
6.705864864860000671e+04 0.0240695
6.708043543539999519e+04 0.023528
6.710222222219999821e+04 0.0227769
6.712400900900000124e+04 0.0225121
6.714579579580000427e+04 0.0229959
6.716758258259999275e+04 0.0233725
6.718936936939999578e+04 0.0229965
6.721115615619999880e+04 0.0224323
6.723294294290000107e+04 0.022546
6.725472972970000410e+04 0.0229626
6.727651651650000713e+04 0.0228523
6.729830330329999560e+04 0.0222043
6.732009009009999863e+04 0.0217163
6.734187687690000166e+04 0.0216042
6.736366366370000469e+04 0.0215082
6.738545045049999317e+04 0.0215051
6.740723723719999543e+04 0.0218628
6.742902402399999846e+04 0.0222086
6.745081081080000149e+04 0.0221141
6.747259759760000452e+04 0.0218108
6.749438438439999300e+04 0.0214031
6.751617117119999602e+04 0.0210462
6.753795795799999905e+04 0.0209573
6.755974474470000132e+04 0.0210738
6.758153153150000435e+04 0.021194
6.760331831829999282e+04 0.0210539
6.762510510509999585e+04 0.0206297
6.764689189189999888e+04 0.0205003
6.766867867870000191e+04 0.0206718
6.769046546550000494e+04 0.02044
6.771225225229999342e+04 0.0201823
6.773403903899999568e+04 0.0205261
6.775582582579999871e+04 0.020965
6.777761261260000174e+04 0.0211346
6.779939939940000477e+04 0.0210468
6.782118618619999324e+04 0.0207729
6.784297297299999627e+04 0.0206084
6.786475975979999930e+04 0.0205714
6.788654654650000157e+04 0.0209457
6.790833333330000460e+04 0.0214048
6.793012012009999307e+04 0.0213483
6.795190690689999610e+04 0.0211397
6.797369369369999913e+04 0.0210874
6.799548048050000216e+04 0.0212421
6.801726726730000519e+04 0.0211295
6.803905405409999366e+04 0.0204668
6.806084084079999593e+04 0.020099
6.808262762759999896e+04 0.0206479
6.810441441440000199e+04 0.0213693
6.812620120120000502e+04 0.0214198
6.814798798799999349e+04 0.020906
6.816977477479999652e+04 0.0204102
6.819156156159999955e+04 0.0205308
6.821334834830000182e+04 0.0209704
6.823513513510000485e+04 0.0208047
6.825692192189999332e+04 0.0202766
6.827870870869999635e+04 0.0202248
6.830049549549999938e+04 0.0206082
6.832228228230000241e+04 0.0209666
6.834406906910000544e+04 0.021032
6.836585585589999391e+04 0.020568
6.838764264259999618e+04 0.0200145
6.840942942939999921e+04 0.0199758
6.843121621620000224e+04 0.0204447
6.845300300300000526e+04 0.0209344
6.847478978979999374e+04 0.0212573
6.849657657659999677e+04 0.0212403
6.851836336339999980e+04 0.0208408
6.854015015020000283e+04 0.0203565
6.856193693690000509e+04 0.0200856
6.858372372369999357e+04 0.0201015
6.860551051049999660e+04 0.0201448
6.862729729729999963e+04 0.0202001
6.864908408410000266e+04 0.0199858
6.867087087090000568e+04 0.019825
6.869265765769999416e+04 0.020311
6.871444444439999643e+04 0.0205803
6.873623123119999946e+04 0.020404
6.875801801800000248e+04 0.0203394
6.877980480480000551e+04 0.0200496
6.880159159159999399e+04 0.0197848
6.882337837839999702e+04 0.0199072
6.884516516520000005e+04 0.0201925
6.886695195200000308e+04 0.0202943
6.888873873870000534e+04 0.019835
6.891052552549999382e+04 0.019292
6.893231231229999685e+04 0.0193973
6.895409909909999988e+04 0.0197168
6.897588588590000290e+04 0.0200932
6.899767267270000593e+04 0.0207365
6.901945945949999441e+04 0.0209333
6.904124624619999668e+04 0.0206328
6.906303303299999970e+04 0.0201167
6.908481981980000273e+04 0.0195966
6.910660660660000576e+04 0.0195104
6.912839339339999424e+04 0.0196344
6.915018018019999727e+04 0.0193272
6.917196696700000030e+04 0.018396
6.919375375380000332e+04 0
6.921554054050000559e+04 0
6.923732732729999407e+04 0
6.925911411409999710e+04 0
6.928090090090000012e+04 0
6.930268768770000315e+04 0
6.932447447450000618e+04 0
6.934626126129999466e+04 0
6.936804804799999692e+04 0
6.938983483479999995e+04 0
6.941162162160000298e+04 0
6.943340840840000601e+04 0
6.945519519519999449e+04 0
6.947698198199999752e+04 0
6.949876876880000054e+04 0
6.952055555560000357e+04 0
6.954234234230000584e+04 0
6.956412912909999432e+04 0
6.958591591589999734e+04 0
6.960770270270000037e+04 0
6.962948948950000340e+04 0
6.965127627630000643e+04 0
6.967306306309999491e+04 0
6.969484984979999717e+04 0
6.971663663660000020e+04 0
6.973842342340000323e+04 0
6.976021021020000626e+04 0
6.978199699699999474e+04 0
6.980378378379999776e+04 0
6.982557057060000079e+04 0
6.984735735740000382e+04 0
6.986914414410000609e+04 0
6.989093093089999456e+04 0
6.991271771769999759e+04 0
6.993450450450000062e+04 0
6.995629129130000365e+04 0
6.997807807810000668e+04 0
6.999986486489999515e+04 0
7.002165165169999818e+04 0
7.004343843840000045e+04 0
7.006522522520000348e+04 0
7.008701201200000651e+04 0
7.010879879879999498e+04 0
7.013058558559999801e+04 0
7.015237237240000104e+04 0
7.017415915920000407e+04 0
7.019594594590000634e+04 0
7.021773273269999481e+04 0
7.023951951949999784e+04 0
7.026130630630000087e+04 0
7.028309309310000390e+04 0
7.030487987990000693e+04 0
7.032666666669999540e+04 0
7.034845345349999843e+04 0
7.037024024020000070e+04 0
7.039202702700000373e+04 0
7.041381381380000676e+04 0
7.043560060059999523e+04 0
7.045738738739999826e+04 0
7.047917417420000129e+04 0
7.050096096100000432e+04 0
7.052274774770000658e+04 0
7.054453453449999506e+04 0
7.056632132129999809e+04 0
7.058810810810000112e+04 0
7.060989489490000415e+04 0
7.063168168170000718e+04 0
7.065346846849999565e+04 0
7.067525525529999868e+04 0
7.069704204200000095e+04 0
7.071882882880000398e+04 0
7.074061561560000700e+04 0
7.076240240239999548e+04 0
7.078418918919999851e+04 0
7.080597597600000154e+04 0
7.082776276280000457e+04 0
7.084954954950000683e+04 0
7.087133633629999531e+04 0
7.089312312309999834e+04 0
7.091490990990000137e+04 0
7.093669669670000440e+04 0
7.095848348349999287e+04 0
7.098027027029999590e+04 0
7.100205705709999893e+04 0
7.102384384380000120e+04 0
7.104563063060000422e+04 0
7.106741741740000725e+04 0
7.108920420419999573e+04 0
7.111099099099999876e+04 0
7.113277777780000179e+04 0
7.115456456460000481e+04 0
7.117635135139999329e+04 0
7.119813813809999556e+04 0
7.121992492489999859e+04 0
7.124171171170000162e+04 0
7.126349849850000464e+04 0
7.128528528529999312e+04 0
7.130707207209999615e+04 0
7.132885885889999918e+04 0
7.135064564560000144e+04 0
7.137243243240000447e+04 0
7.139421921919999295e+04 0
7.141600600599999598e+04 0
7.143779279279999901e+04 0
7.145957957960000203e+04 0
7.148136636640000506e+04 0
7.150315315319999354e+04 0
7.152493993989999581e+04 0
7.154672672669999884e+04 0
7.156851351350000186e+04 0
7.159030030030000489e+04 0
7.161208708709999337e+04 0
7.163387387389999640e+04 0
7.165566066069999943e+04 0
7.167744744740000169e+04 0
7.169923423420000472e+04 0
7.172102102099999320e+04 0
7.174280780779999623e+04 0
7.176459459459999925e+04 0
7.178638138140000228e+04 0
7.180816816820000531e+04 0
7.182995495499999379e+04 0
7.185174174169999606e+04 0
7.187352852849999908e+04 0
7.189531531530000211e+04 0
7.191710210210000514e+04 0
7.193888888889999362e+04 0
7.196067567569999665e+04 0
7.198246246249999967e+04 0
7.200424924920000194e+04 0
7.202603603600000497e+04 0
7.204782282279999345e+04 0
7.206960960959999647e+04 0
7.209139639639999950e+04 0
7.211318318320000253e+04 0
7.213496997000000556e+04 0
7.215675675679999404e+04 0
7.217854354349999630e+04 0
7.220033033029999933e+04 0
7.222211711710000236e+04 0
7.224390390390000539e+04 0
7.226569069069999387e+04 0
7.228747747749999689e+04 0
7.230926426429999992e+04 0
7.233105105110000295e+04 0
7.235283783780000522e+04 0
7.237462462459999369e+04 0
7.239641141139999672e+04 0
7.241819819819999975e+04 0
7.243998498500000278e+04 0
7.246177177180000581e+04 0
7.248355855859999429e+04 0
7.250534534529999655e+04 0
7.252713213209999958e+04 0
7.254891891890000261e+04 0
7.257070570570000564e+04 0
7.259249249249999411e+04 0
7.261427927929999714e+04 0
7.263606606610000017e+04 0
7.265785285290000320e+04 0
7.267963963960000547e+04 0
7.270142642639999394e+04 0
7.272321321319999697e+04 0
7.274500000000000000e+04 0
