 2.43527997e+03 3.10242179e-06
 2.43647132e+03 3.22813112e-06
 2.43766266e+03 3.35859274e-06
 2.43885400e+03 3.49397192e-06
 2.44004535e+03 3.63443908e-06
 2.44123669e+03 3.78016999e-06
 2.44242803e+03 3.93134586e-06
 2.44361938e+03 4.08815348e-06
 2.44481072e+03 4.25078543e-06
 2.44600206e+03 4.41944017e-06
 2.44719341e+03 4.59432223e-06
 2.44838475e+03 4.77564235e-06
 2.44957610e+03 4.96361766e-06
 2.45076744e+03 5.15847184e-06
 2.45195878e+03 5.36043526e-06
 2.45315013e+03 5.56974521e-06
 2.45434147e+03 5.78664603e-06
 2.45553281e+03 6.01138930e-06
 2.45672416e+03 6.24423402e-06
 2.45791550e+03 6.48544681e-06
 2.45910684e+03 6.73530210e-06
 2.46029819e+03 6.99408228e-06
 2.46148953e+03 7.26207795e-06
 2.46268088e+03 7.53958812e-06
 2.46387222e+03 7.82692036e-06
 2.46506356e+03 8.12439105e-06
 2.46625491e+03 8.43232559e-06
 2.46744625e+03 8.75105860e-06
 2.46863759e+03 9.08093416e-06
 2.46982894e+03 9.42230599e-06
 2.47102028e+03 9.77553773e-06
 2.47221163e+03 1.01410031e-05
 2.47340297e+03 1.05190863e-05
 2.47459431e+03 1.09101820e-05
 2.47578566e+03 1.13146956e-05
 2.47697700e+03 1.17330440e-05
 2.47816834e+03 1.21656549e-05
 2.47935969e+03 1.26129679e-05
 2.48055103e+03 1.30754344e-05
 2.48174237e+03 1.35535179e-05
 2.48293372e+03 1.40476942e-05
 2.48412506e+03 1.45584517e-05
 2.48531641e+03 1.50862918e-05
 2.48650775e+03 1.56317292e-05
 2.48769909e+03 1.61952916e-05
 2.48889044e+03 1.67775210e-05
 2.49008178e+03 1.73789730e-05
 2.49127312e+03 1.80002177e-05
 2.49246447e+03 1.86418399e-05
 2.49365581e+03 1.93044391e-05
 2.49484716e+03 1.99886301e-05
 2.49603850e+03 2.06950432e-05
 2.49722984e+03 2.14243246e-05
 2.49842119e+03 2.21771366e-05
 2.49961253e+03 2.29541579e-05
 2.50080387e+03 2.37560839e-05
 2.50199522e+03 2.45836273e-05
 2.50318656e+03 2.54375181e-05
 2.50437790e+03 2.63185040e-05
 2.50556925e+03 2.72273508e-05
 2.50676059e+03 2.81648429e-05
 2.50795194e+03 2.91317831e-05
 2.50914328e+03 3.01289935e-05
 2.51033462e+03 3.11573158e-05
 2.51152597e+03 3.22176111e-05
 2.51271731e+03 3.33107610e-05
 2.51390865e+03 3.44376673e-05
 2.51510000e+03 3.55992528e-05
 2.51629134e+03 3.67964615e-05
 2.51748269e+03 3.80302588e-05
 2.51867403e+03 3.93016323e-05
 2.51986537e+03 4.06115916e-05
 2.52105672e+03 4.19611692e-05
 2.52224806e+03 4.33514203e-05
 2.52343940e+03 4.47834238e-05
 2.52463075e+03 4.62582823e-05
 2.52582209e+03 4.77771223e-05
 2.52701343e+03 4.93410950e-05
 2.52820478e+03 5.09513766e-05
 2.52939612e+03 5.26091683e-05
 2.53058747e+03 5.43156971e-05
 2.53177881e+03 5.60722159e-05
 2.53297015e+03 5.78800041e-05
 2.53416150e+03 5.97403677e-05
 2.53535284e+03 6.16546402e-05
 2.53654418e+03 6.36241822e-05
 2.53773553e+03 6.56503825e-05
 2.53892687e+03 6.77346581e-05
 2.54011822e+03 6.98784547e-05
 2.54130956e+03 7.20832469e-05
 2.54250090e+03 7.43505389e-05
 2.54369225e+03 7.66818646e-05
 2.54488359e+03 7.90787880e-05
 2.54607493e+03 8.15429039e-05
 2.54726628e+03 8.40758378e-05
 2.54845762e+03 8.66792464e-05
 2.54964896e+03 8.93548182e-05
 2.55084031e+03 9.21042737e-05
 2.55203165e+03 9.49293658e-05
 2.55322300e+03 9.78318799e-05
 2.55441434e+03 1.00813635e-04
 2.55560568e+03 1.03876482e-04
 2.55679703e+03 1.07022309e-04
 2.55798837e+03 1.10253034e-04
 2.55917971e+03 1.13570612e-04
 2.56037106e+03 1.16977032e-04
 2.56156240e+03 1.20474318e-04
 2.56275375e+03 1.24064531e-04
 2.56394509e+03 1.27749766e-04
 2.56513643e+03 1.31532154e-04
 2.56632778e+03 1.35413863e-04
 2.56751912e+03 1.39397098e-04
 2.56871046e+03 1.43484101e-04
 2.56990181e+03 1.47677150e-04
 2.57109315e+03 1.51978561e-04
 2.57228449e+03 1.56390689e-04
 2.57347584e+03 1.60915926e-04
 2.57466718e+03 1.65556701e-04
 2.57585853e+03 1.70315485e-04
 2.57704987e+03 1.75194785e-04
 2.57824121e+03 1.80197147e-04
 2.57943256e+03 1.85325158e-04
 2.58062390e+03 1.90581442e-04
 2.58181524e+03 1.95968665e-04
 2.58300659e+03 2.01489531e-04
 2.58419793e+03 2.07146785e-04
 2.58538928e+03 2.12943211e-04
 2.58658062e+03 2.18881635e-04
 2.58777196e+03 2.24964921e-04
 2.58896331e+03 2.31195976e-04
 2.59015465e+03 2.37577746e-04
 2.59134599e+03 2.44113218e-04
 2.59253734e+03 2.50805420e-04
 2.59372868e+03 2.57657420e-04
 2.59492002e+03 2.64672328e-04
 2.59611137e+03 2.71853294e-04
 2.59730271e+03 2.79203509e-04
 2.59849406e+03 2.86726207e-04
 2.59968540e+03 2.94424659e-04
 2.60087674e+03 3.02302180e-04
 2.60206809e+03 3.10362125e-04
 2.60325943e+03 3.18607888e-04
 2.60445077e+03 3.27042907e-04
 2.60564212e+03 3.35670658e-04
 2.60683346e+03 3.44494658e-04
 2.60802481e+03 3.53518464e-04
 2.60921615e+03 3.62745674e-04
 2.61040749e+03 3.72179924e-04
 2.61159884e+03 3.81824893e-04
 2.61279018e+03 3.91684297e-04
 2.61398152e+03 4.01761891e-04
 2.61517287e+03 4.12061470e-04
 2.61636421e+03 4.22586868e-04
 2.61755555e+03 4.33341957e-04
 2.61874690e+03 4.44330645e-04
 2.61993824e+03 4.55556881e-04
 2.62112959e+03 4.67024649e-04
 2.62232093e+03 4.78737971e-04
 2.62351227e+03 4.90700904e-04
 2.62470362e+03 5.02917544e-04
 2.62589496e+03 5.15392018e-04
 2.62708630e+03 5.28128492e-04
 2.62827765e+03 5.41131164e-04
 2.62946899e+03 5.54404267e-04
 2.63066034e+03 5.67952068e-04
 2.63185168e+03 5.81778864e-04
 2.63304302e+03 5.95888987e-04
 2.63423437e+03 6.10286800e-04
 2.63542571e+03 6.24976693e-04
 2.63661705e+03 6.39963092e-04
 2.63780840e+03 6.55250447e-04
 2.63899974e+03 6.70843240e-04
 2.64019108e+03 6.86745978e-04
 2.64138243e+03 7.02963197e-04
 2.64257377e+03 7.19499458e-04
 2.64376512e+03 7.36359346e-04
 2.64495646e+03 7.53547472e-04
 2.64614780e+03 7.71068469e-04
 2.64733915e+03 7.88926994e-04
 2.64853049e+03 8.07127722e-04
 2.64972183e+03 8.25675351e-04
 2.65091318e+03 8.44574598e-04
 2.65210452e+03 8.63830196e-04
 2.65329587e+03 8.83446896e-04
 2.65448721e+03 9.03429466e-04
 2.65567855e+03 9.23782687e-04
 2.65686990e+03 9.44511354e-04
 2.65806124e+03 9.65620274e-04
 2.65925258e+03 9.87114264e-04
 2.66044393e+03 1.00899815e-03
 2.66163527e+03 1.03127677e-03
 2.66282661e+03 1.05395497e-03
 2.66401796e+03 1.07703759e-03
 2.66520930e+03 1.10052949e-03
 2.66640065e+03 1.12443551e-03
 2.66759199e+03 1.14876052e-03
 2.66878333e+03 1.17350938e-03
 2.66997468e+03 1.19868692e-03
 2.67116602e+03 1.22429801e-03
 2.67235736e+03 1.25034748e-03
 2.67354871e+03 1.27684019e-03
 2.67474005e+03 1.30378094e-03
 2.67593140e+03 1.33117457e-03
 2.67712274e+03 1.35902588e-03
 2.67831408e+03 1.38733966e-03
 2.67950543e+03 1.41612070e-03
 2.68069677e+03 1.44537375e-03
 2.68188811e+03 1.47510357e-03
 2.68307946e+03 1.50531485e-03
 2.68427080e+03 1.53601232e-03
 2.68546214e+03 1.56720064e-03
 2.68665349e+03 1.59888446e-03
 2.68784483e+03 1.63106841e-03
 2.68903618e+03 1.66375706e-03
 2.69022752e+03 1.69695498e-03
 2.69141886e+03 1.73066669e-03
 2.69261021e+03 1.76489668e-03
 2.69380155e+03 1.79964939e-03
 2.69499289e+03 1.83492923e-03
 2.69618424e+03 1.87074057e-03
 2.69737558e+03 1.90708773e-03
 2.69856693e+03 1.94397497e-03
 2.69975827e+03 1.98140653e-03
 2.70094961e+03 2.01938658e-03
 2.70214096e+03 2.05791923e-03
 2.70333230e+03 2.09700855e-03
 2.70452364e+03 2.13665854e-03
 2.70571499e+03 2.17687316e-03
 2.70690633e+03 2.21765628e-03
 2.70809767e+03 2.25901173e-03
 2.70928902e+03 2.30094325e-03
 2.71048036e+03 2.34345453e-03
 2.71167171e+03 2.38654918e-03
 2.71286305e+03 2.43023073e-03
 2.71405439e+03 2.47450266e-03
 2.71524574e+03 2.51936834e-03
 2.71643708e+03 2.56483108e-03
 2.71762842e+03 2.61089409e-03
 2.71881977e+03 2.65756050e-03
 2.72001111e+03 2.70483338e-03
 2.72120246e+03 2.75271566e-03
 2.72239380e+03 2.80121022e-03
 2.72358514e+03 2.85031982e-03
 2.72477649e+03 2.90004713e-03
 2.72596783e+03 2.95039474e-03
 2.72715917e+03 3.00136510e-03
 2.72835052e+03 3.05296058e-03
 2.72954186e+03 3.10518345e-03
 2.73073320e+03 3.15803585e-03
 2.73192455e+03 3.21151983e-03
 2.73311589e+03 3.26563730e-03
 2.73430724e+03 3.32039009e-03
 2.73549858e+03 3.37577987e-03
 2.73668992e+03 3.43180823e-03
 2.73788127e+03 3.48847662e-03
 2.73907261e+03 3.54578635e-03
 2.74026395e+03 3.60373862e-03
 2.74145530e+03 3.66233451e-03
 2.74264664e+03 3.72157495e-03
 2.74383799e+03 3.78146074e-03
 2.74502933e+03 3.84199254e-03
 2.74622067e+03 3.90317089e-03
 2.74741202e+03 3.96499618e-03
 2.74860336e+03 4.02746865e-03
 2.74979470e+03 4.09058840e-03
 2.75098605e+03 4.15435538e-03
 2.75217739e+03 4.21876942e-03
 2.75336873e+03 4.28383015e-03
 2.75456008e+03 4.34953709e-03
 2.75575142e+03 4.41588959e-03
 2.75694277e+03 4.48288684e-03
 2.75813411e+03 4.55052788e-03
 2.75932545e+03 4.61881158e-03
 2.76051680e+03 4.68773666e-03
 2.76170814e+03 4.75730167e-03
 2.76289948e+03 4.82750500e-03
 2.76409083e+03 4.89834486e-03
 2.76528217e+03 4.96981932e-03
 2.76647352e+03 5.04192625e-03
 2.76766486e+03 5.11466336e-03
 2.76885620e+03 5.18802819e-03
 2.77004755e+03 5.26201810e-03
 2.77123889e+03 5.33663029e-03
 2.77243023e+03 5.41186176e-03
 2.77362158e+03 5.48770935e-03
 2.77481292e+03 5.56416971e-03
 2.77600426e+03 5.64123932e-03
 2.77719561e+03 5.71891446e-03
 2.77838695e+03 5.79719125e-03
 2.77957830e+03 5.87606561e-03
 2.78076964e+03 5.95553328e-03
 2.78196098e+03 6.03558981e-03
 2.78315233e+03 6.11623058e-03
 2.78434367e+03 6.19745076e-03
 2.78553501e+03 6.27924535e-03
 2.78672636e+03 6.36160915e-03
 2.78791770e+03 6.44453677e-03
 2.78910905e+03 6.52802265e-03
 2.79030039e+03 6.61206102e-03
 2.79149173e+03 6.69664592e-03
 2.79268308e+03 6.78177121e-03
 2.79387442e+03 6.86743055e-03
 2.79506576e+03 6.95361742e-03
 2.79625711e+03 7.04032509e-03
 2.79744845e+03 7.12754665e-03
 2.79863979e+03 7.21527501e-03
 2.79983114e+03 7.30350286e-03
 2.80102248e+03 7.39222273e-03
 2.80221383e+03 7.48142695e-03
 2.80340517e+03 7.57110763e-03
 2.80459651e+03 7.66125674e-03
 2.80578786e+03 7.75186602e-03
 2.80697920e+03 7.84292705e-03
 2.80817054e+03 7.93443119e-03
 2.80936189e+03 8.02636964e-03
 2.81055323e+03 8.11873341e-03
 2.81174458e+03 8.21151331e-03
 2.81293592e+03 8.30469996e-03
 2.81412726e+03 8.39828383e-03
 2.81531861e+03 8.49225517e-03
 2.81650995e+03 8.58660407e-03
 2.81770129e+03 8.68132043e-03
 2.81889264e+03 8.77639397e-03
 2.82008398e+03 8.87181424e-03
 2.82127532e+03 8.96757061e-03
 2.82246667e+03 9.06365227e-03
 2.82365801e+03 9.16004824e-03
 2.82484936e+03 9.25674738e-03
 2.82604070e+03 9.35373836e-03
 2.82723204e+03 9.45100969e-03
 2.82842339e+03 9.54854972e-03
 2.82961473e+03 9.64634664e-03
 2.83080607e+03 9.74438846e-03
 2.83199742e+03 9.84266304e-03
 2.83318876e+03 9.94115809e-03
 2.83438011e+03 1.00398612e-02
 2.83557145e+03 1.01387596e-02
 2.83676279e+03 1.02378408e-02
 2.83795414e+03 1.03370917e-02
 2.83914548e+03 1.04364993e-02
 2.84033682e+03 1.05360504e-02
 2.84152817e+03 1.06357317e-02
 2.84271951e+03 1.07355298e-02
 2.84391085e+03 1.08354310e-02
 2.84510220e+03 1.09354216e-02
 2.84629354e+03 1.10354877e-02
 2.84748489e+03 1.11356154e-02
 2.84867623e+03 1.12357905e-02
 2.84986757e+03 1.13359989e-02
 2.85105892e+03 1.14362262e-02
 2.85225026e+03 1.15364580e-02
 2.85344160e+03 1.16366796e-02
 2.85463295e+03 1.17368765e-02
 2.85582429e+03 1.18370339e-02
 2.85701564e+03 1.19371369e-02
 2.85820698e+03 1.20371706e-02
 2.85939832e+03 1.21371199e-02
 2.86058967e+03 1.22369698e-02
 2.86178101e+03 1.23367049e-02
 2.86297235e+03 1.24363100e-02
 2.86416370e+03 1.25357698e-02
 2.86535504e+03 1.26350688e-02
 2.86654638e+03 1.27341915e-02
 2.86773773e+03 1.28331224e-02
 2.86892907e+03 1.29318458e-02
 2.87012042e+03 1.30303461e-02
 2.87131176e+03 1.31286076e-02
 2.87250310e+03 1.32266144e-02
 2.87369445e+03 1.33243508e-02
 2.87488579e+03 1.34218009e-02
 2.87607713e+03 1.35189489e-02
 2.87726848e+03 1.36157788e-02
 2.87845982e+03 1.37122747e-02
 2.87965117e+03 1.38084207e-02
 2.88084251e+03 1.39042008e-02
 2.88203385e+03 1.39995991e-02
 2.88322520e+03 1.40945995e-02
 2.88441654e+03 1.41891862e-02
 2.88560788e+03 1.42833430e-02
 2.88679923e+03 1.43770541e-02
 2.88799057e+03 1.44703034e-02
 2.88918191e+03 1.45630752e-02
 2.89037326e+03 1.46553534e-02
 2.89156460e+03 1.47471221e-02
 2.89275595e+03 1.48383656e-02
 2.89394729e+03 1.49290680e-02
 2.89513863e+03 1.50192135e-02
 2.89632998e+03 1.51087864e-02
 2.89752132e+03 1.51977711e-02
 2.89871266e+03 1.52861518e-02
 2.89990401e+03 1.53739131e-02
 2.90109535e+03 1.54610394e-02
 2.90228670e+03 1.55475153e-02
 2.90347804e+03 1.56333255e-02
 2.90466938e+03 1.57184546e-02
 2.90586073e+03 1.58028876e-02
 2.90705207e+03 1.58866093e-02
 2.90824341e+03 1.59696046e-02
 2.90943476e+03 1.60518587e-02
 2.91062610e+03 1.61333567e-02
 2.91181744e+03 1.62140840e-02
 2.91300879e+03 1.62940259e-02
 2.91420013e+03 1.63731681e-02
 2.91539148e+03 1.64514960e-02
 2.91658282e+03 1.65289955e-02
 2.91777416e+03 1.66056525e-02
 2.91896551e+03 1.66814530e-02
 2.92015685e+03 1.67563832e-02
 2.92134819e+03 1.68304293e-02
 2.92253954e+03 1.69035779e-02
 2.92373088e+03 1.69758156e-02
 2.92492223e+03 1.70471290e-02
 2.92611357e+03 1.71175051e-02
 2.92730491e+03 1.71869310e-02
 2.92849626e+03 1.72553940e-02
 2.92968760e+03 1.73228814e-02
 2.93087894e+03 1.73893809e-02
 2.93207029e+03 1.74548801e-02
 2.93326163e+03 1.75193672e-02
 2.93445297e+03 1.75828302e-02
 2.93564432e+03 1.76452573e-02
 2.93683566e+03 1.77066373e-02
 2.93802701e+03 1.77669587e-02
 2.93921835e+03 1.78262106e-02
 2.94040969e+03 1.78843819e-02
 2.94160104e+03 1.79414621e-02
 2.94279238e+03 1.79974407e-02
 2.94398372e+03 1.80523075e-02
 2.94517507e+03 1.81060523e-02
 2.94636641e+03 1.81586655e-02
 2.94755776e+03 1.82101374e-02
 2.94874910e+03 1.82604586e-02
 2.94994044e+03 1.83096201e-02
 2.95113179e+03 1.83576129e-02
 2.95232313e+03 1.84044284e-02
 2.95351447e+03 1.84500581e-02
 2.95470582e+03 1.84944939e-02
 2.95589716e+03 1.85377278e-02
 2.95708850e+03 1.85797520e-02
 2.95827985e+03 1.86205592e-02
 2.95947119e+03 1.86601422e-02
 2.96066254e+03 1.86984939e-02
 2.96185388e+03 1.87356077e-02
 2.96304522e+03 1.87714771e-02
 2.96423657e+03 1.88060959e-02
 2.96542791e+03 1.88394582e-02
 2.96661925e+03 1.88715584e-02
 2.96781060e+03 1.89023909e-02
 2.96900194e+03 1.89319506e-02
 2.97019329e+03 1.89602328e-02
 2.97138463e+03 1.89872326e-02
 2.97257597e+03 1.90129458e-02
 2.97376732e+03 1.90373683e-02
 2.97495866e+03 1.90604963e-02
 2.97615000e+03 1.90823262e-02
 2.97734135e+03 1.91028547e-02
 2.97853269e+03 1.91220789e-02
 2.97972403e+03 1.91399959e-02
 2.98091538e+03 1.91566034e-02
 2.98210672e+03 1.91718991e-02
 2.98329807e+03 1.91858811e-02
 2.98448941e+03 1.91985478e-02
 2.98568075e+03 1.92098978e-02
 2.98687210e+03 1.92199299e-02
 2.98806344e+03 1.92286435e-02
 2.98925478e+03 1.92360378e-02
 2.99044613e+03 1.92421127e-02
 2.99163747e+03 1.92468681e-02
 2.99282882e+03 1.92503043e-02
 2.99402016e+03 1.92524219e-02
 2.99521150e+03 1.92532216e-02
 2.99640285e+03 1.92527045e-02
 2.99759419e+03 1.92508719e-02
 2.99878553e+03 1.92477256e-02
 2.99997688e+03 1.92432673e-02
 3.00116822e+03 1.92374992e-02
 3.00235956e+03 1.92304238e-02
 3.00355091e+03 1.92220437e-02
 3.00474225e+03 1.92123619e-02
 3.00593360e+03 1.92013815e-02
 3.00712494e+03 1.91891060e-02
 3.00831628e+03 1.91755392e-02
 3.00950763e+03 1.91606851e-02
 3.01069897e+03 1.91445478e-02
 3.01189031e+03 1.91271318e-02
 3.01308166e+03 1.91084420e-02
 3.01427300e+03 1.90884833e-02
 3.01546435e+03 1.90672608e-02
 3.01665569e+03 1.90447802e-02
 3.01784703e+03 1.90210472e-02
 3.01903838e+03 1.89960676e-02
 3.02022972e+03 1.89698477e-02
 3.02142106e+03 1.89423940e-02
 3.02261241e+03 1.89137130e-02
 3.02380375e+03 1.88838118e-02
 3.02499509e+03 1.88526975e-02
 3.02618644e+03 1.88203773e-02
 3.02737778e+03 1.87868589e-02
 3.02856913e+03 1.87521501e-02
 3.02976047e+03 1.87162588e-02
 3.03095181e+03 1.86791934e-02
 3.03214316e+03 1.86409623e-02
 3.03333450e+03 1.86015740e-02
 3.03452584e+03 1.85610375e-02
 3.03571719e+03 1.85193618e-02
 3.03690853e+03 1.84765562e-02
 3.03809988e+03 1.84326300e-02
 3.03929122e+03 1.83875930e-02
 3.04048256e+03 1.83414549e-02
 3.04167391e+03 1.82942258e-02
 3.04286525e+03 1.82459158e-02
 3.04405659e+03 1.81965353e-02
 3.04524794e+03 1.81460949e-02
 3.04643928e+03 1.80946052e-02
 3.04763062e+03 1.80420772e-02
 3.04882197e+03 1.79885218e-02
 3.05001331e+03 1.79339503e-02
 3.05120466e+03 1.78783741e-02
 3.05239600e+03 1.78218045e-02
 3.05358734e+03 1.77642533e-02
 3.05477869e+03 1.77057322e-02
 3.05597003e+03 1.76462533e-02
 3.05716137e+03 1.75858285e-02
 3.05835272e+03 1.75244700e-02
 3.05954406e+03 1.74621903e-02
 3.06073541e+03 1.73990016e-02
 3.06192675e+03 1.73349167e-02
 3.06311809e+03 1.72699482e-02
 3.06430944e+03 1.72041089e-02
 3.06550078e+03 1.71374117e-02
 3.06669212e+03 1.70698696e-02
 3.06788347e+03 1.70014957e-02
 3.06907481e+03 1.69323033e-02
 3.07026615e+03 1.68623055e-02
 3.07145750e+03 1.67915159e-02
 3.07264884e+03 1.67199478e-02
 3.07384019e+03 1.66476149e-02
 3.07503153e+03 1.65745307e-02
 3.07622287e+03 1.65007089e-02
 3.07741422e+03 1.64261633e-02
 3.07860556e+03 1.63509078e-02
 3.07979690e+03 1.62749561e-02
 3.08098825e+03 1.61983222e-02
 3.08217959e+03 1.61210202e-02
 3.08337094e+03 1.60430640e-02
 3.08456228e+03 1.59644677e-02
 3.08575362e+03 1.58852455e-02
 3.08694497e+03 1.58054114e-02
 3.08813631e+03 1.57249797e-02
 3.08932765e+03 1.56439645e-02
 3.09051900e+03 1.55623801e-02
 3.09171034e+03 1.54802407e-02
 3.09290168e+03 1.53975606e-02
 3.09409303e+03 1.53143541e-02
 3.09528437e+03 1.52306354e-02
 3.09647572e+03 1.51464189e-02
 3.09766706e+03 1.50617187e-02
 3.09885840e+03 1.49765492e-02
 3.10004975e+03 1.48909247e-02
 3.10124109e+03 1.48048593e-02
 3.10243243e+03 1.47183674e-02
 3.10362378e+03 1.46314631e-02
 3.10481512e+03 1.45441607e-02
 3.10600647e+03 1.44564743e-02
 3.10719781e+03 1.43684182e-02
 3.10838915e+03 1.42800062e-02
 3.10958050e+03 1.41912527e-02
 3.11077184e+03 1.41021715e-02
 3.11196318e+03 1.40127767e-02
 3.11315453e+03 1.39230823e-02
 3.11434587e+03 1.38331020e-02
 3.11553721e+03 1.37428498e-02
 3.11672856e+03 1.36523395e-02
 3.11791990e+03 1.35615847e-02
 3.11911125e+03 1.34705992e-02
 3.12030259e+03 1.33793964e-02
 3.12149393e+03 1.32879901e-02
 3.12268528e+03 1.31963935e-02
 3.12387662e+03 1.31046201e-02
 3.12506796e+03 1.30126832e-02
 3.12625931e+03 1.29205960e-02
 3.12745065e+03 1.28283717e-02
 3.12864200e+03 1.27360233e-02
 3.12983334e+03 1.26435638e-02
 3.13102468e+03 1.25510060e-02
 3.13221603e+03 1.24583628e-02
 3.13340737e+03 1.23656469e-02
 3.13459871e+03 1.22728707e-02
 3.13579006e+03 1.21800469e-02
 3.13698140e+03 1.20871877e-02
 3.13817274e+03 1.19943056e-02
 3.13936409e+03 1.19014126e-02
 3.14055543e+03 1.18085208e-02
 3.14174678e+03 1.17156423e-02
 3.14293812e+03 1.16227887e-02
 3.14412946e+03 1.15299719e-02
 3.14532081e+03 1.14372035e-02
 3.14651215e+03 1.13444949e-02
 3.14770349e+03 1.12518576e-02
 3.14889484e+03 1.11593027e-02
 3.15008618e+03 1.10668414e-02
 3.15127752e+03 1.09744847e-02
 3.15246887e+03 1.08822435e-02
 3.15366021e+03 1.07901284e-02
 3.15485156e+03 1.06981502e-02
 3.15604290e+03 1.06063193e-02
 3.15723424e+03 1.05146460e-02
 3.15842559e+03 1.04231406e-02
 3.15961693e+03 1.03318132e-02
 3.16080827e+03 1.02406735e-02
 3.16199962e+03 1.01497316e-02
 3.16319096e+03 1.00589970e-02
 3.16438231e+03 9.96847929e-03
 3.16557365e+03 9.87818781e-03
 3.16676499e+03 9.78813183e-03
 3.16795634e+03 9.69832043e-03
 3.16914768e+03 9.60876259e-03
 3.17033902e+03 9.51946711e-03
 3.17153037e+03 9.43044266e-03
 3.17272171e+03 9.34169777e-03
 3.17391305e+03 9.25324081e-03
 3.17510440e+03 9.16508002e-03
 3.17629574e+03 9.07722348e-03
 3.17748709e+03 8.98967913e-03
 3.17867843e+03 8.90245477e-03
 3.17986977e+03 8.81555804e-03
 3.18106112e+03 8.72899643e-03
 3.18225246e+03 8.64277730e-03
 3.18344380e+03 8.55690784e-03
 3.18463515e+03 8.47139511e-03
 3.18582649e+03 8.38624601e-03
 3.18701784e+03 8.30146730e-03
 3.18820918e+03 8.21706559e-03
 3.18940052e+03 8.13304734e-03
 3.19059187e+03 8.04941886e-03
 3.19178321e+03 7.96618631e-03
 3.19297455e+03 7.88335572e-03
 3.19416590e+03 7.80093295e-03
 3.19535724e+03 7.71892372e-03
 3.19654858e+03 7.63733363e-03
 3.19773993e+03 7.55616808e-03
 3.19893127e+03 7.47543238e-03
 3.20012262e+03 7.39513166e-03
 3.20131396e+03 7.31527091e-03
 3.20250530e+03 7.23585500e-03
 3.20369665e+03 7.15688862e-03
 3.20488799e+03 7.07837635e-03
 3.20607933e+03 7.00032261e-03
 3.20727068e+03 6.92273167e-03
 3.20846202e+03 6.84560769e-03
 3.20965337e+03 6.76895467e-03
 3.21084471e+03 6.69277646e-03
 3.21203605e+03 6.61707679e-03
 3.21322740e+03 6.54185925e-03
 3.21441874e+03 6.46712730e-03
 3.21561008e+03 6.39288424e-03
 3.21680143e+03 6.31913327e-03
 3.21799277e+03 6.24587742e-03
 3.21918411e+03 6.17311961e-03
 3.22037546e+03 6.10086264e-03
 3.22156680e+03 6.02910915e-03
 3.22275815e+03 5.95786166e-03
 3.22394949e+03 5.88712258e-03
 3.22514083e+03 5.81689418e-03
 3.22633218e+03 5.74717860e-03
 3.22752352e+03 5.67797785e-03
 3.22871486e+03 5.60929385e-03
 3.22990621e+03 5.54112836e-03
 3.23109755e+03 5.47348303e-03
 3.23228890e+03 5.40635941e-03
 3.23348024e+03 5.33975890e-03
 3.23467158e+03 5.27368282e-03
 3.23586293e+03 5.20813233e-03
 3.23705427e+03 5.14310853e-03
 3.23824561e+03 5.07861235e-03
 3.23943696e+03 5.01464465e-03
 3.24062830e+03 4.95120616e-03
 3.24181964e+03 4.88829752e-03
 3.24301099e+03 4.82591924e-03
 3.24420233e+03 4.76407174e-03
 3.24539368e+03 4.70275533e-03
 3.24658502e+03 4.64197021e-03
 3.24777636e+03 4.58171649e-03
 3.24896771e+03 4.52199419e-03
 3.25015905e+03 4.46280321e-03
 3.25135039e+03 4.40414335e-03
 3.25254174e+03 4.34601434e-03
 3.25373308e+03 4.28841581e-03
 3.25492443e+03 4.23134727e-03
 3.25611577e+03 4.17480817e-03
 3.25730711e+03 4.11879786e-03
 3.25849846e+03 4.06331560e-03
 3.25968980e+03 4.00836057e-03
 3.26088114e+03 3.95393185e-03
 3.26207249e+03 3.90002847e-03
 3.26326383e+03 3.84664933e-03
 3.26445517e+03 3.79379330e-03
 3.26564652e+03 3.74145913e-03
 3.26683786e+03 3.68964552e-03
 3.26802921e+03 3.63835108e-03
 3.26922055e+03 3.58757436e-03
 3.27041189e+03 3.53731382e-03
 3.27160324e+03 3.48756786e-03
 3.27279458e+03 3.43833481e-03
 3.27398592e+03 3.38961293e-03
 3.27517727e+03 3.34140041e-03
 3.27636861e+03 3.29369539e-03
 3.27755996e+03 3.24649592e-03
 3.27875130e+03 3.19980002e-03
 3.27994264e+03 3.15360562e-03
 3.28113399e+03 3.10791061e-03
 3.28232533e+03 3.06271281e-03
 3.28351667e+03 3.01801001e-03
 3.28470802e+03 2.97379991e-03
 3.28589936e+03 2.93008018e-03
 3.28709070e+03 2.88684843e-03
 3.28828205e+03 2.84410223e-03
 3.28947339e+03 2.80183908e-03
 3.29066474e+03 2.76005645e-03
 3.29185608e+03 2.71875176e-03
 3.29304742e+03 2.67792239e-03
 3.29423877e+03 2.63756567e-03
 3.29543011e+03 2.59767890e-03
 3.29662145e+03 2.55825931e-03
 3.29781280e+03 2.51930412e-03
 3.29900414e+03 2.48081051e-03
 3.30019549e+03 2.44277562e-03
 3.30138683e+03 2.40519654e-03
 3.30257817e+03 2.36807034e-03
 3.30376952e+03 2.33139406e-03
 3.30496086e+03 2.29516471e-03
 3.30615220e+03 2.25937926e-03
 3.30734355e+03 2.22403466e-03
 3.30853489e+03 2.18912782e-03
 3.30972623e+03 2.15465563e-03
 3.31091758e+03 2.12061498e-03
 3.31210892e+03 2.08700269e-03
 3.31330027e+03 2.05381560e-03
 3.31449161e+03 2.02105049e-03
 3.31568295e+03 1.98870416e-03
 3.31687430e+03 1.95677336e-03
 3.31806564e+03 1.92525484e-03
 3.31925698e+03 1.89414532e-03
 3.32044833e+03 1.86344150e-03
 3.32163967e+03 1.83314009e-03
 3.32283102e+03 1.80323777e-03
 3.32402236e+03 1.77373120e-03
 3.32521370e+03 1.74461705e-03
 3.32640505e+03 1.71589196e-03
 3.32759639e+03 1.68755256e-03
 3.32878773e+03 1.65959548e-03
 3.32997908e+03 1.63201736e-03
 3.33117042e+03 1.60481479e-03
 3.33236176e+03 1.57798438e-03
 3.33355311e+03 1.55152275e-03
 3.33474445e+03 1.52542649e-03
 3.33593580e+03 1.49969219e-03
 3.33712714e+03 1.47431645e-03
 3.33831848e+03 1.44929586e-03
 3.33950983e+03 1.42462702e-03
 3.34070117e+03 1.40030652e-03
 3.34189251e+03 1.37633094e-03
 3.34308386e+03 1.35269689e-03
 3.34427520e+03 1.32940096e-03
 3.34546655e+03 1.30643976e-03
 3.34665789e+03 1.28380988e-03
 3.34784923e+03 1.26150795e-03
 3.34904058e+03 1.23953057e-03
 3.35023192e+03 1.21787437e-03
 3.35142326e+03 1.19653598e-03
 3.35261461e+03 1.17551203e-03
 3.35380595e+03 1.15479917e-03
 3.35499729e+03 1.13439406e-03
 3.35618864e+03 1.11429335e-03
 3.35737998e+03 1.09449372e-03
 3.35857133e+03 1.07499185e-03
 3.35976267e+03 1.05578444e-03
 3.36095401e+03 1.03686821e-03
 3.36214536e+03 1.01823985e-03
 3.36333670e+03 9.99896120e-04
 3.36452804e+03 9.81833753e-04
 3.36571939e+03 9.64049510e-04
 3.36691073e+03 9.46540166e-04
 3.36810208e+03 9.29302511e-04
 3.36929342e+03 9.12333348e-04
 3.37048476e+03 8.95629498e-04
 3.37167611e+03 8.79187798e-04
 3.37286745e+03 8.63005099e-04
 3.37405879e+03 8.47078273e-04
 3.37525014e+03 8.31404205e-04
 3.37644148e+03 8.15979803e-04
 3.37763282e+03 8.00801987e-04
 3.37882417e+03 7.85867701e-04
 3.38001551e+03 7.71173904e-04
 3.38120686e+03 7.56717577e-04
 3.38239820e+03 7.42495717e-04
 3.38358954e+03 7.28505344e-04
 3.38478089e+03 7.14743497e-04
 3.38597223e+03 7.01207234e-04
 3.38716357e+03 6.87893635e-04
 3.38835492e+03 6.74799801e-04
 3.38954626e+03 6.61922852e-04
 3.39073761e+03 6.49259932e-04
 3.39192895e+03 6.36808205e-04
 3.39312029e+03 6.24564856e-04
 3.39431164e+03 6.12527094e-04
 3.39550298e+03 6.00692148e-04
 3.39669432e+03 5.89057270e-04
 3.39788567e+03 5.77619735e-04
 3.39907701e+03 5.66376841e-04
 3.40026835e+03 5.55325906e-04
 3.40145970e+03 5.44464273e-04
 3.40265104e+03 5.33789309e-04
 3.40384239e+03 5.23298402e-04
 3.40503373e+03 5.12988963e-04
 3.40622507e+03 5.02858428e-04
 3.40741642e+03 4.92904256e-04
 3.40860776e+03 4.83123929e-04
 3.40979910e+03 4.73514952e-04
 3.41099045e+03 4.64074855e-04
 3.41218179e+03 4.54801190e-04
 3.41337314e+03 4.45691534e-04
 3.41456448e+03 4.36743487e-04
 3.41575582e+03 4.27954674e-04
 3.41694717e+03 4.19322741e-04
 3.41813851e+03 4.10845362e-04
 3.41932985e+03 4.02520231e-04
 3.42052120e+03 3.94345068e-04
 3.42171254e+03 3.86317615e-04
 3.42290388e+03 3.78435640e-04
 3.42409523e+03 3.70696933e-04
 3.42528657e+03 3.63099310e-04
 3.42647792e+03 3.55640607e-04
 3.42766926e+03 3.48318687e-04
 3.42886060e+03 3.41131435e-04
 3.43005195e+03 3.34076761e-04
 3.43124329e+03 3.27152598e-04
 3.43243463e+03 3.20356900e-04
 3.43362598e+03 3.13687649e-04
 3.43481732e+03 3.07142846e-04
 3.43600867e+03 3.00720518e-04
 3.43720001e+03 2.94418715e-04
 3.43839135e+03 2.88235509e-04
 3.43958270e+03 2.82168995e-04
 3.44077404e+03 2.76217292e-04
 3.44196538e+03 2.70378540e-04
 3.44315673e+03 2.64650905e-04
 3.44434807e+03 2.59032573e-04
 3.44553941e+03 2.53521752e-04
 3.44673076e+03 2.48116674e-04
 3.44792210e+03 2.42815594e-04
 3.44911345e+03 2.37616786e-04
 3.45030479e+03 2.32518549e-04
 3.45149613e+03 2.27519202e-04
 3.45268748e+03 2.22617088e-04
 3.45387882e+03 2.17810569e-04
 3.45507016e+03 2.13098030e-04
 3.45626151e+03 2.08477877e-04
 3.45745285e+03 2.03948538e-04
 3.45864420e+03 1.99508460e-04
 3.45983554e+03 1.95156114e-04
 3.46102688e+03 1.90889988e-04
 3.46221823e+03 1.86708594e-04
 3.46340957e+03 1.82610463e-04
 3.46460091e+03 1.78594146e-04
 3.46579226e+03 1.74658214e-04
 3.46698360e+03 1.70801259e-04
 3.46817494e+03 1.67021893e-04
 3.46936629e+03 1.63318747e-04
 3.47055763e+03 1.59690470e-04
 3.47174898e+03 1.56135733e-04
 3.47294032e+03 1.52653225e-04
 3.47413166e+03 1.49241653e-04
 3.47532301e+03 1.45899745e-04
 3.47651435e+03 1.42626245e-04
 3.47770569e+03 1.39419918e-04
 3.47889704e+03 1.36279547e-04
 3.48008838e+03 1.33203930e-04
 3.48127973e+03 1.30191886e-04
 3.48247107e+03 1.27242252e-04
 3.48366241e+03 1.24353882e-04
 3.48485376e+03 1.21525645e-04
 3.48604510e+03 1.18756431e-04
 3.48723644e+03 1.16045144e-04
 3.48842779e+03 1.13390708e-04
 3.48961913e+03 1.10792061e-04
 3.49081047e+03 1.08248158e-04
 3.49200182e+03 1.05757972e-04
 3.49319316e+03 1.03320490e-04
 3.49438451e+03 1.00934717e-04
 3.49557585e+03 9.85996718e-05
 3.49676719e+03 9.63143906e-05
 3.49795854e+03 9.40779242e-05
 3.49914988e+03 9.18893388e-05
 3.50034122e+03 8.97477159e-05
 3.50153257e+03 8.76521516e-05
 3.50272391e+03 8.56017570e-05
 3.50391526e+03 8.35956579e-05
 3.50510660e+03 8.16329941e-05
 3.50629794e+03 7.97129199e-05
 3.50748929e+03 7.78346037e-05
 3.50868063e+03 7.59972276e-05
 3.50987197e+03 7.41999876e-05
 3.51106332e+03 7.24420931e-05
 3.51225466e+03 7.07227668e-05
 3.51344600e+03 6.90412449e-05
 3.51463735e+03 6.73967762e-05
 3.51582869e+03 6.57886226e-05
 3.51702004e+03 6.42160588e-05
 3.51821138e+03 6.26783717e-05
 3.51940272e+03 6.11748607e-05
 3.52059407e+03 5.97048376e-05
 3.52178541e+03 5.82676258e-05
 3.52297675e+03 5.68625609e-05
 3.52416810e+03 5.54889901e-05
 3.52535944e+03 5.41462720e-05
 3.52655079e+03 5.28337767e-05
 3.52774213e+03 5.15508855e-05
 3.52893347e+03 5.02969908e-05
 3.53012482e+03 4.90714957e-05
 3.53131616e+03 4.78738144e-05
 3.53250750e+03 4.67033713e-05
 3.53369885e+03 4.55596014e-05
 3.53489019e+03 4.44419502e-05
 3.53608153e+03 4.33498729e-05
 3.53727288e+03 4.22828350e-05
 3.53846422e+03 4.12403118e-05
 3.53965557e+03 4.02217881e-05
 3.54084691e+03 3.92267586e-05
 3.54203825e+03 3.82547270e-05
 3.54322960e+03 3.73052065e-05
 3.54442094e+03 3.63777193e-05
 3.54561228e+03 3.54717967e-05
 3.54680363e+03 3.45869788e-05
 3.54799497e+03 3.37228143e-05
 3.54918632e+03 3.28788605e-05
 3.55037766e+03 3.20546832e-05
 3.55156900e+03 3.12498565e-05
 3.55276035e+03 3.04639626e-05
 3.55395169e+03 2.96965918e-05
 3.55514303e+03 2.89473422e-05
 3.55633438e+03 2.82158197e-05
 3.55752572e+03 2.75016381e-05
 3.55871706e+03 2.68044182e-05
 3.55990841e+03 2.61237889e-05
 3.56109975e+03 2.54593857e-05
 3.56229110e+03 2.48108517e-05
 3.56348244e+03 2.41778370e-05
 3.56467378e+03 2.35599984e-05
 3.56586513e+03 2.29569997e-05
 3.56705647e+03 2.23685114e-05
 3.56824781e+03 2.17942105e-05
 3.56943916e+03 2.12337805e-05
 3.57063050e+03 2.06869112e-05
 3.57182185e+03 2.01532988e-05
 3.57301319e+03 1.96326455e-05
 3.57420453e+03 1.91246597e-05
 3.57539588e+03 1.86290554e-05
 3.57658722e+03 1.81455528e-05
 3.57777856e+03 1.76738777e-05
 3.57896991e+03 1.72137614e-05
 3.58016125e+03 1.67649409e-05
 3.58135259e+03 1.63271584e-05
 3.58254394e+03 1.59001618e-05
 3.58373528e+03 1.54837038e-05
 3.58492663e+03 1.50775426e-05
 3.58611797e+03 1.46814413e-05
 3.58730931e+03 1.42951679e-05
 3.58850066e+03 1.39184952e-05
 3.58969200e+03 1.35512011e-05
 3.59088334e+03 1.31930680e-05
 3.59207469e+03 1.28438827e-05
 3.59326603e+03 1.25034368e-05
 3.59445738e+03 1.21715262e-05
 3.59564872e+03 1.18479513e-05
 3.59684006e+03 1.15325165e-05
 3.59803141e+03 1.12250307e-05
 3.59922275e+03 1.09253067e-05
 3.60041409e+03 1.06331613e-05
 3.60160544e+03 1.03484155e-05
 3.60279678e+03 1.00708939e-05
 3.60398812e+03 9.80042506e-06
 3.60517947e+03 9.53684127e-06
 3.60637081e+03 9.27997844e-06
 3.60756216e+03 9.02967609e-06
 3.60875350e+03 8.78577725e-06
 3.60994484e+03 8.54812840e-06
 3.61113619e+03 8.31657941e-06
 3.61232753e+03 8.09098347e-06
 3.61351887e+03 7.87119703e-06
 3.61471022e+03 7.65707971e-06
 3.61590156e+03 7.44849427e-06
 3.61709291e+03 7.24530651e-06
 3.61828425e+03 7.04738528e-06
 3.61947559e+03 6.85460231e-06
 3.62066694e+03 6.66683226e-06
 3.62185828e+03 6.48395260e-06
 3.62304962e+03 6.30584357e-06
 3.62424097e+03 6.13238810e-06
 3.62543231e+03 5.96347181e-06
 3.62662365e+03 5.79898291e-06
 3.62781500e+03 5.63881214e-06
 3.62900634e+03 5.48285276e-06
 3.63019769e+03 5.33100047e-06
 3.63138903e+03 5.18315336e-06
 3.63258037e+03 5.03921188e-06
 3.63377172e+03 4.89907874e-06
 3.63496306e+03 4.76265893e-06
 3.63615440e+03 4.62985965e-06
 3.63734575e+03 4.50059022e-06
 3.63853709e+03 4.37476209e-06
 3.63972844e+03 4.25228879e-06
 3.64091978e+03 4.13308584e-06
 3.64211112e+03 4.01707076e-06
 3.64330247e+03 3.90416301e-06
 3.64449381e+03 3.79428392e-06
 3.64568515e+03 3.68735671e-06
 3.64687650e+03 3.58330638e-06
 3.64806784e+03 3.48205974e-06
 3.64925918e+03 3.38354530e-06
 3.65045053e+03 3.28769331e-06
 3.65164187e+03 3.19443565e-06
 3.65283322e+03 3.10370585e-06
 3.65402456e+03 3.01543901e-06
