 4.87276915e+03 2.91705479e-06
 4.87514536e+03 3.03443537e-06
 4.87752156e+03 3.15671585e-06
 4.87989777e+03 3.28301392e-06
 4.88227398e+03 3.41394786e-06
 4.88465019e+03 3.55039810e-06
 4.88702640e+03 3.69151819e-06
 4.88940261e+03 3.83748795e-06
 4.89177882e+03 3.98952389e-06
 4.89415503e+03 4.14705212e-06
 4.89653123e+03 4.30972748e-06
 4.89890744e+03 4.47889822e-06
 4.90128365e+03 4.65451392e-06
 4.90365986e+03 4.83576191e-06
 4.90603607e+03 5.02379822e-06
 4.90841228e+03 5.21926197e-06
 4.91078849e+03 5.42112927e-06
 4.91316470e+03 5.63000456e-06
 4.91554091e+03 5.84717313e-06
 4.91791711e+03 6.07183792e-06
 4.92029332e+03 6.30381734e-06
 4.92266953e+03 6.54470638e-06
 4.92504574e+03 6.79441666e-06
 4.92742195e+03 7.05205786e-06
 4.92979816e+03 7.31895385e-06
 4.93217437e+03 7.59599640e-06
 4.93455058e+03 7.88207469e-06
 4.93692678e+03 8.17765563e-06
 4.93930299e+03 8.48441550e-06
 4.94167920e+03 8.80178665e-06
 4.94405541e+03 9.12917170e-06
 4.94643162e+03 9.46830763e-06
 4.94880783e+03 9.81979616e-06
 4.95118404e+03 1.01824420e-05
 4.95356025e+03 1.05571170e-05
 4.95593645e+03 1.09455605e-05
 4.95831266e+03 1.13470143e-05
 4.96068887e+03 1.17610133e-05
 4.96306508e+03 1.21895384e-05
 4.96544129e+03 1.26332127e-05
 4.96781750e+03 1.30907767e-05
 4.97019371e+03 1.35631839e-05
 4.97256992e+03 1.40524201e-05
 4.97494612e+03 1.45578214e-05
 4.97732233e+03 1.50787480e-05
 4.97969854e+03 1.56172842e-05
 4.98207475e+03 1.61744930e-05
 4.98445096e+03 1.67490633e-05
 4.98682717e+03 1.73416066e-05
 4.98920338e+03 1.79545167e-05
 4.99157959e+03 1.85876550e-05
 4.99395579e+03 1.92399321e-05
 4.99633200e+03 1.99131766e-05
 4.99870821e+03 2.06093138e-05
 5.00108442e+03 2.13273006e-05
 5.00346063e+03 2.20668942e-05
 5.00583684e+03 2.28306842e-05
 5.00821305e+03 2.36197098e-05
 5.01058926e+03 2.44325693e-05
 5.01296546e+03 2.52700935e-05
 5.01534167e+03 2.61350900e-05
 5.01771788e+03 2.70276697e-05
 5.02009409e+03 2.79465757e-05
 5.02247030e+03 2.88936262e-05
 5.02484651e+03 2.98714372e-05
 5.02722272e+03 3.08793817e-05
 5.02959893e+03 3.19166655e-05
 5.03197513e+03 3.29858606e-05
 5.03435134e+03 3.40891860e-05
 5.03672755e+03 3.52255387e-05
 5.03910376e+03 3.63947080e-05
 5.04147997e+03 3.75997753e-05
 5.04385618e+03 3.88425339e-05
 5.04623239e+03 4.01216326e-05
 5.04860860e+03 4.14374176e-05
 5.05098480e+03 4.27932989e-05
 5.05336101e+03 4.41907311e-05
 5.05573722e+03 4.56282653e-05
 5.05811343e+03 4.71066908e-05
 5.06048964e+03 4.86296462e-05
 5.06286585e+03 5.01983983e-05
 5.06524206e+03 5.18114750e-05
 5.06761827e+03 5.34699496e-05
 5.06999447e+03 5.51776539e-05
 5.07237068e+03 5.69358510e-05
 5.07474689e+03 5.87430715e-05
 5.07712310e+03 6.06004866e-05
 5.07949931e+03 6.25121175e-05
 5.08187552e+03 6.44794299e-05
 5.08425173e+03 6.65009726e-05
 5.08662794e+03 6.85778084e-05
 5.08900414e+03 7.07141310e-05
 5.09138035e+03 7.29118339e-05
 5.09375656e+03 7.51695364e-05
 5.09613277e+03 7.74879729e-05
 5.09850898e+03 7.98714292e-05
 5.10088519e+03 8.23224568e-05
 5.10326140e+03 8.48398865e-05
 5.10563761e+03 8.74239163e-05
 5.10801381e+03 9.00787297e-05
 5.11039002e+03 9.28077270e-05
 5.11276623e+03 9.56102269e-05
 5.11514244e+03 9.84857596e-05
 5.11751865e+03 1.01438064e-04
 5.11989486e+03 1.04471453e-04
 5.12227107e+03 1.07586154e-04
 5.12464728e+03 1.10781089e-04
 5.12702348e+03 1.14059085e-04
 5.12939969e+03 1.17425171e-04
 5.13177590e+03 1.20880982e-04
 5.13415211e+03 1.24425209e-04
 5.13652832e+03 1.28059316e-04
 5.13890453e+03 1.31788478e-04
 5.14128074e+03 1.35616091e-04
 5.14365695e+03 1.39541396e-04
 5.14603315e+03 1.43564338e-04
 5.14840936e+03 1.47689294e-04
 5.15078557e+03 1.51921305e-04
 5.15316178e+03 1.56261206e-04
 5.15553799e+03 1.60707911e-04
 5.15791420e+03 1.65263994e-04
 5.16029041e+03 1.69935236e-04
 5.16266662e+03 1.74724887e-04
 5.16504282e+03 1.79632149e-04
 5.16741903e+03 1.84657368e-04
 5.16979524e+03 1.89805432e-04
 5.17217145e+03 1.95081857e-04
 5.17454766e+03 2.00487894e-04
 5.17692387e+03 2.06022534e-04
 5.17930008e+03 2.11688192e-04
 5.18167629e+03 2.17491018e-04
 5.18405249e+03 2.23435370e-04
 5.18642870e+03 2.29521137e-04
 5.18880491e+03 2.35748093e-04
 5.19118112e+03 2.42120492e-04
 5.19355733e+03 2.48644815e-04
 5.19593354e+03 2.55324156e-04
 5.19830975e+03 2.62157810e-04
 5.20068596e+03 2.69146677e-04
 5.20306217e+03 2.76296305e-04
 5.20543837e+03 2.83613032e-04
 5.20781458e+03 2.91099004e-04
 5.21019079e+03 2.98753439e-04
 5.21256700e+03 3.06578246e-04
 5.21494321e+03 3.14579768e-04
 5.21731942e+03 3.22764137e-04
 5.21969563e+03 3.31132988e-04
 5.22207184e+03 3.39685668e-04
 5.22444804e+03 3.48424752e-04
 5.22682425e+03 3.57357035e-04
 5.22920046e+03 3.66488632e-04
 5.23157667e+03 3.75821088e-04
 5.23395288e+03 3.85353880e-04
 5.23632909e+03 3.95089817e-04
 5.23870530e+03 4.05035903e-04
 5.24108151e+03 4.15198534e-04
 5.24345771e+03 4.25579572e-04
 5.24583392e+03 4.36178566e-04
 5.24821013e+03 4.46998094e-04
 5.25058634e+03 4.58045113e-04
 5.25296255e+03 4.69326578e-04
 5.25533876e+03 4.80845115e-04
 5.25771497e+03 4.92600382e-04
 5.26009118e+03 5.04594288e-04
 5.26246738e+03 5.16833339e-04
 5.26484359e+03 5.29325160e-04
 5.26721980e+03 5.42073649e-04
 5.26959601e+03 5.55078872e-04
 5.27197222e+03 5.68341772e-04
 5.27434843e+03 5.81867795e-04
 5.27672464e+03 5.95664988e-04
 5.27910085e+03 6.09738960e-04
 5.28147705e+03 6.24090862e-04
 5.28385326e+03 6.38720774e-04
 5.28622947e+03 6.53632380e-04
 5.28860568e+03 6.68833348e-04
 5.29098189e+03 6.84331045e-04
 5.29335810e+03 7.00128654e-04
 5.29573431e+03 7.16226203e-04
 5.29811052e+03 7.32625250e-04
 5.30048672e+03 7.49331790e-04
 5.30286293e+03 7.66354115e-04
 5.30523914e+03 7.83698123e-04
 5.30761535e+03 8.01365358e-04
 5.30999156e+03 8.19355926e-04
 5.31236777e+03 8.37672985e-04
 5.31474398e+03 8.56323851e-04
 5.31712019e+03 8.75316599e-04
 5.31949639e+03 8.94655878e-04
 5.32187260e+03 9.14342452e-04
 5.32424881e+03 9.34376875e-04
 5.32662502e+03 9.54763351e-04
 5.32900123e+03 9.75509737e-04
 5.33137744e+03 9.96623762e-04
 5.33375365e+03 1.01810942e-03
 5.33612986e+03 1.03996722e-03
 5.33850606e+03 1.06219798e-03
 5.34088227e+03 1.08480622e-03
 5.34325848e+03 1.10779986e-03
 5.34563469e+03 1.13118653e-03
 5.34801090e+03 1.15497019e-03
 5.35038711e+03 1.17915142e-03
 5.35276332e+03 1.20373087e-03
 5.35513953e+03 1.22871267e-03
 5.35751573e+03 1.25410442e-03
 5.35989194e+03 1.27991391e-03
 5.36226815e+03 1.30614570e-03
 5.36464436e+03 1.33280074e-03
 5.36702057e+03 1.35987926e-03
 5.36939678e+03 1.38738430e-03
 5.37177299e+03 1.41532256e-03
 5.37414920e+03 1.44370200e-03
 5.37652540e+03 1.47252831e-03
 5.37890161e+03 1.50180340e-03
 5.38127782e+03 1.53152720e-03
 5.38365403e+03 1.56170115e-03
 5.38603024e+03 1.59233023e-03
 5.38840645e+03 1.62342198e-03
 5.39078266e+03 1.65498331e-03
 5.39315887e+03 1.68701789e-03
 5.39553507e+03 1.71952622e-03
 5.39791128e+03 1.75250827e-03
 5.40028749e+03 1.78596647e-03
 5.40266370e+03 1.81990660e-03
 5.40503991e+03 1.85433597e-03
 5.40741612e+03 1.88926039e-03
 5.40979233e+03 1.92468231e-03
 5.41216854e+03 1.96060161e-03
 5.41454474e+03 1.99701824e-03
 5.41692095e+03 2.03393480e-03
 5.41929716e+03 2.07135692e-03
 5.42167337e+03 2.10929138e-03
 5.42404958e+03 2.14774335e-03
 5.42642579e+03 2.18671484e-03
 5.42880200e+03 2.22620542e-03
 5.43117821e+03 2.26621463e-03
 5.43355441e+03 2.30674431e-03
 5.43593062e+03 2.34779918e-03
 5.43830683e+03 2.38938538e-03
 5.44068304e+03 2.43150794e-03
 5.44305925e+03 2.47416910e-03
 5.44543546e+03 2.51736845e-03
 5.44781167e+03 2.56110483e-03
 5.45018788e+03 2.60537855e-03
 5.45256408e+03 2.65019265e-03
 5.45494029e+03 2.69555214e-03
 5.45731650e+03 2.74146207e-03
 5.45969271e+03 2.78792544e-03
 5.46206892e+03 2.83494253e-03
 5.46444513e+03 2.88251177e-03
 5.46682134e+03 2.93063175e-03
 5.46919755e+03 2.97930295e-03
 5.47157375e+03 3.02852826e-03
 5.47394996e+03 3.07831197e-03
 5.47632617e+03 3.12865783e-03
 5.47870238e+03 3.17956754e-03
 5.48107859e+03 3.23104031e-03
 5.48345480e+03 3.28307383e-03
 5.48583101e+03 3.33566602e-03
 5.48820722e+03 3.38881650e-03
 5.49058343e+03 3.44252702e-03
 5.49295963e+03 3.49680063e-03
 5.49533584e+03 3.55164015e-03
 5.49771205e+03 3.60704665e-03
 5.50008826e+03 3.66301895e-03
 5.50246447e+03 3.71955419e-03
 5.50484068e+03 3.77664919e-03
 5.50721689e+03 3.83430184e-03
 5.50959310e+03 3.89251189e-03
 5.51196930e+03 3.95128065e-03
 5.51434551e+03 4.01060988e-03
 5.51672172e+03 4.07050047e-03
 5.51909793e+03 4.13095147e-03
 5.52147414e+03 4.19196001e-03
 5.52385035e+03 4.25352202e-03
 5.52622656e+03 4.31563342e-03
 5.52860277e+03 4.37829124e-03
 5.53097897e+03 4.44149407e-03
 5.53335518e+03 4.50524178e-03
 5.53573139e+03 4.56953456e-03
 5.53810760e+03 4.63437184e-03
 5.54048381e+03 4.69975152e-03
 5.54286002e+03 4.76566977e-03
 5.54523623e+03 4.83212156e-03
 5.54761244e+03 4.89910154e-03
 5.54998864e+03 4.96660501e-03
 5.55236485e+03 5.03462845e-03
 5.55474106e+03 5.10316958e-03
 5.55711727e+03 5.17222679e-03
 5.55949348e+03 5.24179832e-03
 5.56186969e+03 5.31188144e-03
 5.56424590e+03 5.38247203e-03
 5.56662211e+03 5.45356455e-03
 5.56899831e+03 5.52515256e-03
 5.57137452e+03 5.59722942e-03
 5.57375073e+03 5.66978901e-03
 5.57612694e+03 5.74282613e-03
 5.57850315e+03 5.81633657e-03
 5.58087936e+03 5.89031671e-03
 5.58325557e+03 5.96476293e-03
 5.58563178e+03 6.03967101e-03
 5.58800798e+03 6.11503562e-03
 5.59038419e+03 6.19085026e-03
 5.59276040e+03 6.26710743e-03
 5.59513661e+03 6.34379909e-03
 5.59751282e+03 6.42091721e-03
 5.59988903e+03 6.49845424e-03
 5.60226524e+03 6.57640333e-03
 5.60464145e+03 6.65475834e-03
 5.60701765e+03 6.73351357e-03
 5.60939386e+03 6.81266328e-03
 5.61177007e+03 6.89220132e-03
 5.61414628e+03 6.97212074e-03
 5.61652249e+03 7.05241367e-03
 5.61889870e+03 7.13307135e-03
 5.62127491e+03 7.21408443e-03
 5.62365112e+03 7.29544327e-03
 5.62602732e+03 7.37713835e-03
 5.62840353e+03 7.45916049e-03
 5.63077974e+03 7.54150105e-03
 5.63315595e+03 7.62415183e-03
 5.63553216e+03 7.70710493e-03
 5.63790837e+03 7.79035245e-03
 5.64028458e+03 7.87388622e-03
 5.64266079e+03 7.95769757e-03
 5.64503699e+03 8.04177717e-03
 5.64741320e+03 8.12611500e-03
 5.64978941e+03 8.21070048e-03
 5.65216562e+03 8.29552262e-03
 5.65454183e+03 8.38057027e-03
 5.65691804e+03 8.46583232e-03
 5.65929425e+03 8.55129789e-03
 5.66167046e+03 8.63695637e-03
 5.66404666e+03 8.72279748e-03
 5.66642287e+03 8.80881115e-03
 5.66879908e+03 8.89498742e-03
 5.67117529e+03 8.98131622e-03
 5.67355150e+03 9.06778730e-03
 5.67592771e+03 9.15439001e-03
 5.67830392e+03 9.24111331e-03
 5.68068013e+03 9.32794571e-03
 5.68305633e+03 9.41487535e-03
 5.68543254e+03 9.50189004e-03
 5.68780875e+03 9.58897742e-03
 5.69018496e+03 9.67612507e-03
 5.69256117e+03 9.76332061e-03
 5.69493738e+03 9.85055178e-03
 5.69731359e+03 9.93780649e-03
 5.69968980e+03 1.00250728e-02
 5.70206600e+03 1.01123390e-02
 5.70444221e+03 1.01995935e-02
 5.70681842e+03 1.02868245e-02
 5.70919463e+03 1.03740205e-02
 5.71157084e+03 1.04611696e-02
 5.71394705e+03 1.05482600e-02
 5.71632326e+03 1.06352796e-02
 5.71869947e+03 1.07222160e-02
 5.72107567e+03 1.08090568e-02
 5.72345188e+03 1.08957894e-02
 5.72582809e+03 1.09824010e-02
 5.72820430e+03 1.10688787e-02
 5.73058051e+03 1.11552099e-02
 5.73295672e+03 1.12413817e-02
 5.73533293e+03 1.13273814e-02
 5.73770914e+03 1.14131965e-02
 5.74008534e+03 1.14988146e-02
 5.74246155e+03 1.15842234e-02
 5.74483776e+03 1.16694108e-02
 5.74721397e+03 1.17543648e-02
 5.74959018e+03 1.18390735e-02
 5.75196639e+03 1.19235253e-02
 5.75434260e+03 1.20077085e-02
 5.75671881e+03 1.20916115e-02
 5.75909502e+03 1.21752230e-02
 5.76147122e+03 1.22585314e-02
 5.76384743e+03 1.23415256e-02
 5.76622364e+03 1.24241942e-02
 5.76859985e+03 1.25065262e-02
 5.77097606e+03 1.25885104e-02
 5.77335227e+03 1.26701361e-02
 5.77572848e+03 1.27513923e-02
 5.77810469e+03 1.28322686e-02
 5.78048089e+03 1.29127545e-02
 5.78285710e+03 1.29928399e-02
 5.78523331e+03 1.30725148e-02
 5.78760952e+03 1.31517694e-02
 5.78998573e+03 1.32305945e-02
 5.79236194e+03 1.33089808e-02
 5.79473815e+03 1.33869196e-02
 5.79711436e+03 1.34644023e-02
 5.79949056e+03 1.35414209e-02
 5.80186677e+03 1.36179676e-02
 5.80424298e+03 1.36940349e-02
 5.80661919e+03 1.37696158e-02
 5.80899540e+03 1.38447036e-02
 5.81137161e+03 1.39192921e-02
 5.81374782e+03 1.39933754e-02
 5.81612403e+03 1.40669481e-02
 5.81850023e+03 1.41400050e-02
 5.82087644e+03 1.42125415e-02
 5.82325265e+03 1.42845534e-02
 5.82562886e+03 1.43560369e-02
 5.82800507e+03 1.44269885e-02
 5.83038128e+03 1.44974051e-02
 5.83275749e+03 1.45672841e-02
 5.83513370e+03 1.46366231e-02
 5.83750990e+03 1.47054200e-02
 5.83988611e+03 1.47736732e-02
 5.84226232e+03 1.48413809e-02
 5.84463853e+03 1.49085417e-02
 5.84701474e+03 1.49751543e-02
 5.84939095e+03 1.50412171e-02
 5.85176716e+03 1.51067286e-02
 5.85414337e+03 1.51716865e-02
 5.85651957e+03 1.52360886e-02
 5.85889578e+03 1.52999313e-02
 5.86127199e+03 1.53632105e-02
 5.86364820e+03 1.54259205e-02
 5.86602441e+03 1.54880541e-02
 5.86840062e+03 1.55496019e-02
 5.87077683e+03 1.56105522e-02
 5.87315304e+03 1.56708898e-02
 5.87552924e+03 1.57305963e-02
 5.87790545e+03 1.57896484e-02
 5.88028166e+03 1.58480180e-02
 5.88265787e+03 1.59056704e-02
 5.88503408e+03 1.59625642e-02
 5.88741029e+03 1.60186492e-02
 5.88978650e+03 1.60738657e-02
 5.89216271e+03 1.61281428e-02
 5.89453891e+03 1.61813966e-02
 5.89691512e+03 1.62335288e-02
 5.89929133e+03 1.62844243e-02
 5.90166754e+03 1.63339492e-02
 5.90404375e+03 1.63819481e-02
 5.90641996e+03 1.64282421e-02
 5.90879617e+03 1.64726252e-02
 5.91117238e+03 1.65148618e-02
 5.91354858e+03 1.65546835e-02
 5.91592479e+03 1.65917855e-02
 5.91830100e+03 1.66258231e-02
 5.92067721e+03 1.66564083e-02
 5.92305342e+03 1.66831059e-02
 5.92542963e+03 1.67054301e-02
 5.92780584e+03 1.67228406e-02
 5.93018205e+03 1.67347395e-02
 5.93255825e+03 1.67404680e-02
 5.93493446e+03 1.67393037e-02
 5.93731067e+03 1.67304583e-02
 5.93968688e+03 1.67130764e-02
 5.94206309e+03 1.66862350e-02
 5.94443930e+03 1.66489434e-02
 5.94681551e+03 1.66001457e-02
 5.94919172e+03 1.65387236e-02
 5.95156792e+03 1.64635019e-02
 5.95394413e+03 1.63732551e-02
 5.95632034e+03 1.62667167e-02
 5.95869655e+03 1.61425909e-02
 5.96107276e+03 1.59995665e-02
 5.96344897e+03 1.58363338e-02
 5.96582518e+03 1.56516039e-02
 5.96820139e+03 1.54441314e-02
 5.97057759e+03 1.52127393e-02
 5.97295380e+03 1.49563466e-02
 5.97533001e+03 1.46739982e-02
 5.97770622e+03 1.43648978e-02
 5.98008243e+03 1.40284405e-02
 5.98245864e+03 1.36642487e-02
 5.98483485e+03 1.32722068e-02
 5.98721106e+03 1.28524970e-02
 5.98958726e+03 1.24056328e-02
 5.99196347e+03 1.19324922e-02
 5.99433968e+03 1.14343475e-02
 5.99671589e+03 1.09128924e-02
 5.99909210e+03 1.03702651e-02
 6.00146831e+03 9.80906747e-03
 6.00384452e+03 9.23237936e-03
 6.00622073e+03 8.64376891e-03
 6.00859693e+03 8.04729804e-03
 6.01097314e+03 7.44752418e-03
 6.01334935e+03 6.84949856e-03
 6.01572556e+03 6.25876186e-03
 6.01810177e+03 5.68133798e-03
 6.02047798e+03 5.12372647e-03
 6.02285419e+03 4.59289398e-03
 6.02523040e+03 4.09626463e-03
 6.02760660e+03 3.64170838e-03
 6.02998281e+03 3.23752554e-03
 6.03235902e+03 2.89242447e-03
 6.03473523e+03 2.61548820e-03
 6.03711144e+03 2.41612437e-03
 6.03948765e+03 2.30399152e-03
 6.04186386e+03 2.28889377e-03
 6.04424007e+03 2.38063523e-03
 6.04661628e+03 2.58882537e-03
 6.04899248e+03 2.92262746e-03
 6.05136869e+03 3.39044377e-03
 6.05374490e+03 3.99953440e-03
 6.05612111e+03 4.75557074e-03
 6.05849732e+03 5.66212981e-03
 6.06087353e+03 6.72014232e-03
 6.06324974e+03 7.92731501e-03
 6.06562595e+03 9.27755521e-03
 6.06800215e+03 1.07604329e-02
 6.07037836e+03 1.23607216e-02
 6.07275457e+03 1.40580660e-02
 6.07513078e+03 1.58268239e-02
 6.07750699e+03 1.76361303e-02
 6.07988320e+03 1.94502256e-02
 6.08225941e+03 2.12290792e-02
 6.08463562e+03 2.29293290e-02
 6.08701182e+03 2.45055343e-02
 6.08938803e+03 2.59117222e-02
 6.09176424e+03 2.71031829e-02
 6.09414045e+03 2.80384471e-02
 6.09651666e+03 2.86813563e-02
 6.09889287e+03 2.90031197e-02
 6.10126908e+03 2.89842416e-02
 6.10364529e+03 2.86161958e-02
 6.10602149e+03 2.79027284e-02
 6.10839770e+03 2.68606830e-02
 6.11077391e+03 2.55202615e-02
 6.11315012e+03 2.39246603e-02
 6.11552633e+03 2.21290479e-02
 6.11790254e+03 2.01988870e-02
 6.12027875e+03 1.82076353e-02
 6.12265496e+03 1.62338867e-02
 6.12503116e+03 1.43580439e-02
 6.12740737e+03 1.26586393e-02
 6.12978358e+03 1.12084419e-02
 6.13215979e+03 1.00705117e-02
 6.13453600e+03 9.29438260e-03
 6.13691221e+03 8.91258336e-03
 6.13928842e+03 8.93772467e-03
 6.14166463e+03 9.36039916e-03
 6.14404083e+03 1.01481496e-02
 6.14641704e+03 1.12457534e-02
 6.14879325e+03 1.25770337e-02
 6.15116946e+03 1.40483276e-02
 6.15354567e+03 1.55536379e-02
 6.15592188e+03 1.69813371e-02
 6.15829809e+03 1.82221087e-02
 6.16067430e+03 1.91776091e-02
 6.16305050e+03 1.97691487e-02
 6.16542671e+03 1.99455484e-02
 6.16780292e+03 1.96892522e-02
 6.17017913e+03 1.90198200e-02
 6.17255534e+03 1.79940916e-02
 6.17493155e+03 1.67026011e-02
 6.17730776e+03 1.52622199e-02
 6.17968397e+03 1.38054721e-02
 6.18206017e+03 1.24674533e-02
 6.18443638e+03 1.13716832e-02
 6.18681259e+03 1.06164970e-02
 6.18918880e+03 1.02636720e-02
 6.19156501e+03 1.03308256e-02
 6.19394122e+03 1.07887377e-02
 6.19631743e+03 1.15641771e-02
 6.19869364e+03 1.25481223e-02
 6.20106984e+03 1.36085426e-02
 6.20344605e+03 1.46062591e-02
 6.20582226e+03 1.54119605e-02
 6.20819847e+03 1.59222340e-02
 6.21057468e+03 1.60725340e-02
 6.21295089e+03 1.58453643e-02
 6.21532710e+03 1.52725238e-02
 6.21770331e+03 1.44309859e-02
 6.22007951e+03 1.34327677e-02
 6.22245572e+03 1.24099258e-02
 6.22483193e+03 1.14964827e-02
 6.22720814e+03 1.08095704e-02
 6.22958435e+03 1.04323391e-02
 6.23196056e+03 1.04011550e-02
 6.23433677e+03 1.06992299e-02
 6.23671298e+03 1.12581131e-02
 6.23908918e+03 1.19674314e-02
 6.24146539e+03 1.26919910e-02
 6.24384160e+03 1.32939755e-02
 6.24621781e+03 1.36568038e-02
 6.24859402e+03 1.37064693e-02
 6.25097023e+03 1.34261427e-02
 6.25334644e+03 1.28606457e-02
 6.25572265e+03 1.21091135e-02
 6.25809885e+03 1.13064641e-02
 6.26047506e+03 1.05967723e-02
 6.26285127e+03 1.01037430e-02
 6.26522748e+03 9.90458607e-03
 6.26760369e+03 1.00132865e-02
 6.26997990e+03 1.03774850e-02
 6.27235611e+03 1.08902224e-02
 6.27473232e+03 1.14142727e-02
 6.27710852e+03 1.18136236e-02
 6.27948473e+03 1.19847250e-02
 6.28186094e+03 1.18799736e-02
 6.28423715e+03 1.15176720e-02
 6.28661336e+03 1.09760396e-02
 6.28898957e+03 1.03728427e-02
 6.29136578e+03 9.83581700e-03
 6.29374199e+03 9.47133183e-03
 6.29611819e+03 9.33909580e-03
 6.29849440e+03 9.43902890e-03
 6.30087061e+03 9.71326958e-03
 6.30324682e+03 1.00624837e-02
 6.30562303e+03 1.03721355e-02
 6.30799924e+03 1.05420254e-02
 6.31037545e+03 1.05117162e-02
 6.31275166e+03 1.02755145e-02
 6.31512786e+03 9.88317703e-03
 6.31750407e+03 9.42599942e-03
 6.31988028e+03 9.01161089e-03
 6.32225649e+03 8.73386679e-03
 6.32463270e+03 8.64594259e-03
 6.32700891e+03 8.74444829e-03
 6.32938512e+03 8.96983188e-03
 6.33176133e+03 9.22393043e-03
 6.33413754e+03 9.40026823e-03
 6.33651374e+03 9.41814777e-03
 6.33888995e+03 9.24947165e-03
 6.34126616e+03 8.92874906e-03
 6.34364237e+03 8.54185274e-03
 6.34601858e+03 8.19641167e-03
 6.34839479e+03 7.98374321e-03
 6.35077100e+03 7.94603975e-03
 6.35314721e+03 8.06128858e-03
 6.35552341e+03 8.25214582e-03
 6.35789962e+03 8.41581228e-03
 6.36027583e+03 8.46350033e-03
 6.36265204e+03 8.35400665e-03
 6.36502825e+03 8.10808739e-03
 6.36740446e+03 7.79808589e-03
 6.36978067e+03 7.51746233e-03
 6.37215688e+03 7.34306216e-03
 6.37453308e+03 7.30563764e-03
 6.37690929e+03 7.38024363e-03
 6.37928550e+03 7.49945479e-03
 6.38166171e+03 7.58281089e-03
 6.38403792e+03 7.56966153e-03
 6.38641413e+03 7.44202429e-03
 6.38879034e+03 7.22899873e-03
 6.39116655e+03 6.99224234e-03
 6.39354275e+03 6.79945684e-03
 6.39591896e+03 6.69694465e-03
 6.39829517e+03 6.69193409e-03
 6.40067138e+03 6.75111818e-03
 6.40304759e+03 6.81552480e-03
 6.40542380e+03 6.82568683e-03
 6.40780001e+03 6.74705714e-03
 6.41017622e+03 6.58512524e-03
 6.41255242e+03 6.38331368e-03
 6.41492863e+03 6.20361822e-03
 6.41730484e+03 6.09777109e-03
 6.41968105e+03 6.08203102e-03
 6.42205726e+03 6.12832646e-03
 6.42443347e+03 6.17745296e-03
 6.42680968e+03 6.16899128e-03
 6.42918589e+03 6.07305253e-03
 6.43156209e+03 5.90662945e-03
 6.43393830e+03 5.72469589e-03
 6.43631451e+03 5.58998817e-03
 6.43869072e+03 5.53799899e-03
 6.44106693e+03 5.55731939e-03
 6.44344314e+03 5.59704845e-03
 6.44581935e+03 5.59705593e-03
 6.44819556e+03 5.52304777e-03
 6.45057176e+03 5.38540729e-03
 6.45294797e+03 5.23088088e-03
 6.45532418e+03 5.11306427e-03
 6.45770039e+03 5.06046849e-03
 6.46007660e+03 5.06161909e-03
 6.46245281e+03 5.07508303e-03
 6.46482902e+03 5.05643992e-03
 6.46720523e+03 4.98450780e-03
 6.46958143e+03 4.87125590e-03
 6.47195764e+03 4.75132810e-03
 6.47433385e+03 4.65973826e-03
 6.47671006e+03 4.61205132e-03
 6.47908627e+03 4.59783824e-03
 6.48146248e+03 4.58916285e-03
 6.48383869e+03 4.55755375e-03
 6.48621490e+03 4.48962806e-03
 6.48859110e+03 4.39359685e-03
 6.49096731e+03 4.29396746e-03
 6.49334352e+03 4.21736676e-03
 6.49571973e+03 4.17678318e-03
 6.49809594e+03 4.16305582e-03
 6.50047215e+03 4.14959004e-03
 6.50284836e+03 4.10898260e-03
 6.50522457e+03 4.03182458e-03
 6.50760077e+03 3.93453861e-03
 6.50997698e+03 3.84902586e-03
 6.51235319e+03 3.79981830e-03
 6.51472940e+03 3.78516262e-03
 6.51710561e+03 3.77734858e-03
 6.51948182e+03 3.74353024e-03
 6.52185803e+03 3.67150514e-03
 6.52423424e+03 3.57960675e-03
 6.52661044e+03 3.50195028e-03
 6.52898665e+03 3.46068367e-03
 6.53136286e+03 3.44826023e-03
 6.53373907e+03 3.43460565e-03
 6.53611528e+03 3.39279004e-03
 6.53849149e+03 3.32099219e-03
 6.54086770e+03 3.24229531e-03
 6.54324391e+03 3.18366589e-03
 6.54562011e+03 3.15337590e-03
 6.54799632e+03 3.13617463e-03
 6.55037253e+03 3.10857442e-03
 6.55274874e+03 3.05906065e-03
 6.55512495e+03 2.99559463e-03
 6.55750116e+03 2.93606498e-03
 6.55987737e+03 2.89249530e-03
 6.56225358e+03 2.86302359e-03
 6.56462978e+03 2.83625290e-03
 6.56700599e+03 2.80148721e-03
 6.56938220e+03 2.75573245e-03
 6.57175841e+03 2.70388349e-03
 6.57413462e+03 2.65443966e-03
 6.57651083e+03 2.61425745e-03
 6.57888704e+03 2.58431792e-03
 6.58126325e+03 2.55828215e-03
 6.58363945e+03 2.52605802e-03
 6.58601566e+03 2.48183483e-03
 6.58839187e+03 2.43050951e-03
 6.59076808e+03 2.38500942e-03
 6.59314429e+03 2.35456235e-03
 6.59552050e+03 2.33454069e-03
 6.59789671e+03 2.30953760e-03
 6.60027292e+03 2.26859796e-03
 6.60264912e+03 2.21734928e-03
 6.60502533e+03 2.17306349e-03
 6.60740154e+03 2.14652060e-03
 6.60977775e+03 2.13004752e-03
 6.61215396e+03 2.10554476e-03
 6.61453017e+03 2.06427132e-03
 6.61690638e+03 2.01635627e-03
 6.61928259e+03 1.97918812e-03
 6.62165880e+03 1.95794921e-03
 6.62403500e+03 1.94051031e-03
 6.62641121e+03 1.91198586e-03
 6.62878742e+03 1.87144590e-03
 6.63116363e+03 1.83161967e-03
 6.63353984e+03 1.80327314e-03
 6.63591605e+03 1.78353170e-03
 6.63829226e+03 1.76105125e-03
 6.64066847e+03 1.72994312e-03
 6.64304467e+03 1.69520022e-03
 6.64542088e+03 1.66486549e-03
 6.64779709e+03 1.64054069e-03
 6.65017330e+03 1.61754530e-03
 6.65254951e+03 1.59203006e-03
 6.65492572e+03 1.56462079e-03
 6.65730193e+03 1.53743743e-03
 6.65967814e+03 1.51092043e-03
 6.66205434e+03 1.48503875e-03
 6.66443055e+03 1.46106247e-03
 6.66680676e+03 1.43947183e-03
 6.66918297e+03 1.41740770e-03
 6.67155918e+03 1.39151347e-03
 6.67393539e+03 1.36347829e-03
 6.67631160e+03 1.33931712e-03
 6.67868781e+03 1.32134194e-03
 6.68106401e+03 1.30377057e-03
 6.68344022e+03 1.27975738e-03
 6.68581643e+03 1.25125493e-03
 6.68819264e+03 1.22725207e-03
 6.69056885e+03 1.21148788e-03
 6.69294506e+03 1.19669812e-03
 6.69532127e+03 1.17440137e-03
 6.69769748e+03 1.14694335e-03
 6.70007368e+03 1.12436563e-03
 6.70244989e+03 1.11014986e-03
 6.70482610e+03 1.09633033e-03
 6.70720231e+03 1.07509320e-03
 6.70957852e+03 1.04988947e-03
 6.71195473e+03 1.02994442e-03
 6.71433094e+03 1.01671940e-03
 6.71670715e+03 1.00241128e-03
 6.71908335e+03 9.81965848e-04
 6.72145956e+03 9.60063360e-04
 6.72383577e+03 9.43220738e-04
 6.72621198e+03 9.30086272e-04
 6.72858819e+03 9.14543343e-04
 6.73096440e+03 8.95478929e-04
 6.73334061e+03 8.77584437e-04
 6.73571682e+03 8.63176017e-04
 6.73809302e+03 8.49054064e-04
 6.74046923e+03 8.32670772e-04
 6.74284544e+03 8.16238054e-04
 6.74522165e+03 8.02123355e-04
 6.74759786e+03 7.88466735e-04
 6.74997407e+03 7.72922861e-04
 6.75235028e+03 7.57347691e-04
 6.75472649e+03 7.44474352e-04
 6.75710269e+03 7.32494294e-04
 6.75947890e+03 7.17895934e-04
 6.76185511e+03 7.02040060e-04
 6.76423132e+03 6.89316606e-04
 6.76660753e+03 6.79319578e-04
 6.76898374e+03 6.66993556e-04
 6.77135995e+03 6.51353315e-04
 6.77373616e+03 6.37627423e-04
 6.77611236e+03 6.28360846e-04
 6.77848857e+03 6.18728434e-04
 6.78086478e+03 6.04722386e-04
 6.78324099e+03 5.90229563e-04
 6.78561720e+03 5.80361199e-04
 6.78799341e+03 5.72506310e-04
 6.79036962e+03 5.60919182e-04
 6.79274583e+03 5.46805716e-04
 6.79512203e+03 5.36043879e-04
 6.79749824e+03 5.28729245e-04
 6.79987445e+03 5.19250864e-04
 6.80225066e+03 5.06446107e-04
 6.80462687e+03 4.95382121e-04
 6.80700308e+03 4.87956800e-04
 6.80937929e+03 4.79753644e-04
 6.81175550e+03 4.68452791e-04
 6.81413170e+03 4.57829882e-04
 6.81650791e+03 4.50341209e-04
 6.81888412e+03 4.42731527e-04
 6.82126033e+03 4.32596820e-04
 6.82363654e+03 4.22824588e-04
 6.82601275e+03 4.15640753e-04
 6.82838896e+03 4.08345214e-04
 6.83076517e+03 3.98927238e-04
 6.83314137e+03 3.90043322e-04
 6.83551758e+03 3.83485540e-04
 6.83789379e+03 3.76513827e-04
 6.84027000e+03 3.67513805e-04
 6.84264621e+03 3.59377693e-04
 6.84502242e+03 3.53575743e-04
 6.84739863e+03 3.47014613e-04
 6.84977484e+03 3.38326864e-04
 6.85215104e+03 3.30806433e-04
 6.85452725e+03 3.25728487e-04
 6.85690346e+03 3.19603944e-04
 6.85927967e+03 3.11246278e-04
 6.86165588e+03 3.04300852e-04
 6.86403209e+03 2.99835160e-04
 6.86640830e+03 2.94078959e-04
 6.86878451e+03 2.86118532e-04
 6.87116071e+03 2.79793944e-04
 6.87353692e+03 2.75804683e-04
 6.87591313e+03 2.70285268e-04
 6.87828934e+03 2.62804481e-04
 6.88066555e+03 2.57187092e-04
 6.88304176e+03 2.53528643e-04
 6.88541797e+03 2.48103965e-04
 6.88779418e+03 2.41200826e-04
 6.89017038e+03 2.36363026e-04
 6.89254659e+03 2.32871627e-04
 6.89492280e+03 2.27442336e-04
 6.89729901e+03 2.21239742e-04
 6.89967522e+03 2.17189417e-04
 6.90205143e+03 2.13679342e-04
 6.90442764e+03 2.08235470e-04
 6.90680385e+03 2.02873888e-04
 6.90918006e+03 1.99513111e-04
 6.91155626e+03 1.95799045e-04
 6.91393247e+03 1.90453076e-04
 6.91630868e+03 1.86050576e-04
 6.91868489e+03 1.83154849e-04
 6.92106110e+03 1.79109300e-04
 6.92343731e+03 1.74098870e-04
 6.92581352e+03 1.70678885e-04
 6.92818973e+03 1.67918560e-04
 6.93056593e+03 1.63552624e-04
 6.93294214e+03 1.59188902e-04
 6.93531835e+03 1.56600637e-04
 6.93769456e+03 1.53626525e-04
 6.94007077e+03 1.49154790e-04
 6.94244698e+03 1.45702797e-04
 6.94482319e+03 1.43586851e-04
 6.94719940e+03 1.40178023e-04
 6.94957560e+03 1.36005889e-04
 6.95195181e+03 1.33521945e-04
 6.95432802e+03 1.31384082e-04
 6.95670423e+03 1.27603535e-04
 6.95908044e+03 1.24184804e-04
 6.96145665e+03 1.22396296e-04
 6.96383286e+03 1.19814923e-04
 6.96620907e+03 1.16061958e-04
 6.96858527e+03 1.13644240e-04
 6.97096148e+03 1.11994835e-04
 6.97333769e+03 1.08887696e-04
 6.97571390e+03 1.05735307e-04
 6.97809011e+03 1.04130518e-04
 6.98046632e+03 1.02059867e-04
 6.98284253e+03 9.88182445e-05
 6.98521874e+03 9.66432666e-05
 6.98759494e+03 9.52429568e-05
 6.98997115e+03 9.25889803e-05
 6.99234736e+03 8.98776470e-05
 6.99472357e+03 8.85098405e-05
 6.99709978e+03 8.66689031e-05
 6.99947599e+03 8.38714146e-05
 7.00185220e+03 8.21111026e-05
 7.00422841e+03 8.08613331e-05
 7.00660461e+03 7.84484170e-05
 7.00898082e+03 7.62448516e-05
 7.01135703e+03 7.51670112e-05
 7.01373324e+03 7.33837271e-05
 7.01610945e+03 7.09762263e-05
 7.01848566e+03 6.96980874e-05
 7.02086187e+03 6.85055736e-05
 7.02323808e+03 6.62468585e-05
 7.02561428e+03 6.45949141e-05
 7.02799049e+03 6.37389812e-05
 7.03036670e+03 6.19179266e-05
 7.03274291e+03 5.99567257e-05
 7.03511912e+03 5.91124192e-05
 7.03749533e+03 5.78332031e-05
 7.03987154e+03 5.57966235e-05
 7.04224775e+03 5.47203467e-05
 7.04462395e+03 5.38853799e-05
 7.04700016e+03 5.20414308e-05
 7.04937637e+03 5.06588648e-05
 7.05175258e+03 5.00482891e-05
 7.05412879e+03 4.85768371e-05
 7.05650500e+03 4.69731000e-05
 7.05888121e+03 4.63606968e-05
 7.06125742e+03 4.53032279e-05
 7.06363362e+03 4.36451871e-05
 7.06600983e+03 4.28830215e-05
 7.06838604e+03 4.21666405e-05
 7.07076225e+03 4.06178155e-05
 7.07313846e+03 3.96588395e-05
 7.07551467e+03 3.91573554e-05
 7.07789088e+03 3.78261055e-05
 7.08026709e+03 3.67010054e-05
 7.08264329e+03 3.62893954e-05
 7.08501950e+03 3.52191740e-05
 7.08739571e+03 3.39969828e-05
 7.08977192e+03 3.35811854e-05
 7.09214813e+03 3.27653431e-05
 7.09452434e+03 3.15217572e-05
 7.09690055e+03 3.10453629e-05
 7.09927676e+03 3.04478109e-05
 7.10165296e+03 2.92479124e-05
 7.10402917e+03 2.86862198e-05
 7.10640538e+03 2.82585532e-05
 7.10878159e+03 2.71497662e-05
 7.11115780e+03 2.65015432e-05
 7.11353401e+03 2.61936678e-05
 7.11591022e+03 2.52052159e-05
 7.11828643e+03 2.44845291e-05
 7.12066263e+03 2.42515089e-05
 7.12303884e+03 2.33960023e-05
 7.12541505e+03 2.26253060e-05
 7.12779126e+03 2.24314175e-05
 7.13016747e+03 2.17074552e-05
 7.13254368e+03 2.09120007e-05
 7.13491989e+03 2.07321255e-05
 7.13729610e+03 2.01284276e-05
 7.13967230e+03 1.93314257e-05
 7.14204851e+03 1.91512365e-05
 7.14442472e+03 1.86507855e-05
 7.14680093e+03 1.78707399e-05
 7.14917714e+03 1.76850236e-05
 7.15155335e+03 1.72687139e-05
 7.15392956e+03 1.65183766e-05
 7.15630577e+03 1.63281304e-05
 7.15868197e+03 1.59776132e-05
 7.16105818e+03 1.52639826e-05
 7.16343439e+03 1.50740742e-05
 7.16581060e+03 1.47731410e-05
 7.16818681e+03 1.40989863e-05
 7.17056302e+03 1.39160393e-05
 7.17293923e+03 1.36510628e-05
 7.17531544e+03 1.30165668e-05
 7.17769164e+03 1.28472078e-05
 7.18006785e+03 1.26069194e-05
 7.18244406e+03 1.20108114e-05
 7.18482027e+03 1.18609341e-05
 7.18719648e+03 1.16357302e-05
 7.18957269e+03 1.10767048e-05
 7.19194890e+03 1.09510726e-05
 7.19432511e+03 1.07324918e-05
 7.19670132e+03 1.02102111e-05
 7.19907752e+03 1.01119375e-05
 7.20145373e+03 9.89231497e-06
 7.20382994e+03 9.40765217e-06
 7.20620615e+03 9.33795548e-06
 7.20858236e+03 9.11025046e-06
 7.21095857e+03 8.66573863e-06
 7.21333478e+03 8.62376655e-06
 7.21571099e+03 8.38182893e-06
 7.21808719e+03 7.98186369e-06
 7.22046340e+03 7.96408202e-06
 7.22283961e+03 7.70323095e-06
 7.22521582e+03 7.35350574e-06
 7.22759203e+03 7.35328632e-06
 7.22996824e+03 7.07119961e-06
 7.23234445e+03 6.77807925e-06
 7.23472066e+03 6.78581044e-06
 7.23709686e+03 6.48357475e-06
 7.23947307e+03 6.25301855e-06
 7.24184928e+03 6.25618841e-06
 7.24422549e+03 5.93922641e-06
 7.24660170e+03 5.77495555e-06
 7.24897791e+03 5.75903937e-06
 7.25135412e+03 5.43794105e-06
 7.25373033e+03 5.33948255e-06
 7.25610653e+03 5.29006769e-06
 7.25848274e+03 4.98046863e-06
 7.26085895e+03 4.94110282e-06
 7.26323516e+03 4.84647605e-06
 7.26561137e+03 4.56747758e-06
 7.26798758e+03 4.57288319e-06
 7.27036379e+03 4.42739318e-06
 7.27274000e+03 4.19887271e-06
 7.27511620e+03 4.22730836e-06
 7.27749241e+03 4.03468458e-06
 7.27986862e+03 3.87282191e-06
 7.28224483e+03 3.89716800e-06
 7.28462104e+03 3.67236741e-06
 7.28699725e+03 3.58428139e-06
 7.28937346e+03 3.57702176e-06
 7.29174967e+03 3.34571738e-06
 7.29412587e+03 3.32507959e-06
 7.29650208e+03 3.26535592e-06
 7.29887829e+03 3.05934660e-06
 7.30125450e+03 3.08443561e-06
 7.30363071e+03 2.96527129e-06
