 2.43527997e+03 2.87389020e-06
 2.43647132e+03 2.98978212e-06
 2.43766266e+03 3.10703944e-06
 2.43885400e+03 3.22861763e-06
 2.44004535e+03 3.35776353e-06
 2.44123669e+03 3.49522509e-06
 2.44242803e+03 3.63868101e-06
 2.44361938e+03 3.78486865e-06
 2.44481072e+03 3.93260950e-06
 2.44600206e+03 4.08404651e-06
 2.44719341e+03 4.24300782e-06
 2.44838475e+03 4.41186800e-06
 2.44957610e+03 4.58961694e-06
 2.45076744e+03 4.77283206e-06
 2.45195878e+03 4.95873693e-06
 2.45315013e+03 5.14778620e-06
 2.45434147e+03 5.34352403e-06
 2.45553281e+03 5.54985091e-06
 2.45672416e+03 5.76791938e-06
 2.45791550e+03 5.99531879e-06
 2.45910684e+03 6.22820283e-06
 2.46029819e+03 6.46468054e-06
 2.46148953e+03 6.70662847e-06
 2.46268088e+03 6.95845571e-06
 2.46387222e+03 7.22375944e-06
 2.46506356e+03 7.50260544e-06
 2.46625491e+03 7.79163374e-06
 2.46744625e+03 8.08694211e-06
 2.46863759e+03 8.38746541e-06
 2.46982894e+03 8.69613109e-06
 2.47102028e+03 9.01787772e-06
 2.47221163e+03 9.35603497e-06
 2.47340297e+03 9.70994920e-06
 2.47459431e+03 1.00756765e-05
 2.47578566e+03 1.04492940e-05
 2.47697700e+03 1.08302195e-05
 2.47816834e+03 1.12220410e-05
 2.47935969e+03 1.16301221e-05
 2.48055103e+03 1.20578551e-05
 2.48174237e+03 1.25043407e-05
 2.48293372e+03 1.29653219e-05
 2.48412506e+03 1.34366461e-05
 2.48531641e+03 1.39177239e-05
 2.48650775e+03 1.44123707e-05
 2.48769909e+03 1.49264113e-05
 2.48889044e+03 1.54637699e-05
 2.49008178e+03 1.60239151e-05
 2.49127312e+03 1.66025427e-05
 2.49246447e+03 1.71950107e-05
 2.49365581e+03 1.78000872e-05
 2.49484716e+03 1.84212781e-05
 2.49603850e+03 1.90648153e-05
 2.49722984e+03 1.97356632e-05
 2.49842119e+03 2.04344149e-05
 2.49961253e+03 2.11572084e-05
 2.50080387e+03 2.18988108e-05
 2.50199522e+03 2.26566671e-05
 2.50318656e+03 2.34331889e-05
 2.50437790e+03 2.42346097e-05
 2.50556925e+03 2.50672581e-05
 2.50676059e+03 2.59336990e-05
 2.50795194e+03 2.68314387e-05
 2.50914328e+03 2.77550038e-05
 2.51033462e+03 2.87000898e-05
 2.51152597e+03 2.96669512e-05
 2.51271731e+03 3.06608394e-05
 2.51390865e+03 3.16891254e-05
 2.51510000e+03 3.27570402e-05
 2.51629134e+03 3.38647663e-05
 2.51748269e+03 3.50078137e-05
 2.51867403e+03 3.61804136e-05
 2.51986537e+03 3.73797904e-05
 2.52105672e+03 3.86085622e-05
 2.52224806e+03 3.98737540e-05
 2.52343940e+03 4.11830239e-05
 2.52463075e+03 4.25404747e-05
 2.52582209e+03 4.39446737e-05
 2.52701343e+03 4.53901027e-05
 2.52820478e+03 4.68711650e-05
 2.52939612e+03 4.83862726e-05
 2.53058747e+03 4.99395452e-05
 2.53177881e+03 5.15390498e-05
 2.53297015e+03 5.31926754e-05
 2.53416150e+03 5.49040794e-05
 2.53535284e+03 5.66711762e-05
 2.53654418e+03 5.84880120e-05
 2.53773553e+03 6.03489747e-05
 2.53892687e+03 6.22528158e-05
 2.54011822e+03 6.42041983e-05
 2.54130956e+03 6.62118044e-05
 2.54250090e+03 6.82841638e-05
 2.54369225e+03 7.04255269e-05
 2.54488359e+03 7.26342112e-05
 2.54607493e+03 7.49042751e-05
 2.54726628e+03 7.72296499e-05
 2.54845762e+03 7.96083418e-05
 2.54964896e+03 8.20444422e-05
 2.55084031e+03 8.45467513e-05
 2.55203165e+03 8.71248644e-05
 2.55322300e+03 8.97847852e-05
 2.55441434e+03 9.25265322e-05
 2.55560568e+03 9.53449399e-05
 2.55679703e+03 9.82333018e-05
 2.55798837e+03 1.01187825e-04
 2.55917971e+03 1.04210610e-04
 2.56037106e+03 1.07309509e-04
 2.56156240e+03 1.10495022e-04
 2.56275375e+03 1.13775796e-04
 2.56394509e+03 1.17155121e-04
 2.56513643e+03 1.20630148e-04
 2.56632778e+03 1.24194302e-04
 2.56751912e+03 1.27841562e-04
 2.56871046e+03 1.31570534e-04
 2.56990181e+03 1.35386173e-04
 2.57109315e+03 1.39298408e-04
 2.57228449e+03 1.43318287e-04
 2.57347584e+03 1.47453614e-04
 2.57466718e+03 1.51706149e-04
 2.57585853e+03 1.56071801e-04
 2.57704987e+03 1.60543622e-04
 2.57824121e+03 1.65116219e-04
 2.57943256e+03 1.69789409e-04
 2.58062390e+03 1.74569455e-04
 2.58181524e+03 1.79467265e-04
 2.58300659e+03 1.84494453e-04
 2.58419793e+03 1.89659078e-04
 2.58538928e+03 1.94963067e-04
 2.58658062e+03 2.00402439e-04
 2.58777196e+03 2.05970250e-04
 2.58896331e+03 2.11660876e-04
 2.59015465e+03 2.17473729e-04
 2.59134599e+03 2.23414710e-04
 2.59253734e+03 2.29494824e-04
 2.59372868e+03 2.35726557e-04
 2.59492002e+03 2.42119635e-04
 2.59611137e+03 2.48678010e-04
 2.59730271e+03 2.55399354e-04
 2.59849406e+03 2.62277268e-04
 2.59968540e+03 2.69305223e-04
 2.60087674e+03 2.76480554e-04
 2.60206809e+03 2.83806836e-04
 2.60325943e+03 2.91293679e-04
 2.60445077e+03 2.98954011e-04
 2.60564212e+03 3.06800065e-04
 2.60683346e+03 3.14839647e-04
 2.60802481e+03 3.23074264e-04
 2.60921615e+03 3.31499769e-04
 2.61040749e+03 3.40109317e-04
 2.61159884e+03 3.48897351e-04
 2.61279018e+03 3.57863099e-04
 2.61398152e+03 3.67012166e-04
 2.61517287e+03 3.76355695e-04
 2.61636421e+03 3.85907361e-04
 2.61755555e+03 3.95679485e-04
 2.61874690e+03 4.05679646e-04
 2.61993824e+03 4.15909174e-04
 2.62112959e+03 4.26363946e-04
 2.62232093e+03 4.37037266e-04
 2.62351227e+03 4.47923640e-04
 2.62470362e+03 4.59022133e-04
 2.62589496e+03 4.70338012e-04
 2.62708630e+03 4.81882187e-04
 2.62827765e+03 4.93668626e-04
 2.62946899e+03 5.05710728e-04
 2.63066034e+03 5.18017925e-04
 2.63185168e+03 5.30593733e-04
 2.63304302e+03 5.43435873e-04
 2.63423437e+03 5.56538395e-04
 2.63542571e+03 5.69895055e-04
 2.63661705e+03 5.83502759e-04
 2.63780840e+03 5.97363930e-04
 2.63899974e+03 6.11486989e-04
 2.64019108e+03 6.25884895e-04
 2.64138243e+03 6.40572162e-04
 2.64257377e+03 6.55561459e-04
 2.64376512e+03 6.70860809e-04
 2.64495646e+03 6.86472366e-04
 2.64614780e+03 7.02393032e-04
 2.64733915e+03 7.18616788e-04
 2.64853049e+03 7.35137870e-04
 2.64972183e+03 7.51953872e-04
 2.65091318e+03 7.69067740e-04
 2.65210452e+03 7.86488140e-04
 2.65329587e+03 8.04228066e-04
 2.65448721e+03 8.22302172e-04
 2.65567855e+03 8.40723650e-04
 2.65686990e+03 8.59501589e-04
 2.65806124e+03 8.78639582e-04
 2.65925258e+03 8.98135946e-04
 2.66044393e+03 9.17985489e-04
 2.66163527e+03 9.38182236e-04
 2.66282661e+03 9.58722357e-04
 2.66401796e+03 9.79606424e-04
 2.66520930e+03 1.00084044e-03
 2.66640065e+03 1.02243529e-03
 2.66759199e+03 1.04440493e-03
 2.66878333e+03 1.06676369e-03
 2.66997468e+03 1.08952361e-03
 2.67116602e+03 1.11269233e-03
 2.67235736e+03 1.13627228e-03
 2.67354871e+03 1.16026119e-03
 2.67474005e+03 1.18465385e-03
 2.67593140e+03 1.20944458e-03
 2.67712274e+03 1.23462978e-03
 2.67831408e+03 1.26020988e-03
 2.67950543e+03 1.28619028e-03
 2.68069677e+03 1.31258100e-03
 2.68188811e+03 1.33939518e-03
 2.68307946e+03 1.36664684e-03
 2.68427080e+03 1.39434850e-03
 2.68546214e+03 1.42250918e-03
 2.68665349e+03 1.45113324e-03
 2.68784483e+03 1.48022042e-03
 2.68903618e+03 1.50976684e-03
 2.69022752e+03 1.53976695e-03
 2.69141886e+03 1.57021568e-03
 2.69261021e+03 1.60111054e-03
 2.69380155e+03 1.63245302e-03
 2.69499289e+03 1.66424904e-03
 2.69618424e+03 1.69650849e-03
 2.69737558e+03 1.72924385e-03
 2.69856693e+03 1.76246820e-03
 2.69975827e+03 1.79619329e-03
 2.70094961e+03 1.83042780e-03
 2.70214096e+03 1.86517634e-03
 2.70333230e+03 1.90043930e-03
 2.70452364e+03 1.93621357e-03
 2.70571499e+03 1.97249394e-03
 2.70690633e+03 2.00927491e-03
 2.70809767e+03 2.04655247e-03
 2.70928902e+03 2.08432552e-03
 2.71048036e+03 2.12259670e-03
 2.71167171e+03 2.16137246e-03
 2.71286305e+03 2.20066234e-03
 2.71405439e+03 2.24047769e-03
 2.71524574e+03 2.28083009e-03
 2.71643708e+03 2.32172972e-03
 2.71762842e+03 2.36318405e-03
 2.71881977e+03 2.40519703e-03
 2.72001111e+03 2.44776898e-03
 2.72120246e+03 2.49089701e-03
 2.72239380e+03 2.53457612e-03
 2.72358514e+03 2.57880053e-03
 2.72477649e+03 2.62356514e-03
 2.72596783e+03 2.66886679e-03
 2.72715917e+03 2.71470512e-03
 2.72835052e+03 2.76108302e-03
 2.72954186e+03 2.80800634e-03
 2.73073320e+03 2.85548328e-03
 2.73192455e+03 2.90352325e-03
 2.73311589e+03 2.95213572e-03
 2.73430724e+03 3.00132888e-03
 2.73549858e+03 3.05110876e-03
 2.73668992e+03 3.10147849e-03
 2.73788127e+03 3.15243817e-03
 2.73907261e+03 3.20398509e-03
 2.74026395e+03 3.25611443e-03
 2.74145530e+03 3.30882019e-03
 2.74264664e+03 3.36209624e-03
 2.74383799e+03 3.41593735e-03
 2.74502933e+03 3.47034006e-03
 2.74622067e+03 3.52530325e-03
 2.74741202e+03 3.58082825e-03
 2.74860336e+03 3.63691877e-03
 2.74979470e+03 3.69358030e-03
 2.75098605e+03 3.75081943e-03
 2.75217739e+03 3.80864294e-03
 2.75336873e+03 3.86705691e-03
 2.75456008e+03 3.92606595e-03
 2.75575142e+03 3.98567265e-03
 2.75694277e+03 4.04587724e-03
 2.75813411e+03 4.10667762e-03
 2.75932545e+03 4.16806959e-03
 2.76051680e+03 4.23004740e-03
 2.76170814e+03 4.29260435e-03
 2.76289948e+03 4.35573356e-03
 2.76409083e+03 4.41942866e-03
 2.76528217e+03 4.48368439e-03
 2.76647352e+03 4.54849703e-03
 2.76766486e+03 4.61386466e-03
 2.76885620e+03 4.67978713e-03
 2.77004755e+03 4.74626586e-03
 2.77123889e+03 4.81330347e-03
 2.77243023e+03 4.88090326e-03
 2.77362158e+03 4.94906866e-03
 2.77481292e+03 5.01780265e-03
 2.77600426e+03 5.08710727e-03
 2.77719561e+03 5.15698320e-03
 2.77838695e+03 5.22742955e-03
 2.77957830e+03 5.29844373e-03
 2.78076964e+03 5.37002154e-03
 2.78196098e+03 5.44215739e-03
 2.78315233e+03 5.51484461e-03
 2.78434367e+03 5.58807586e-03
 2.78553501e+03 5.66184357e-03
 2.78672636e+03 5.73614037e-03
 2.78791770e+03 5.81095947e-03
 2.78910905e+03 5.88629496e-03
 2.79030039e+03 5.96214200e-03
 2.79149173e+03 6.03849692e-03
 2.79268308e+03 6.11535723e-03
 2.79387442e+03 6.19272146e-03
 2.79506576e+03 6.27058896e-03
 2.79625711e+03 6.34895966e-03
 2.79744845e+03 6.42783376e-03
 2.79863979e+03 6.50721142e-03
 2.79983114e+03 6.58709246e-03
 2.80102248e+03 6.66747613e-03
 2.80221383e+03 6.74836093e-03
 2.80340517e+03 6.82974444e-03
 2.80459651e+03 6.91162332e-03
 2.80578786e+03 6.99399327e-03
 2.80697920e+03 7.07684920e-03
 2.80817054e+03 7.16018528e-03
 2.80936189e+03 7.24399517e-03
 2.81055323e+03 7.32827224e-03
 2.81174458e+03 7.41300977e-03
 2.81293592e+03 7.49820115e-03
 2.81412726e+03 7.58384012e-03
 2.81531861e+03 7.66992093e-03
 2.81650995e+03 7.75643845e-03
 2.81770129e+03 7.84338832e-03
 2.81889264e+03 7.93076693e-03
 2.82008398e+03 8.01857153e-03
 2.82127532e+03 8.10680013e-03
 2.82246667e+03 8.19545148e-03
 2.82365801e+03 8.28452499e-03
 2.82484936e+03 8.37402064e-03
 2.82604070e+03 8.46393885e-03
 2.82723204e+03 8.55428043e-03
 2.82842339e+03 8.64504644e-03
 2.82961473e+03 8.73623813e-03
 2.83080607e+03 8.82785685e-03
 2.83199742e+03 8.91990405e-03
 2.83318876e+03 9.01238124e-03
 2.83438011e+03 9.10528996e-03
 2.83557145e+03 9.19863188e-03
 2.83676279e+03 9.29240879e-03
 2.83795414e+03 9.38662271e-03
 2.83914548e+03 9.48127597e-03
 2.84033682e+03 9.57637130e-03
 2.84152817e+03 9.67191196e-03
 2.84271951e+03 9.76790185e-03
 2.84391085e+03 9.86434568e-03
 2.84510220e+03 9.96124902e-03
 2.84629354e+03 1.00586185e-02
 2.84748489e+03 1.01564620e-02
 2.84867623e+03 1.02547884e-02
 2.84986757e+03 1.03536084e-02
 2.85105892e+03 1.04529338e-02
 2.85225026e+03 1.05527785e-02
 2.85344160e+03 1.06531577e-02
 2.85463295e+03 1.07540887e-02
 2.85582429e+03 1.08555908e-02
 2.85701564e+03 1.09576853e-02
 2.85820698e+03 1.10603958e-02
 2.85939832e+03 1.11637482e-02
 2.86058967e+03 1.12677708e-02
 2.86178101e+03 1.13724947e-02
 2.86297235e+03 1.14779536e-02
 2.86416370e+03 1.15841843e-02
 2.86535504e+03 1.16912267e-02
 2.86654638e+03 1.17991243e-02
 2.86773773e+03 1.19079238e-02
 2.86892907e+03 1.20176762e-02
 2.87012042e+03 1.21284364e-02
 2.87131176e+03 1.22402640e-02
 2.87250310e+03 1.23532233e-02
 2.87369445e+03 1.24673839e-02
 2.87488579e+03 1.25828210e-02
 2.87607713e+03 1.26996160e-02
 2.87726848e+03 1.28178568e-02
 2.87845982e+03 1.29376385e-02
 2.87965117e+03 1.30590639e-02
 2.88084251e+03 1.31822443e-02
 2.88203385e+03 1.33072998e-02
 2.88322520e+03 1.34343607e-02
 2.88441654e+03 1.35635677e-02
 2.88560788e+03 1.36950732e-02
 2.88679923e+03 1.38290421e-02
 2.88799057e+03 1.39656529e-02
 2.88918191e+03 1.41050990e-02
 2.89037326e+03 1.42475897e-02
 2.89156460e+03 1.43933519e-02
 2.89275595e+03 1.45426311e-02
 2.89394729e+03 1.46956938e-02
 2.89513863e+03 1.48528286e-02
 2.89632998e+03 1.50143486e-02
 2.89752132e+03 1.51805931e-02
 2.89871266e+03 1.53519304e-02
 2.89990401e+03 1.55287602e-02
 2.90109535e+03 1.57115161e-02
 2.90228670e+03 1.59006692e-02
 2.90347804e+03 1.60967308e-02
 2.90466938e+03 1.63002565e-02
 2.90586073e+03 1.65118502e-02
 2.90705207e+03 1.67321679e-02
 2.90824341e+03 1.69619232e-02
 2.90943476e+03 1.72018921e-02
 2.91062610e+03 1.74529188e-02
 2.91181744e+03 1.77159220e-02
 2.91300879e+03 1.79919014e-02
 2.91420013e+03 1.82819458e-02
 2.91539148e+03 1.85872407e-02
 2.91658282e+03 1.89090773e-02
 2.91777416e+03 1.92488627e-02
 2.91896551e+03 1.96081302e-02
 2.92015685e+03 1.99885508e-02
 2.92134819e+03 2.03919466e-02
 2.92253954e+03 2.08203038e-02
 2.92373088e+03 2.12757889e-02
 2.92492223e+03 2.17607646e-02
 2.92611357e+03 2.22778079e-02
 2.92730491e+03 2.28297305e-02
 2.92849626e+03 2.34195992e-02
 2.92968760e+03 2.40507604e-02
 2.93087894e+03 2.47268653e-02
 2.93207029e+03 2.54518966e-02
 2.93326163e+03 2.62302008e-02
 2.93445297e+03 2.70665186e-02
 2.93564432e+03 2.79660219e-02
 2.93683566e+03 2.89343526e-02
 2.93802701e+03 2.99776626e-02
 2.93921835e+03 3.11026613e-02
 2.94040969e+03 3.23166628e-02
 2.94160104e+03 3.36276388e-02
 2.94279238e+03 3.50442775e-02
 2.94398372e+03 3.65760417e-02
 2.94517507e+03 3.82332374e-02
 2.94636641e+03 4.00270846e-02
 2.94755776e+03 4.19697904e-02
 2.94874910e+03 4.40746351e-02
 2.94994044e+03 4.63560550e-02
 2.95113179e+03 4.88297366e-02
 2.95232313e+03 5.15127179e-02
 2.95351447e+03 5.44234876e-02
 2.95470582e+03 5.75821024e-02
 2.95589716e+03 6.10103012e-02
 2.95708850e+03 6.47316269e-02
 2.95827985e+03 6.87715627e-02
 2.95947119e+03 7.31576612e-02
 2.96066254e+03 7.79196896e-02
 2.96185388e+03 8.30897803e-02
 2.96304522e+03 8.87025744e-02
 2.96423657e+03 9.47953900e-02
 2.96542791e+03 1.01408375e-01
 2.96661925e+03 1.08584670e-01
 2.96781060e+03 1.16370584e-01
 2.96900194e+03 1.24815742e-01
 2.97019329e+03 1.33973265e-01
 2.97138463e+03 1.43899925e-01
 2.97257597e+03 1.54656292e-01
 2.97376732e+03 1.66306899e-01
 2.97495866e+03 1.78920359e-01
 2.97615000e+03 1.92569500e-01
 2.97734135e+03 2.07331472e-01
 2.97853269e+03 2.23287815e-01
 2.97972403e+03 2.40524538e-01
 2.98091538e+03 2.59132133e-01
 2.98210672e+03 2.79205566e-01
 2.98329807e+03 3.00844245e-01
 2.98448941e+03 3.24151899e-01
 2.98568075e+03 3.49236449e-01
 2.98687210e+03 3.76209792e-01
 2.98806344e+03 4.05187517e-01
 2.98925478e+03 4.36288569e-01
 2.99044613e+03 4.69634804e-01
 2.99163747e+03 5.05350473e-01
 2.99282882e+03 5.43561605e-01
 2.99402016e+03 5.84395281e-01
 2.99521150e+03 6.27978805e-01
 2.99640285e+03 6.74438748e-01
 2.99759419e+03 7.23899883e-01
 2.99878553e+03 7.76483966e-01
 2.99997688e+03 8.32308417e-01
 3.00116822e+03 8.91484834e-01
 3.00235956e+03 9.54117378e-01
 3.00355091e+03 1.02030105e+00
 3.00474225e+03 1.09011977e+00
 3.00593360e+03 1.16364438e+00
 3.00712494e+03 1.24093052e+00
 3.00831628e+03 1.32201633e+00
 3.00950763e+03 1.40692014e+00
 3.01069897e+03 1.49563799e+00
 3.01189031e+03 1.58814114e+00
 3.01308166e+03 1.68437354e+00
 3.01427300e+03 1.78424920e+00
 3.01546435e+03 1.88764968e+00
 3.01665569e+03 1.99442162e+00
 3.01784703e+03 2.10437419e+00
 3.01903838e+03 2.21727701e+00
 3.02022972e+03 2.33285781e+00
 3.02142106e+03 2.45080070e+00
 3.02261241e+03 2.57074451e+00
 3.02380375e+03 2.69228142e+00
 3.02499509e+03 2.81495620e+00
 3.02618644e+03 2.93826561e+00
 3.02737778e+03 3.06165846e+00
 3.02856913e+03 3.18453627e+00
 3.02976047e+03 3.30625423e+00
 3.03095181e+03 3.42612326e+00
 3.03214316e+03 3.54341239e+00
 3.03333450e+03 3.65735200e+00
 3.03452584e+03 3.76713797e+00
 3.03571719e+03 3.87193640e+00
 3.03690853e+03 3.97088931e+00
 3.03809988e+03 4.06312114e+00
 3.03929122e+03 4.14774602e+00
 3.04048256e+03 4.22387600e+00
 3.04167391e+03 4.29062989e+00
 3.04286525e+03 4.34714305e+00
 3.04405659e+03 4.39257774e+00
 3.04524794e+03 4.42613426e+00
 3.04643928e+03 4.44706253e+00
 3.04763062e+03 4.45467417e+00
 3.04882197e+03 4.44835516e+00
 3.05001331e+03 4.42757826e+00
 3.05120466e+03 4.39191608e+00
 3.05239600e+03 4.34105375e+00
 3.05358734e+03 4.27480110e+00
 3.05477869e+03 4.19310522e+00
 3.05597003e+03 4.09606127e+00
 3.05716137e+03 3.98392302e+00
 3.05835272e+03 3.85711241e+00
 3.05954406e+03 3.71622659e+00
 3.06073541e+03 3.56204460e+00
 3.06192675e+03 3.39553085e+00
 3.06311809e+03 3.21783648e+00
 3.06430944e+03 3.03029865e+00
 3.06550078e+03 2.83443545e+00
 3.06669212e+03 2.63193868e+00
 3.06788347e+03 2.42466228e+00
 3.06907481e+03 2.21460654e+00
 3.07026615e+03 2.00389897e+00
 3.07145750e+03 1.79476981e+00
 3.07264884e+03 1.58952376e+00
 3.07384019e+03 1.39050702e+00
 3.07503153e+03 1.20007007e+00
 3.07622287e+03 1.02052653e+00
 3.07741422e+03 8.54108302e-01
 3.07860556e+03 7.02918427e-01
 3.07979690e+03 5.68880774e-01
 3.08098825e+03 4.53690181e-01
 3.08217959e+03 3.58761847e-01
 3.08337094e+03 2.85182164e-01
 3.08456228e+03 2.33664738e-01
 3.08575362e+03 2.04508494e-01
 3.08694497e+03 1.97565383e-01
 3.08813631e+03 2.12215994e-01
 3.08932765e+03 2.47354067e-01
 3.09051900e+03 3.01386913e-01
 3.09171034e+03 3.72245960e-01
 3.09290168e+03 4.57414381e-01
 3.09409303e+03 5.53970851e-01
 3.09528437e+03 6.58647033e-01
 3.09647572e+03 7.67903665e-01
 3.09766706e+03 8.78019108e-01
 3.09885840e+03 9.85191912e-01
 3.10004975e+03 1.08565336e+00
 3.10124109e+03 1.17578753e+00
 3.10243243e+03 1.25225458e+00
 3.10362378e+03 1.31211165e+00
 3.10481512e+03 1.35293059e+00
 3.10600647e+03 1.37289993e+00
 3.10719781e+03 1.37091386e+00
 3.10838915e+03 1.34663853e+00
 3.10958050e+03 1.30054913e+00
 3.11077184e+03 1.23394272e+00
 3.11196318e+03 1.14891206e+00
 3.11315453e+03 1.04828862e+00
 3.11434587e+03 9.35552089e-01
 3.11553721e+03 8.14703746e-01
 3.11672856e+03 6.90115509e-01
 3.11791990e+03 5.66351898e-01
 3.11911125e+03 4.47977530e-01
 3.12030259e+03 3.39354478e-01
 3.12149393e+03 2.44442284e-01
 3.12268528e+03 1.66608053e-01
 3.12387662e+03 1.08456057e-01
 3.12506796e+03 7.16931342e-02
 3.12625931e+03 5.70263515e-02
 3.12745065e+03 6.41139190e-02
 3.12864200e+03 9.15655391e-02
 3.12983334e+03 1.36993688e-01
 3.13102468e+03 1.97125819e-01
 3.13221603e+03 2.67959608e-01
 3.13340737e+03 3.44966612e-01
 3.13459871e+03 4.23328650e-01
 3.13579006e+03 4.98196211e-01
 3.13698140e+03 5.64955986e-01
 3.13817274e+03 6.19490189e-01
 3.13936409e+03 6.58416879e-01
 3.14055543e+03 6.79286944e-01
 3.14174678e+03 6.80737910e-01
 3.14293812e+03 6.62580518e-01
 3.14412946e+03 6.25816589e-01
 3.14532081e+03 5.72589721e-01
 3.14651215e+03 5.06055101e-01
 3.14770349e+03 4.30191044e-01
 3.14889484e+03 3.49549800e-01
 3.15008618e+03 2.68967231e-01
 3.15127752e+03 1.93248808e-01
 3.15246887e+03 1.26850263e-01
 3.15366021e+03 7.35774428e-02
 3.15485156e+03 3.63196612e-02
 3.15604290e+03 1.68486415e-02
 3.15723424e+03 1.56831932e-02
 3.15842559e+03 3.20453557e-02
 3.15961693e+03 6.39098156e-02
 3.16080827e+03 1.08138881e-01
 3.16199962e+03 1.60711989e-01
 3.16319096e+03 2.17019111e-01
 3.16438231e+03 2.72210017e-01
 3.16557365e+03 3.21567767e-01
 3.16676499e+03 3.60882099e-01
 3.16795634e+03 3.86789654e-01
 3.16914768e+03 3.97051670e-01
 3.17033902e+03 3.90752201e-01
 3.17153037e+03 3.68379630e-01
 3.17272171e+03 3.31801139e-01
 3.17391305e+03 2.84111614e-01
 3.17510440e+03 2.29370953e-01
 3.17629574e+03 1.72253802e-01
 3.17748709e+03 1.17629479e-01
 3.17867843e+03 7.01193295e-02
 3.17986977e+03 3.36613087e-02
 3.18106112e+03 1.11364171e-02
 3.18225246e+03 4.07975941e-03
 3.18344380e+03 1.25225959e-02
 3.18463515e+03 3.49797442e-02
 3.18582649e+03 6.85820552e-02
 3.18701784e+03 1.09363578e-01
 3.18820918e+03 1.52658169e-01
 3.18940052e+03 1.93583980e-01
 3.19059187e+03 2.27555801e-01
 3.19178321e+03 2.50779399e-01
 3.19297455e+03 2.60664378e-01
 3.19416590e+03 2.56111412e-01
 3.19535724e+03 2.37643157e-01
 3.19654858e+03 2.07341684e-01
 3.19773993e+03 1.68618594e-01
 3.19893127e+03 1.25818247e-01
 3.20012262e+03 8.37107952e-02
 3.20131396e+03 4.69269431e-02
 3.20250530e+03 1.94044286e-02
 3.20369665e+03 3.91383244e-03
 3.20488799e+03 1.71975425e-03
 3.20607933e+03 1.24365967e-02
 3.20727068e+03 3.40779077e-02
 3.20846202e+03 6.33214400e-02
 3.20965337e+03 9.59403640e-02
 3.21084471e+03 1.27355268e-01
 3.21203605e+03 1.53234509e-01
 3.21322740e+03 1.70061935e-01
 3.21441874e+03 1.75598952e-01
 3.21561008e+03 1.69167028e-01
 3.21680143e+03 1.51729592e-01
 3.21799277e+03 1.25734964e-01
 3.21918411e+03 9.47632902e-02
 3.22037546e+03 6.30124806e-02
 3.22156680e+03 3.46993633e-02
 3.22275815e+03 1.34613976e-02
 3.22394949e+03 1.84356798e-03
 3.22514083e+03 9.50979689e-04
 3.22633218e+03 1.03039691e-02
 3.22752352e+03 2.79401891e-02
 3.22871486e+03 5.07244128e-02
 3.22990621e+03 7.48377878e-02
 3.23109755e+03 9.63632806e-02
 3.23228890e+03 1.11882640e-01
 3.23348024e+03 1.18990712e-01
 3.23467158e+03 1.16647633e-01
 3.23586293e+03 1.05322116e-01
 3.23705427e+03 8.68862573e-02
 3.23824561e+03 6.43010931e-02
 3.23943696e+03 4.11227250e-02
 3.24062830e+03 2.09224758e-02
 3.24181964e+03 6.70477740e-03
 3.24301099e+03 4.26284824e-04
 3.24420233e+03 2.68823229e-03
 3.24539368e+03 1.26538551e-02
 3.24658502e+03 2.82142599e-02
 3.24777636e+03 4.63586410e-02
 3.24896771e+03 6.37053960e-02
 3.25015905e+03 7.70877274e-02
 3.25135039e+03 8.41066155e-02
 3.25254174e+03 8.35398737e-02
 3.25373308e+03 7.55489688e-02
 3.25492443e+03 6.16346470e-02
 3.25611577e+03 4.43489022e-02
 3.25730711e+03 2.68205787e-02
 3.25849846e+03 1.21684013e-02
 3.25968980e+03 2.92119759e-03
 3.26088114e+03 5.41467656e-04
 3.26207249e+03 5.16034412e-03
 3.26326383e+03 1.55572822e-02
 3.26445517e+03 2.94107314e-02
 3.26564652e+03 4.37611592e-02
 3.26683786e+03 5.56031981e-02
 3.26802921e+03 6.24883621e-02
 3.26922055e+03 6.30165807e-02
 3.27041189e+03 5.71173630e-02
 3.27160324e+03 4.60500218e-02
 3.27279458e+03 3.21360722e-02
 3.27398592e+03 1.82572036e-02
 3.27517727e+03 7.24079044e-03
 3.27636861e+03 1.24926799e-03
 3.27755996e+03 1.32092657e-03
 3.27875130e+03 7.14930085e-03
 3.27994264e+03 1.71654140e-02
 3.28113399e+03 2.89012497e-02
 3.28232533e+03 3.95528963e-02
 3.28351667e+03 4.66222110e-02
 3.28470802e+03 4.84828469e-02
 3.28589936e+03 4.47477334e-02
 3.28709070e+03 3.63370203e-02
 3.28828205e+03 2.52484444e-02
 3.28947339e+03 1.40641370e-02
 3.29066474e+03 5.32866465e-03
 3.29185608e+03 9.35132938e-04
 3.29304742e+03 1.68214925e-03
 3.29423877e+03 7.09688874e-03
 3.29543011e+03 1.55769368e-02
 3.29662145e+03 2.48110006e-02
 3.29781280e+03 3.23684925e-02
 3.29900414e+03 3.63131910e-02
 3.30019549e+03 3.56787772e-02
 3.30138683e+03 3.06946808e-02
 3.30257817e+03 2.26928815e-02
 3.30376952e+03 1.37409489e-02
 3.30496086e+03 6.08358563e-03
 3.30615220e+03 1.55592857e-03
 3.30734355e+03 1.11030989e-03
 3.30853489e+03 4.59456618e-03
 3.30972623e+03 1.08224091e-02
 3.31091758e+03 1.79219839e-02
 3.31210892e+03 2.38587932e-02
 3.31330027e+03 2.69895882e-02
 3.31449161e+03 2.64952040e-02
 3.31568295e+03 2.25761144e-02
 3.31687430e+03 1.63670486e-02
 3.31806564e+03 9.59072267e-03
 3.31925698e+03 4.06436872e-03
 3.32044833e+03 1.18866709e-03
 3.32163967e+03 1.57291737e-03
 3.32283102e+03 4.88590018e-03
 3.32402236e+03 9.98402888e-03
 3.32521370e+03 1.52599122e-02
 3.32640505e+03 1.91180487e-02
 3.32759639e+03 2.04305939e-02
 3.32878773e+03 1.88505558e-02
 3.32997908e+03 1.48872554e-02
 3.33117042e+03 9.73228479e-03
 3.33236176e+03 4.89037057e-03
 3.33355311e+03 1.72502772e-03
 3.33474445e+03 1.05727113e-03
 3.33593580e+03 2.93251478e-03
 3.33712714e+03 6.62845104e-03
 3.33831848e+03 1.08897852e-02
 3.33950983e+03 1.43265501e-02
 3.34070117e+03 1.58429091e-02
 3.34189251e+03 1.49737369e-02
 3.34308386e+03 1.20146649e-02
 3.34427520e+03 7.91781736e-03
 3.34546655e+03 3.97560177e-03
 3.34665789e+03 1.40281008e-03
 3.34784923e+03 9.43383557e-04
 3.34904058e+03 2.63710948e-03
 3.35023192e+03 5.81489111e-03
 3.35142326e+03 9.33031270e-03
 3.35261461e+03 1.19485534e-02
 3.35380595e+03 1.27636210e-02
 3.35499729e+03 1.15017647e-02
 3.35618864e+03 8.60695299e-03
 3.35737998e+03 5.08039517e-03
 3.35857133e+03 2.12355917e-03
 3.35976267e+03 7.15326799e-04
 3.36095401e+03 1.26693034e-03
 3.36214536e+03 3.48465038e-03
 3.36333670e+03 6.48183990e-03
 3.36452804e+03 9.11054490e-03
 3.36571939e+03 1.03818184e-02
 3.36691073e+03 9.82898870e-03
 3.36810208e+03 7.66941095e-03
 3.36929342e+03 4.71496923e-03
 3.37048476e+03 2.05476410e-03
 3.37167611e+03 6.40570986e-04
 3.37286745e+03 9.25324160e-04
 3.37405879e+03 2.70236726e-03
 3.37525014e+03 5.19713007e-03
 3.37644148e+03 7.38140767e-03
 3.37763282e+03 8.37883343e-03
 3.37882417e+03 7.80614117e-03
 3.38001551e+03 5.90984537e-03
 3.38120686e+03 3.45213934e-03
 3.38239820e+03 1.39212133e-03
 3.38358954e+03 4.96172068e-04
 3.38478089e+03 1.03497174e-03
 3.38597223e+03 2.69047571e-03
 3.38716357e+03 4.70539545e-03
 3.38835492e+03 6.20726643e-03
 3.38954626e+03 6.57070671e-03
 3.39073761e+03 5.66524267e-03
 3.39192895e+03 3.89072227e-03
 3.39312029e+03 1.98889871e-03
 3.39431164e+03 7.21197190e-04
 3.39550298e+03 5.48661846e-04
 3.39669432e+03 1.45267506e-03
 3.39788567e+03 2.96288198e-03
 3.39907701e+03 4.37817230e-03
 3.40026835e+03 5.07343131e-03
 3.40145970e+03 4.76279369e-03
 3.40265104e+03 3.60363569e-03
 3.40384239e+03 2.10915006e-03
 3.40503373e+03 9.09122013e-04
 3.40622507e+03 4.74622385e-04
 3.40741642e+03 9.21638823e-04
 3.40860776e+03 1.98050693e-03
 3.40979910e+03 3.13075702e-03
 3.41099045e+03 3.84108761e-03
 3.41218179e+03 3.80006971e-03
 3.41337314e+03 3.04270592e-03
 3.41456448e+03 1.91675445e-03
 3.41575582e+03 9.16274282e-04
 3.41694717e+03 4.56033318e-04
 3.41813851e+03 6.92736556e-04
 3.41932985e+03 1.46530930e-03
 3.42052120e+03 2.38105106e-03
 3.42171254e+03 2.99966573e-03
 3.42290388e+03 3.03408673e-03
 3.42409523e+03 2.47395716e-03
 3.42528657e+03 1.58236226e-03
 3.42647792e+03 7.66309205e-04
 3.42766926e+03 3.85891340e-04
 3.42886060e+03 5.87434983e-04
 3.43005195e+03 1.24080623e-03
 3.43124329e+03 2.00553229e-03
 3.43243463e+03 2.49682985e-03
 3.43362598e+03 2.46987913e-03
 3.43481732e+03 1.93679462e-03
 3.43600867e+03 1.15678237e-03
 3.43720001e+03 5.06674204e-04
 3.43839135e+03 2.92634475e-04
 3.43958270e+03 5.98500437e-04
 3.44077404e+03 1.24468170e-03
 3.44196538e+03 1.88181360e-03
 3.44315673e+03 2.17033875e-03
 3.44434807e+03 1.95621423e-03
 3.44553941e+03 1.34896126e-03
 3.44673076e+03 6.62785762e-04
 3.44792210e+03 2.48629349e-04
 3.44911345e+03 3.07793616e-04
 3.45030479e+03 7.84954303e-04
 3.45149613e+03 1.40127948e-03
 3.45268748e+03 1.80774910e-03
 3.45387882e+03 1.77711322e-03
 3.45507016e+03 1.32626180e-03
 3.45626151e+03 7.03754572e-04
 3.45745285e+03 2.47256760e-04
 3.45864420e+03 1.93867753e-04
 3.45983554e+03 5.48245685e-04
 3.46102688e+03 1.08581742e-03
 3.46221823e+03 1.48488024e-03
 3.46340957e+03 1.51304403e-03
 3.46460091e+03 1.15708553e-03
 3.46579226e+03 6.25006478e-04
 3.46698360e+03 2.18371052e-04
 3.46817494e+03 1.55096120e-04
 3.46936629e+03 4.44668099e-04
 3.47055763e+03 8.91145067e-04
 3.47174898e+03 1.21526365e-03
 3.47294032e+03 1.22288344e-03
 3.47413166e+03 9.15169767e-04
 3.47532301e+03 4.79965292e-04
 3.47651435e+03 1.70681693e-04
 3.47770569e+03 1.52862237e-04
 3.47889704e+03 4.09084879e-04
 3.48008838e+03 7.59958513e-04
 3.48127973e+03 9.80067623e-04
 3.48247107e+03 9.36724071e-04
 3.48366241e+03 6.63702428e-04
 3.48485376e+03 3.31218691e-04
 3.48604510e+03 1.33817433e-04
 3.48723644e+03 1.71625802e-04
 3.48842779e+03 3.95697887e-04
 3.48961913e+03 6.48579328e-04
 3.49081047e+03 7.67105684e-04
 3.49200182e+03 6.82009062e-04
 3.49319316e+03 4.52527343e-04
 3.49438451e+03 2.21017435e-04
 3.49557585e+03 1.20067064e-04
 3.49676719e+03 1.93236802e-04
 3.49795854e+03 3.75628359e-04
 3.49914988e+03 5.41818587e-04
 3.50034122e+03 5.86171556e-04
 3.50153257e+03 4.84926250e-04
 3.50272391e+03 3.04143549e-04
 3.50391526e+03 1.53296209e-04
 3.50510660e+03 1.16351695e-04
 3.50629794e+03 2.03021684e-04
 3.50748929e+03 3.47790793e-04
 3.50868063e+03 4.53833510e-04
 3.50987197e+03 4.53305626e-04
 3.51106332e+03 3.46998033e-04
 3.51225466e+03 2.01137974e-04
 3.51344600e+03 1.04324502e-04
 3.51463735e+03 1.12130616e-04
 3.51582869e+03 2.12800747e-04
 3.51702004e+03 3.35777119e-04
 3.51821138e+03 3.97072768e-04
 3.51940272e+03 3.53849367e-04
 3.52059407e+03 2.32348707e-04
 3.52178541e+03 1.11204096e-04
 3.52297675e+03 6.89662157e-05
 3.52416810e+03 1.31030548e-04
 3.52535944e+03 2.51144478e-04
 3.52655079e+03 3.42705709e-04
 3.52774213e+03 3.38539375e-04
 3.52893347e+03 2.38995053e-04
 3.53012482e+03 1.12375733e-04
 3.53131616e+03 4.69604456e-05
 3.53250750e+03 8.69572621e-05
 3.53369885e+03 1.99949420e-04
 3.53489019e+03 2.99842945e-04
 3.53608153e+03 3.10458820e-04
 3.53727288e+03 2.22227141e-04
 3.53846422e+03 9.95969678e-05
 3.53965557e+03 3.23865116e-05
 3.54084691e+03 6.76414863e-05
 3.54203825e+03 1.74113411e-04
 3.54322960e+03 2.66660833e-04
 3.54442094e+03 2.72360970e-04
 3.54561228e+03 1.86414046e-04
 3.54680363e+03 7.50284289e-05
 3.54799497e+03 2.23728784e-05
 3.54918632e+03 6.47723178e-05
 3.55037766e+03 1.63086097e-04
 3.55156900e+03 2.35793768e-04
 3.55276035e+03 2.24249613e-04
 3.55395169e+03 1.38585195e-04
 3.55514303e+03 4.70213586e-05
 3.55633438e+03 1.95785892e-05
 3.55752572e+03 7.20213666e-05
 3.55871706e+03 1.55726348e-04
 3.55990841e+03 1.99620728e-04
 3.56109975e+03 1.68410423e-04
 3.56229110e+03 8.91696754e-05
 3.56348244e+03 2.59093679e-05
 3.56467378e+03 2.57796200e-05
 3.56586513e+03 8.17724692e-05
 3.56705647e+03 1.42179378e-04
 3.56824781e+03 1.55486465e-04
 3.56943916e+03 1.12430428e-04
 3.57063050e+03 5.01053930e-05
 3.57182185e+03 1.82118156e-05
 3.57301319e+03 3.73906416e-05
 3.57420453e+03 8.51054021e-05
 3.57539588e+03 1.17901559e-04
 3.57658722e+03 1.08834366e-04
 3.57777856e+03 6.76637845e-05
 3.57896991e+03 2.90174681e-05
 3.58016125e+03 2.16462461e-05
 3.58135259e+03 4.58607280e-05
 3.58254394e+03 7.68476568e-05
 3.58373528e+03 8.76276260e-05
 3.58492663e+03 7.08645418e-05
 3.58611797e+03 4.18140931e-05
 3.58730931e+03 2.32015173e-05
 3.58850066e+03 2.64662262e-05
 3.58969200e+03 4.48549979e-05
 3.59088334e+03 6.13513169e-05
 3.59207469e+03 6.29286535e-05
 3.59326603e+03 4.93084510e-05
 3.59445738e+03 3.11858816e-05
 3.59564872e+03 2.12095892e-05
 3.59684006e+03 2.50938781e-05
 3.59803141e+03 3.84224134e-05
 3.59922275e+03 5.02723119e-05
 3.60041409e+03 5.09750950e-05
 3.60160544e+03 3.91180553e-05
 3.60279678e+03 2.30906325e-05
 3.60398812e+03 1.52235757e-05
 3.60517947e+03 2.20342575e-05
 3.60637081e+03 3.79763188e-05
 3.60756216e+03 4.90409915e-05
 3.60875350e+03 4.44202967e-05
 3.60994484e+03 2.68329612e-05
 3.61113619e+03 1.12463749e-05
 3.61232753e+03 1.18912250e-05
 3.61351887e+03 2.85711990e-05
 3.61471022e+03 4.57834182e-05
 3.61590156e+03 4.66729284e-05
 3.61709291e+03 2.93719299e-05
 3.61828425e+03 9.67615382e-06
 3.61947559e+03 6.30723992e-06
 3.62066694e+03 2.25923035e-05
 3.62185828e+03 4.25190070e-05
 3.62304962e+03 4.61518776e-05
 3.62424097e+03 2.93538062e-05
 3.62543231e+03 8.33088839e-06
 3.62662365e+03 3.62422167e-06
 3.62781500e+03 1.95066384e-05
 3.62900634e+03 3.95472934e-05
 3.63019769e+03 4.31614144e-05
 3.63138903e+03 2.65438250e-05
 3.63258037e+03 6.37945031e-06
 3.63377172e+03 2.72791577e-06
 3.63496306e+03 1.84088995e-05
 3.63615440e+03 3.64846684e-05
 3.63734575e+03 3.79711233e-05
 3.63853709e+03 2.14476414e-05
 3.63972844e+03 4.01297703e-06
 3.64091978e+03 3.06105348e-06
 3.64211112e+03 1.83093830e-05
 3.64330247e+03 3.27183359e-05
 3.64449381e+03 3.09417321e-05
 3.64568515e+03 1.51446350e-05
 3.64687650e+03 1.96732469e-06
 3.64806784e+03 4.33657293e-06
 3.64925918e+03 1.81986796e-05
 3.65045053e+03 2.77551474e-05
 3.65164187e+03 2.27918759e-05
 3.65283322e+03 9.07251893e-06
 3.65402456e+03 1.05112341e-06
