 490 9.5656115987763117671e-17
 490.46066066066066469 1.1959819897294253411e-16
 490.92132132132132938 1.4908109766684679146e-16
 491.38198198198199407 1.8552836408349169026e-16
 491.84264264264265876 2.3061244311854772729e-16
 492.30330330330332345 2.8633366735126366916e-16
 492.76396396396398814 3.5537867238095848398e-16
 493.22462462462459598 4.4117319021032998513e-16
 493.68528528528526067 5.4761956289854080447e-16
 494.14594594594592536 6.7924499167070539554e-16
 494.60660660660659005 8.4174946285484898116e-16
 495.06726726726725474 1.0421349583790964657e-15
 495.52792792792791943 1.2885006294075502923e-15
 495.98858858858858412 1.5905126832239660457e-15
 496.44924924924924881 1.9604282233895965812e-15
 496.90990990990991349 2.4135040294018879649e-15
 497.37057057057057818 2.9679383531178695502e-15
 497.83123123123124287 3.6457433547047310798e-15
 498.29189189189190756 4.47433245068397931e-15
 498.75255255255257225 5.4872335544870471169e-15
 499.21321321321323694 6.7241807708892562723e-15
 499.67387387387384479 8.2325500490105317897e-15
 500.13453453453450948 1.0069982091979439772e-14
 500.59519519519517416 1.2306050775468001511e-14
 501.05585585585583885 1.5023203517905946049e-14
 501.51651651651650354 1.8319706393259164926e-14
 501.97717717717716823 2.2314575134918774836e-14
 502.43783783783783292 2.7151552537706340702e-14
 502.89849849849849761 3.3002050118855559926e-14
 503.3591591591591623 4.0070656736879005931e-14
 503.81981981981982699 4.8603816282306146583e-14
 504.28048048048049168 5.88976966111187341e-14
 504.74114114114115637 7.1304547415356475845e-14
 505.20180180180182106 8.6242373130600317467e-14
 505.66246246246248575 1.0420981144101369345e-13
 506.12312312312315044 1.2580141634704397098e-13
 506.58378378378375828 1.5172133218692486649e-13
 507.04444444444442297 1.8280137797466330779e-13
 507.50510510510508766 2.2002782506599360831e-13
 507.96576576576575235 2.6457140126265283781e-13
 508.42642642642641704 3.178162119569639932e-13
 508.88708708708708173 3.813939928218468443e-13
 509.34774774774774642 4.5723171824668719803e-13
 509.80840840840841111 5.4760774580626340091e-13
 510.26906906906907579 6.55208200442644786e-13
 510.72972972972974048 7.83189769204791096e-13
 511.19039039039040517 9.3526187354052166611e-13
 511.65105105105106986 1.115786825014398132e-12
 512.11171171171167771 1.329885423298905378e-12
 512.5723723723723424 1.5835510287060949259e-12
 513.03303303303300709 1.883791471789586468e-12
 513.49369369369367178 2.2388048750996834422e-12
 513.95435435435433646 2.6581735961806504656e-12
 514.41501501501500115 3.1530720208815193996e-12
 514.87567567567566584 3.7365128439127825459e-12
 515.33633633633633053 4.4236506407595815423e-12
 515.79699699699699522 5.2321277829777722659e-12
 516.25765765765765991 6.1824469801175084065e-12
 516.7183183183183246 7.2983945682330387504e-12
 517.17897897897898929 8.60755240170010878e-12
 517.63963963963965398 1.0141893491927732735e-11
 518.10030030030031867 1.1938432047568487265e-11
 518.56096096096098336 1.4039943572691215817e-11
 519.02162162162164805 1.6495811949853154924e-11
 519.48228228228231274 1.9363025091947299538e-11
 519.94294294294297742 2.2707283265240219974e-11
 520.40360360360364211 2.6604212526252291704e-11
 520.8642642642643068 3.1140753742396755241e-11
 521.32492492492497149 3.6416791242315023066e-11
 521.78558558558552249 4.2546996113177813254e-11
 522.24624624624630087 4.9662848476335628603e-11
 522.70690690690685187 5.7914896795471696373e-11
 523.16756756756751656 6.7475371860078793226e-11
 523.62822822822818125 7.8541173768561598515e-11
 524.08888888888884594 9.1337175744348370396e-11
 524.54954954954951063 1.0611986326156931762e-10
 525.01021021021017532 1.2318145867998388366e-10
 525.47087087087084001 1.4285463944052868277e-10
 525.9315315315315047 1.6551780572292189598e-10
 526.39219219219216939 1.9160085953951741441e-10
 526.85285285285283408 2.2159163260524874499e-10
 527.31351351351349876 2.5604317354620128314e-10
 527.77417417417416345 2.9558193856843174059e-10
 528.23483483483482814 3.4091680700165831206e-10
 528.69549549549549283 3.9284898603573954229e-10
 529.15615615615615752 4.5228307955045285875e-10
 529.61681681681682221 5.2023952213081993235e-10
 530.0774774774774869 5.9786834545656988094e-10
 530.53813813813815159 6.8646423851246341577e-10
 530.99879879879881628 7.8748314039861594049e-10
 531.45945945945948097 9.0256073074741618447e-10
 531.92012012012014566 1.0335329622581968682e-09
 532.38078078078081035 1.1824585546292325687e-09
 532.84144144144147504 1.3516435516594355566e-09
 533.30210210210213972 1.543668368386927581e-09
 533.76276276276280441 1.761417722907933881e-09
 534.22342342342335542 2.0081135170147307825e-09
 534.68408408408413379 2.2873506297580352779e-09
 535.14474474474468479 2.6031359267852597775e-09
 535.60540540540534948 2.9599310701715991799e-09
 536.06606606606601417 3.3626995071153201809e-09
 536.52672672672667886 3.816957659972856005e-09
 536.98738738738734355 4.3288304013371076352e-09
 537.44804804804800824 4.9051113531937061369e-09
 537.90870870870867293 5.5533287018623937281e-09
 538.36936936936933762 6.2818168765224080945e-09
 538.83003003003000231 7.0997941416838954832e-09
 539.290690690690667 8.0174463687720111097e-09
 539.75135135135133169 9.0460177502806130206e-09
 540.21201201201199638 1.0197909216171988692e-08
 540.67267267267266107 1.1486784890151253261e-08
 541.13333333333332575 1.292768676997988621e-08
 541.59399399399399044 1.4537158086057417989e-08
 542.05465465465465513 1.6333376290213163535e-08
 542.51531531531531982 1.8336296488482508969e-08
 542.97597597597598451 2.056780578542093864e-08
 543.4366366366366492 2.3051888836354367405e-08
 543.89729729729731389 2.5814805355205814733e-08
 544.35795795795797858 2.8885280590027775583e-08
 544.81861861861864327 3.2294709799267636593e-08
 545.27927927927930796 3.6077377325309525339e-08
 545.73993993993997265 4.0270690938562729516e-08
 546.20060060060063734 4.4915432280566443032e-08
 546.66126126126130202 5.0056024717371661031e-08
 547.12192192192196671 5.5740819799549571808e-08
 547.58258258258251772 6.2022403461259696487e-08
 548.04324324324318241 6.8957922945251442868e-08
 548.50390390390384709 7.6609435661808544586e-08
 548.96456456456451178 8.504428148951138205e-08
 549.42522522522517647 9.4335480343729581286e-08
 549.88588588588584116 1.045621569144498119e-07
 550.34654654654650585 1.1580999427903048764e-07
 550.80720720720717054 1.2817171817057419852e-07
 551.26786786786783523 1.4174761395953798635e-07
 551.72852852852849992 1.5664607926394269985e-07
 552.18918918918916461 1.7298421553571773486e-07
 552.6498498498498293 1.9088846187039055555e-07
 553.11051051051049399 2.1049527374599416312e-07
 553.57117117117115868 2.3195185014391531477e-07
 554.03183183183182337 2.554169140479735332e-07
 554.49249249249248805 2.8106155217663503152e-07
 554.95315315315315274 3.0907012009510508366e-07
 555.41381381381381743 3.3964121782753044717e-07
 555.87447447447448212 3.7298874216034899759e-07
 556.33513513513514681 4.0934302409544552123e-07
 556.7957957957958115 4.4895206247628003084e-07
 557.25645645645647619 4.920828648348638461e-07
 557.71711711711714088 5.3902290615987601142e-07
 558.17777777777780557 5.9008171669348009306e-07
 558.63843843843847026 6.4559261424302032242e-07
 559.09909909909913495 7.0591460012805709786e-07
 559.55975975975979964 7.7143444007571651901e-07
 560.02042042042035064 8.4256895055476265024e-07
 560.48108108108112901 9.1976751222825214972e-07
 560.94174174174168002 1.0035148377388371283e-06
 561.40240240240234471 1.0943340276442137958e-06
 561.86306306306300939 1.1927899535050498705e-06
 562.32372372372367408 1.2994930071349742242e-06
 562.78438438438433877 1.4151032574000043958e-06
 563.24504504504500346 1.5403350624870357077e-06
 563.70570570570566815 1.6759621966422453736e-06
 564.16636636636633284 1.8228235596798595133e-06
 564.62702702702699753 1.9818295419137225328e-06
 565.08768768768766222 2.1539691203978664577e-06
 565.54834834834832691 2.3403177708449112807e-06
 566.0090090090089916 2.5420462956026316312e-06
 566.46966966966965629 2.7604306839261160646e-06
 566.93033033033032098 2.9968631325648631267e-06
 567.39099099099098567 3.2528643614507320818e-06
 567.85165165165165035 3.53009737049821406e-06
 568.31231231231231504 3.8303828030859316794e-06
 568.77297297297297973 4.1557161079074085672e-06
 569.23363363363364442 4.5082867120922179286e-06
 569.69429429429430911 4.8904994346440731353e-06
 570.1549549549549738 5.3049983818125137939e-06
 570.61561561561563849 5.7546935924037160022e-06
 571.07627627627630318 6.2427907317293912048e-06
 571.53693693693696787 6.7728241696604617476e-06
 571.99759759759763256 7.3486938047375865662e-06
 572.45825825825818356 7.9747060174667356707e-06
 572.91891891891896194 8.6556191590851313828e-06
 573.37957957957951294 9.3966940201560464194e-06
 573.84024024024017763 1.0203749765529876098e-05
 574.30090090090084232 1.1083225861933538448e-05
 574.76156156156150701 1.2042250552771182075e-05
 575.22222222222217169 1.3088716453378644911e-05
 575.68288288288283638 1.4231363866972351285e-05
 576.14354354354350107 1.5479872457817574991e-05
 576.60420420420416576 1.6844961956716529876e-05
 577.06486486486483045 1.8338502596156590498e-05
 577.52552552552549514 1.9973635980120451624e-05
 577.98618618618615983 2.176490708412459648e-05
 578.44684684684682452 2.3728408078287318211e-05
 578.90750750750748921 2.5881934664808895998e-05
 579.3681681681681539 2.8245155609904859479e-05
 579.82882882882881859 3.083979610990606699e-05
 580.28948948948948328 3.3689835556789416446e-05
 580.75015015015014797 3.6821720174467904266e-05
 581.21081081081081265 4.0264590890558561958e-05
 581.67147147147147734 4.4050526696130164151e-05
 582.13213213213214203 4.8214803602819958101e-05
 582.59279279279280672 5.2796169118886532073e-05
 583.05345345345347141 5.7837131918341249791e-05
 583.5141141141141361 6.3384266101429751839e-05
 583.97477477477480079 6.9488529143021712906e-05
 584.43543543543546548 7.6205592306209348407e-05
 584.89609609609601648 8.3596181938842725441e-05
 585.35675675675679486 9.1726429654594856893e-05
 585.81741741741734586 0.00010066822891073031561
 586.27807807807812424 0.00011049959499080376458
 586.73873873873867524 0.00012130502486246086348
 587.19939939939933993 0.00013317585286754828381
 587.66006006006000462 0.00014621059766103803495
 588.12072072072066931 0.00016051529524969881187
 588.58138138138133399 0.00017620381239255453404
 589.04204204204199868 0.00019339813406339182431
 589.50270270270266337 0.0002122286181719396233
 589.96336336336332806 0.00023283421035348594603
 590.42402402402399275 0.00025536261132319190963
 590.88468468468465744 0.00027997038907358448492
 591.34534534534532213 0.00030682302807703289941
 591.80600600600598682 0.00033609490768944931711
 592.26666666666665151 0.00036796920221925040516
 592.7273273273273162 0.00040263769566398514496
 593.18798798798798089 0.00044030050489410381626
 593.64864864864864558 0.00048116570611322684098
 594.10930930930931027 0.00052544886065631734706
 594.56996996996997495 0.00057337243773753453213
 595.03063063063063964 0.00062516513357217915088
 595.49129129129130433 0.00068106108847408651334
 595.95195195195196902 0.00074129900592785429557
 596.41261261261263371 0.00080612118021862575086
 596.8732732732732984 0.00087577244181366912211
 597.33393393393396309 0.00095049903230703253199
 597.79459459459462778 0.001030547423292708974
 598.25525525525517878 0.0011161630959245448774
 598.71591591591595716 0.0012075892999995894213
 599.17657657657650816 0.0013050658129169332052
 599.63723723723717285 0.0014088277195868743278
 600.09789789789783754 0.0015191042341214401872
 600.55855855855850223 0.0016361175827626685004
 601.01921921921916692 0.0017600819649479279138
 601.47987987987983161 0.0018912026053870861948
 601.94054054054049629 0.0020296749044672731874
 602.40120120120116098 0.0021756836869530481356
 602.86186186186182567 0.0023294025398457505159
 603.32252252252249036 0.0024909932194598070378
 603.78318318318315505 0.002660605095565712376
 604.24384384384381974 0.0028383745870697338169
 604.70450450450448443 0.0030244245295185058151
 605.16516516516514912 0.0032188634002047189497
 605.62582582582581381 0.0034217843123717961613
 606.0864864864864785 0.0036332636768453114261
 606.54714714714714319 0.0038533594183207124824
 607.00780780780780788 0.004082108625615808381
 607.46846846846847257 0.0043195245114776899958
 607.92912912912913725 0.0045655925591238898098
 608.38978978978980194 0.0048202657405554717729
 608.85045045045046663 0.005083458706834187435
 609.31111111111113132 0.0053550408738123733005
 609.77177177177179601 0.005634828358941648685
 610.2324324324324607 0.0059225747660414567244
 610.6930930930930117 0.0062179608649995084593
 611.15375375375379008 0.0065205832717428894099
 611.61441441441434108 0.0068299422989525175598
 612.07507507507500577 0.007145429218424238782
 612.53573573573567046 0.0074663132490612486511
 612.99639639639633515 0.0077917286575491431083
 613.45705705705699984 0.0081206624281095225043
 613.91771771771766453 0.0084519430194750361229
 614.37837837837832922 0.008784230777020059916
 614.83903903903899391 0.0091160106014457498863
 615.29969969969965859 0.0094455874886129886914
 615.76036036036032328 0.009771085544132560724
 616.22102102102098797 0.0100904510385273153
 616.68168168168165266 0.010401460001952040485
 617.14234234234231735 0.010701730761066764741
 617.60300300300298204 0.010988741695378259969
 618.06366366366364673 0.011259854338886196579
 618.52432432432431142 0.011512341779610238066
 618.98498498498497611 0.011743422120808113401
 619.4456456456456408 0.011950296571326348219
 619.90630630630630549 0.012130191537781829722
 620.36696696696697018 0.012280403908081407444
 620.82762762762763487 0.012398348554689029091
 621.28828828828829955 0.012481606956993001462
 621.74894894894896424 0.01252797575421565543
 622.20960960960962893 0.012535514000725238651
 622.67027027027029362 0.012502587908899477284
 623.13093093093084462 0.012427911932105170645
 623.591591591591623 0.012310585159408906838
 624.052252252252174 0.012150122157941409262
 624.51291291291295238 0.011946477598132484998
 624.97357357357350338 0.011700064217968821415
 625.43423423423428176 0.01141176390870876807
 625.89489489489483276 0.011082931918831931406
 626.35555555555549745 0.010715394357688198118
 626.81621621621616214 0.01031143931950885724
 627.27687687687682683 0.0098738020295509789509
 627.73753753753749152 0.0094056444295441410386
 628.19819819819815621 0.008910529568310196144
 628.65885885885882089 0.0083923910513919557086
 629.11951951951948558 0.0078554976447715585408
 629.58018018018015027 0.0073044129432089819828
 630.04084084084081496 0.0067439498305137245832
 630.50150150150147965 0.0061791193083523959784
 630.96216216216214434 0.0056150731844675158544
 631.42282282282280903 0.0050570401210034855027
 631.88348348348347372 0.0045102546741560330806
 632.34414414414413841 0.0039798792233141913263
 632.8048048048048031 0.0034709190950066672911
 633.26546546546546779 0.0029881317232059514954
 633.72612612612613248 0.0025359313260868206891
 634.18678678678679717 0.0021182912780220814961
 634.64744744744746185 0.0017386470589005737202
 635.10810810810812654 0.0013998033054847857162
 635.56876876876867755 0.0011038490018574437321
 636.02942942942945592 0.00085208516014829971657
 636.49009009009000692 0.00064496939978735047961
 636.9507507507507853 0.00048208159035877204846
 637.4114114114113363 0.0003621141586487597883
 637.87207207207211468 0.00028288977989906181638
 638.33273273273266568 0.00024140801072469850359
 638.79339339339333037 0.00023392103855121386922
 639.25405405405399506 0.00025603720647964038062
 639.71471471471465975 0.00030284942776773713952
 640.17537537537532444 0.00036908414457283595387
 640.63603603603598913 0.00044926522386617967876
 641.09669669669665382 0.00053788621997445749262
 641.55735735735731851 0.00062958384598680672359
 642.0180180180179832 0.00071930533239169321558
 642.47867867867864788 0.00080246262198414831067
 642.93933933933931257 0.00087506702905463954259
 643.39999999999997726 0.00093383901779456606092
 643.86066066066064195 0.0009762890419107213974
 644.32132132132130664 0.0010007668299665064843
 644.78198198198197133 0.0010064779895360973557
 645.24264264264263602 0.00099346823639333303214
 645.70330330330330071 0.00096257685037598938668
 646.1639639639639654 0.00091536206235128491065
 646.62462462462463009 0.00085400196290257360515
 647.08528528528529478 0.00078117519886351457787
 647.54594594594595947 0.00069992621781284644709
 648.00660660660651047 0.00061352017528685826465
 648.46726726726728884 0.00052529287719224149016
 648.92792792792783985 0.00043850132050801470885
 649.38858858858861822 0.00035618052559255032564
 649.84924924924916922 0.00028101240093157626781
 650.3099099099099476 0.00021521229509664519799
 650.7705705705704986 0.00016043859847827737753
 651.23123123123116329 0.00011773017848792582756
 651.69189189189182798 8.7475495809861684884e-05
 652.15255255255249267 6.9415914843188724357e-05
 652.61321321321315736 6.2683995174163815696e-05
 653.07387387387382205 6.5875498895734025686e-05
 653.53453453453448674 7.7151600527180683956e-05
 653.99519519519515143 9.4365528611013206346e-05
 654.45585585585581612 0.00011520582630756777181
 654.91651651651648081 0.00013734683038647103339
 655.3771771771771455 0.00015859605154269022505
 655.83783783783781018 0.00017702805768709246165
 656.29849849849847487 0.0001910952964797370951
 656.75915915915913956 0.00019970802198991465621
 657.21981981981980425 0.00020227798273880285272
 657.68048048048046894 0.00019872355583625307012
 658.14114114114113363 0.00018943727249840210743
 658.60180180180179832 0.00017521983595373234743
 659.06246246246246301 0.00015718745353419201136
 659.5231231231231277 0.00013666131222631210432
 659.98378378378379239 0.0001150491311691464834
 660.44444444444445708 9.3728847427030696185e-05
 660.90510510510512177 7.3943673201081733097e-05
 661.36576576576567277 5.6716150875961996304e-05
 661.82642642642645114 4.2786654586755249342e-05
 662.28708708708700215 3.2579313906810824174e-05
 662.74774774774778052 2.6195839473734157675e-05
 663.20840840840833152 2.3435449874335024807e-05
 663.6690690690691099 2.3837210427191407472e-05
 664.1297297297296609 2.6739700435140571858e-05
 664.59039039039032559 3.1352057661861505884e-05
 665.05105105105099028 3.6830082970816636976e-05
 665.51171171171165497 4.2351166648684504751e-05
 665.97237237237231966 4.7182253397997609107e-05
 666.43303303303298435 5.0735835602205275733e-05
 666.89369369369364904 5.2610010011197220038e-05
 667.35435435435431373 5.260991862904773939e-05
 667.81501501501497842 5.0749385201410765066e-05
 668.27567567567564311 4.723319846924194966e-05
 668.7363363363363078 4.2422189642030535195e-05
 669.19699699699697248 3.6784867708180385112e-05
 669.65765765765763717 3.0840738495603126166e-05
 670.11831831831830186 2.5101352862883791878e-05
 670.57897897897896655 2.0015436231621311868e-05
 671.03963963963963124 1.5924034527893350313e-05
 671.50030030030029593 1.3030452969866562115e-05
 671.96096096096096062 1.1387961425857638859e-05
 672.42162162162162531 1.0906005405930670969e-05
 672.88228228228229 1.1373297180352367778e-05
 673.34294294294295469 1.2494012441634010793e-05
 673.80360360360350569 1.3931712904640837351e-05
 674.26426426426428407 1.5354804406621569749e-05
 674.72492492492483507 1.647744552786418925e-05
 675.18558558558561344 1.7090811502071700834e-05
 675.64624624624616445 1.708131021350186695e-05
 676.10690690690694282 1.6434443565541246532e-05
 676.56756756756749382 1.5225152253075812682e-05
 677.02822822822815851 1.3597328600714384848e-05
 677.4888888888888232 1.1736458225281394261e-05
 677.94954954954948789 9.8399046655810611025e-06
 678.41021021021015258 8.0891688374763703987e-06
 678.87087087087081727 6.6276526804069209401e-06
 679.33153153153148196 5.5462412238173686634e-06
 679.79219219219214665 4.8776379726182228741e-06
 680.25285285285281134 4.5990811396101009129e-06
 680.71351351351347603 4.6420142706381140428e-06
 681.17417417417414072 4.9065876703728902836e-06
 681.63483483483480541 5.2785508276179657878e-06
 682.0954954954954701 5.6461222466883163881e-06
 682.55615615615613478 5.9147174113013963902e-06
 683.01681681681679947 6.0178948482623891681e-06
 683.47747747747746416 5.9234710441584312765e-06
 683.93813813813812885 5.6344000296601145879e-06
 684.39879879879879354 5.1846664721283788787e-06
 684.85945945945945823 4.6310556673094607579e-06
 685.32012012012012292 4.0421837811640528711e-06
 685.78078078078078761 3.4865300632453484829e-06
 686.24144144144133861 3.0213417268747793531e-06
 686.70210210210211699 2.6841326436603869012e-06
 687.16276276276266799 2.4880607474419906489e-06
 687.62342342342344637 2.4217950635937868565e-06
 688.08408408408399737 2.4536797421210650454e-06
 688.54474474474477574 2.5392207071100694098e-06
 689.00540540540532675 2.6303228667757027987e-06
 689.46606606606599144 2.6844252609172784698e-06
 689.92672672672665612 2.6717848396589197844e-06
 690.38738738738732081 2.5796256096679738664e-06
 690.8480480480479855 2.4125907711309818634e-06
 691.30870870870865019 2.1897419106335943683e-06
 691.76936936936931488 1.9390536264785849576e-06
 692.23003003002997957 1.6907967263651679289e-06
 692.69069069069064426 1.4713013743952059928e-06
 693.15135135135130895 1.2983467648411470642e-06
 693.61201201201197364 1.1789243922167341533e-06
 694.07267267267263833 1.1095120791122729578e-06
 694.53333333333330302 1.0784332685275163423e-06
 694.99399399399396771 1.0694885962029497484e-06
 695.4546546546546324 1.0659017897215643524e-06
 695.91531531531529708 1.0537159110557006536e-06
 696.37597597597596177 1.0240454437619885642e-06
 696.83663663663662646 9.7393825838297364384e-07
 697.29729729729729115 9.0593180601030177331e-07
 697.75795795795795584 8.2662876263971834473e-07
 698.21861861861862053 7.4473737107612505068e-07
 698.67927927927928522 6.6902786237554913292e-07
 699.13993993993994991 6.0658073681235345205e-07
 699.60060060060050091 5.6158492435666820796e-07
 700.06126126126127929 5.3481619237988223085e-07
 700.52192192192183029 5.2380691655912450255e-07
 700.98258258258260867 5.2361391917994234598e-07
 701.44324324324315967 5.2800368079537492071e-07
 701.90390390390393804 5.308093600954250718e-07
 702.36456456456448905 5.2718339946053925933e-07
 702.82522522522515374 5.1448711880946266627e-07
 703.28588588588581842 4.9263252779779025632e-07
 703.74654654654648311 4.6381479414106877956e-07
 704.2072072072071478 4.3172130154380421643e-07
 704.66786786786781249 4.0043621560634301523e-07
 705.12852852852847718 3.7333740912976428733e-07
 705.58918918918914187 3.5227817015760790448e-07
 706.04984984984980656 3.3725700695859802143e-07
 706.51051051051047125 3.2663089073362651807e-07
 706.97117117117113594 3.1776686825598313739e-07
 707.43183183183180063 3.0790535713380092551e-07
 707.89249249249246532 2.9496342843118771658e-07
 708.35315315315313001 2.780489691427334133e-07
 708.8138138138137947 2.5756755973361966499e-07
 709.27447447447445938 2.3494167617039852093e-07
 709.73513513513512407 2.1207859576428904089e-07
 710.19579579579578876 1.9078256178195399391e-07
 710.65645645645645345 1.72295265071111146e-07
 711.11711711711711814 1.5707950685403410707e-07
 711.57777777777778283 1.4486555019121096829e-07
 712.03843843843833383 1.3489449399068886665e-07
 712.49909909909911221 1.26245157314875727e-07
 712.95975975975966321 1.1812969914672888999e-07
 713.42042042042044159 1.1007935659354884529e-07
 713.88108108108099259 1.0199445125845175005e-07
 714.34174174174177097 9.4079983921332199727e-08
 714.80240240240232197 8.6715035641564883485e-08
 715.26306306306298666 8.0307713802333613774e-08
 715.72372372372365135 7.51742594726979811e-08
 716.18438438438431604 7.1462122601570065866e-08
 716.64504504504498072 6.9121336345742889694e-08
 717.10570570570564541 6.7919861144831861514e-08
 717.5663663663663101 6.7494875656317026908e-08
 718.02702702702697479 6.742924067863219443e-08
 718.48768768768763948 6.7338100289212871045e-08
 718.94834834834830417 6.6945923271408435715e-08
 719.40900900900896886 6.6133076225983385949e-08
 719.86966966966963355 6.4936903507927436025e-08
 720.33033033033029824 6.3505625330426761209e-08
 720.79099099099096293 6.2020012542800258347e-08
 721.25165165165162762 6.0610666549435033648e-08
 721.71231231231229231 5.9301356435780263731e-08
 722.172972972972957 5.7999006178823674125e-08
 722.63363363363362168 5.6532182032844779215e-08
 723.09429429429428637 5.4720333422326736351e-08
 723.55495495495495106 5.2444270666776735622e-08
 724.01561561561561575 4.9689532613132183902e-08
 724.47627627627616675 4.654747991948874477e-08
 724.93693693693694513 4.3177718853724078082e-08
 725.39759759759749613 3.975112916178416096e-08
 725.85825825825827451 3.6398618624026143886e-08
 726.31891891891882551 3.3185070311569163055e-08
 726.77957957957960389 3.0114550851653833744e-08
 727.24024024024015489 2.715865427397036901e-08
 727.70090090090081958 2.4291451017120045071e-08
 728.16156156156148427 2.1514564682782149154e-08
 728.62222222222214896 1.8863744938775513087e-08
 729.08288288288281365 1.6397913614644479595e-08
 729.54354354354347834 1.417932229063896173e-08
 730.00420420420414302 1.2255269852472339004e-08
 730.46486486486480771 1.0648489341152067648e-08
 730.9255255255254724 9.3575442249443316056e-09
 731.38618618618613709 8.3637973083739939241e-09
 731.84684684684680178 7.6398387587184703918e-09
 732.30750750750746647 7.1556425124333218894e-09
 732.76816816816813116 6.8814744807577891751e-09
 733.22882882882879585 6.7887009742120772117e-09
 733.68948948948946054 6.8500787158244006138e-09
 734.15015015015012523 7.0401624134372638343e-09
 734.61081081081078992 7.3353254768084707073e-09
 735.07147147147145461 7.7126243647823655687e-09
 735.5321321321321193 8.1475500238172116109e-09
 735.99279279279278398 8.6118818646172219413e-09
 736.45345345345344867 9.0733584163928814268e-09
 736.91411411411411336 9.498153907905910563e-09
 737.37477477477477805 9.8555517055565908043e-09
 737.83543543543532905 1.012275353146432912e-08
 738.29609609609610743 1.0287447412577957926e-08
 738.75675675675665843 1.0346858737384490217e-08
 739.21741741741743681 1.0303899411483740351e-08
 739.67807807807798781 1.0162573420265529035e-08
 740.13873873873876619 9.9250738524372387891e-09
 740.59939939939931719 9.5918877032589556904e-09
 741.06006006005998188 9.1644272951568003652e-09
 741.52072072072064657 8.6483186320222109977e-09
 741.98138138138131126 8.0552735825929612691e-09
 742.44204204204197595 7.4024704340608004719e-09
 742.90270270270264064 6.7098701138912610729e-09
 743.36336336336330533 5.996977281153635286e-09
 743.82402402402397001 5.2806397247066842272e-09
 744.2846846846846347 4.5746489107855262999e-09
 744.74534534534529939 3.8907748260671826049e-09
 745.20600600600596408 3.2401480495207266132e-09
 745.66666666666662877 2.6339491077323339338e-09
 746.12732732732729346 2.0830173000163993486e-09
 746.58798798798795815 1.5967439466866796943e-09
 747.04864864864862284 1.1819900315726108604e-09
 747.50930930930928753 8.4260842866396639668e-10
 747.96996996996995222 5.7967366722558280668e-10
 748.43063063063050322 3.9207348262317673186e-10
 748.8912912912912816 2.7704111021777074278e-10
 749.3519519519518326 2.3038080053556954531e-10
 749.81261261261261097 2.4647350376778810346e-10
 750.27327327327316198 3.1831189166432859908e-10
 750.73393393393394035 4.377472663551524508e-10
 751.19459459459449135 5.9592464208033622041e-10
 751.65525525525526973 7.8372406566027797304e-10
 752.11591591591582073 9.9203719279334851307e-10
 752.57657657657659911 1.2118600208863981385e-09
 753.03723723723715011 1.4343378003390852731e-09
 753.49789789789792849 1.6509286394962748685e-09
 753.95855855855847949 1.8537396906335201729e-09
 754.41921921921925787 2.0359307390752815662e-09
 754.87987987987980887 2.1920027065437785852e-09
 755.34054054054047356 2.3178510514214802465e-09
 755.80120120120113825 2.4106138522599506971e-09
 756.26186186186180294 2.4684654886149892824e-09
 756.72252252252246763 2.4905117202178431072e-09
 757.18318318318313231 2.4768352625446688278e-09
 757.643843843843797 2.428609331164174889e-09
 758.10450450450446169 2.3481379130613521394e-09
 758.56516516516512638 2.2387316953051547704e-09
 759.02582582582579107 2.1044407906988888568e-09
 759.48648648648645576 1.9497526118416688901e-09
 759.94714714714712045 1.7793660773619323671e-09
 760.40780780780778514 1.598080461741150368e-09
 760.86846846846844983 1.4107509747944042732e-09
 761.32912912912911452 1.2222273289860832855e-09
 761.78978978978966552 1.0372241195060751659e-09
 762.2504504504504439 8.6013820827481492718e-10
 762.7111111111109949 6.9487412083395599775e-10
 763.17177177177177327 5.4473315844281425128e-10
 763.63243243243232428 4.1237781556218246014e-10
 764.09309309309310265 2.9983959780700326242e-10
 764.55375375375365365 2.0852765949325661581e-10
 765.01441441441443203 1.3921945028515993496e-10
 765.47507507507498303 9.2047532047243301095e-11
 765.93573573573576141 6.651097708345793562e-11
 766.39639639639631241 6.1527112896317486026e-11
 766.85705705705709079 7.5514699300869574956e-11
 767.31771771771764179 1.0648502008735720656e-10
 767.77837837837830648 1.5212305806960544708e-10
 768.23903903903897117 2.0985865815588988995e-10
 768.69969969969963586 2.7694032674575323387e-10
 769.16036036036030055 3.5052188126425886219e-10
 769.62102102102096524 4.2775881867378752319e-10
 770.08168168168162993 5.0590021786457713301e-10
 770.54234234234229461 5.8236280481945907129e-10
 771.0030030030029593 6.5478469158944366991e-10
 771.46366366366362399 7.2106691223826911569e-10
 771.92432432432428868 7.7941231545047054024e-10
 772.38498498498495337 8.2836361829380072817e-10
 772.84564564564561806 8.6683346640709483593e-10
 773.30630630630628275 8.9411730177678052033e-10
 773.76696696696694744 9.0988601006383276074e-10
 774.22762762762749844 9.1416378311349930598e-10
 774.68828828828827682 9.0730011990639849267e-10
 775.14894894894882782 8.8994126302117850291e-10
 775.6096096096096062 8.6299970437887405557e-10
 776.0702702702701572 8.2761690193463940867e-10
 776.53093093093093557 7.8511661200762687137e-10
 776.99159159159148658 7.3695162695460289423e-10
 777.45225225225226495 6.8465017418697199524e-10
 777.91291291291281595 6.2976710756536833665e-10
 778.37357357357359433 5.7384087082562717122e-10
 778.83423423423414533 5.1835400728953628981e-10
 779.29489489489492371 4.6469515833856106174e-10
 779.75555555555547471 4.1412326920095205968e-10
 780.2162162162161394 3.6773703716388162096e-10
 780.67687687687680409 3.2645244470164833855e-10
 781.13753753753746878 2.9098890577089523968e-10
 781.59819819819813347 2.6186237476183629238e-10
 782.05885885885879816 2.3938346557815621697e-10
 782.51951951951946285 2.2365999282457926039e-10
 782.98018018018012754 2.1460469653313334727e-10
 783.44084084084079223 2.1194889935847564329e-10
 783.90150150150145691 2.1526159735635499077e-10
 784.3621621621621216 2.2397227295802786388e-10
 784.82282282282278629 2.3739560627132013833e-10
 785.28348348348345098 2.5475712155366253132e-10
 785.74414414414411567 2.7521965694543043909e-10
 786.20480480480478036 2.9791058095087793223e-10
 786.66546546546533136 3.2194900899680506683e-10
 787.12612612612610974 3.4647170035954032739e-10
 787.58678678678666074 3.7065642731589456481e-10
 788.04744744744743912 3.9374229507270267683e-10
 788.50810810810799012 4.1504707417528586122e-10
 788.9687687687687685 4.3398166016824738514e-10
 789.4294294294293195 4.5006141103406088217e-10
 789.89009009009009787 4.6291384572359104983e-10
 790.35075075075064888 4.722823814349806228e-10
 790.81141141141142725 4.7802628120845103424e-10
 791.27207207207197825 4.8011734780853745316e-10
 791.73273273273275663 4.7863390266899309594e-10
 792.19339339339330763 4.7375232975862319766e-10
 792.65405405405408601 4.6573632036283505397e-10
 793.11471471471463701 4.5492408484776311174e-10
 793.5753753753753017 4.4171406676222312751e-10
 794.03603603603596639 4.2654985753838699808e-10
 794.49669669669663108 4.0990490797681300676e-10
 794.95735735735729577 3.9226742247428768651e-10
 795.41801801801796046 3.7412570059271472091e-10
 795.87867867867862515 3.5595422506760552188e-10
 796.33933933933928984 3.3820090958078186811e-10
 796.79999999999995453 3.2127591513704299455e-10
 797.26066066066061921 3.0554230119281607475e-10
 797.7213213213212839 2.91308617534510796e-10
 798.18198198198194859 2.7882343488326643541e-10
 798.64264264264261328 2.6827183359494165483e-10
 799.10330330330327797 2.5977388130208649818e-10
 799.56396396396394266 2.5338508447077125594e-10
 800.02462462462449366 2.490986949648351829e-10
 800.48528528528527204 2.4684964030727348483e-10
 800.94594594594582304 2.4651983958724851003e-10
 801.40660660660660142 2.4794466510528160671e-10
 801.86726726726715242 2.5092034307533164416e-10
 802.3279279279279308 2.5521205334860235025e-10
 802.7885885885884818 2.6056244041505368187e-10
 803.24924924924926017 2.6670024424822235431e-10
 803.70990990990981118 2.733487847631645499e-10
 804.17057057057058955 2.8023408109110520247e-10
 804.63123123123114055 2.8709242647342413683e-10
 805.09189189189191893 2.9367723680207546904e-10
 805.55255255255246993 2.9976500969246778448e-10
 806.01321321321313462 3.0516026302968643883e-10
 806.47387387387379931 3.0969937076634805608e-10
 806.934534534534464 3.1325327155592214854e-10
 807.39519519519512869 3.1572904708082984442e-10
 807.85585585585579338 3.1707039294527392219e-10
 808.31651651651645807 3.1725702205667877573e-10
 808.77717717717712276 3.163030747722124315e-10
 809.23783783783778745 3.1425464890312982429e-10
 809.69849849849845214 3.1118657650579450177e-10
 810.15915915915911683 3.0719858663765278449e-10
 810.61981981981978151 3.0241099276982106219e-10
 811.0804804804804462 2.9696004934879848691e-10
 811.54114114114111089 2.9099312982057287237e-10
 812.00180180180177558 2.8466388057788449922e-10
 812.46246246246232658 2.7812748995566822317e-10
 812.92312312312310496 2.7153619977985715402e-10
 813.38378378378365596 2.6503516474229660151e-10
 813.84444444444443434 2.5875875655787870265e-10
 814.30510510510498534 2.5282739267747404135e-10
 814.76576576576576372 2.4734494766574736084e-10
 815.22642642642631472 2.4239679221424383124e-10
 815.6870870870870931 2.3804847135308666901e-10
 816.1477477477476441 2.3434502127082308015e-10
 816.60840840840842247 2.3131090723772438037e-10
 817.06906906906897348 2.2895054924595044083e-10
 817.52972972972975185 2.2724938349472917926e-10
 817.99039039039030285 2.2617540027299286189e-10
 818.45105105105096754 2.2568107930398995969e-10
 818.91171171171163223 2.2570565101175461639e-10
 819.37237237237229692 2.2617759724751127395e-10
 819.83303303303296161 2.2701730842292165826e-10
 820.2936936936936263 2.2813981575699803718e-10
 820.75435435435429099 2.2945751104774741713e-10
 821.21501501501495568 2.3088277796660593943e-10
 821.67567567567562037 2.3233047117427339166e-10
 822.13633633633628506 2.3372017417278872943e-10
 822.59699699699694975 2.3497819066460777698e-10
 823.05765765765761444 2.3603922894387510473e-10
 823.51831831831827913 2.368477442867274815e-10
 823.97897897897894381 2.3735893098108602902e-10
 824.4396396396396085 2.3753935039445078235e-10
 824.90030030030015951 2.3736720136560107078e-10
 825.36096096096093788 2.3683224570786153611e-10
 825.82162162162148888 2.3593540914477304185e-10
 826.28228228228226726 2.3468808997628298891e-10
 826.74294294294281826 2.3311121072787204567e-10
 827.20360360360359664 2.3123405815226600076e-10
 827.66426426426414764 2.2909295557097650136e-10
 828.12492492492492602 2.2672981495856394308e-10
 828.58558558558547702 2.2419061785869646942e-10
 829.0462462462462554 2.2152387085580819544e-10
 829.5069069069068064 2.1877908029620022487e-10
 829.96756756756758477 2.160052910353882743e-10
 830.42822822822813578 2.1324971936892615884e-10
 830.88888888888891415 2.1055652214035382519e-10
 831.34954954954946515 2.0796572452016502583e-10
 831.81021021021012984 2.05512327366056116e-10
 832.27087087087079453 2.0322561312678440208e-10
 832.73153153153145922 2.0112865200174145268e-10
 833.19219219219212391 1.9923801576328153022e-10
 833.6528528528527886 1.9756369067291487746e-10
 834.11351351351345329 1.9610917982222335112e-10
 834.57417417417411798 1.9487178559037065305e-10
 835.03483483483478267 1.9384304783680132485e-10
 835.49549549549544736 1.9300932131343553936e-10
 835.95615615615611205 1.9235246512774497362e-10
 836.41681681681677674 1.9184990787204300495e-10
 836.87747747747744143 1.9147857122315671115e-10
 837.33813813813810611 1.9121094043241740665e-10
 837.7987987987987708 1.9101895977810249075e-10
 838.25945945945932181 1.9087428318217100061e-10
 838.72012012012010018 1.9074915220045340702e-10
 839.18078078078065118 1.9061718936351280104e-10
 839.64144144144142956 1.9045407000464747158e-10
 840.10210210210198056 1.9023805623329982561e-10
 840.56276276276275894 1.8995040099517163638e-10
 841.02342342342330994 1.8957563859844830186e-10
 841.48408408408408832 1.891017860363850727e-10
 841.94474474474463932 1.88520471574553869e-10
 842.4054054054054177 1.8782699109946662097e-10
 842.8660660660659687 1.870202818810062549e-10
 843.32672672672674707 1.8610279457538552182e-10
 843.78738738738729808 1.8508025410803301936e-10
 844.24804804804796277 1.8396130085178381196e-10
 844.70870870870862746 1.8275703650829769687e-10
 845.16936936936929214 1.8148050569947525172e-10
 845.63003003002995683 1.8014615417143163991e-10
 846.09069069069062152 1.7876930464161316839e-10
 846.55135135135128621 1.7736567496718739454e-10
 847.0120120120119509 1.7595094437782813415e-10
 847.47267267267261559 1.745403678090356409e-10
 847.93333333333328028 1.7314784366287374019e-10
 848.39399399399394497 1.7178816793685350814e-10
 848.85465465465460966 1.7047249357663974622e-10
 849.31531531531527435 1.6921085073895452613e-10
 849.77597597597593904 1.6801131984173786898e-10
 850.23663663663660373 1.6687991697632414603e-10
 850.69729729729715473 1.6582054300193667446e-10
 851.1579579579579331 1.6483499287317565501e-10
 851.61861861861848411 1.6392302720920125069e-10
 852.07927927927926248 1.6308249575419406604e-10
 852.53993993993981348 1.6230951037583780365e-10
 853.00060060060059186 1.6159865733269685992e-10
 853.46126126126114286 1.6094323959738844673e-10
 853.92192192192192124 1.6033554208484242662e-10
 854.38258258258247224 1.5976710776316277695e-10
 854.84324324324325062 1.5922901807375193157e-10
 855.30390390390380162 1.5871216964931133744e-10
 855.76456456456458 1.5820753973657357149e-10
 856.225225225225131 1.5770643571188211162e-10
 856.68588588588579569 1.5720071952728629973e-10
 857.14654654654646038 1.5668300823108228753e-10
 857.60720720720712507 1.5614683774671475871e-10
 858.06786786786778976 1.5558679383702709207e-10
 858.52852852852845444 1.5499860057653731382e-10
 858.98918918918911913 1.5437917164582747417e-10
 859.44984984984978382 1.5372662379835348862e-10
 859.91051051051044851 1.5304025730054005734e-10
 860.3711711711711132 1.5232050606859942439e-10
 860.83183183183177789 1.5156885975617149349e-10
 861.29249249249244258 1.5078776044327603776e-10
 861.75315315315310727 1.4998047856770425195e-10
 862.21381381381377196 1.4915097044970997586e-10
 862.67447447447443665 1.4830372429741707901e-10
 863.13513513513498765 1.4744360004223069231e-10
 863.59579579579576603 1.4657566591010267515e-10
 864.05645645645631703 1.4570504073003071793e-10
 864.5171171171170954 1.4483674385989315127e-10
 864.97777777777764641 1.4397556001389808114e-10
 865.43843843843842478 1.4312592136640248794e-10
 865.89909909909897578 1.4229180393511658756e-10
 866.35975975975975416 1.4147664189782833015e-10
 866.82042042042030516 1.406832563939911064e-10
 867.28108108108108354 1.3991380723161537166e-10
 867.74174174174163454 1.3916976627523339185e-10
 868.20240240240241292 1.3845191646867021321e-10
 868.66306306306296392 1.3776037236158094331e-10
 869.1237237237237423 1.3709461697145323249e-10
 869.5843843843842933 1.3645355312980886589e-10
 870.04504504504495799 1.3583556843372330745e-10
 870.50570570570562268 1.3523860872923908123e-10
 870.96636636636628737 1.3466026263294933724e-10
 871.42702702702695206 1.3409784694936797627e-10
 871.88768768768761674 1.3354849287793000642e-10
 872.34834834834828143 1.3300923488220443283e-10
 872.80900900900894612 1.3247710043259981888e-10
 873.26966966966961081 1.3194920033480116959e-10
 873.7303303303302755 1.3142281095771041466e-10
 874.19099099099094019 1.3089544185044512549e-10
 874.65165165165160488 1.3036488669896422406e-10
 875.11231231231226957 1.298292600405153501e-10
 875.57297297297293426 1.2928702895879418933e-10
 876.03363363363359895 1.2873703827713380602e-10
 876.49429429429414995 1.2817852410291852718e-10
 876.95495495495492833 1.2761111421337113174e-10
 877.41561561561547933 1.2703481329738722996e-10
 877.8762762762762577 1.2644997876310967134e-10
 878.33693693693680871 1.2585729234820178824e-10
 878.79759759759758708 1.2525772480556901356e-10
 879.25825825825813808 1.2465248943007548551e-10
 879.71891891891891646 1.240429842387766271e-10
 880.17957957957946746 1.2343073458573303245e-10
 880.64024024024024584 1.2281734107503495445e-10
 881.10090090090079684 1.2220444052298241496e-10
 881.56156156156157522 1.2159366745086176646e-10
 882.02222222222212622 1.2098660750929740361e-10
 882.48288288288279091 1.2038474757276685163e-10
 882.9435435435434556 1.1978942693581726571e-10
 883.40420420420412029 1.1920180578618604636e-10
 883.86486486486478498 1.1862284861944060188e-10
 884.32552552552544967 1.1805331471033417362e-10
 884.78618618618611436 1.1749374571475933218e-10
 885.24684684684677904 1.1694445663604776161e-10
 885.70750750750744373 1.1640553687569940525e-10
 886.16816816816810842 1.1587686836802293576e-10
 886.62882882882877311 1.1535814934920212854e-10
 887.0894894894894378 1.1484891291838911566e-10
 887.55015015015010249 1.1434853572490187422e-10
 888.01081081081076718 1.1385624988160858743e-10
 888.47147147147143187 1.1337117299363723988e-10
 888.93213213213198287 1.1289235409515052042e-10
 889.39279279279276125 1.1241882003024570581e-10
 889.85345345345331225 1.1194960370174536323e-10
 890.31411411411409063 1.1148375789284996745e-10
 890.77477477477464163 1.1102036682298411805e-10
 891.23543543543542 1.1055856959710629492e-10
 891.69609609609597101 1.1009759406499909673e-10
 892.15675675675674938 1.0963677885563108595e-10
 892.61741741741730038 1.0917557891541661274e-10
 893.07807807807807876 1.0871356112099908745e-10
 893.53873873873862976 1.0825040758288019548e-10
 893.99939939939940814 1.077859315988567595e-10
 894.46006006005995914 1.0732009071777513047e-10
 894.92072072072062383 1.0685297872316045152e-10
 895.38138138138128852 1.0638479530354917123e-10
 895.84204204204195321 1.0591581360825017794e-10
 896.3027027027026179 1.0544636768474282348e-10
 896.76336336336328259 1.0497685902692503761e-10
 897.22402402402394728 1.0450776080004196269e-10
 897.68468468468461197 1.0403959877461021899e-10
 898.14534534534527666 1.0357291597775123321e-10
 898.60600600600594134 1.0310824101243777756e-10
 899.06666666666660603 1.0264607707316780171e-10
 899.52732732732727072 1.021869057056573907e-10
 899.98798798798793541 1.0173117962975562825e-10
 900.4486486486486001 1.0127930085518383761e-10
 900.90930930930926479 1.0083159332990501019e-10
 901.36996996996981579 1.0038829590293188063e-10
 901.83063063063059417 9.9949580193914701654e-11
 902.29129129129114517 9.9515569817806617796e-11
 902.75195195195192355 9.9086340437792018881e-11
 903.21261261261247455 9.8661895886395526003e-11
 903.67327327327325293 9.8242147795962615969e-11
 904.13393393393380393 9.7826922093337024767e-11
 904.5945945945945823 9.7415990584915977362e-11
 905.05525525525513331 9.7009102117222137744e-11
 905.51591591591591168 9.6605990793682009497e-11
 905.97657657657646268 9.6206363842909785261e-11
 906.43723723723724106 9.5809896300845932535e-11
 906.89789789789779206 9.5416245962553426626e-11
 907.35855855855857044 9.502508366247267288e-11
 907.81921921921912144 9.4636109166895493838e-11
 908.27987987987978613 9.4249042733946436541e-11
 908.74054054054045082 9.3863611067979056513e-11
 909.20120120120111551 9.3479548637340562431e-11
 909.6618618618617802 9.3096626938566231326e-11
 910.12252252252244489 9.2714683246388532238e-11
 910.58318318318310958 9.2333625926275594396e-11
 911.04384384384377427 9.1953408051496755193e-11
 911.50450450450443896 9.1573998537943929547e-11
 911.96516516516510364 9.1195377096138374611e-11
 912.42582582582576833 9.0817555463740283027e-11
 912.88648648648643302 9.0440598812518935781e-11
 913.34714714714709771 9.0064622521672933196e-11
 913.8078078078077624 8.9689766277391073094e-11
 914.26846846846842709 8.9316170872666622429e-11
 914.72912912912897809 8.8943978634539955232e-11
 915.18978978978975647 8.8573350260016592737e-11
 915.65045045045030747 8.8204468862053924107e-11
 916.11111111111108585 8.783752036561301035e-11
 916.57177177177163685 8.7472661888906730566e-11
 917.03243243243241523 8.7110010483397282913e-11
 917.49309309309296623 8.6749660378199999454e-11
 917.9537537537537446 8.6391711050990046983e-11
 918.41441441441429561 8.60362736000295864e-11
 918.87507507507507398 8.5683447055516925828e-11
 919.33573573573562498 8.5333285128050732376e-11
 919.79639639639640336 8.498578703060535934e-11
 920.25705705705695436 8.4640918718975815717e-11
 920.71771771771761905 8.4298640585682039464e-11
 921.17837837837828374 8.3958914470373121124e-11
 921.63903903903894843 8.3621687134602967582e-11
 922.09969969969961312 8.3286873057424792827e-11
 922.56036036036027781 8.2954360390775519482e-11
 923.0210210210209425 8.2624036242639472318e-11
 923.48168168168160719 8.2295804606215917586e-11
 923.94234234234227188 8.1969577991241156794e-11
 924.40300300300293657 8.1645252112795973237e-11
 924.86366366366360126 8.1322694155117601125e-11
 925.32432432432426594 8.1001761444299186329e-11
 925.78498498498493063 8.0682337456518108756e-11
 926.24564564564559532 8.0364349939842964981e-11
 926.70630630630626001 8.0047757491304133319e-11
 927.16696696696681101 7.973251732363580195e-11
 927.62762762762758939 7.9418570171772840294e-11
 928.08828828828814039 7.9105854107331889609e-11
 928.54894894894891877 7.8794331913976977279e-11
 929.00960960960946977 7.84840015870297237e-11
 929.47027027027024815 7.817488063824998803e-11
 929.93093093093079915 7.786698380193995386e-11
 930.39159159159157753 7.7560319125926265324e-11
 930.85225225225212853 7.7254906802496179267e-11
 931.3129129129129069 7.6950797526041275613e-11
 931.77357357357345791 7.6648064831363466537e-11
 932.23423423423423628 7.6346775743882419293e-11
 932.69489489489478729 7.6046967384684414059e-11
 933.15555555555545197 7.5748652933494098419e-11
 933.61621621621611666 7.5451851231139270029e-11
 934.07687687687678135 7.5156610989283801407e-11
 934.53753753753744604 7.4863002013751543184e-11
 934.99819819819811073 7.4571084241486487279e-11
 935.45885885885877542 7.4280883787193797167e-11
 935.91951951951944011 7.3992397293042447042e-11
 936.3801801801801048 7.3705617459054782724e-11
 936.84084084084076949 7.3420549347446699269e-11
 937.30150150150143418 7.3137202695055201288e-11
 937.76216216216209887 7.285556972840237659e-11
 938.22282282282276356 7.2575616450456000338e-11
 938.68348348348342824 7.2297299945044954368e-11
 939.14414414414409293 7.2020592048919247892e-11
 939.60480480480464394 7.1745483689554607048e-11
 940.06546546546542231 7.147196254167629817e-11
 940.52612612612597331 7.1199986842508154938e-11
 940.98678678678675169 7.0929483939386150168e-11
 941.44744744744730269 7.066037766036380539e-11
 941.90810810810808107 7.0392619016125803678e-11
 942.36876876876863207 7.012619170798309734e-11
 942.82942942942941045 6.9861088197841426668e-11
 943.29009009008996145 6.9597282737009232739e-11
 943.75075075075073983 6.9334727726051517057e-11
 944.21141141141129083 6.9073375624043772508e-11
 944.6720720720720692 6.881320112091594264e-11
 945.13273273273262021 6.8554199686571591411e-11
 945.59339339339339858 6.8296367386390671463e-11
 946.05405405405394959 6.8039685384100436129e-11
 946.51471471471461427 6.7784127983468526396e-11
 946.97537537537527896 6.7529687801115781773e-11
 947.43603603603594365 6.7276386253965638474e-11
 947.89669669669660834 6.7024258946024113981e-11
 948.35735735735727303 6.6773325403372317971e-11
 948.81801801801793772 6.6523575803394590463e-11
 949.27867867867860241 6.6274987268152358318e-11
 949.7393393393392671 6.6027554725550514552e-11
 950.19999999999993179 6.5781303845755974797e-11


