 2.74496513e+02 1.30157100e-06
 2.74576145e+02 1.36127703e-06
 2.74655777e+02 1.42352030e-06
 2.74735408e+02 1.48843687e-06
 2.74815040e+02 1.55616281e-06
 2.74894672e+02 1.62683418e-06
 2.74974304e+02 1.70058704e-06
 2.75053936e+02 1.77755746e-06
 2.75133568e+02 1.85788151e-06
 2.75213200e+02 1.94169524e-06
 2.75292832e+02 2.02913472e-06
 2.75372464e+02 2.12033601e-06
 2.75452096e+02 2.21543984e-06
 2.75531728e+02 2.31461365e-06
 2.75611360e+02 2.41803442e-06
 2.75690992e+02 2.52587913e-06
 2.75770624e+02 2.63832477e-06
 2.75850256e+02 2.75554853e-06
 2.75929888e+02 2.87774176e-06
 2.76009520e+02 3.00511844e-06
 2.76089152e+02 3.13789461e-06
 2.76168784e+02 3.27628630e-06
 2.76248415e+02 3.42050954e-06
 2.76328047e+02 3.57078409e-06
 2.76407679e+02 3.72736081e-06
 2.76487311e+02 3.89050618e-06
 2.76566943e+02 4.06048673e-06
 2.76646575e+02 4.23756905e-06
 2.76726207e+02 4.42201977e-06
 2.76805839e+02 4.61412273e-06
 2.76885471e+02 4.81420004e-06
 2.76965103e+02 5.02257894e-06
 2.77044735e+02 5.23958669e-06
 2.77124367e+02 5.46555053e-06
 2.77203999e+02 5.70080097e-06
 2.77283631e+02 5.94570997e-06
 2.77363263e+02 6.20067810e-06
 2.77442895e+02 6.46610651e-06
 2.77522527e+02 6.74239633e-06
 2.77602159e+02 7.02994874e-06
 2.77681790e+02 7.32918370e-06
 2.77761422e+02 7.64058030e-06
 2.77841054e+02 7.96462917e-06
 2.77920686e+02 8.30182093e-06
 2.78000318e+02 8.65264622e-06
 2.78079950e+02 9.01759823e-06
 2.78159582e+02 9.39722348e-06
 2.78239214e+02 9.79211888e-06
 2.78318846e+02 1.02028833e-05
 2.78398478e+02 1.06301156e-05
 2.78478110e+02 1.10744148e-05
 2.78557742e+02 1.15363990e-05
 2.78637374e+02 1.20167735e-05
 2.78717006e+02 1.25162678e-05
 2.78796638e+02 1.30356116e-05
 2.78876270e+02 1.35755344e-05
 2.78955902e+02 1.41367676e-05
 2.79035534e+02 1.47201078e-05
 2.79115166e+02 1.53264368e-05
 2.79194797e+02 1.59566415e-05
 2.79274429e+02 1.66116091e-05
 2.79354061e+02 1.72922267e-05
 2.79433693e+02 1.79994003e-05
 2.79513325e+02 1.87341579e-05
 2.79592957e+02 1.94975761e-05
 2.79672589e+02 2.02907316e-05
 2.79752221e+02 2.11147011e-05
 2.79831853e+02 2.19705621e-05
 2.79911485e+02 2.28594688e-05
 2.79991117e+02 2.37827115e-05
 2.80070749e+02 2.47415949e-05
 2.80150381e+02 2.57374232e-05
 2.80230013e+02 2.67715010e-05
 2.80309645e+02 2.78451498e-05
 2.80389277e+02 2.89598553e-05
 2.80468909e+02 3.01171943e-05
 2.80548541e+02 3.13187443e-05
 2.80628173e+02 3.25660830e-05
 2.80707804e+02 3.38607883e-05
 2.80787436e+02 3.52045229e-05
 2.80867068e+02 3.65991598e-05
 2.80946700e+02 3.80466038e-05
 2.81026332e+02 3.95487598e-05
 2.81105964e+02 4.11075328e-05
 2.81185596e+02 4.27248420e-05
 2.81265228e+02 4.44028182e-05
 2.81344860e+02 4.61437536e-05
 2.81424492e+02 4.79499445e-05
 2.81504124e+02 4.98236874e-05
 2.81583756e+02 5.17672785e-05
 2.81663388e+02 5.37831027e-05
 2.81743020e+02 5.58738558e-05
 2.81822652e+02 5.80423015e-05
 2.81902284e+02 6.02912038e-05
 2.81981916e+02 6.26233266e-05
 2.82061548e+02 6.50414442e-05
 2.82141179e+02 6.75485926e-05
 2.82220811e+02 7.01480806e-05
 2.82300443e+02 7.28432298e-05
 2.82380075e+02 7.56373616e-05
 2.82459707e+02 7.85337978e-05
 2.82539339e+02 8.15359472e-05
 2.82618971e+02 8.46476578e-05
 2.82698603e+02 8.78729156e-05
 2.82778235e+02 9.12157064e-05
 2.82857867e+02 9.46800162e-05
 2.82937499e+02 9.82698371e-05
 2.83017131e+02 1.01989470e-04
 2.83096763e+02 1.05843658e-04
 2.83176395e+02 1.09837177e-04
 2.83256027e+02 1.13974802e-04
 2.83335659e+02 1.18261311e-04
 2.83415291e+02 1.22701560e-04
 2.83494923e+02 1.27301001e-04
 2.83574555e+02 1.32065348e-04
 2.83654186e+02 1.37000314e-04
 2.83733818e+02 1.42111617e-04
 2.83813450e+02 1.47404972e-04
 2.83893082e+02 1.52886445e-04
 2.83972714e+02 1.58562784e-04
 2.84052346e+02 1.64440818e-04
 2.84131978e+02 1.70527376e-04
 2.84211610e+02 1.76829286e-04
 2.84291242e+02 1.83353448e-04
 2.84370874e+02 1.90107530e-04
 2.84450506e+02 1.97099674e-04
 2.84530138e+02 2.04338027e-04
 2.84609770e+02 2.11830737e-04
 2.84689402e+02 2.19585954e-04
 2.84769034e+02 2.27612193e-04
 2.84848666e+02 2.35918990e-04
 2.84928298e+02 2.44516053e-04
 2.85007930e+02 2.53413092e-04
 2.85087561e+02 2.62619815e-04
 2.85167193e+02 2.72145986e-04
 2.85246825e+02 2.82002326e-04
 2.85326457e+02 2.92200363e-04
 2.85406089e+02 3.02751647e-04
 2.85485721e+02 3.13667733e-04
 2.85565353e+02 3.24960172e-04
 2.85644985e+02 3.36640884e-04
 2.85724617e+02 3.48723239e-04
 2.85804249e+02 3.61220965e-04
 2.85883881e+02 3.74147786e-04
 2.85963513e+02 3.87517430e-04
 2.86043145e+02 4.01343660e-04
 2.86122777e+02 4.15641378e-04
 2.86202409e+02 4.30426797e-04
 2.86282041e+02 4.45716203e-04
 2.86361673e+02 4.61525881e-04
 2.86441305e+02 4.77872116e-04
 2.86520937e+02 4.94771543e-04
 2.86600568e+02 5.12242765e-04
 2.86680200e+02 5.30305073e-04
 2.86759832e+02 5.48977760e-04
 2.86839464e+02 5.68280121e-04
 2.86919096e+02 5.88231468e-04
 2.86998728e+02 6.08852404e-04
 2.87078360e+02 6.30165571e-04
 2.87157992e+02 6.52193790e-04
 2.87237624e+02 6.74959880e-04
 2.87317256e+02 6.98486664e-04
 2.87396888e+02 7.22797272e-04
 2.87476520e+02 7.47917387e-04
 2.87556152e+02 7.73873951e-04
 2.87635784e+02 8.00693914e-04
 2.87715416e+02 8.28404227e-04
 2.87795048e+02 8.57031845e-04
 2.87874680e+02 8.86605110e-04
 2.87954312e+02 9.17155393e-04
 2.88033944e+02 9.48714466e-04
 2.88113575e+02 9.81314102e-04
 2.88193207e+02 1.01498607e-03
 2.88272839e+02 1.04976241e-03
 2.88352471e+02 1.08567829e-03
 2.88432103e+02 1.12277109e-03
 2.88511735e+02 1.16107818e-03
 2.88591367e+02 1.20063696e-03
 2.88670999e+02 1.24148482e-03
 2.88750631e+02 1.28366056e-03
 2.88830263e+02 1.32720725e-03
 2.88909895e+02 1.37216883e-03
 2.88989527e+02 1.41858921e-03
 2.89069159e+02 1.46651233e-03
 2.89148791e+02 1.51598227e-03
 2.89228423e+02 1.56704692e-03
 2.89308055e+02 1.61975761e-03
 2.89387687e+02 1.67416585e-03
 2.89467319e+02 1.73032313e-03
 2.89546950e+02 1.78828093e-03
 2.89626582e+02 1.84809206e-03
 2.89706214e+02 1.90981516e-03
 2.89785846e+02 1.97351047e-03
 2.89865478e+02 2.03923821e-03
 2.89945110e+02 2.10705864e-03
 2.90024742e+02 2.17703209e-03
 2.90104374e+02 2.24922314e-03
 2.90184006e+02 2.32370176e-03
 2.90263638e+02 2.40053826e-03
 2.90343270e+02 2.47980295e-03
 2.90422902e+02 2.56156614e-03
 2.90502534e+02 2.64589932e-03
 2.90582166e+02 2.73288143e-03
 2.90661798e+02 2.82259435e-03
 2.90741430e+02 2.91511994e-03
 2.90821062e+02 3.01054008e-03
 2.90900694e+02 3.10893670e-03
 2.90980326e+02 3.21039624e-03
 2.91059957e+02 3.31501299e-03
 2.91139589e+02 3.42288205e-03
 2.91219221e+02 3.53409853e-03
 2.91298853e+02 3.64875753e-03
 2.91378485e+02 3.76695511e-03
 2.91458117e+02 3.88879644e-03
 2.91537749e+02 4.01439163e-03
 2.91617381e+02 4.14385083e-03
 2.91697013e+02 4.27728423e-03
 2.91776645e+02 4.41480200e-03
 2.91856277e+02 4.55651881e-03
 2.91935909e+02 4.70256027e-03
 2.92015541e+02 4.85305364e-03
 2.92095173e+02 5.00812618e-03
 2.92174805e+02 5.16790513e-03
 2.92254437e+02 5.33251847e-03
 2.92334069e+02 5.50210466e-03
 2.92413701e+02 5.67681007e-03
 2.92493333e+02 5.85678122e-03
 2.92572964e+02 6.04216467e-03
 2.92652596e+02 6.23310696e-03
 2.92732228e+02 6.42975879e-03
 2.92811860e+02 6.63228527e-03
 2.92891492e+02 6.84085462e-03
 2.92971124e+02 7.05563504e-03
 2.93050756e+02 7.27679475e-03
 2.93130388e+02 7.50450244e-03
 2.93210020e+02 7.73893821e-03
 2.93289652e+02 7.98029395e-03
 2.93369284e+02 8.22876208e-03
 2.93448916e+02 8.48453502e-03
 2.93528548e+02 8.74780520e-03
 2.93608180e+02 9.01876862e-03
 2.93687812e+02 9.29763910e-03
 2.93767444e+02 9.58463594e-03
 2.93847076e+02 9.87997846e-03
 2.93926708e+02 1.01838860e-02
 2.94006339e+02 1.04965780e-02
 2.94085971e+02 1.08182858e-02
 2.94165603e+02 1.11492572e-02
 2.94245235e+02 1.14897411e-02
 2.94324867e+02 1.18399865e-02
 2.94404499e+02 1.22002424e-02
 2.94484131e+02 1.25707606e-02
 2.94563763e+02 1.29518136e-02
 2.94643395e+02 1.33436829e-02
 2.94723027e+02 1.37466500e-02
 2.94802659e+02 1.41609964e-02
 2.94882291e+02 1.45870037e-02
 2.94961923e+02 1.50249646e-02
 2.95041555e+02 1.54751935e-02
 2.95121187e+02 1.59380074e-02
 2.95200819e+02 1.64137230e-02
 2.95280451e+02 1.69026572e-02
 2.95360083e+02 1.74051291e-02
 2.95439715e+02 1.79214798e-02
 2.95519346e+02 1.84520644e-02
 2.95598978e+02 1.89972378e-02
 2.95678610e+02 1.95573550e-02
 2.95758242e+02 2.01327712e-02
 2.95837874e+02 2.07238510e-02
 2.95917506e+02 2.13309860e-02
 2.95997138e+02 2.19545718e-02
 2.96076770e+02 2.25950043e-02
 2.96156402e+02 2.32526793e-02
 2.96236034e+02 2.39279940e-02
 2.96315666e+02 2.46213681e-02
 2.96395298e+02 2.53332399e-02
 2.96474930e+02 2.60640484e-02
 2.96554562e+02 2.68142325e-02
 2.96634194e+02 2.75842313e-02
 2.96713826e+02 2.83744915e-02
 2.96793458e+02 2.91854898e-02
 2.96873090e+02 3.00177103e-02
 2.96952722e+02 3.08716371e-02
 2.97032353e+02 3.17477543e-02
 2.97111985e+02 3.26465467e-02
 2.97191617e+02 3.35685198e-02
 2.97271249e+02 3.45142031e-02
 2.97350881e+02 3.54841272e-02
 2.97430513e+02 3.64788226e-02
 2.97510145e+02 3.74988201e-02
 2.97589777e+02 3.85446558e-02
 2.97669409e+02 3.96168969e-02
 2.97749041e+02 4.07161213e-02
 2.97828673e+02 4.18429070e-02
 2.97908305e+02 4.29978320e-02
 2.97987937e+02 4.41814743e-02
 2.98067569e+02 4.53944297e-02
 2.98147201e+02 4.66373209e-02
 2.98226833e+02 4.79107731e-02
 2.98306465e+02 4.92154113e-02
 2.98386097e+02 5.05518608e-02
 2.98465728e+02 5.19207501e-02
 2.98545360e+02 5.33227365e-02
 2.98624992e+02 5.47584912e-02
 2.98704624e+02 5.62286852e-02
 2.98784256e+02 5.77339898e-02
 2.98863888e+02 5.92750763e-02
 2.98943520e+02 6.08526285e-02
 2.99023152e+02 6.24673579e-02
 2.99102784e+02 6.41199794e-02
 2.99182416e+02 6.58112079e-02
 2.99262048e+02 6.75417582e-02
 2.99341680e+02 6.93123472e-02
 2.99421312e+02 7.11237143e-02
 2.99500944e+02 7.29766140e-02
 2.99580576e+02 7.48718013e-02
 2.99660208e+02 7.68100311e-02
 2.99739840e+02 7.87920582e-02
 2.99819472e+02 8.08186451e-02
 2.99899104e+02 8.28905771e-02
 2.99978735e+02 8.50086437e-02
 3.00058367e+02 8.71736345e-02
 3.00137999e+02 8.93863392e-02
 3.00217631e+02 9.16475480e-02
 3.00297263e+02 9.39580650e-02
 3.00376895e+02 9.63187070e-02
 3.00456527e+02 9.87302914e-02
 3.00536159e+02 1.01193635e-01
 3.00615791e+02 1.03709556e-01
 3.00695423e+02 1.06278875e-01
 3.00775055e+02 1.08902423e-01
 3.00854687e+02 1.11581037e-01
 3.00934319e+02 1.14315553e-01
 3.01013951e+02 1.17106809e-01
 3.01093583e+02 1.19955639e-01
 3.01173215e+02 1.22862883e-01
 3.01252847e+02 1.25829387e-01
 3.01332479e+02 1.28855994e-01
 3.01412111e+02 1.31943548e-01
 3.01491742e+02 1.35092895e-01
 3.01571374e+02 1.38304878e-01
 3.01651006e+02 1.41580339e-01
 3.01730638e+02 1.44920117e-01
 3.01810270e+02 1.48325053e-01
 3.01889902e+02 1.51795986e-01
 3.01969534e+02 1.55333758e-01
 3.02049166e+02 1.58939201e-01
 3.02128798e+02 1.62613138e-01
 3.02208430e+02 1.66356391e-01
 3.02288062e+02 1.70169780e-01
 3.02367694e+02 1.74054128e-01
 3.02447326e+02 1.78010253e-01
 3.02526958e+02 1.82038954e-01
 3.02606590e+02 1.86141016e-01
 3.02686222e+02 1.90317228e-01
 3.02765854e+02 1.94568374e-01
 3.02845486e+02 1.98895242e-01
 3.02925117e+02 2.03298604e-01
 3.03004749e+02 2.07779200e-01
 3.03084381e+02 2.12337763e-01
 3.03164013e+02 2.16975027e-01
 3.03243645e+02 2.21691727e-01
 3.03323277e+02 2.26488594e-01
 3.03402909e+02 2.31366319e-01
 3.03482541e+02 2.36325567e-01
 3.03562173e+02 2.41367001e-01
 3.03641805e+02 2.46491282e-01
 3.03721437e+02 2.51699073e-01
 3.03801069e+02 2.56991020e-01
 3.03880701e+02 2.62367706e-01
 3.03960333e+02 2.67829704e-01
 3.04039965e+02 2.73377585e-01
 3.04119597e+02 2.79011920e-01
 3.04199229e+02 2.84733279e-01
 3.04278861e+02 2.90542177e-01
 3.04358493e+02 2.96439079e-01
 3.04438124e+02 3.02424443e-01
 3.04517756e+02 3.08498730e-01
 3.04597388e+02 3.14662400e-01
 3.04677020e+02 3.20915895e-01
 3.04756652e+02 3.27259571e-01
 3.04836284e+02 3.33693757e-01
 3.04915916e+02 3.40218780e-01
 3.04995548e+02 3.46834969e-01
 3.05075180e+02 3.53542652e-01
 3.05154812e+02 3.60342096e-01
 3.05234444e+02 3.67233485e-01
 3.05314076e+02 3.74216996e-01
 3.05393708e+02 3.81292806e-01
 3.05473340e+02 3.88461093e-01
 3.05552972e+02 3.95722019e-01
 3.05632604e+02 4.03075639e-01
 3.05712236e+02 4.10521960e-01
 3.05791868e+02 4.18060990e-01
 3.05871500e+02 4.25692738e-01
 3.05951131e+02 4.33417209e-01
 3.06030763e+02 4.41234352e-01
 3.06110395e+02 4.49144002e-01
 3.06190027e+02 4.57145978e-01
 3.06269659e+02 4.65240103e-01
 3.06349291e+02 4.73426197e-01
 3.06428923e+02 4.81704070e-01
 3.06508555e+02 4.90073414e-01
 3.06588187e+02 4.98533849e-01
 3.06667819e+02 5.07084995e-01
 3.06747451e+02 5.15726471e-01
 3.06827083e+02 5.24457897e-01
 3.06906715e+02 5.33278841e-01
 3.06986347e+02 5.42188731e-01
 3.07065979e+02 5.51186973e-01
 3.07145611e+02 5.60272973e-01
 3.07225243e+02 5.69446136e-01
 3.07304875e+02 5.78705860e-01
 3.07384506e+02 5.88051428e-01
 3.07464138e+02 5.97482024e-01
 3.07543770e+02 6.06996829e-01
 3.07623402e+02 6.16595026e-01
 3.07703034e+02 6.26275797e-01
 3.07782666e+02 6.36038283e-01
 3.07862298e+02 6.45881473e-01
 3.07941930e+02 6.55804317e-01
 3.08021562e+02 6.65805767e-01
 3.08101194e+02 6.75884774e-01
 3.08180826e+02 6.86040287e-01
 3.08260458e+02 6.96271146e-01
 3.08340090e+02 7.06576074e-01
 3.08419722e+02 7.16953789e-01
 3.08499354e+02 7.27403006e-01
 3.08578986e+02 7.37922443e-01
 3.08658618e+02 7.48510786e-01
 3.08738250e+02 7.59166571e-01
 3.08817882e+02 7.69888276e-01
 3.08897513e+02 7.80674382e-01
 3.08977145e+02 7.91523369e-01
 3.09056777e+02 8.02433717e-01
 3.09136409e+02 8.13403816e-01
 3.09216041e+02 8.24431922e-01
 3.09295673e+02 8.35516280e-01
 3.09375305e+02 8.46655136e-01
 3.09454937e+02 8.57846733e-01
 3.09534569e+02 8.69089299e-01
 3.09614201e+02 8.80380914e-01
 3.09693833e+02 8.91719593e-01
 3.09773465e+02 9.03103345e-01
 3.09853097e+02 9.14530185e-01
 3.09932729e+02 9.25998122e-01
 3.10012361e+02 9.37505103e-01
 3.10091993e+02 9.49048928e-01
 3.10171625e+02 9.60627381e-01
 3.10251257e+02 9.72238245e-01
 3.10330889e+02 9.83879305e-01
 3.10410520e+02 9.95548332e-01
 3.10490152e+02 1.00724297e+00
 3.10569784e+02 1.01896079e+00
 3.10649416e+02 1.03069935e+00
 3.10729048e+02 1.04245620e+00
 3.10808680e+02 1.05422890e+00
 3.10888312e+02 1.06601498e+00
 3.10967944e+02 1.07781180e+00
 3.11047576e+02 1.08961670e+00
 3.11127208e+02 1.10142703e+00
 3.11206840e+02 1.11324013e+00
 3.11286472e+02 1.12505334e+00
 3.11366104e+02 1.13686389e+00
 3.11445736e+02 1.14866893e+00
 3.11525368e+02 1.16046557e+00
 3.11605000e+02 1.17225097e+00
 3.11684632e+02 1.18402225e+00
 3.11764264e+02 1.19577652e+00
 3.11843895e+02 1.20751074e+00
 3.11923527e+02 1.21922185e+00
 3.12003159e+02 1.23090679e+00
 3.12082791e+02 1.24256248e+00
 3.12162423e+02 1.25418585e+00
 3.12242055e+02 1.26577377e+00
 3.12321687e+02 1.27732297e+00
 3.12401319e+02 1.28883020e+00
 3.12480951e+02 1.30029221e+00
 3.12560583e+02 1.31170573e+00
 3.12640215e+02 1.32306750e+00
 3.12719847e+02 1.33437411e+00
 3.12799479e+02 1.34562215e+00
 3.12879111e+02 1.35680817e+00
 3.12958743e+02 1.36792875e+00
 3.13038375e+02 1.37898044e+00
 3.13118007e+02 1.38995976e+00
 3.13197639e+02 1.40086314e+00
 3.13277271e+02 1.41168696e+00
 3.13356902e+02 1.42242766e+00
 3.13436534e+02 1.43308162e+00
 3.13516166e+02 1.44364526e+00
 3.13595798e+02 1.45411490e+00
 3.13675430e+02 1.46448680e+00
 3.13755062e+02 1.47475724e+00
 3.13834694e+02 1.48492250e+00
 3.13914326e+02 1.49497886e+00
 3.13993958e+02 1.50492256e+00
 3.14073590e+02 1.51474978e+00
 3.14153222e+02 1.52445671e+00
 3.14232854e+02 1.53403951e+00
 3.14312486e+02 1.54349436e+00
 3.14392118e+02 1.55281744e+00
 3.14471750e+02 1.56200488e+00
 3.14551382e+02 1.57105281e+00
 3.14631014e+02 1.57995734e+00
 3.14710646e+02 1.58871459e+00
 3.14790278e+02 1.59732069e+00
 3.14869909e+02 1.60577174e+00
 3.14949541e+02 1.61406387e+00
 3.15029173e+02 1.62219320e+00
 3.15108805e+02 1.63015584e+00
 3.15188437e+02 1.63794791e+00
 3.15268069e+02 1.64556553e+00
 3.15347701e+02 1.65300485e+00
 3.15427333e+02 1.66026206e+00
 3.15506965e+02 1.66733334e+00
 3.15586597e+02 1.67421489e+00
 3.15666229e+02 1.68090288e+00
 3.15745861e+02 1.68739352e+00
 3.15825493e+02 1.69368312e+00
 3.15905125e+02 1.69976803e+00
 3.15984757e+02 1.70564457e+00
 3.16064389e+02 1.71130909e+00
 3.16144021e+02 1.71675792e+00
 3.16223653e+02 1.72198750e+00
 3.16303284e+02 1.72699441e+00
 3.16382916e+02 1.73177524e+00
 3.16462548e+02 1.73632656e+00
 3.16542180e+02 1.74064497e+00
 3.16621812e+02 1.74472707e+00
 3.16701444e+02 1.74856972e+00
 3.16781076e+02 1.75216984e+00
 3.16860708e+02 1.75552438e+00
 3.16940340e+02 1.75863027e+00
 3.17019972e+02 1.76148445e+00
 3.17099604e+02 1.76408402e+00
 3.17179236e+02 1.76642633e+00
 3.17258868e+02 1.76850881e+00
 3.17338500e+02 1.77032884e+00
 3.17418132e+02 1.77188384e+00
 3.17497764e+02 1.77317123e+00
 3.17577396e+02 1.77418880e+00
 3.17657028e+02 1.77493454e+00
 3.17736660e+02 1.77540641e+00
 3.17816291e+02 1.77560242e+00
 3.17895923e+02 1.77552054e+00
 3.17975555e+02 1.77515892e+00
 3.18055187e+02 1.77451617e+00
 3.18134819e+02 1.77359097e+00
 3.18214451e+02 1.77238198e+00
 3.18294083e+02 1.77088788e+00
 3.18373715e+02 1.76910738e+00
 3.18453347e+02 1.76703958e+00
 3.18532979e+02 1.76468395e+00
 3.18612611e+02 1.76203995e+00
 3.18692243e+02 1.75910704e+00
 3.18771875e+02 1.75588469e+00
 3.18851507e+02 1.75237250e+00
 3.18931139e+02 1.74857069e+00
 3.19010771e+02 1.74447959e+00
 3.19090403e+02 1.74009951e+00
 3.19170035e+02 1.73543081e+00
 3.19249667e+02 1.73047382e+00
 3.19329298e+02 1.72522931e+00
 3.19408930e+02 1.71969852e+00
 3.19488562e+02 1.71388269e+00
 3.19568194e+02 1.70778308e+00
 3.19647826e+02 1.70140094e+00
 3.19727458e+02 1.69473765e+00
 3.19807090e+02 1.68779518e+00
 3.19886722e+02 1.68057575e+00
 3.19966354e+02 1.67308154e+00
 3.20045986e+02 1.66531475e+00
 3.20125618e+02 1.65727758e+00
 3.20205250e+02 1.64897258e+00
 3.20284882e+02 1.64040284e+00
 3.20364514e+02 1.63157147e+00
 3.20444146e+02 1.62248159e+00
 3.20523778e+02 1.61313634e+00
 3.20603410e+02 1.60353890e+00
 3.20683042e+02 1.59369300e+00
 3.20762673e+02 1.58360265e+00
 3.20842305e+02 1.57327184e+00
 3.20921937e+02 1.56270456e+00
 3.21001569e+02 1.55190480e+00
 3.21081201e+02 1.54087681e+00
 3.21160833e+02 1.52962528e+00
 3.21240465e+02 1.51815501e+00
 3.21320097e+02 1.50647076e+00
 3.21399729e+02 1.49457731e+00
 3.21479361e+02 1.48247947e+00
 3.21558993e+02 1.47018242e+00
 3.21638625e+02 1.45769159e+00
 3.21718257e+02 1.44501241e+00
 3.21797889e+02 1.43215032e+00
 3.21877521e+02 1.41911075e+00
 3.21957153e+02 1.40589924e+00
 3.22036785e+02 1.39252167e+00
 3.22116417e+02 1.37898398e+00
 3.22196049e+02 1.36529210e+00
 3.22275680e+02 1.35145197e+00
 3.22355312e+02 1.33746954e+00
 3.22434944e+02 1.32335093e+00
 3.22514576e+02 1.30910240e+00
 3.22594208e+02 1.29473022e+00
 3.22673840e+02 1.28024068e+00
 3.22753472e+02 1.26564003e+00
 3.22833104e+02 1.25093459e+00
 3.22912736e+02 1.23613075e+00
 3.22992368e+02 1.22123495e+00
 3.23072000e+02 1.20625362e+00
 3.23151632e+02 1.19119319e+00
 3.23231264e+02 1.17606009e+00
 3.23310896e+02 1.16086075e+00
 3.23390528e+02 1.14560159e+00
 3.23470160e+02 1.13028903e+00
 3.23549792e+02 1.11492947e+00
 3.23629424e+02 1.09952934e+00
 3.23709056e+02 1.08409504e+00
 3.23788687e+02 1.06863285e+00
 3.23868319e+02 1.05314902e+00
 3.23947951e+02 1.03764977e+00
 3.24027583e+02 1.02214136e+00
 3.24107215e+02 1.00663002e+00
 3.24186847e+02 9.91121875e-01
 3.24266479e+02 9.75622876e-01
 3.24346111e+02 9.60138940e-01
 3.24425743e+02 9.44675993e-01
 3.24505375e+02 9.29239956e-01
 3.24585007e+02 9.13836723e-01
 3.24664639e+02 8.98471923e-01
 3.24744271e+02 8.83151048e-01
 3.24823903e+02 8.67879586e-01
 3.24903535e+02 8.52663028e-01
 3.24983167e+02 8.37506863e-01
 3.25062799e+02 8.22416438e-01
 3.25142431e+02 8.07396766e-01
 3.25222062e+02 7.92452816e-01
 3.25301694e+02 7.77589555e-01
 3.25381326e+02 7.62811951e-01
 3.25460958e+02 7.48124947e-01
 3.25540590e+02 7.33533163e-01
 3.25620222e+02 7.19040988e-01
 3.25699854e+02 7.04652803e-01
 3.25779486e+02 6.90372990e-01
 3.25859118e+02 6.76205933e-01
 3.25938750e+02 6.62155887e-01
 3.26018382e+02 6.48226694e-01
 3.26098014e+02 6.34422110e-01
 3.26177646e+02 6.20745891e-01
 3.26257278e+02 6.07201793e-01
 3.26336910e+02 5.93793559e-01
 3.26416542e+02 5.80524618e-01
 3.26496174e+02 5.67398087e-01
 3.26575806e+02 5.54417072e-01
 3.26655438e+02 5.41584680e-01
 3.26735069e+02 5.28904015e-01
 3.26814701e+02 5.16378091e-01
 3.26894333e+02 5.04009477e-01
 3.26973965e+02 4.91800615e-01
 3.27053597e+02 4.79753947e-01
 3.27133229e+02 4.67871914e-01
 3.27212861e+02 4.56156950e-01
 3.27292493e+02 4.44611218e-01
 3.27372125e+02 4.33236513e-01
 3.27451757e+02 4.22034602e-01
 3.27531389e+02 4.11007254e-01
 3.27611021e+02 4.00156238e-01
 3.27690653e+02 3.89483259e-01
 3.27770285e+02 3.78989588e-01
 3.27849917e+02 3.68676315e-01
 3.27929549e+02 3.58544532e-01
 3.28009181e+02 3.48595328e-01
 3.28088813e+02 3.38829792e-01
 3.28168445e+02 3.29248788e-01
 3.28248076e+02 3.19852772e-01
 3.28327708e+02 3.10642152e-01
 3.28407340e+02 3.01617337e-01
 3.28486972e+02 2.92778735e-01
 3.28566604e+02 2.84126716e-01
 3.28646236e+02 2.75661246e-01
 3.28725868e+02 2.67382057e-01
 3.28805500e+02 2.59288879e-01
 3.28885132e+02 2.51381442e-01
 3.28964764e+02 2.43659476e-01
 3.29044396e+02 2.36122544e-01
 3.29124028e+02 2.28769778e-01
 3.29203660e+02 2.21600244e-01
 3.29283292e+02 2.14613003e-01
 3.29362924e+02 2.07807122e-01
 3.29442556e+02 2.01181641e-01
 3.29522188e+02 1.94735265e-01
 3.29601820e+02 1.88466431e-01
 3.29681451e+02 1.82373567e-01
 3.29761083e+02 1.76455100e-01
 3.29840715e+02 1.70709459e-01
 3.29920347e+02 1.65134967e-01
 3.29999979e+02 1.59729561e-01
 3.30079611e+02 1.54491086e-01
 3.30159243e+02 1.49417390e-01
 3.30238875e+02 1.44506318e-01
 3.30318507e+02 1.39755710e-01
 3.30398139e+02 1.35163175e-01
 3.30477771e+02 1.30726071e-01
 3.30557403e+02 1.26441746e-01
 3.30637035e+02 1.22307548e-01
 3.30716667e+02 1.18320824e-01
 3.30796299e+02 1.14478872e-01
 3.30875931e+02 1.10778735e-01
 3.30955563e+02 1.07217373e-01
 3.31035195e+02 1.03791744e-01
 3.31114827e+02 1.00498807e-01
 3.31194458e+02 9.73355186e-02
 3.31274090e+02 9.42987410e-02
 3.31353722e+02 9.13851927e-02
 3.31433354e+02 8.85915810e-02
 3.31512986e+02 8.59146132e-02
 3.31592618e+02 8.33509964e-02
 3.31672250e+02 8.08974300e-02
 3.31751882e+02 7.85505522e-02
 3.31831514e+02 7.63069730e-02
 3.31911146e+02 7.41633024e-02
 3.31990778e+02 7.21161501e-02
 3.32070410e+02 7.01621262e-02
 3.32150042e+02 6.82978595e-02
 3.32229674e+02 6.65200173e-02
 3.32309306e+02 6.48252721e-02
 3.32388938e+02 6.32102961e-02
 3.32468570e+02 6.16717616e-02
 3.32548202e+02 6.02063516e-02
 3.32627834e+02 5.88108717e-02
 3.32707465e+02 5.74822065e-02
 3.32787097e+02 5.62172420e-02
 3.32866729e+02 5.50128639e-02
 3.32946361e+02 5.38659582e-02
 3.33025993e+02 5.27734881e-02
 3.33105625e+02 5.17326410e-02
 3.33185257e+02 5.07406445e-02
 3.33264889e+02 4.97947260e-02
 3.33344521e+02 4.88921132e-02
 3.33424153e+02 4.80300458e-02
 3.33503785e+02 4.72059845e-02
 3.33583417e+02 4.64175853e-02
 3.33663049e+02 4.56625104e-02
 3.33742681e+02 4.49384222e-02
 3.33822313e+02 4.42429833e-02
 3.33901945e+02 4.35739342e-02
 3.33981577e+02 4.29293389e-02
 3.34061209e+02 4.23073449e-02
 3.34140840e+02 4.17060998e-02
 3.34220472e+02 4.11237509e-02
 3.34300104e+02 4.05584524e-02
 3.34379736e+02 4.00085711e-02
 3.34459368e+02 3.94727298e-02
 3.34539000e+02 3.89495666e-02
 3.34618632e+02 3.84377197e-02
 3.34698264e+02 3.79358271e-02
 3.34777896e+02 3.74425768e-02
 3.34857528e+02 3.69569531e-02
 3.34937160e+02 3.64780493e-02
 3.35016792e+02 3.60049587e-02
 3.35096424e+02 3.55367748e-02
 3.35176056e+02 3.50725929e-02
 3.35255688e+02 3.46116462e-02
 3.35335320e+02 3.41533955e-02
 3.35414952e+02 3.36973228e-02
 3.35494584e+02 3.32429101e-02
 3.35574216e+02 3.27896395e-02
 3.35653847e+02 3.23370145e-02
 3.35733479e+02 3.18847240e-02
 3.35813111e+02 3.14325526e-02
 3.35892743e+02 3.09802857e-02
 3.35972375e+02 3.05277088e-02
 3.36052007e+02 3.00746075e-02
 3.36131639e+02 2.96208264e-02
 3.36211271e+02 2.91663453e-02
 3.36290903e+02 2.87111629e-02
 3.36370535e+02 2.82552778e-02
 3.36450167e+02 2.77986889e-02
 3.36529799e+02 2.73414003e-02
 3.36609431e+02 2.68834887e-02
 3.36689063e+02 2.64250827e-02
 3.36768695e+02 2.59663119e-02
 3.36848327e+02 2.55073058e-02
 3.36927959e+02 2.50481940e-02
 3.37007591e+02 2.45891193e-02
 3.37087222e+02 2.41302675e-02
 3.37166854e+02 2.36718332e-02
 3.37246486e+02 2.32140107e-02
 3.37326118e+02 2.27569946e-02
 3.37405750e+02 2.23009797e-02
 3.37485382e+02 2.18461703e-02
 3.37565014e+02 2.13927800e-02
 3.37644646e+02 2.09410225e-02
 3.37724278e+02 2.04911117e-02
 3.37803910e+02 2.00432614e-02
 3.37883542e+02 1.95976845e-02
 3.37963174e+02 1.91545895e-02
 3.38042806e+02 1.87141836e-02
 3.38122438e+02 1.82766740e-02
 3.38202070e+02 1.78422681e-02
 3.38281702e+02 1.74111727e-02
 3.38361334e+02 1.69835878e-02
 3.38440966e+02 1.65597034e-02
 3.38520598e+02 1.61397092e-02
 3.38600229e+02 1.57237945e-02
 3.38679861e+02 1.53121488e-02
 3.38759493e+02 1.49049598e-02
 3.38839125e+02 1.45024016e-02
 3.38918757e+02 1.41046428e-02
 3.38998389e+02 1.37118523e-02
 3.39078021e+02 1.33241988e-02
 3.39157653e+02 1.29418509e-02
 3.39237285e+02 1.25649700e-02
 3.39316917e+02 1.21937037e-02
 3.39396549e+02 1.18281985e-02
 3.39476181e+02 1.14686007e-02
 3.39555813e+02 1.11150567e-02
 3.39635445e+02 1.07677112e-02
 3.39715077e+02 1.04266926e-02
 3.39794709e+02 1.00921204e-02
 3.39874341e+02 9.76411358e-03
 3.39953973e+02 9.44279134e-03
 3.40033605e+02 9.12827281e-03
 3.40113236e+02 8.82066784e-03
 3.40192868e+02 8.52006252e-03
 3.40272500e+02 8.22653922e-03
 3.40352132e+02 7.94018029e-03
 3.40431764e+02 7.66106810e-03
 3.40511396e+02 7.38928329e-03
 3.40591028e+02 7.12488008e-03
 3.40670660e+02 6.86789195e-03
 3.40750292e+02 6.61835178e-03
 3.40829924e+02 6.37629249e-03
 3.40909556e+02 6.14174699e-03
 3.40989188e+02 5.91473695e-03
 3.41068820e+02 5.69524339e-03
 3.41148452e+02 5.48323808e-03
 3.41228084e+02 5.27869280e-03
 3.41307716e+02 5.08157933e-03
 3.41387348e+02 4.89186826e-03
 3.41466980e+02 4.70949925e-03
 3.41546611e+02 4.53437875e-03
 3.41626243e+02 4.36641156e-03
 3.41705875e+02 4.20550247e-03
 3.41785507e+02 4.05155631e-03
 3.41865139e+02 3.90446985e-03
 3.41944771e+02 3.76409823e-03
 3.42024403e+02 3.63028309e-03
 3.42104035e+02 3.50286607e-03
 3.42183667e+02 3.38168880e-03
 3.42263299e+02 3.26659254e-03
 3.42342931e+02 3.15740004e-03
 3.42422563e+02 3.05390676e-03
 3.42502195e+02 2.95590598e-03
 3.42581827e+02 2.86319098e-03
 3.42661459e+02 2.77555505e-03
 3.42741091e+02 2.69278946e-03
 3.42820723e+02 2.61467023e-03
 3.42900355e+02 2.54096645e-03
 3.42979987e+02 2.47144715e-03
 3.43059618e+02 2.40588139e-03
 3.43139250e+02 2.34403821e-03
 3.43218882e+02 2.28568809e-03
 3.43298514e+02 2.23060436e-03
 3.43378146e+02 2.17856071e-03
 3.43457778e+02 2.12933081e-03
 3.43537410e+02 2.08268836e-03
 3.43617042e+02 2.03840868e-03
 3.43696674e+02 1.99628570e-03
 3.43776306e+02 1.95612513e-03
 3.43855938e+02 1.91773287e-03
 3.43935570e+02 1.88091479e-03
 3.44015202e+02 1.84547680e-03
 3.44094834e+02 1.81123686e-03
 3.44174466e+02 1.77804727e-03
 3.44254098e+02 1.74576642e-03
 3.44333730e+02 1.71425270e-03
 3.44413362e+02 1.68336451e-03
 3.44492994e+02 1.65296196e-03
 3.44572625e+02 1.62293666e-03
 3.44652257e+02 1.59320745e-03
 3.44731889e+02 1.56369413e-03
 3.44811521e+02 1.53431646e-03
 3.44891153e+02 1.50499422e-03
 3.44970785e+02 1.47565665e-03
 3.45050417e+02 1.44627144e-03
 3.45130049e+02 1.41681605e-03
 3.45209681e+02 1.38726794e-03
 3.45289313e+02 1.35760458e-03
 3.45368945e+02 1.32780403e-03
 3.45448577e+02 1.29786335e-03
 3.45528209e+02 1.26780214e-03
 3.45607841e+02 1.23764130e-03
 3.45687473e+02 1.20740173e-03
 3.45767105e+02 1.17710434e-03
 3.45846737e+02 1.14677262e-03
 3.45926369e+02 1.11644518e-03
 3.46006000e+02 1.08616612e-03
 3.46085632e+02 1.05597951e-03
 3.46165264e+02 1.02592946e-03
 3.46244896e+02 9.96060077e-04
 3.46324528e+02 9.66416389e-04
 3.46404160e+02 9.37044949e-04
 3.46483792e+02 9.07992443e-04
 3.46563424e+02 8.79305558e-04
 3.46643056e+02 8.51030981e-04
 3.46722688e+02 8.23214447e-04
 3.46802320e+02 7.95893555e-04
 3.46881952e+02 7.69101773e-04
 3.46961584e+02 7.42872541e-04
 3.47041216e+02 7.17239295e-04
 3.47120848e+02 6.92235447e-04
 3.47200480e+02 6.67888477e-04
 3.47280112e+02 6.44212468e-04
 3.47359744e+02 6.21219668e-04
 3.47439376e+02 5.98922321e-04
 3.47519007e+02 5.77332674e-04
 3.47598639e+02 5.56462083e-04
 3.47678271e+02 5.36310327e-04
 3.47757903e+02 5.16869077e-04
 3.47837535e+02 4.98129835e-04
 3.47917167e+02 4.80084104e-04
 3.47996799e+02 4.62723388e-04
 3.48076431e+02 4.46036305e-04
 3.48156063e+02 4.30002284e-04
 3.48235695e+02 4.14598928e-04
 3.48315327e+02 3.99803838e-04
 3.48394959e+02 3.85594617e-04
 3.48474591e+02 3.71948768e-04
 3.48554223e+02 3.58841724e-04
 3.48633855e+02 3.46246932e-04
 3.48713487e+02 3.34137757e-04
 3.48793119e+02 3.22487567e-04
 3.48872751e+02 3.11269727e-04
 3.48952383e+02 3.00458253e-04
 3.49032014e+02 2.90030116e-04
 3.49111646e+02 2.79963132e-04
 3.49191278e+02 2.70235113e-04
 3.49270910e+02 2.60823875e-04
 3.49350542e+02 2.51707328e-04
 3.49430174e+02 2.42867246e-04
 3.49509806e+02 2.34290464e-04
 3.49589438e+02 2.25964156e-04
 3.49669070e+02 2.17875499e-04
 3.49748702e+02 2.10011669e-04
 3.49828334e+02 2.02360772e-04
 3.49907966e+02 1.94917030e-04
 3.49987598e+02 1.87677133e-04
 3.50067230e+02 1.80637779e-04
 3.50146862e+02 1.73795663e-04
 3.50226494e+02 1.67147505e-04
 3.50306126e+02 1.60691958e-04
 3.50385758e+02 1.54431168e-04
 3.50465389e+02 1.48367649e-04
 3.50545021e+02 1.42503913e-04
 3.50624653e+02 1.36842473e-04
 3.50704285e+02 1.31385867e-04
 3.50783917e+02 1.26136887e-04
 3.50863549e+02 1.21098468e-04
 3.50943181e+02 1.16273546e-04
 3.51022813e+02 1.11665059e-04
 3.51102445e+02 1.07275940e-04
 3.51182077e+02 1.03108057e-04
 3.51261709e+02 9.91605964e-05
 3.51341341e+02 9.54323302e-05
 3.51420973e+02 9.19220303e-05
 3.51500605e+02 8.86284683e-05
 3.51580237e+02 8.55501980e-05
 3.51659869e+02 8.26824782e-05
 3.51739501e+02 8.00180171e-05
 3.51819133e+02 7.75494564e-05
 3.51898765e+02 7.52694379e-05
 3.51978396e+02 7.31706034e-05
 3.52058028e+02 7.12446743e-05
 3.52137660e+02 6.94800884e-05
 3.52217292e+02 6.78645512e-05
 3.52296924e+02 6.63857680e-05
 3.52376556e+02 6.50314441e-05
 3.52456188e+02 6.37892595e-05
 3.52535820e+02 6.26462459e-05
 3.52615452e+02 6.15887485e-05
 3.52695084e+02 6.06030796e-05
 3.52774716e+02 5.96755516e-05
 3.52854348e+02 5.87924768e-05
 3.52933980e+02 5.79405313e-05
 3.53013612e+02 5.71082517e-05
 3.53093244e+02 5.62847672e-05
 3.53172876e+02 5.54592074e-05
 3.53252508e+02 5.46207021e-05
 3.53332140e+02 5.37584261e-05
 3.53411772e+02 5.28638330e-05
 3.53491403e+02 5.19316778e-05
 3.53571035e+02 5.09569743e-05
 3.53650667e+02 4.99347362e-05
 3.53730299e+02 4.88599771e-05
 3.53809931e+02 4.77282779e-05
 3.53889563e+02 4.65394249e-05
 3.53969195e+02 4.52950951e-05
 3.54048827e+02 4.39969747e-05
 3.54128459e+02 4.26467496e-05
 3.54208091e+02 4.12461172e-05
 3.54287723e+02 3.97982773e-05
 3.54367355e+02 3.83094365e-05
 3.54446987e+02 3.67861598e-05
 3.54526619e+02 3.52350121e-05
 3.54606251e+02 3.36625583e-05
 3.54685883e+02 3.20754657e-05
 3.54765515e+02 3.04815409e-05
 3.54845147e+02 2.88893006e-05
 3.54924778e+02 2.73072722e-05
 3.55004410e+02 2.57439833e-05
 3.55084042e+02 2.42079605e-05
 3.55163674e+02 2.27070516e-05
 3.55243306e+02 2.12471989e-05
 3.55322938e+02 1.98340129e-05
 3.55402570e+02 1.84731042e-05
 3.55482202e+02 1.71700832e-05
 3.55561834e+02 1.59305605e-05
 3.55641466e+02 1.47601466e-05
 3.55721098e+02 1.36644520e-05
 3.55800730e+02 1.26490871e-05
 3.55880362e+02 1.17196626e-05
 3.55959994e+02 1.08817890e-05
