 5.52623463e+03 7.39984583e-07
 5.52775802e+03 7.72404056e-07
 5.52928142e+03 8.06110155e-07
 5.53080481e+03 8.41166582e-07
 5.53232821e+03 8.77651335e-07
 5.53385160e+03 9.15650734e-07
 5.53537499e+03 9.55251940e-07
 5.53689839e+03 9.96535863e-07
 5.53842178e+03 1.03957219e-06
 5.53994517e+03 1.08441777e-06
 5.54146857e+03 1.13111867e-06
 5.54299196e+03 1.17971527e-06
 5.54451536e+03 1.23024930e-06
 5.54603875e+03 1.28277099e-06
 5.54756214e+03 1.33734474e-06
 5.54908554e+03 1.39405215e-06
 5.55060893e+03 1.45299175e-06
 5.55213232e+03 1.51427566e-06
 5.55365572e+03 1.57802391e-06
 5.55517911e+03 1.64435789e-06
 5.55670251e+03 1.71339423e-06
 5.55822590e+03 1.78524048e-06
 5.55974929e+03 1.85999346e-06
 5.56127269e+03 1.93774045e-06
 5.56279608e+03 2.01856314e-06
 5.56431947e+03 2.10254319e-06
 5.56584287e+03 2.18976859e-06
 5.56736626e+03 2.28033921e-06
 5.56888966e+03 2.37437099e-06
 5.57041305e+03 2.47199764e-06
 5.57193644e+03 2.57336987e-06
 5.57345984e+03 2.67865231e-06
 5.57498323e+03 2.78801885e-06
 5.57650662e+03 2.90164732e-06
 5.57803002e+03 3.01971436e-06
 5.57955341e+03 3.14239161e-06
 5.58107681e+03 3.26984362e-06
 5.58260020e+03 3.40222802e-06
 5.58412359e+03 3.53969765e-06
 5.58564699e+03 3.68240438e-06
 5.58717038e+03 3.83050390e-06
 5.58869377e+03 3.98416081e-06
 5.59021717e+03 4.14355305e-06
 5.59174056e+03 4.30887522e-06
 5.59326396e+03 4.48034027e-06
 5.59478735e+03 4.65817949e-06
 5.59631074e+03 4.84264078e-06
 5.59783414e+03 5.03398570e-06
 5.59935753e+03 5.23248573e-06
 5.60088092e+03 5.43841838e-06
 5.60240432e+03 5.65206369e-06
 5.60392771e+03 5.87370163e-06
 5.60545111e+03 6.10361079e-06
 5.60697450e+03 6.34206835e-06
 5.60849789e+03 6.58935150e-06
 5.61002129e+03 6.84573991e-06
 5.61154468e+03 7.11151910e-06
 5.61306807e+03 7.38698416e-06
 5.61459147e+03 7.67244334e-06
 5.61611486e+03 7.96822132e-06
 5.61763826e+03 8.27466159e-06
 5.61916165e+03 8.59212809e-06
 5.62068504e+03 8.92100566e-06
 5.62220844e+03 9.26169947e-06
 5.62373183e+03 9.61463373e-06
 5.62525522e+03 9.98024983e-06
 5.62677862e+03 1.03590042e-05
 5.62830201e+03 1.07513658e-05
 5.62982541e+03 1.11578147e-05
 5.63134880e+03 1.15788399e-05
 5.63287219e+03 1.20149392e-05
 5.63439559e+03 1.24666184e-05
 5.63591898e+03 1.29343928e-05
 5.63744237e+03 1.34187877e-05
 5.63896577e+03 1.39203408e-05
 5.64048916e+03 1.44396042e-05
 5.64201256e+03 1.49771475e-05
 5.64353595e+03 1.55335594e-05
 5.64505934e+03 1.61094513e-05
 5.64658274e+03 1.67054585e-05
 5.64810613e+03 1.73222429e-05
 5.64962952e+03 1.79604938e-05
 5.65115292e+03 1.86209294e-05
 5.65267631e+03 1.93042971e-05
 5.65419971e+03 2.00113740e-05
 5.65572310e+03 2.07429666e-05
 5.65724649e+03 2.14999108e-05
 5.65876989e+03 2.22830714e-05
 5.66029328e+03 2.30933423e-05
 5.66181667e+03 2.39316457e-05
 5.66334007e+03 2.47989328e-05
 5.66486346e+03 2.56961835e-05
 5.66638686e+03 2.66244074e-05
 5.66791025e+03 2.75846448e-05
 5.66943364e+03 2.85779676e-05
 5.67095704e+03 2.96054811e-05
 5.67248043e+03 3.06683259e-05
 5.67400382e+03 3.17676799e-05
 5.67552722e+03 3.29047608e-05
 5.67705061e+03 3.40808287e-05
 5.67857401e+03 3.52971885e-05
 5.68009740e+03 3.65551927e-05
 5.68162079e+03 3.78562447e-05
 5.68314419e+03 3.92018014e-05
 5.68466758e+03 4.05933762e-05
 5.68619097e+03 4.20325420e-05
 5.68771437e+03 4.35209347e-05
 5.68923776e+03 4.50602557e-05
 5.69076116e+03 4.66522757e-05
 5.69228455e+03 4.82988377e-05
 5.69380794e+03 5.00018611e-05
 5.69533134e+03 5.17633447e-05
 5.69685473e+03 5.35853712e-05
 5.69837812e+03 5.54701111e-05
 5.69990152e+03 5.74198278e-05
 5.70142491e+03 5.94368819e-05
 5.70294831e+03 6.15237368e-05
 5.70447170e+03 6.36829646e-05
 5.70599509e+03 6.59172527e-05
 5.70751849e+03 6.82294098e-05
 5.70904188e+03 7.06223745e-05
 5.71056527e+03 7.30992228e-05
 5.71208867e+03 7.56631773e-05
 5.71361206e+03 7.83176167e-05
 5.71513546e+03 8.10660868e-05
 5.71665885e+03 8.39123115e-05
 5.71818224e+03 8.68602059e-05
 5.71970564e+03 8.99138898e-05
 5.72122903e+03 9.30777021e-05
 5.72275242e+03 9.63562179e-05
 5.72427582e+03 9.97542655e-05
 5.72579921e+03 1.03276946e-04
 5.72732261e+03 1.06929654e-04
 5.72884600e+03 1.10718102e-04
 5.73036939e+03 1.14648342e-04
 5.73189279e+03 1.18726796e-04
 5.73341618e+03 1.22960285e-04
 5.73493957e+03 1.27356059e-04
 5.73646297e+03 1.31921839e-04
 5.73798636e+03 1.36665846e-04
 5.73950976e+03 1.41596853e-04
 5.74103315e+03 1.46724225e-04
 5.74255654e+03 1.52057973e-04
 5.74407994e+03 1.57608805e-04
 5.74560333e+03 1.63388194e-04
 5.74712672e+03 1.69408435e-04
 5.74865012e+03 1.75682723e-04
 5.75017351e+03 1.82225231e-04
 5.75169691e+03 1.89051195e-04
 5.75322030e+03 1.96177004e-04
 5.75474369e+03 2.03620309e-04
 5.75626709e+03 2.11400129e-04
 5.75779048e+03 2.19536974e-04
 5.75931387e+03 2.28052972e-04
 5.76083727e+03 2.36972019e-04
 5.76236066e+03 2.46319928e-04
 5.76388406e+03 2.56124595e-04
 5.76540745e+03 2.66416184e-04
 5.76693084e+03 2.77227322e-04
 5.76845424e+03 2.88593303e-04
 5.76997763e+03 3.00552322e-04
 5.77150102e+03 3.13145710e-04
 5.77302442e+03 3.26418196e-04
 5.77454781e+03 3.40418186e-04
 5.77607121e+03 3.55198050e-04
 5.77759460e+03 3.70814437e-04
 5.77911799e+03 3.87328604e-04
 5.78064139e+03 4.04806758e-04
 5.78216478e+03 4.23320417e-04
 5.78368818e+03 4.42946789e-04
 5.78521157e+03 4.63769155e-04
 5.78673496e+03 4.85877268e-04
 5.78825836e+03 5.09367759e-04
 5.78978175e+03 5.34344545e-04
 5.79130514e+03 5.60919236e-04
 5.79282854e+03 5.89211534e-04
 5.79435193e+03 6.19349620e-04
 5.79587533e+03 6.51470516e-04
 5.79739872e+03 6.85720425e-04
 5.79892211e+03 7.22255015e-04
 5.80044551e+03 7.61239669e-04
 5.80196890e+03 8.02849652e-04
 5.80349229e+03 8.47270212e-04
 5.80501569e+03 8.94696574e-04
 5.80653908e+03 9.45333828e-04
 5.80806248e+03 9.99396684e-04
 5.80958587e+03 1.05710908e-03
 5.81110926e+03 1.11870360e-03
 5.81263266e+03 1.18442074e-03
 5.81415605e+03 1.25450793e-03
 5.81567944e+03 1.32921833e-03
 5.81720284e+03 1.40880942e-03
 5.81872623e+03 1.49354123e-03
 5.82024963e+03 1.58367444e-03
 5.82177302e+03 1.67946808e-03
 5.82329641e+03 1.78117698e-03
 5.82481981e+03 1.88904899e-03
 5.82634320e+03 2.00332186e-03
 5.82786659e+03 2.12421998e-03
 5.82938999e+03 2.25195082e-03
 5.83091338e+03 2.38670129e-03
 5.83243678e+03 2.52863403e-03
 5.83396017e+03 2.67788359e-03
 5.83548356e+03 2.83455288e-03
 5.83700696e+03 2.99870965e-03
 5.83853035e+03 3.17038349e-03
 5.84005374e+03 3.34956316e-03
 5.84157714e+03 3.53619474e-03
 5.84310053e+03 3.73018055e-03
 5.84462393e+03 3.93137906e-03
 5.84614732e+03 4.13960613e-03
 5.84767071e+03 4.35463759e-03
 5.84919411e+03 4.57621343e-03
 5.85071750e+03 4.80404376e-03
 5.85224089e+03 5.03781665e-03
 5.85376429e+03 5.27720795e-03
 5.85528768e+03 5.52189307e-03
 5.85681108e+03 5.77156080e-03
 5.85833447e+03 6.02592893e-03
 5.85985786e+03 6.28476151e-03
 5.86138126e+03 6.54788745e-03
 5.86290465e+03 6.81521998e-03
 5.86442804e+03 7.08677647e-03
 5.86595144e+03 7.36269784e-03
 5.86747483e+03 7.64326693e-03
 5.86899823e+03 7.92892474e-03
 5.87052162e+03 8.22028374e-03
 5.87204501e+03 8.51813718e-03
 5.87356841e+03 8.82346324e-03
 5.87509180e+03 9.13742331e-03
 5.87661519e+03 9.46135315e-03
 5.87813859e+03 9.79674657e-03
 5.87966198e+03 1.01452308e-02
 5.88118538e+03 1.05085335e-02
 5.88270877e+03 1.08884420e-02
 5.88423216e+03 1.12867544e-02
 5.88575556e+03 1.17052251e-02
 5.88727895e+03 1.21455047e-02
 5.88880234e+03 1.26090788e-02
 5.89032574e+03 1.30972057e-02
 5.89184913e+03 1.36108586e-02
 5.89337253e+03 1.41506750e-02
 5.89489592e+03 1.47169159e-02
 5.89641931e+03 1.53094408e-02
 5.89794271e+03 1.59277007e-02
 5.89946610e+03 1.65707515e-02
 5.90098949e+03 1.72372923e-02
 5.90251289e+03 1.79257271e-02
 5.90403628e+03 1.86342518e-02
 5.90555968e+03 1.93609636e-02
 5.90708307e+03 2.01039894e-02
 5.90860646e+03 2.08616284e-02
 5.91012986e+03 2.16325004e-02
 5.91165325e+03 2.24156923e-02
 5.91317664e+03 2.32108925e-02
 5.91470004e+03 2.40185013e-02
 5.91622343e+03 2.48397091e-02
 5.91774683e+03 2.56765297e-02
 5.91927022e+03 2.65317832e-02
 5.92079361e+03 2.74090210e-02
 5.92231701e+03 2.83123931e-02
 5.92384040e+03 2.92464586e-02
 5.92536379e+03 3.02159486e-02
 5.92688719e+03 3.12254918e-02
 5.92841058e+03 3.22793223e-02
 5.92993398e+03 3.33809899e-02
 5.93145737e+03 3.45330969e-02
 5.93298076e+03 3.57370875e-02
 5.93450416e+03 3.69931128e-02
 5.93602755e+03 3.82999934e-02
 5.93755094e+03 3.96552943e-02
 5.93907434e+03 4.10555171e-02
 5.94059773e+03 4.24964075e-02
 5.94212113e+03 4.39733621e-02
 5.94364452e+03 4.54819064e-02
 5.94516791e+03 4.70182085e-02
 5.94669131e+03 4.85795805e-02
 5.94821470e+03 5.01649169e-02
 5.94973809e+03 5.17750195e-02
 5.95126149e+03 5.34127626e-02
 5.95278488e+03 5.50830630e-02
 5.95430828e+03 5.67926388e-02
 5.95583167e+03 5.85495579e-02
 5.95735506e+03 6.03626055e-02
 5.95887846e+03 6.22405196e-02
 5.96040185e+03 6.41911683e-02
 5.96192524e+03 6.62207571e-02
 5.96344864e+03 6.83331611e-02
 5.96497203e+03 7.05294737e-02
 5.96649543e+03 7.28078502e-02
 5.96801882e+03 7.51636922e-02
 5.96954221e+03 7.75901872e-02
 5.97106561e+03 8.00791689e-02
 5.97258900e+03 8.26222219e-02
 5.97411239e+03 8.52119100e-02
 5.97563579e+03 8.78429805e-02
 5.97715918e+03 9.05133794e-02
 5.97868258e+03 9.32249243e-02
 5.98020597e+03 9.59835056e-02
 5.98172936e+03 9.87987484e-02
 5.98325276e+03 1.01683127e-01
 5.98477615e+03 1.04650609e-01
 5.98629954e+03 1.07714988e-01
 5.98782294e+03 1.10888107e-01
 5.98934633e+03 1.14178254e-01
 5.99086973e+03 1.17588956e-01
 5.99239312e+03 1.21118426e-01
 5.99391651e+03 1.24759783e-01
 5.99543991e+03 1.28502095e-01
 5.99696330e+03 1.32332144e-01
 5.99848669e+03 1.36236689e-01
 6.00001009e+03 1.40204901e-01
 6.00153348e+03 1.44230582e-01
 6.00305688e+03 1.48313761e-01
 6.00458027e+03 1.52461355e-01
 6.00610366e+03 1.56686686e-01
 6.00762706e+03 1.61007860e-01
 6.00915045e+03 1.65445172e-01
 6.01067384e+03 1.70017957e-01
 6.01219724e+03 1.74741388e-01
 6.01372063e+03 1.79623828e-01
 6.01524403e+03 1.84665269e-01
 6.01676742e+03 1.89857242e-01
 6.01829081e+03 1.95184346e-01
 6.01981421e+03 2.00627210e-01
 6.02133760e+03 2.06166440e-01
 6.02286099e+03 2.11786828e-01
 6.02438439e+03 2.17480995e-01
 6.02590778e+03 2.23251691e-01
 6.02743118e+03 2.29112148e-01
 6.02895457e+03 2.35084288e-01
 6.03047796e+03 2.41194972e-01
 6.03200136e+03 2.47470967e-01
 6.03352475e+03 2.53933598e-01
 6.03504814e+03 2.60594266e-01
 6.03657154e+03 2.67451852e-01
 6.03809493e+03 2.74492771e-01
 6.03961833e+03 2.81693826e-01
 6.04114172e+03 2.89027439e-01
 6.04266511e+03 2.96468206e-01
 6.04418851e+03 3.03999332e-01
 6.04571190e+03 3.11617419e-01
 6.04723530e+03 3.19334329e-01
 6.04875869e+03 3.27175457e-01
 6.05028208e+03 3.35174592e-01
 6.05180548e+03 3.43366385e-01
 6.05332887e+03 3.51778151e-01
 6.05485226e+03 3.60423032e-01
 6.05637566e+03 3.69296374e-01
 6.05789905e+03 3.78376466e-01
 6.05942245e+03 3.87629759e-01
 6.06094584e+03 3.97019487e-01
 6.06246923e+03 4.06515606e-01
 6.06399263e+03 4.16103475e-01
 6.06551602e+03 4.25788804e-01
 6.06703941e+03 4.35597265e-01
 6.06856281e+03 4.45568519e-01
 6.07008620e+03 4.55745962e-01
 6.07160960e+03 4.66164835e-01
 6.07313299e+03 4.76841994e-01
 6.07465638e+03 4.87770416e-01
 6.07617978e+03 4.98920357e-01
 6.07770317e+03 5.10247241e-01
 6.07922656e+03 5.21704350e-01
 6.08074996e+03 5.33256791e-01
 6.08227335e+03 5.44892557e-01
 6.08379675e+03 5.56627106e-01
 6.08532014e+03 5.68499627e-01
 6.08684353e+03 5.80561647e-01
 6.08836693e+03 5.92861123e-01
 6.08989032e+03 6.05426820e-01
 6.09141371e+03 6.18258035e-01
 6.09293711e+03 6.31323325e-01
 6.09446050e+03 6.44569216e-01
 6.09598390e+03 6.57936560e-01
 6.09750729e+03 6.71379538e-01
 6.09903068e+03 6.84881040e-01
 6.10055408e+03 6.98458948e-01
 6.10207747e+03 7.12160640e-01
 6.10360086e+03 7.26046958e-01
 6.10512426e+03 7.40170636e-01
 6.10664765e+03 7.54556505e-01
 6.10817105e+03 7.69190654e-01
 6.10969444e+03 7.84022911e-01
 6.11121783e+03 7.98982524e-01
 6.11274123e+03 8.14001994e-01
 6.11426462e+03 8.29040716e-01
 6.11578801e+03 8.44099595e-01
 6.11731141e+03 8.59220663e-01
 6.11883480e+03 8.74471025e-01
 6.12035820e+03 8.89916444e-01
 6.12188159e+03 9.05594205e-01
 6.12340498e+03 9.21495771e-01
 6.12492838e+03 9.37566558e-01
 6.12645177e+03 9.53723791e-01
 6.12797516e+03 9.69886262e-01
 6.12949856e+03 9.86004622e-01
 6.13102195e+03 1.00207994e+00
 6.13254535e+03 1.01816238e+00
 6.13406874e+03 1.03432946e+00
 6.13559213e+03 1.05065207e+00
 6.13711553e+03 1.06716171e+00
 6.13863892e+03 1.08383302e+00
 6.14016231e+03 1.10058964e+00
 6.14168571e+03 1.11733210e+00
 6.14320910e+03 1.13397675e+00
 6.14473250e+03 1.15048917e+00
 6.14625589e+03 1.16689718e+00
 6.14777928e+03 1.18327672e+00
 6.14930268e+03 1.19971572e+00
 6.15082607e+03 1.21627102e+00
 6.15234946e+03 1.23293781e+00
 6.15387286e+03 1.24964599e+00
 6.15539625e+03 1.26628633e+00
 6.15691965e+03 1.28275571e+00
 6.15844304e+03 1.29900105e+00
 6.15996643e+03 1.31504119e+00
 6.16148983e+03 1.33095540e+00
 6.16301322e+03 1.34684252e+00
 6.16453661e+03 1.36276927e+00
 6.16606001e+03 1.37873233e+00
 6.16758340e+03 1.39465330e+00
 6.16910680e+03 1.41041049e+00
 6.17063019e+03 1.42589320e+00
 6.17215358e+03 1.44105231e+00
 6.17367698e+03 1.45592151e+00
 6.17520037e+03 1.47059722e+00
 6.17672376e+03 1.48518588e+00
 6.17824716e+03 1.49974441e+00
 6.17977055e+03 1.51424451e+00
 6.18129395e+03 1.52858036e+00
 6.18281734e+03 1.54261735e+00
 6.18434073e+03 1.55625761e+00
 6.18586413e+03 1.56948797e+00
 6.18738752e+03 1.58238390e+00
 6.18891091e+03 1.59506581e+00
 6.19043431e+03 1.60762959e+00
 6.19195770e+03 1.62008882e+00
 6.19348110e+03 1.63236078e+00
 6.19500449e+03 1.64430583e+00
 6.19652788e+03 1.65579978e+00
 6.19805128e+03 1.66679976e+00
 6.19957467e+03 1.67736578e+00
 6.20109806e+03 1.68762432e+00
 6.20262146e+03 1.69769279e+00
 6.20414485e+03 1.70760754e+00
 6.20566825e+03 1.71729736e+00
 6.20719164e+03 1.72661969e+00
 6.20871503e+03 1.73544010e+00
 6.21023843e+03 1.74370906e+00
 6.21176182e+03 1.75149000e+00
 6.21328521e+03 1.75892015e+00
 6.21480861e+03 1.76612586e+00
 6.21633200e+03 1.77314286e+00
 6.21785540e+03 1.77989052e+00
 6.21937879e+03 1.78621781e+00
 6.22090218e+03 1.79199442e+00
 6.22242558e+03 1.79719101e+00
 6.22394897e+03 1.80189798e+00
 6.22547236e+03 1.80626870e+00
 6.22699576e+03 1.81042157e+00
 6.22851915e+03 1.81436284e+00
 6.23004255e+03 1.81798053e+00
 6.23156594e+03 1.82111558e+00
 6.23308933e+03 1.82366547e+00
 6.23461273e+03 1.82565289e+00
 6.23613612e+03 1.82721290e+00
 6.23765951e+03 1.82850504e+00
 6.23918291e+03 1.82960758e+00
 6.24070630e+03 1.83046494e+00
 6.24222970e+03 1.83092548e+00
 6.24375309e+03 1.83084594e+00
 6.24527648e+03 1.83019216e+00
 6.24679988e+03 1.82906625e+00
 6.24832327e+03 1.82763939e+00
 6.24984666e+03 1.82603530e+00
 6.25137006e+03 1.82424541e+00
 6.25289345e+03 1.82213678e+00
 6.25441685e+03 1.81954912e+00
 6.25594024e+03 1.81641314e+00
 6.25746363e+03 1.81280525e+00
 6.25898703e+03 1.80889721e+00
 6.26051042e+03 1.80483559e+00
 6.26203381e+03 1.80063802e+00
 6.26355721e+03 1.79618351e+00
 6.26508060e+03 1.79130590e+00
 6.26660400e+03 1.78592258e+00
 6.26812739e+03 1.78010215e+00
 6.26965078e+03 1.77401861e+00
 6.27117418e+03 1.76782472e+00
 6.27269757e+03 1.76154011e+00
 6.27422096e+03 1.75504056e+00
 6.27574436e+03 1.74815869e+00
 6.27726775e+03 1.74081953e+00
 6.27879115e+03 1.73310543e+00
 6.28031454e+03 1.72519769e+00
 6.28183793e+03 1.71723919e+00
 6.28336133e+03 1.70922608e+00
 6.28488472e+03 1.70101583e+00
 6.28640811e+03 1.69244722e+00
 6.28793151e+03 1.68347664e+00
 6.28945490e+03 1.67422008e+00
 6.29097830e+03 1.66486466e+00
 6.29250169e+03 1.65552068e+00
 6.29402508e+03 1.64613583e+00
 6.29554848e+03 1.63654398e+00
 6.29707187e+03 1.62660965e+00
 6.29859526e+03 1.61634803e+00
 6.30011866e+03 1.60591839e+00
 6.30164205e+03 1.59549479e+00
 6.30316545e+03 1.58512293e+00
 6.30468884e+03 1.57468615e+00
 6.30621223e+03 1.56401152e+00
 6.30773563e+03 1.55302560e+00
 6.30925902e+03 1.54182432e+00
 6.31078242e+03 1.53059460e+00
 6.31230581e+03 1.51945482e+00
 6.31382920e+03 1.50835494e+00
 6.31535260e+03 1.49712616e+00
 6.31687599e+03 1.48563734e+00
 6.31839938e+03 1.47391837e+00
 6.31992278e+03 1.46213837e+00
 6.32144617e+03 1.45045665e+00
 6.32296957e+03 1.43888178e+00
 6.32449296e+03 1.42726834e+00
 6.32601635e+03 1.41545607e+00
 6.32753975e+03 1.40342349e+00
 6.32906314e+03 1.39131253e+00
 6.33058653e+03 1.37929970e+00
 6.33210993e+03 1.36743388e+00
 6.33363332e+03 1.35559421e+00
 6.33515672e+03 1.34360956e+00
 6.33668011e+03 1.33142658e+00
 6.33820350e+03 1.31916500e+00
 6.33972690e+03 1.30700555e+00
 6.34125029e+03 1.29501802e+00
 6.34277368e+03 1.28309693e+00
 6.34429708e+03 1.27106889e+00
 6.34582047e+03 1.25886731e+00
 6.34734387e+03 1.24660176e+00
 6.34886726e+03 1.23445186e+00
 6.35039065e+03 1.22249073e+00
 6.35191405e+03 1.21061476e+00
 6.35343744e+03 1.19865181e+00
 6.35496083e+03 1.18653915e+00
 6.35648423e+03 1.17439016e+00
 6.35800762e+03 1.16238055e+00
 6.35953102e+03 1.15057006e+00
 6.36105441e+03 1.13884360e+00
 6.36257780e+03 1.12703398e+00
 6.36410120e+03 1.11509917e+00
 6.36562459e+03 1.10316854e+00
 6.36714798e+03 1.09140832e+00
 6.36867138e+03 1.07984775e+00
 6.37019477e+03 1.06835063e+00
 6.37171817e+03 1.05676361e+00
 6.37324156e+03 1.04508293e+00
 6.37476495e+03 1.03345999e+00
 6.37628835e+03 1.02203865e+00
 6.37781174e+03 1.01080059e+00
 6.37933513e+03 9.99587729e-01
 6.38085853e+03 9.88278132e-01
 6.38238192e+03 9.76922026e-01
 6.38390532e+03 9.65687031e-01
 6.38542871e+03 9.54672644e-01
 6.38695210e+03 9.43800786e-01
 6.38847550e+03 9.32905684e-01
 6.38999889e+03 9.21922593e-01
 6.39152228e+03 9.10961939e-01
 6.39304568e+03 9.00184104e-01
 6.39456907e+03 8.89617109e-01
 6.39609247e+03 8.79126237e-01
 6.39761586e+03 8.68571221e-01
 6.39913925e+03 8.57969654e-01
 6.40066265e+03 8.47476676e-01
 6.40218604e+03 8.37204030e-01
 6.40370943e+03 8.27090141e-01
 6.40523283e+03 8.16974427e-01
 6.40675622e+03 8.06788520e-01
 6.40827962e+03 7.96637643e-01
 6.40980301e+03 7.86674804e-01
 6.41132640e+03 7.76917922e-01
 6.41284980e+03 7.67229693e-01
 6.41437319e+03 7.57484908e-01
 6.41589658e+03 7.47722704e-01
 6.41741998e+03 7.38098351e-01
 6.41894337e+03 7.28693102e-01
 6.42046677e+03 7.19415311e-01
 6.42199016e+03 7.10114916e-01
 6.42351355e+03 7.00769887e-01
 6.42503695e+03 6.91513019e-01
 6.42656034e+03 6.82465408e-01
 6.42808373e+03 6.73585019e-01
 6.42960713e+03 6.64720908e-01
 6.43113052e+03 6.55804796e-01
 6.43265392e+03 6.46937163e-01
 6.43417731e+03 6.38258175e-01
 6.43570070e+03 6.29768276e-01
 6.43722410e+03 6.21328688e-01
 6.43874749e+03 6.12841277e-01
 6.44027088e+03 6.04375131e-01
 6.44179428e+03 5.96075493e-01
 6.44331767e+03 5.87973726e-01
 6.44484107e+03 5.79947047e-01
 6.44636446e+03 5.71880956e-01
 6.44788785e+03 5.63820027e-01
 6.44941125e+03 5.55907389e-01
 6.45093464e+03 5.48193455e-01
 6.45245803e+03 5.40569193e-01
 6.45398143e+03 5.32913252e-01
 6.45550482e+03 5.25254961e-01
 6.45702822e+03 5.17733129e-01
 6.45855161e+03 5.10406714e-01
 6.46007500e+03 5.03175008e-01
 6.46159840e+03 4.95916155e-01
 6.46312179e+03 4.88653928e-01
 6.46464518e+03 4.81523315e-01
 6.46616858e+03 4.74582728e-01
 6.46769197e+03 4.67733345e-01
 6.46921537e+03 4.60857545e-01
 6.47073876e+03 4.53982799e-01
 6.47226215e+03 4.47241325e-01
 6.47378555e+03 4.40682654e-01
 6.47530894e+03 4.34203994e-01
 6.47683233e+03 4.27696785e-01
 6.47835573e+03 4.21200539e-01
 6.47987912e+03 4.14844439e-01
 6.48140252e+03 4.08660877e-01
 6.48292591e+03 4.02539268e-01
 6.48444930e+03 3.96386401e-01
 6.48597270e+03 3.90260571e-01
 6.48749609e+03 3.84284702e-01
 6.48901948e+03 3.78465827e-01
 6.49054288e+03 3.72685351e-01
 6.49206627e+03 3.66873829e-01
 6.49358967e+03 3.61112104e-01
 6.49511306e+03 3.55509472e-01
 6.49663645e+03 3.50040499e-01
 6.49815985e+03 3.44583651e-01
 6.49968324e+03 3.39103217e-01
 6.50120663e+03 3.33701189e-01
 6.50273003e+03 3.28461550e-01
 6.50425342e+03 3.23322922e-01
 6.50577682e+03 3.18172439e-01
 6.50730021e+03 3.13017154e-01
 6.50882360e+03 3.07971142e-01
 6.51034700e+03 3.03078897e-01
 6.51187039e+03 2.98247016e-01
 6.51339378e+03 2.93388947e-01
 6.51491718e+03 2.88557949e-01
 6.51644057e+03 2.83862020e-01
 6.51796397e+03 2.79294313e-01
 6.51948736e+03 2.74744390e-01
 6.52101075e+03 2.70171721e-01
 6.52253415e+03 2.65667736e-01
 6.52405754e+03 2.61309163e-01
 6.52558093e+03 2.57035928e-01
 6.52710433e+03 2.52747394e-01
 6.52862772e+03 2.48462367e-01
 6.53015112e+03 2.44286702e-01
 6.53167451e+03 2.40241598e-01
 6.53319790e+03 2.36229707e-01
 6.53472130e+03 2.32192918e-01
 6.53624469e+03 2.28205099e-01
 6.53776808e+03 2.24349536e-01
 6.53929148e+03 2.20582202e-01
 6.54081487e+03 2.16804526e-01
 6.54233827e+03 2.13024932e-01
 6.54386166e+03 2.09342698e-01
 6.54538505e+03 2.05781991e-01
 6.54690845e+03 2.02251972e-01
 6.54843184e+03 1.98698363e-01
 6.54995523e+03 1.95192536e-01
 6.55147863e+03 1.91809619e-01
 6.55300202e+03 1.88501576e-01
 6.55452542e+03 1.85178816e-01
 6.55604881e+03 1.81861069e-01
 6.55757220e+03 1.78641600e-01
 6.55909560e+03 1.75526940e-01
 6.56061899e+03 1.72426097e-01
 6.56214238e+03 1.69306499e-01
 6.56366578e+03 1.66248105e-01
 6.56518917e+03 1.63303489e-01
 6.56671257e+03 1.60406700e-01
 6.56823596e+03 1.57488139e-01
 6.56975935e+03 1.54594470e-01
 6.57128275e+03 1.51804868e-01
 6.57280614e+03 1.49091491e-01
 6.57432954e+03 1.46368915e-01
 6.57585293e+03 1.43644079e-01
 6.57737632e+03 1.41001831e-01
 6.57889972e+03 1.38453050e-01
 6.58042311e+03 1.35915611e-01
 6.58194650e+03 1.33360821e-01
 6.58346990e+03 1.30862881e-01
 6.58499329e+03 1.28463860e-01
 6.58651669e+03 1.26097918e-01
 6.58804008e+03 1.23710464e-01
 6.58956347e+03 1.21355547e-01
 6.59108687e+03 1.19095602e-01
 6.59261026e+03 1.16887255e-01
 6.59413365e+03 1.14661013e-01
 6.59565705e+03 1.12447572e-01
 6.59718044e+03 1.10319260e-01
 6.59870384e+03 1.08255870e-01
 6.60022723e+03 1.06182470e-01
 6.60175062e+03 1.04107687e-01
 6.60327402e+03 1.02105584e-01
 6.60479741e+03 1.00176374e-01
 6.60632080e+03 9.82464021e-02
 6.60784420e+03 9.63059605e-02
 6.60936759e+03 9.44255975e-02
 6.61089099e+03 9.26216304e-02
 6.61241438e+03 9.08255387e-02
 6.61393777e+03 8.90138495e-02
 6.61546117e+03 8.72510063e-02
 6.61698456e+03 8.55648552e-02
 6.61850795e+03 8.38934990e-02
 6.62003135e+03 8.22041056e-02
 6.62155474e+03 8.05544485e-02
 6.62307814e+03 7.89797830e-02
 6.62460153e+03 7.74246556e-02
 6.62612492e+03 7.58506455e-02
 6.62764832e+03 7.43096132e-02
 6.62917171e+03 7.28408305e-02
 6.63069510e+03 7.13941005e-02
 6.63221850e+03 6.99284339e-02
 6.63374189e+03 6.84912722e-02
 6.63526529e+03 6.71232226e-02
 6.63678868e+03 6.57776555e-02
 6.63831207e+03 6.44134042e-02
 6.63983547e+03 6.30752802e-02
 6.64135886e+03 6.18030686e-02
 6.64288225e+03 6.05518998e-02
 6.64440565e+03 5.92824156e-02
 6.64592904e+03 5.80385517e-02
 6.64745244e+03 5.68573974e-02
 6.64897583e+03 5.56942042e-02
 6.65049922e+03 5.45132394e-02
 6.65202262e+03 5.33590285e-02
 6.65354601e+03 5.22641590e-02
 6.65506940e+03 5.11827656e-02
 6.65659280e+03 5.00845684e-02
 6.65811619e+03 4.90156412e-02
 6.65963959e+03 4.80021994e-02
 6.66116298e+03 4.69966341e-02
 6.66268637e+03 4.59760398e-02
 6.66420977e+03 4.49882759e-02
 6.66573316e+03 4.40512209e-02
 6.66725655e+03 4.31157345e-02
 6.66877995e+03 4.21682596e-02
 6.67030334e+03 4.12577257e-02
 6.67182674e+03 4.03917441e-02
 6.67335013e+03 3.95209065e-02
 6.67487352e+03 3.86428147e-02
 6.67639692e+03 3.78056181e-02
 6.67792031e+03 3.70050753e-02
 6.67944370e+03 3.61939636e-02
 6.68096710e+03 3.53822692e-02
 6.68249049e+03 3.46143170e-02
 6.68401389e+03 3.38732989e-02
 6.68553728e+03 3.31177629e-02
 6.68706067e+03 3.23701171e-02
 6.68858407e+03 3.16668258e-02
 6.69010746e+03 3.09793209e-02
 6.69163085e+03 3.02762617e-02
 6.69315425e+03 2.95906671e-02
 6.69467764e+03 2.89467035e-02
 6.69620104e+03 2.83069846e-02
 6.69772443e+03 2.76545435e-02
 6.69924782e+03 2.70288588e-02
 6.70077122e+03 2.64380335e-02
 6.70229461e+03 2.58412308e-02
 6.70381800e+03 2.52387548e-02
 6.70534140e+03 2.46700491e-02
 6.70686479e+03 2.41255141e-02
 6.70838819e+03 2.35682686e-02
 6.70991158e+03 2.30158903e-02
 6.71143497e+03 2.24998177e-02
 6.71295837e+03 2.19947059e-02
 6.71448176e+03 2.14756736e-02
 6.71600515e+03 2.09734314e-02
 6.71752855e+03 2.05039067e-02
 6.71905194e+03 2.00323953e-02
 6.72057534e+03 1.95522757e-02
 6.72209873e+03 1.90989102e-02
 6.72362212e+03 1.86684380e-02
 6.72514552e+03 1.82269638e-02
 6.72666891e+03 1.77877278e-02
 6.72819230e+03 1.73795650e-02
 6.72971570e+03 1.69804462e-02
 6.73123909e+03 1.65685365e-02
 6.73276249e+03 1.61718012e-02
 6.73428588e+03 1.58023590e-02
 6.73580927e+03 1.54285959e-02
 6.73733267e+03 1.50486324e-02
 6.73885606e+03 1.46936377e-02
 6.74037945e+03 1.43545836e-02
 6.74190285e+03 1.40037423e-02
 6.74342624e+03 1.36592237e-02
 6.74494964e+03 1.33414023e-02
 6.74647303e+03 1.30249573e-02
 6.74799642e+03 1.26988282e-02
 6.74951982e+03 1.23914960e-02
 6.75104321e+03 1.21028269e-02
 6.75256660e+03 1.18047275e-02
 6.75409000e+03 1.15077739e-02
 6.75561339e+03 1.12349948e-02
 6.75713679e+03 1.09667016e-02
 6.75866018e+03 1.06879403e-02
 6.76018357e+03 1.04236733e-02
 6.76170697e+03 1.01780215e-02
 6.76323036e+03 9.92461839e-03
 6.76475375e+03 9.67018756e-03
 6.76627715e+03 9.43734575e-03
 6.76780054e+03 9.20956328e-03
 6.76932394e+03 8.97165584e-03
 6.77084733e+03 8.74615094e-03
 6.77237072e+03 8.53761610e-03
 6.77389412e+03 8.32175674e-03
 6.77541751e+03 8.10487904e-03
 6.77694090e+03 7.90754871e-03
 6.77846430e+03 7.71383129e-03
 6.77998769e+03 7.51088394e-03
 6.78151109e+03 7.32009675e-03
 6.78303448e+03 7.14352773e-03
 6.78455787e+03 6.95908318e-03
 6.78608127e+03 6.77532041e-03
 6.78760466e+03 6.60934212e-03
 6.78912805e+03 6.44405614e-03
 6.79065145e+03 6.27117101e-03
 6.79217484e+03 6.11135736e-03
 6.79369824e+03 5.96187898e-03
 6.79522163e+03 5.80379215e-03
 6.79674502e+03 5.64947327e-03
 6.79826842e+03 5.51065401e-03
 6.79979181e+03 5.36881829e-03
 6.80131520e+03 5.22230010e-03
 6.80283860e+03 5.08986271e-03
 6.80436199e+03 4.96266260e-03
 6.80588539e+03 4.82711847e-03
 6.80740878e+03 4.69924223e-03
 6.80893217e+03 4.58308180e-03
 6.81045557e+03 4.46056435e-03
 6.81197896e+03 4.33792037e-03
 6.81350235e+03 4.22899221e-03
 6.81502575e+03 4.11948596e-03
 6.81654914e+03 4.00414681e-03
 6.81807254e+03 3.89984803e-03
 6.81959593e+03 3.80148018e-03
 6.82111932e+03 3.69553145e-03
 6.82264272e+03 3.59502216e-03
 6.82416611e+03 3.50500045e-03
 6.82568950e+03 3.40953191e-03
 6.82721290e+03 3.31345505e-03
 6.82873629e+03 3.22911333e-03
 6.83025969e+03 3.14387227e-03
 6.83178308e+03 3.05361181e-03
 6.83330647e+03 2.97313558e-03
 6.83482987e+03 2.89677160e-03
 6.83635326e+03 2.81367149e-03
 6.83787666e+03 2.73633296e-03
 6.83940005e+03 2.66694509e-03
 6.84092344e+03 2.59177136e-03
 6.84244684e+03 2.51775564e-03
 6.84397023e+03 2.45346570e-03
 6.84549362e+03 2.38621727e-03
 6.84701702e+03 2.31623382e-03
 6.84854041e+03 2.25558888e-03
 6.85006381e+03 2.19558991e-03
 6.85158720e+03 2.13045438e-03
 6.85311059e+03 2.07259391e-03
 6.85463399e+03 2.01875153e-03
 6.85615738e+03 1.95907867e-03
 6.85768077e+03 1.90370311e-03
 6.85920417e+03 1.85479693e-03
 6.86072756e+03 1.80084319e-03
 6.86225096e+03 1.74805542e-03
 6.86377435e+03 1.70296741e-03
 6.86529774e+03 1.65461469e-03
 6.86682114e+03 1.60472845e-03
 6.86834453e+03 1.56258175e-03
 6.86986792e+03 1.51941473e-03
 6.87139132e+03 1.47278371e-03
 6.87291471e+03 1.43298541e-03
 6.87443811e+03 1.39440502e-03
 6.87596150e+03 1.35130280e-03
 6.87748489e+03 1.31352071e-03
 6.87900829e+03 1.27886205e-03
 6.88053168e+03 1.23942446e-03
 6.88205507e+03 1.20352546e-03
 6.88357847e+03 1.17214855e-03
 6.88510186e+03 1.13636159e-03
 6.88662526e+03 1.10233618e-03
 6.88814865e+03 1.07368181e-03
 6.88967204e+03 1.04140336e-03
 6.89119544e+03 1.00930209e-03
 6.89271883e+03 9.82918523e-04
 6.89424222e+03 9.53915075e-04
 6.89576562e+03 9.23799097e-04
 6.89728901e+03 8.99342873e-04
 6.89881241e+03 8.73326451e-04
 6.90033580e+03 8.45234666e-04
 6.90185919e+03 8.22458216e-04
 6.90338259e+03 7.99122145e-04
 6.90490598e+03 7.73057550e-04
 6.90642937e+03 7.51789367e-04
 6.90795277e+03 7.30833446e-04
 6.90947616e+03 7.06759678e-04
 6.91099956e+03 6.86881997e-04
 6.91252295e+03 6.68027029e-04
 6.91404634e+03 6.45871934e-04
 6.91556974e+03 6.27303839e-04
 6.91709313e+03 6.10301491e-04
 6.91861652e+03 5.89965575e-04
 6.92013992e+03 5.72648263e-04
 6.92166331e+03 5.57283397e-04
 6.92318671e+03 5.38648226e-04
 6.92471010e+03 5.22533180e-04
 6.92623349e+03 5.08621393e-04
 6.92775689e+03 4.91558195e-04
 6.92928028e+03 4.76602249e-04
 6.93080367e+03 4.63987036e-04
 6.93232707e+03 4.48363791e-04
 6.93385046e+03 4.34525543e-04
 6.93537386e+03 4.23073666e-04
 6.93689725e+03 4.08759683e-04
 6.93842064e+03 3.95996432e-04
 6.93994404e+03 3.85592643e-04
 6.94146743e+03 3.72463020e-04
 6.94299082e+03 3.60731799e-04
 6.94451422e+03 3.51274702e-04
 6.94603761e+03 3.39213046e-04
 6.94756101e+03 3.28471295e-04
 6.94908440e+03 3.19869642e-04
 6.95060779e+03 3.08769004e-04
 6.95213119e+03 2.98973748e-04
 6.95365458e+03 2.91142920e-04
 6.95517797e+03 2.80907623e-04
 6.95670137e+03 2.72016844e-04
 6.95822476e+03 2.64876359e-04
 6.95974816e+03 2.55423086e-04
 6.96127155e+03 2.47396218e-04
 6.96279494e+03 2.40868338e-04
 6.96431834e+03 2.32126106e-04
 6.96584173e+03 2.24922322e-04
 6.96736512e+03 2.18930605e-04
 6.96888852e+03 2.10841876e-04
 6.97041191e+03 2.04419602e-04
 6.97193531e+03 1.98888526e-04
 6.97345870e+03 1.91409852e-04
 6.97498209e+03 1.85725630e-04
 6.97650549e+03 1.80581960e-04
 6.97802888e+03 1.73683575e-04
 6.97955227e+03 1.68688920e-04
 6.98107567e+03 1.63862794e-04
 6.98259906e+03 1.57528415e-04
 6.98412246e+03 1.53167704e-04
 6.98564585e+03 1.48595122e-04
 6.98716924e+03 1.42820445e-04
 6.98869264e+03 1.39029148e-04
 6.99021603e+03 1.34656533e-04
 6.99173942e+03 1.29446346e-04
 6.99326282e+03 1.26148828e-04
 6.99478621e+03 1.21936673e-04
 6.99630961e+03 1.17300630e-04
 6.99783300e+03 1.14410044e-04
 6.99935639e+03 1.10337163e-04
 7.00087979e+03 1.06283266e-04
 7.00240318e+03 1.03703702e-04
 7.00392657e+03 9.97717108e-05
 7.00544997e+03 9.62992732e-05
 7.00697336e+03 9.39301655e-05
 7.00849676e+03 9.01647317e-05
 7.01002015e+03 8.72563113e-05
 7.01154354e+03 8.50002047e-05
 7.01306694e+03 8.14496370e-05
 7.01459033e+03 7.90630486e-05
 7.01611372e+03 7.68357100e-05
 7.01763712e+03 7.35655299e-05
 7.01916051e+03 7.16298769e-05
 7.02068391e+03 6.93721873e-05
 7.02220730e+03 6.64543336e-05
 7.02373069e+03 6.48699032e-05
 7.02525409e+03 6.25591740e-05
 7.02677748e+03 6.00573151e-05
 7.02830087e+03 5.87020158e-05
 7.02982427e+03 5.63585948e-05
 7.03134766e+03 5.43105786e-05
 7.03287106e+03 5.30545003e-05
 7.03439445e+03 5.07420890e-05
 7.03591784e+03 4.91440018e-05
 7.03744124e+03 4.78695587e-05
 7.03896463e+03 4.56854581e-05
 7.04048802e+03 4.44822059e-05
 7.04201142e+03 4.31078090e-05
 7.04353481e+03 4.11620786e-05
 7.04505821e+03 4.02482741e-05
 7.04658160e+03 3.87482260e-05
 7.04810499e+03 3.71355683e-05
 7.04962839e+03 3.63712829e-05
 7.05115178e+03 3.47852234e-05
 7.05267517e+03 3.35545925e-05
 7.05419857e+03 3.27948380e-05
 7.05572196e+03 3.12209186e-05
 7.05724536e+03 3.03536271e-05
 7.05876875e+03 2.94854695e-05
 7.06029214e+03 2.80534831e-05
 7.06181554e+03 2.74587048e-05
 7.06333893e+03 2.64355484e-05
 7.06486232e+03 2.52655634e-05
 7.06638572e+03 2.47997144e-05
 7.06790911e+03 2.36583212e-05
 7.06943251e+03 2.28158070e-05
 7.07095590e+03 2.23250550e-05
 7.07247929e+03 2.11754621e-05
 7.07400269e+03 2.06405163e-05
 7.07552608e+03 2.00132955e-05
 7.07704947e+03 1.89986683e-05
 7.07857287e+03 1.86653869e-05
 7.08009626e+03 1.78759669e-05
 7.08161966e+03 1.71135100e-05
 7.08314305e+03 1.68255691e-05
 7.08466644e+03 1.59458873e-05
