 1.38089455e+03 8.12207574e-07
 1.38127670e+03 8.48318266e-07
 1.38165885e+03 8.85957434e-07
 1.38204099e+03 9.25186730e-07
 1.38242314e+03 9.66069849e-07
 1.38280529e+03 1.00867303e-06
 1.38318743e+03 1.05306493e-06
 1.38356958e+03 1.09931677e-06
 1.38395173e+03 1.14750241e-06
 1.38433387e+03 1.19769847e-06
 1.38471602e+03 1.24998438e-06
 1.38509817e+03 1.30444252e-06
 1.38548031e+03 1.36115828e-06
 1.38586246e+03 1.42022021e-06
 1.38624461e+03 1.48172008e-06
 1.38662675e+03 1.54575305e-06
 1.38700890e+03 1.61241774e-06
 1.38739105e+03 1.68181639e-06
 1.38777320e+03 1.75405498e-06
 1.38815534e+03 1.82924335e-06
 1.38853749e+03 1.90749533e-06
 1.38891964e+03 1.98892892e-06
 1.38930178e+03 2.07366637e-06
 1.38968393e+03 2.16183441e-06
 1.39006608e+03 2.25356436e-06
 1.39044822e+03 2.34899233e-06
 1.39083037e+03 2.44825934e-06
 1.39121252e+03 2.55151154e-06
 1.39159466e+03 2.65890035e-06
 1.39197681e+03 2.77058266e-06
 1.39235896e+03 2.88672105e-06
 1.39274110e+03 3.00748395e-06
 1.39312325e+03 3.13304591e-06
 1.39350540e+03 3.26358774e-06
 1.39388754e+03 3.39929676e-06
 1.39426969e+03 3.54036703e-06
 1.39465184e+03 3.68699957e-06
 1.39503398e+03 3.83940260e-06
 1.39541613e+03 3.99779185e-06
 1.39579828e+03 4.16239075e-06
 1.39618042e+03 4.33343075e-06
 1.39656257e+03 4.51115157e-06
 1.39694472e+03 4.69580147e-06
 1.39732686e+03 4.88763757e-06
 1.39770901e+03 5.08692616e-06
 1.39809116e+03 5.29394300e-06
 1.39847331e+03 5.50897370e-06
 1.39885545e+03 5.73231403e-06
 1.39923760e+03 5.96427028e-06
 1.39961975e+03 6.20515957e-06
 1.40000189e+03 6.45531033e-06
 1.40038404e+03 6.71506260e-06
 1.40076619e+03 6.98476847e-06
 1.40114833e+03 7.26479259e-06
 1.40153048e+03 7.55551250e-06
 1.40191263e+03 7.85731914e-06
 1.40229477e+03 8.17061730e-06
 1.40267692e+03 8.49582612e-06
 1.40305907e+03 8.83337957e-06
 1.40344121e+03 9.18372701e-06
 1.40382336e+03 9.54733377e-06
 1.40420551e+03 9.92468172e-06
 1.40458765e+03 1.03162698e-05
 1.40496980e+03 1.07226148e-05
 1.40535195e+03 1.11442517e-05
 1.40573409e+03 1.15817346e-05
 1.40611624e+03 1.20356373e-05
 1.40649839e+03 1.25065542e-05
 1.40688053e+03 1.29951007e-05
 1.40726268e+03 1.35019144e-05
 1.40764483e+03 1.40276557e-05
 1.40802697e+03 1.45730086e-05
 1.40840912e+03 1.51386817e-05
 1.40879127e+03 1.57254090e-05
 1.40917342e+03 1.63339510e-05
 1.40955556e+03 1.69650957e-05
 1.40993771e+03 1.76196596e-05
 1.41031986e+03 1.82984888e-05
 1.41070200e+03 1.90024602e-05
 1.41108415e+03 1.97324824e-05
 1.41146630e+03 2.04894973e-05
 1.41184844e+03 2.12744813e-05
 1.41223059e+03 2.20884466e-05
 1.41261274e+03 2.29324426e-05
 1.41299488e+03 2.38075575e-05
 1.41337703e+03 2.47149198e-05
 1.41375918e+03 2.56556999e-05
 1.41414132e+03 2.66311116e-05
 1.41452347e+03 2.76424139e-05
 1.41490562e+03 2.86909135e-05
 1.41528776e+03 2.97779659e-05
 1.41566991e+03 3.09049779e-05
 1.41605206e+03 3.20734097e-05
 1.41643420e+03 3.32847768e-05
 1.41681635e+03 3.45406526e-05
 1.41719850e+03 3.58426708e-05
 1.41758064e+03 3.71925278e-05
 1.41796279e+03 3.85919861e-05
 1.41834494e+03 4.00428760e-05
 1.41872708e+03 4.15470997e-05
 1.41910923e+03 4.31066333e-05
 1.41949138e+03 4.47235308e-05
 1.41987353e+03 4.63999273e-05
 1.42025567e+03 4.81380423e-05
 1.42063782e+03 4.99401842e-05
 1.42101997e+03 5.18087537e-05
 1.42140211e+03 5.37462481e-05
 1.42178426e+03 5.57552657e-05
 1.42216641e+03 5.78385102e-05
 1.42254855e+03 5.99987956e-05
 1.42293070e+03 6.22390511e-05
 1.42331285e+03 6.45623272e-05
 1.42369499e+03 6.69718005e-05
 1.42407714e+03 6.94707802e-05
 1.42445929e+03 7.20627138e-05
 1.42484143e+03 7.47511939e-05
 1.42522358e+03 7.75399646e-05
 1.42560573e+03 8.04329292e-05
 1.42598787e+03 8.34341577e-05
 1.42637002e+03 8.65478951e-05
 1.42675217e+03 8.97785697e-05
 1.42713431e+03 9.31308018e-05
 1.42751646e+03 9.66094128e-05
 1.42789861e+03 1.00219435e-04
 1.42828075e+03 1.03966123e-04
 1.42866290e+03 1.07854962e-04
 1.42904505e+03 1.11891682e-04
 1.42942719e+03 1.16082272e-04
 1.42980934e+03 1.20432985e-04
 1.43019149e+03 1.24950359e-04
 1.43057364e+03 1.29641226e-04
 1.43095578e+03 1.34512732e-04
 1.43133793e+03 1.39572345e-04
 1.43172008e+03 1.44827879e-04
 1.43210222e+03 1.50287508e-04
 1.43248437e+03 1.55959785e-04
 1.43286652e+03 1.61853660e-04
 1.43324866e+03 1.67978500e-04
 1.43363081e+03 1.74344111e-04
 1.43401296e+03 1.80960760e-04
 1.43439510e+03 1.87839200e-04
 1.43477725e+03 1.94990691e-04
 1.43515940e+03 2.02427031e-04
 1.43554154e+03 2.10160580e-04
 1.43592369e+03 2.18204288e-04
 1.43630584e+03 2.26571727e-04
 1.43668798e+03 2.35277119e-04
 1.43707013e+03 2.44335374e-04
 1.43745228e+03 2.53762124e-04
 1.43783442e+03 2.63573757e-04
 1.43821657e+03 2.73787460e-04
 1.43859872e+03 2.84421253e-04
 1.43898086e+03 2.95494035e-04
 1.43936301e+03 3.07025627e-04
 1.43974516e+03 3.19036818e-04
 1.44012730e+03 3.31549416e-04
 1.44050945e+03 3.44586300e-04
 1.44089160e+03 3.58171472e-04
 1.44127375e+03 3.72330108e-04
 1.44165589e+03 3.87088623e-04
 1.44203804e+03 4.02474726e-04
 1.44242019e+03 4.18517486e-04
 1.44280233e+03 4.35247401e-04
 1.44318448e+03 4.52696470e-04
 1.44356663e+03 4.70898259e-04
 1.44394877e+03 4.89887981e-04
 1.44433092e+03 5.09702570e-04
 1.44471307e+03 5.30380766e-04
 1.44509521e+03 5.51963197e-04
 1.44547736e+03 5.74492473e-04
 1.44585951e+03 5.98013277e-04
 1.44624165e+03 6.22572465e-04
 1.44662380e+03 6.48219157e-04
 1.44700595e+03 6.75004843e-04
 1.44738809e+03 7.02983488e-04
 1.44777024e+03 7.32211643e-04
 1.44815239e+03 7.62748558e-04
 1.44853453e+03 7.94656307e-04
 1.44891668e+03 8.27999911e-04
 1.44929883e+03 8.62847457e-04
 1.44968097e+03 8.99270223e-04
 1.45006312e+03 9.37342819e-04
 1.45044527e+03 9.77143315e-04
 1.45082741e+03 1.01875338e-03
 1.45120956e+03 1.06225845e-03
 1.45159171e+03 1.10774784e-03
 1.45197386e+03 1.15531494e-03
 1.45235600e+03 1.20505730e-03
 1.45273815e+03 1.25707687e-03
 1.45312030e+03 1.31148007e-03
 1.45350244e+03 1.36837800e-03
 1.45388459e+03 1.42788661e-03
 1.45426674e+03 1.49012684e-03
 1.45464888e+03 1.55522482e-03
 1.45503103e+03 1.62331200e-03
 1.45541318e+03 1.69452533e-03
 1.45579532e+03 1.76900741e-03
 1.45617747e+03 1.84690669e-03
 1.45655962e+03 1.92837760e-03
 1.45694176e+03 2.01358075e-03
 1.45732391e+03 2.10268308e-03
 1.45770606e+03 2.19585801e-03
 1.45808820e+03 2.29328559e-03
 1.45847035e+03 2.39515266e-03
 1.45885250e+03 2.50165296e-03
 1.45923464e+03 2.61298733e-03
 1.45961679e+03 2.72936380e-03
 1.45999894e+03 2.85099773e-03
 1.46038108e+03 2.97811193e-03
 1.46076323e+03 3.11093674e-03
 1.46114538e+03 3.24971012e-03
 1.46152752e+03 3.39467775e-03
 1.46190967e+03 3.54609307e-03
 1.46229182e+03 3.70421737e-03
 1.46267397e+03 3.86931983e-03
 1.46305611e+03 4.04167751e-03
 1.46343826e+03 4.22157536e-03
 1.46382041e+03 4.40930620e-03
 1.46420255e+03 4.60517070e-03
 1.46458470e+03 4.80947729e-03
 1.46496685e+03 5.02254211e-03
 1.46534899e+03 5.24468893e-03
 1.46573114e+03 5.47624900e-03
 1.46611329e+03 5.71756088e-03
 1.46649543e+03 5.96897030e-03
 1.46687758e+03 6.23082993e-03
 1.46725973e+03 6.50349919e-03
 1.46764187e+03 6.78734395e-03
 1.46802402e+03 7.08273632e-03
 1.46840617e+03 7.39005431e-03
 1.46878831e+03 7.70968154e-03
 1.46917046e+03 8.04200680e-03
 1.46955261e+03 8.38742379e-03
 1.46993475e+03 8.74633063e-03
 1.47031690e+03 9.11912953e-03
 1.47069905e+03 9.50622628e-03
 1.47108119e+03 9.90802989e-03
 1.47146334e+03 1.03249521e-02
 1.47184549e+03 1.07574067e-02
 1.47222763e+03 1.12058095e-02
 1.47260978e+03 1.16705775e-02
 1.47299193e+03 1.21521285e-02
 1.47337408e+03 1.26508806e-02
 1.47375622e+03 1.31672518e-02
 1.47413837e+03 1.37016596e-02
 1.47452052e+03 1.42545206e-02
 1.47490266e+03 1.48262498e-02
 1.47528481e+03 1.54172608e-02
 1.47566696e+03 1.60279649e-02
 1.47604910e+03 1.66587715e-02
 1.47643125e+03 1.73100873e-02
 1.47681340e+03 1.79823165e-02
 1.47719554e+03 1.86758608e-02
 1.47757769e+03 1.93911193e-02
 1.47795984e+03 2.01284888e-02
 1.47834198e+03 2.08883637e-02
 1.47872413e+03 2.16711368e-02
 1.47910628e+03 2.24771996e-02
 1.47948842e+03 2.33069428e-02
 1.47987057e+03 2.41607570e-02
 1.48025272e+03 2.50390340e-02
 1.48063486e+03 2.59421673e-02
 1.48101701e+03 2.68705537e-02
 1.48139916e+03 2.78245943e-02
 1.48178130e+03 2.88046964e-02
 1.48216345e+03 2.98112748e-02
 1.48254560e+03 3.08447540e-02
 1.48292774e+03 3.19055697e-02
 1.48330989e+03 3.29941718e-02
 1.48369204e+03 3.41110257e-02
 1.48407419e+03 3.52566157e-02
 1.48445633e+03 3.64314469e-02
 1.48483848e+03 3.76360484e-02
 1.48522063e+03 3.88709761e-02
 1.48560277e+03 4.01368155e-02
 1.48598492e+03 4.14341850e-02
 1.48636707e+03 4.27637387e-02
 1.48674921e+03 4.41261696e-02
 1.48713136e+03 4.55222129e-02
 1.48751351e+03 4.69526487e-02
 1.48789565e+03 4.84183060e-02
 1.48827780e+03 4.99200647e-02
 1.48865995e+03 5.14588588e-02
 1.48904209e+03 5.30356790e-02
 1.48942424e+03 5.46515753e-02
 1.48980639e+03 5.63076588e-02
 1.49018853e+03 5.80051042e-02
 1.49057068e+03 5.97451509e-02
 1.49095283e+03 6.15291046e-02
 1.49133497e+03 6.33583376e-02
 1.49171712e+03 6.52342892e-02
 1.49209927e+03 6.71584655e-02
 1.49248141e+03 6.91324387e-02
 1.49286356e+03 7.11578455e-02
 1.49324571e+03 7.32363855e-02
 1.49362785e+03 7.53698182e-02
 1.49401000e+03 7.75599599e-02
 1.49439215e+03 7.98086797e-02
 1.49477430e+03 8.21178944e-02
 1.49515644e+03 8.44895640e-02
 1.49553859e+03 8.69256849e-02
 1.49592074e+03 8.94282838e-02
 1.49630288e+03 9.19994104e-02
 1.49668503e+03 9.46411289e-02
 1.49706718e+03 9.73555104e-02
 1.49744932e+03 1.00144624e-01
 1.49783147e+03 1.03010526e-01
 1.49821362e+03 1.05955254e-01
 1.49859576e+03 1.08980814e-01
 1.49897791e+03 1.12089170e-01
 1.49936006e+03 1.15282238e-01
 1.49974220e+03 1.18561873e-01
 1.50012435e+03 1.21929862e-01
 1.50050650e+03 1.25387913e-01
 1.50088864e+03 1.28937649e-01
 1.50127079e+03 1.32580599e-01
 1.50165294e+03 1.36318192e-01
 1.50203508e+03 1.40151753e-01
 1.50241723e+03 1.44082494e-01
 1.50279938e+03 1.48111517e-01
 1.50318152e+03 1.52239810e-01
 1.50356367e+03 1.56468247e-01
 1.50394582e+03 1.60797590e-01
 1.50432797e+03 1.65228492e-01
 1.50471011e+03 1.69761506e-01
 1.50509226e+03 1.74397089e-01
 1.50547441e+03 1.79135611e-01
 1.50585655e+03 1.83977372e-01
 1.50623870e+03 1.88922609e-01
 1.50662085e+03 1.93971514e-01
 1.50700299e+03 1.99124249e-01
 1.50738514e+03 2.04380968e-01
 1.50776729e+03 2.09741831e-01
 1.50814943e+03 2.15207028e-01
 1.50853158e+03 2.20776800e-01
 1.50891373e+03 2.26451459e-01
 1.50929587e+03 2.32231411e-01
 1.50967802e+03 2.38117175e-01
 1.51006017e+03 2.44109408e-01
 1.51044231e+03 2.50208922e-01
 1.51082446e+03 2.56416701e-01
 1.51120661e+03 2.62733918e-01
 1.51158875e+03 2.69161951e-01
 1.51197090e+03 2.75702388e-01
 1.51235305e+03 2.82357040e-01
 1.51273519e+03 2.89127943e-01
 1.51311734e+03 2.96017358e-01
 1.51349949e+03 3.03027765e-01
 1.51388163e+03 3.10161856e-01
 1.51426378e+03 3.17422522e-01
 1.51464593e+03 3.24812833e-01
 1.51502808e+03 3.32336014e-01
 1.51541022e+03 3.39995421e-01
 1.51579237e+03 3.47794510e-01
 1.51617452e+03 3.55736794e-01
 1.51655666e+03 3.63825809e-01
 1.51693881e+03 3.72065072e-01
 1.51732096e+03 3.80458029e-01
 1.51770310e+03 3.89008015e-01
 1.51808525e+03 3.97718202e-01
 1.51846740e+03 4.06591550e-01
 1.51884954e+03 4.15630759e-01
 1.51923169e+03 4.24838226e-01
 1.51961384e+03 4.34215994e-01
 1.51999598e+03 4.43765724e-01
 1.52037813e+03 4.53488649e-01
 1.52076028e+03 4.63385551e-01
 1.52114242e+03 4.73456737e-01
 1.52152457e+03 4.83702022e-01
 1.52190672e+03 4.94120723e-01
 1.52228886e+03 5.04711665e-01
 1.52267101e+03 5.15473187e-01
 1.52305316e+03 5.26403164e-01
 1.52343530e+03 5.37499042e-01
 1.52381745e+03 5.48757868e-01
 1.52419960e+03 5.60176343e-01
 1.52458174e+03 5.71750880e-01
 1.52496389e+03 5.83477663e-01
 1.52534604e+03 5.95352723e-01
 1.52572819e+03 6.07372005e-01
 1.52611033e+03 6.19531447e-01
 1.52649248e+03 6.31827064e-01
 1.52687463e+03 6.44255017e-01
 1.52725677e+03 6.56811698e-01
 1.52763892e+03 6.69493797e-01
 1.52802107e+03 6.82298363e-01
 1.52840321e+03 6.95222867e-01
 1.52878536e+03 7.08265241e-01
 1.52916751e+03 7.21423910e-01
 1.52954965e+03 7.34697820e-01
 1.52993180e+03 7.48086432e-01
 1.53031395e+03 7.61589715e-01
 1.53069609e+03 7.75208112e-01
 1.53107824e+03 7.88942497e-01
 1.53146039e+03 8.02794108e-01
 1.53184253e+03 8.16764474e-01
 1.53222468e+03 8.30855317e-01
 1.53260683e+03 8.45068446e-01
 1.53298897e+03 8.59405640e-01
 1.53337112e+03 8.73868521e-01
 1.53375327e+03 8.88458426e-01
 1.53413541e+03 9.03176271e-01
 1.53451756e+03 9.18022426e-01
 1.53489971e+03 9.32996586e-01
 1.53528185e+03 9.48097655e-01
 1.53566400e+03 9.63323641e-01
 1.53604615e+03 9.78671577e-01
 1.53642830e+03 9.94137450e-01
 1.53681044e+03 1.00971616e+00
 1.53719259e+03 1.02540150e+00
 1.53757474e+03 1.04118618e+00
 1.53795688e+03 1.05706183e+00
 1.53833903e+03 1.07301910e+00
 1.53872118e+03 1.08904771e+00
 1.53910332e+03 1.10513664e+00
 1.53948547e+03 1.12127420e+00
 1.53986762e+03 1.13744822e+00
 1.54024976e+03 1.15364623e+00
 1.54063191e+03 1.16985566e+00
 1.54101406e+03 1.18606400e+00
 1.54139620e+03 1.20225902e+00
 1.54177835e+03 1.21842896e+00
 1.54216050e+03 1.23456272e+00
 1.54254264e+03 1.25064994e+00
 1.54292479e+03 1.26668125e+00
 1.54330694e+03 1.28264827e+00
 1.54368908e+03 1.29854372e+00
 1.54407123e+03 1.31436147e+00
 1.54445338e+03 1.33009649e+00
 1.54483552e+03 1.34574481e+00
 1.54521767e+03 1.36130342e+00
 1.54559982e+03 1.37677015e+00
 1.54598196e+03 1.39214347e+00
 1.54636411e+03 1.40742235e+00
 1.54674626e+03 1.42260593e+00
 1.54712841e+03 1.43769336e+00
 1.54751055e+03 1.45268350e+00
 1.54789270e+03 1.46757465e+00
 1.54827485e+03 1.48236436e+00
 1.54865699e+03 1.49704912e+00
 1.54903914e+03 1.51162420e+00
 1.54942129e+03 1.52608347e+00
 1.54980343e+03 1.54041927e+00
 1.55018558e+03 1.55462235e+00
 1.55056773e+03 1.56868186e+00
 1.55094987e+03 1.58258537e+00
 1.55133202e+03 1.59631900e+00
 1.55171417e+03 1.60986756e+00
 1.55209631e+03 1.62321477e+00
 1.55247846e+03 1.63634355e+00
 1.55286061e+03 1.64923631e+00
 1.55324275e+03 1.66187530e+00
 1.55362490e+03 1.67424294e+00
 1.55400705e+03 1.68632224e+00
 1.55438919e+03 1.69809709e+00
 1.55477134e+03 1.70955263e+00
 1.55515349e+03 1.72067554e+00
 1.55553563e+03 1.73145432e+00
 1.55591778e+03 1.74187938e+00
 1.55629993e+03 1.75194327e+00
 1.55668207e+03 1.76164063e+00
 1.55706422e+03 1.77096821e+00
 1.55744637e+03 1.77992472e+00
 1.55782852e+03 1.78851063e+00
 1.55821066e+03 1.79672791e+00
 1.55859281e+03 1.80457967e+00
 1.55897496e+03 1.81206981e+00
 1.55935710e+03 1.81920260e+00
 1.55973925e+03 1.82598224e+00
 1.56012140e+03 1.83241241e+00
 1.56050354e+03 1.83849593e+00
 1.56088569e+03 1.84423435e+00
 1.56126784e+03 1.84962764e+00
 1.56164998e+03 1.85467400e+00
 1.56203213e+03 1.85936973e+00
 1.56241428e+03 1.86370916e+00
 1.56279642e+03 1.86768472e+00
 1.56317857e+03 1.87128713e+00
 1.56356072e+03 1.87450564e+00
 1.56394286e+03 1.87732844e+00
 1.56432501e+03 1.87974302e+00
 1.56470716e+03 1.88173674e+00
 1.56508930e+03 1.88329727e+00
 1.56547145e+03 1.88441320e+00
 1.56585360e+03 1.88507452e+00
 1.56623574e+03 1.88527312e+00
 1.56661789e+03 1.88500321e+00
 1.56700004e+03 1.88426164e+00
 1.56738218e+03 1.88304813e+00
 1.56776433e+03 1.88136536e+00
 1.56814648e+03 1.87921899e+00
 1.56852863e+03 1.87661747e+00
 1.56891077e+03 1.87357178e+00
 1.56929292e+03 1.87009504e+00
 1.56967507e+03 1.86620203e+00
 1.57005721e+03 1.86190857e+00
 1.57043936e+03 1.85723098e+00
 1.57082151e+03 1.85218543e+00
 1.57120365e+03 1.84678731e+00
 1.57158580e+03 1.84105067e+00
 1.57196795e+03 1.83498776e+00
 1.57235009e+03 1.82860862e+00
 1.57273224e+03 1.82192084e+00
 1.57311439e+03 1.81492947e+00
 1.57349653e+03 1.80763706e+00
 1.57387868e+03 1.80004384e+00
 1.57426083e+03 1.79214808e+00
 1.57464297e+03 1.78394658e+00
 1.57502512e+03 1.77543521e+00
 1.57540727e+03 1.76660958e+00
 1.57578941e+03 1.75746574e+00
 1.57617156e+03 1.74800082e+00
 1.57655371e+03 1.73821372e+00
 1.57693585e+03 1.72810561e+00
 1.57731800e+03 1.71768045e+00
 1.57770015e+03 1.70694521e+00
 1.57808229e+03 1.69591009e+00
 1.57846444e+03 1.68458836e+00
 1.57884659e+03 1.67299625e+00
 1.57922874e+03 1.66115249e+00
 1.57961088e+03 1.64907780e+00
 1.57999303e+03 1.63679420e+00
 1.58037518e+03 1.62432429e+00
 1.58075732e+03 1.61169043e+00
 1.58113947e+03 1.59891397e+00
 1.58152162e+03 1.58601451e+00
 1.58190376e+03 1.57300931e+00
 1.58228591e+03 1.55991273e+00
 1.58266806e+03 1.54673596e+00
 1.58305020e+03 1.53348685e+00
 1.58343235e+03 1.52017001e+00
 1.58381450e+03 1.50678710e+00
 1.58419664e+03 1.49333725e+00
 1.58457879e+03 1.47981769e+00
 1.58496094e+03 1.46622450e+00
 1.58534308e+03 1.45255341e+00
 1.58572523e+03 1.43880064e+00
 1.58610738e+03 1.42496368e+00
 1.58648952e+03 1.41104200e+00
 1.58687167e+03 1.39703763e+00
 1.58725382e+03 1.38295553e+00
 1.58763596e+03 1.36880378e+00
 1.58801811e+03 1.35459354e+00
 1.58840026e+03 1.34033881e+00
 1.58878240e+03 1.32605593e+00
 1.58916455e+03 1.31176292e+00
 1.58954670e+03 1.29747871e+00
 1.58992885e+03 1.28322227e+00
 1.59031099e+03 1.26901173e+00
 1.59069314e+03 1.25486348e+00
 1.59107529e+03 1.24079144e+00
 1.59145743e+03 1.22680646e+00
 1.59183958e+03 1.21291590e+00
 1.59222173e+03 1.19912347e+00
 1.59260387e+03 1.18542930e+00
 1.59298602e+03 1.17183024e+00
 1.59336817e+03 1.15832044e+00
 1.59375031e+03 1.14489199e+00
 1.59413246e+03 1.13153587e+00
 1.59451461e+03 1.11824282e+00
 1.59489675e+03 1.10500433e+00
 1.59527890e+03 1.09181345e+00
 1.59566105e+03 1.07866558e+00
 1.59604319e+03 1.06555897e+00
 1.59642534e+03 1.05249511e+00
 1.59680749e+03 1.03947876e+00
 1.59718963e+03 1.02651774e+00
 1.59757178e+03 1.01362250e+00
 1.59795393e+03 1.00080544e+00
 1.59833607e+03 9.88080087e-01
 1.59871822e+03 9.75460144e-01
 1.59910037e+03 9.62958554e-01
 1.59948251e+03 9.50586556e-01
 1.59986466e+03 9.38352892e-01
 1.60024681e+03 9.26263199e-01
 1.60062896e+03 9.14319653e-01
 1.60101110e+03 9.02520855e-01
 1.60139325e+03 8.90862019e-01
 1.60177540e+03 8.79335403e-01
 1.60215754e+03 8.67930994e-01
 1.60253969e+03 8.56637376e-01
 1.60292184e+03 8.45442711e-01
 1.60330398e+03 8.34335739e-01
 1.60368613e+03 8.23306722e-01
 1.60406828e+03 8.12348262e-01
 1.60445042e+03 8.01455924e-01
 1.60483257e+03 7.90628604e-01
 1.60521472e+03 7.79868618e-01
 1.60559686e+03 7.69181461e-01
 1.60597901e+03 7.58575317e-01
 1.60636116e+03 7.48060325e-01
 1.60674330e+03 7.37647679e-01
 1.60712545e+03 7.27348635e-01
 1.60750760e+03 7.17173498e-01
 1.60788974e+03 7.07130682e-01
 1.60827189e+03 6.97225952e-01
 1.60865404e+03 6.87461894e-01
 1.60903618e+03 6.77837675e-01
 1.60941833e+03 6.68349093e-01
 1.60980048e+03 6.58988935e-01
 1.61018262e+03 6.49747594e-01
 1.61056477e+03 6.40613918e-01
 1.61094692e+03 6.31576197e-01
 1.61132907e+03 6.22623204e-01
 1.61171121e+03 6.13745174e-01
 1.61209336e+03 6.04934647e-01
 1.61247551e+03 5.96187103e-01
 1.61285765e+03 5.87501322e-01
 1.61323980e+03 5.78879446e-01
 1.61362195e+03 5.70326699e-01
 1.61400409e+03 5.61850821e-01
 1.61438624e+03 5.53461260e-01
 1.61476839e+03 5.45168217e-01
 1.61515053e+03 5.36981610e-01
 1.61553268e+03 5.28910076e-01
 1.61591483e+03 5.20960076e-01
 1.61629697e+03 5.13135216e-01
 1.61667912e+03 5.05435867e-01
 1.61706127e+03 4.97859089e-01
 1.61744341e+03 4.90398895e-01
 1.61782556e+03 4.83046790e-01
 1.61820771e+03 4.75792572e-01
 1.61858985e+03 4.68625294e-01
 1.61897200e+03 4.61534309e-01
 1.61935415e+03 4.54510283e-01
 1.61973629e+03 4.47546064e-01
 1.62011844e+03 4.40637321e-01
 1.62050059e+03 4.33782896e-01
 1.62088273e+03 4.26984837e-01
 1.62126488e+03 4.20248104e-01
 1.62164703e+03 4.13579975e-01
 1.62202918e+03 4.06989191e-01
 1.62241132e+03 4.00484969e-01
 1.62279347e+03 3.94075961e-01
 1.62317562e+03 3.87769288e-01
 1.62355776e+03 3.81569735e-01
 1.62393991e+03 3.75479187e-01
 1.62432206e+03 3.69496372e-01
 1.62470420e+03 3.63616943e-01
 1.62508635e+03 3.57833912e-01
 1.62546850e+03 3.52138350e-01
 1.62585064e+03 3.46520292e-01
 1.62623279e+03 3.40969750e-01
 1.62661494e+03 3.35477721e-01
 1.62699708e+03 3.30037095e-01
 1.62737923e+03 3.24643354e-01
 1.62776138e+03 3.19294975e-01
 1.62814352e+03 3.13993486e-01
 1.62852567e+03 3.08743191e-01
 1.62890782e+03 3.03550596e-01
 1.62928996e+03 2.98423583e-01
 1.62967211e+03 2.93370445e-01
 1.63005426e+03 2.88398856e-01
 1.63043640e+03 2.83514922e-01
 1.63081855e+03 2.78722428e-01
 1.63120070e+03 2.74022353e-01
 1.63158284e+03 2.69412710e-01
 1.63196499e+03 2.64888722e-01
 1.63234714e+03 2.60443317e-01
 1.63272929e+03 2.56067894e-01
 1.63311143e+03 2.51753267e-01
 1.63349358e+03 2.47490681e-01
 1.63387573e+03 2.43272753e-01
 1.63425787e+03 2.39094248e-01
 1.63464002e+03 2.34952600e-01
 1.63502217e+03 2.30848116e-01
 1.63540431e+03 2.26783841e-01
 1.63578646e+03 2.22765090e-01
 1.63616861e+03 2.18798697e-01
 1.63655075e+03 2.14892092e-01
 1.63693290e+03 2.11052323e-01
 1.63731505e+03 2.07285125e-01
 1.63769719e+03 2.03594161e-01
 1.63807934e+03 1.99980509e-01
 1.63846149e+03 1.96442472e-01
 1.63884363e+03 1.92975740e-01
 1.63922578e+03 1.89573892e-01
 1.63960793e+03 1.86229137e-01
 1.63999007e+03 1.82933222e-01
 1.64037222e+03 1.79678395e-01
 1.64075437e+03 1.76458299e-01
 1.64113651e+03 1.73268690e-01
 1.64151866e+03 1.70107887e-01
 1.64190081e+03 1.66976872e-01
 1.64228295e+03 1.63879053e-01
 1.64266510e+03 1.60819726e-01
 1.64304725e+03 1.57805299e-01
 1.64342940e+03 1.54842382e-01
 1.64381154e+03 1.51936848e-01
 1.64419369e+03 1.49092992e-01
 1.64457584e+03 1.46312914e-01
 1.64495798e+03 1.43596198e-01
 1.64534013e+03 1.40939932e-01
 1.64572228e+03 1.38339042e-01
 1.64610442e+03 1.35786913e-01
 1.64648657e+03 1.33276214e-01
 1.64686872e+03 1.30799819e-01
 1.64725086e+03 1.28351694e-01
 1.64763301e+03 1.25927626e-01
 1.64801516e+03 1.23525687e-01
 1.64839730e+03 1.21146396e-01
 1.64877945e+03 1.18792553e-01
 1.64916160e+03 1.16468760e-01
 1.64954374e+03 1.14180699e-01
 1.64992589e+03 1.11934260e-01
 1.65030804e+03 1.09734646e-01
 1.65069018e+03 1.07585604e-01
 1.65107233e+03 1.05488850e-01
 1.65145448e+03 1.03443791e-01
 1.65183662e+03 1.01447566e-01
 1.65221877e+03 9.94953981e-02
 1.65260092e+03 9.75812337e-02
 1.65298306e+03 9.56985551e-02
 1.65336521e+03 9.38412444e-02
 1.65374736e+03 9.20043795e-02
 1.65412951e+03 9.01848520e-02
 1.65451165e+03 8.83817253e-02
 1.65489380e+03 8.65962807e-02
 1.65527595e+03 8.48317429e-02
 1.65565809e+03 8.30927114e-02
 1.65604024e+03 8.13844041e-02
 1.65642239e+03 7.97118272e-02
 1.65680453e+03 7.80789853e-02
 1.65718668e+03 7.64882451e-02
 1.65756883e+03 7.49399436e-02
 1.65795097e+03 7.34322949e-02
 1.65833312e+03 7.19616272e-02
 1.65871527e+03 7.05229043e-02
 1.65909741e+03 6.91104361e-02
 1.65947956e+03 6.77186773e-02
 1.65986171e+03 6.63429969e-02
 1.66024385e+03 6.49803049e-02
 1.66062600e+03 6.36294472e-02
 1.66100815e+03 6.22912991e-02
 1.66139029e+03 6.09685347e-02
 1.66177244e+03 5.96651305e-02
 1.66215459e+03 5.83856810e-02
 1.66253673e+03 5.71346287e-02
 1.66291888e+03 5.59155255e-02
 1.66330103e+03 5.47304356e-02
 1.66368317e+03 5.35795712e-02
 1.66406532e+03 5.24612382e-02
 1.66444747e+03 5.13720808e-02
 1.66482962e+03 5.03075811e-02
 1.66521176e+03 4.92627314e-02
 1.66559391e+03 4.82327773e-02
 1.66597606e+03 4.72139161e-02
 1.66635820e+03 4.62038441e-02
 1.66674035e+03 4.52020517e-02
 1.66712250e+03 4.42098186e-02
 1.66750464e+03 4.32299268e-02
 1.66788679e+03 4.22661407e-02
 1.66826894e+03 4.13225356e-02
 1.66865108e+03 4.04027853e-02
 1.66903323e+03 3.95095148e-02
 1.66941538e+03 3.86438332e-02
 1.66979752e+03 3.78051335e-02
 1.67017967e+03 3.69911766e-02
 1.67056182e+03 3.61984399e-02
 1.67094396e+03 3.54226712e-02
 1.67132611e+03 3.46595563e-02
 1.67170826e+03 3.39053949e-02
 1.67209040e+03 3.31576720e-02
 1.67247255e+03 3.24154140e-02
 1.67285470e+03 3.16792775e-02
 1.67323684e+03 3.09513659e-02
 1.67361899e+03 3.02348084e-02
 1.67400114e+03 2.95331731e-02
 1.67438328e+03 2.88498110e-02
 1.67476543e+03 2.81872384e-02
 1.67514758e+03 2.75466747e-02
 1.67552973e+03 2.69278194e-02
 1.67591187e+03 2.63288919e-02
 1.67629402e+03 2.57469238e-02
 1.67667617e+03 2.51782506e-02
 1.67705831e+03 2.46191195e-02
 1.67744046e+03 2.40663104e-02
 1.67782261e+03 2.35176591e-02
 1.67820475e+03 2.29723774e-02
 1.67858690e+03 2.24311265e-02
 1.67896905e+03 2.18958372e-02
 1.67935119e+03 2.13693116e-02
 1.67973334e+03 2.08546771e-02
 1.68011549e+03 2.03547865e-02
 1.68049763e+03 1.98716698e-02
 1.68087978e+03 1.94061501e-02
 1.68126193e+03 1.89576880e-02
 1.68164407e+03 1.85244700e-02
 1.68202622e+03 1.81037252e-02
 1.68240837e+03 1.76922082e-02
 1.68279051e+03 1.72867650e-02
 1.68317266e+03 1.68848811e-02
 1.68355481e+03 1.64851016e-02
 1.68393695e+03 1.60872425e-02
 1.68431910e+03 1.56923679e-02
 1.68470125e+03 1.53025404e-02
 1.68508339e+03 1.49203928e-02
 1.68546554e+03 1.45486011e-02
 1.68584769e+03 1.41893504e-02
 1.68622984e+03 1.38439013e-02
 1.68661198e+03 1.35123458e-02
 1.68699413e+03 1.31935864e-02
 1.68737628e+03 1.28855384e-02
 1.68775842e+03 1.25855119e-02
 1.68814057e+03 1.22907045e-02
 1.68852272e+03 1.19987113e-02
 1.68890486e+03 1.17079565e-02
 1.68928701e+03 1.14179512e-02
 1.68966916e+03 1.11293364e-02
 1.69005130e+03 1.08437118e-02
 1.69043345e+03 1.05632853e-02
 1.69081560e+03 1.02904117e-02
 1.69119774e+03 1.00271084e-02
 1.69157989e+03 9.77463800e-03
 1.69196204e+03 9.53325343e-03
 1.69234418e+03 9.30214876e-03
 1.69272633e+03 9.07961716e-03
 1.69310848e+03 8.86338073e-03
 1.69349062e+03 8.65102689e-03
 1.69387277e+03 8.44046626e-03
 1.69425492e+03 8.23032501e-03
 1.69463706e+03 8.02018532e-03
 1.69501921e+03 7.81062419e-03
 1.69540136e+03 7.60305511e-03
 1.69578350e+03 7.39940783e-03
 1.69616565e+03 7.20171156e-03
 1.69654780e+03 7.01166440e-03
 1.69692995e+03 6.83027291e-03
 1.69731209e+03 6.65763843e-03
 1.69769424e+03 6.49294039e-03
 1.69807639e+03 6.33460707e-03
 1.69845853e+03 6.18063421e-03
 1.69884068e+03 6.02898556e-03
 1.69922283e+03 5.87799400e-03
 1.69960497e+03 5.72668336e-03
 1.69998712e+03 5.57494411e-03
 1.70036927e+03 5.42351778e-03
 1.70075141e+03 5.27380483e-03
 1.70113356e+03 5.12754226e-03
 1.70151571e+03 4.98641882e-03
 1.70189785e+03 4.85170698e-03
 1.70228000e+03 4.72398675e-03
 1.70266215e+03 4.60301792e-03
 1.70304429e+03 4.48779539e-03
 1.70342644e+03 4.37676829e-03
 1.70380859e+03 4.26816734e-03
 1.70419073e+03 4.16037104e-03
 1.70457288e+03 4.05223422e-03
 1.70495503e+03 3.94331089e-03
 1.70533717e+03 3.83392558e-03
 1.70571932e+03 3.72507272e-03
 1.70610147e+03 3.61816927e-03
 1.70648361e+03 3.51472499e-03
 1.70686576e+03 3.41600132e-03
 1.70724791e+03 3.32273065e-03
 1.70763006e+03 3.23495477e-03
 1.70801220e+03 3.15201585e-03
 1.70839435e+03 3.07270440e-03
 1.70877650e+03 2.99553132e-03
 1.70915864e+03 2.91905250e-03
 1.70954079e+03 2.84217486e-03
 1.70992294e+03 2.76437906e-03
 1.71030508e+03 2.68581246e-03
 1.71068723e+03 2.60723321e-03
 1.71106938e+03 2.52981703e-03
 1.71145152e+03 2.45486930e-03
 1.71183367e+03 2.38351737e-03
 1.71221582e+03 2.31645231e-03
 1.71259796e+03 2.25377421e-03
 1.71298011e+03 2.19497282e-03
 1.71336226e+03 2.13904626e-03
 1.71374440e+03 2.08473111e-03
 1.71412655e+03 2.03079246e-03
 1.71450870e+03 1.97629863e-03
 1.71489084e+03 1.92081775e-03
 1.71527299e+03 1.86449604e-03
 1.71565514e+03 1.80800297e-03
 1.71603728e+03 1.75235781e-03
 1.71641943e+03 1.69867722e-03
 1.71680158e+03 1.64790154e-03
 1.71718372e+03 1.60057092e-03
 1.71756587e+03 1.55670294e-03
 1.71794802e+03 1.51579474e-03
 1.71833017e+03 1.47694582e-03
 1.71871231e+03 1.43907112e-03
 1.71909446e+03 1.40115484e-03
 1.71947661e+03 1.36248613e-03
 1.71985875e+03 1.32281500e-03
 1.72024090e+03 1.28239191e-03
 1.72062305e+03 1.24188846e-03
 1.72100519e+03 1.20222097e-03
 1.72138734e+03 1.16431988e-03
 1.72176949e+03 1.12889959e-03
 1.72215163e+03 1.09628257e-03
 1.72253378e+03 1.06632427e-03
 1.72291593e+03 1.03845665e-03
 1.72329807e+03 1.01183202e-03
 1.72368022e+03 9.85530239e-04
 1.72406237e+03 9.58778749e-04
 1.72444451e+03 9.31133133e-04
 1.72482666e+03 9.02575396e-04
 1.72520881e+03 8.73503818e-04
 1.72559095e+03 8.44616496e-04
 1.72597310e+03 8.16725734e-04
 1.72635525e+03 7.90550153e-04
 1.72673739e+03 7.66534887e-04
 1.72711954e+03 7.44742667e-04
 1.72750169e+03 7.24841514e-04
 1.72788383e+03 7.06192905e-04
 1.72826598e+03 6.88018532e-04
 1.72864813e+03 6.69596122e-04
 1.72903028e+03 6.50435005e-04
 1.72941242e+03 6.30389527e-04
 1.72979457e+03 6.09683931e-04
 1.73017672e+03 5.88843725e-04
 1.73055886e+03 5.68550538e-04
 1.73094101e+03 5.49457832e-04
 1.73132316e+03 5.32020638e-04
 1.73170530e+03 5.16381854e-04
 1.73208745e+03 5.02340848e-04
 1.73246960e+03 4.89410072e-04
 1.73285174e+03 4.76944072e-04
 1.73323389e+03 4.64308025e-04
 1.73361604e+03 4.51041710e-04
 1.73399818e+03 4.36971466e-04
 1.73438033e+03 4.22243621e-04
 1.73476248e+03 4.07274577e-04
 1.73514462e+03 3.92632567e-04
 1.73552677e+03 3.78882491e-04
 1.73590892e+03 3.66433911e-04
 1.73629106e+03 3.55432144e-04
 1.73667321e+03 3.45725081e-04
 1.73705536e+03 3.36910452e-04
 1.73743750e+03 3.28447099e-04
 1.73781965e+03 3.19799668e-04
 1.73820180e+03 3.10578616e-04
 1.73858394e+03 3.00639156e-04
 1.73896609e+03 2.90113114e-04
 1.73934824e+03 2.79362735e-04
 1.73973039e+03 2.68873156e-04
 1.74011253e+03 2.59116171e-04
 1.74049468e+03 2.50421638e-04
 1.74087683e+03 2.42890004e-04
 1.74125897e+03 2.36368361e-04
 1.74164112e+03 2.30496077e-04
 1.74202327e+03 2.24808574e-04
 1.74240541e+03 2.18867018e-04
 1.74278756e+03 2.12375789e-04
 1.74316971e+03 2.05257428e-04
 1.74355185e+03 1.97666423e-04
 1.74393400e+03 1.89939368e-04
 1.74431615e+03 1.82495537e-04
 1.74469829e+03 1.75715018e-04
 1.74508044e+03 1.69831629e-04
 1.74546259e+03 1.64871198e-04
 1.74584473e+03 1.60649356e-04
 1.74622688e+03 1.56827394e-04
 1.74660903e+03 1.53009653e-04
 1.74699117e+03 1.48855206e-04
 1.74737332e+03 1.44172876e-04
 1.74775547e+03 1.38970074e-04
 1.74813761e+03 1.33442657e-04
 1.74851976e+03 1.27912345e-04
 1.74890191e+03 1.22730844e-04
 1.74928405e+03 1.18177958e-04
 1.74966620e+03 1.14382122e-04
 1.75004835e+03 1.11285490e-04
 1.75043050e+03 1.08665060e-04
 1.75081264e+03 1.06201964e-04
 1.75119479e+03 1.03575287e-04
 1.75157694e+03 1.00553400e-04
 1.75195908e+03 9.70573502e-05
 1.75234123e+03 9.31790448e-05
 1.75272338e+03 8.91494643e-05
 1.75310552e+03 8.52656404e-05
 1.75348767e+03 8.17998241e-05
 1.75386982e+03 7.89199040e-05
 1.75425196e+03 7.66429081e-05
 1.75463411e+03 7.48335923e-05
 1.75501626e+03 7.32474310e-05
 1.75539840e+03 7.16050421e-05
 1.75578055e+03 6.96763475e-05
 1.75616270e+03 6.73474327e-05
 1.75654484e+03 6.46496261e-05
 1.75692699e+03 6.17447061e-05
 1.75730914e+03 5.88722365e-05
 1.75769128e+03 5.62753130e-05
 1.75807343e+03 5.41267602e-05
 1.75845558e+03 5.24775269e-05
 1.75883772e+03 5.12442112e-05
 1.75921987e+03 5.02386963e-05
 1.75960202e+03 4.92279203e-05
 1.75998417e+03 4.80050436e-05
 1.76036631e+03 4.64507821e-05
 1.76074846e+03 4.45669860e-05
 1.76113061e+03 4.24726801e-05
 1.76151275e+03 4.03632493e-05
 1.76189490e+03 3.84467296e-05
 1.76227705e+03 3.68791246e-05
 1.76265919e+03 3.57179132e-05
 1.76304134e+03 3.49069078e-05
 1.76342349e+03 3.42962240e-05
 1.76380563e+03 3.36908737e-05
 1.76418778e+03 3.29130953e-05
 1.76456993e+03 3.18573934e-05
 1.76495207e+03 3.05203933e-05
 1.76533422e+03 2.89980076e-05
 1.76571637e+03 2.74521073e-05
 1.76609851e+03 2.60576680e-05
 1.76648066e+03 2.49469025e-05
 1.76686281e+03 2.41677136e-05
 1.76724495e+03 2.36707517e-05
 1.76762710e+03 2.33284716e-05
 1.76800925e+03 2.29779061e-05
 1.76839139e+03 2.24730215e-05
 1.76877354e+03 2.17302602e-05
 1.76915569e+03 2.07533047e-05
 1.76953783e+03 1.96294619e-05
 1.76991998e+03 1.84984051e-05
 1.77030213e+03 1.75047882e-05
 1.77068428e+03 1.67510505e-05
 1.77106642e+03 1.62668724e-05
 1.77144857e+03 1.59987790e-05
 1.77183072e+03 1.58348865e-05
