 1.35477311e+02 3.13420902e-06
 1.35525350e+02 3.28801406e-06
 1.35573389e+02 3.44805047e-06
 1.35621428e+02 3.61478927e-06
 1.35669466e+02 3.78870145e-06
 1.35717505e+02 3.97025803e-06
 1.35765544e+02 4.15993001e-06
 1.35813583e+02 4.35818841e-06
 1.35861622e+02 4.56550422e-06
 1.35909661e+02 4.78234845e-06
 1.35957699e+02 5.00919212e-06
 1.36005738e+02 5.24650622e-06
 1.36053777e+02 5.49476177e-06
 1.36101816e+02 5.75442977e-06
 1.36149855e+02 6.02598124e-06
 1.36197894e+02 6.30988716e-06
 1.36245932e+02 6.60661857e-06
 1.36293971e+02 6.91664645e-06
 1.36342010e+02 7.24044182e-06
 1.36390049e+02 7.57848359e-06
 1.36438088e+02 7.93138564e-06
 1.36486127e+02 8.29987497e-06
 1.36534165e+02 8.68468207e-06
 1.36582204e+02 9.08653744e-06
 1.36630243e+02 9.50617158e-06
 1.36678282e+02 9.94431499e-06
 1.36726321e+02 1.04016982e-05
 1.36774360e+02 1.08790516e-05
 1.36822399e+02 1.13771079e-05
 1.36870437e+02 1.18967114e-05
 1.36918476e+02 1.24388717e-05
 1.36966515e+02 1.30046116e-05
 1.37014554e+02 1.35949539e-05
 1.37062593e+02 1.42109213e-05
 1.37110632e+02 1.48535367e-05
 1.37158670e+02 1.55238229e-05
 1.37206709e+02 1.62228027e-05
 1.37254748e+02 1.69514990e-05
 1.37302787e+02 1.77110370e-05
 1.37350826e+02 1.85028159e-05
 1.37398865e+02 1.93282803e-05
 1.37446903e+02 2.01888748e-05
 1.37494942e+02 2.10860442e-05
 1.37542981e+02 2.20212331e-05
 1.37591020e+02 2.29958861e-05
 1.37639059e+02 2.40114479e-05
 1.37687098e+02 2.50693632e-05
 1.37735136e+02 2.61711506e-05
 1.37783175e+02 2.73187068e-05
 1.37831214e+02 2.85140489e-05
 1.37879253e+02 2.97591940e-05
 1.37927292e+02 3.10561592e-05
 1.37975331e+02 3.24069616e-05
 1.38023369e+02 3.38136182e-05
 1.38071408e+02 3.52781461e-05
 1.38119447e+02 3.68025626e-05
 1.38167486e+02 3.83889295e-05
 1.38215525e+02 4.00397693e-05
 1.38263564e+02 4.17578737e-05
 1.38311602e+02 4.35460377e-05
 1.38359641e+02 4.54070567e-05
 1.38407680e+02 4.73437257e-05
 1.38455719e+02 4.93588400e-05
 1.38503758e+02 5.14551946e-05
 1.38551797e+02 5.36355848e-05
 1.38599835e+02 5.59028257e-05
 1.38647874e+02 5.82602253e-05
 1.38695913e+02 6.07116017e-05
 1.38743952e+02 6.32607967e-05
 1.38791991e+02 6.59116520e-05
 1.38840030e+02 6.86680093e-05
 1.38888069e+02 7.15337105e-05
 1.38936107e+02 7.45125973e-05
 1.38984146e+02 7.76085114e-05
 1.39032185e+02 8.08252992e-05
 1.39080224e+02 8.41672658e-05
 1.39128263e+02 8.76395592e-05
 1.39176302e+02 9.12474177e-05
 1.39224340e+02 9.49960797e-05
 1.39272379e+02 9.88907837e-05
 1.39320418e+02 1.02936768e-04
 1.39368457e+02 1.07139271e-04
 1.39416496e+02 1.11503531e-04
 1.39464535e+02 1.16034787e-04
 1.39512573e+02 1.20738638e-04
 1.39560612e+02 1.25621909e-04
 1.39608651e+02 1.30691687e-04
 1.39656690e+02 1.35955059e-04
 1.39704729e+02 1.41419111e-04
 1.39752768e+02 1.47090930e-04
 1.39800806e+02 1.52977603e-04
 1.39848845e+02 1.59086216e-04
 1.39896884e+02 1.65423856e-04
 1.39944923e+02 1.71997847e-04
 1.39992962e+02 1.78817073e-04
 1.40041001e+02 1.85891044e-04
 1.40089039e+02 1.93229272e-04
 1.40137078e+02 2.00841269e-04
 1.40185117e+02 2.08736549e-04
 1.40233156e+02 2.16924624e-04
 1.40281195e+02 2.25415005e-04
 1.40329234e+02 2.34217206e-04
 1.40377272e+02 2.43340864e-04
 1.40425311e+02 2.52797359e-04
 1.40473350e+02 2.62599330e-04
 1.40521389e+02 2.72759448e-04
 1.40569428e+02 2.83290383e-04
 1.40617467e+02 2.94204805e-04
 1.40665505e+02 3.05515384e-04
 1.40713544e+02 3.17234790e-04
 1.40761583e+02 3.29375693e-04
 1.40809622e+02 3.41950808e-04
 1.40857661e+02 3.54974556e-04
 1.40905700e+02 3.68463539e-04
 1.40953739e+02 3.82434505e-04
 1.41001777e+02 3.96904200e-04
 1.41049816e+02 4.11889370e-04
 1.41097855e+02 4.27406762e-04
 1.41145894e+02 4.43473122e-04
 1.41193933e+02 4.60105196e-04
 1.41241972e+02 4.77319737e-04
 1.41290010e+02 4.95134937e-04
 1.41338049e+02 5.13572296e-04
 1.41386088e+02 5.32653781e-04
 1.41434127e+02 5.52401357e-04
 1.41482166e+02 5.72836989e-04
 1.41530205e+02 5.93982642e-04
 1.41578243e+02 6.15860282e-04
 1.41626282e+02 6.38491875e-04
 1.41674321e+02 6.61899384e-04
 1.41722360e+02 6.86105794e-04
 1.41770399e+02 7.11138498e-04
 1.41818438e+02 7.37026088e-04
 1.41866476e+02 7.63797153e-04
 1.41914515e+02 7.91480286e-04
 1.41962554e+02 8.20104077e-04
 1.42010593e+02 8.49697116e-04
 1.42058632e+02 8.80287995e-04
 1.42106671e+02 9.11905304e-04
 1.42154709e+02 9.44578237e-04
 1.42202748e+02 9.78341112e-04
 1.42250787e+02 1.01323084e-03
 1.42298826e+02 1.04928435e-03
 1.42346865e+02 1.08653857e-03
 1.42394904e+02 1.12503044e-03
 1.42442942e+02 1.16479687e-03
 1.42490981e+02 1.20587481e-03
 1.42539020e+02 1.24830118e-03
 1.42587059e+02 1.29211319e-03
 1.42635098e+02 1.33735327e-03
 1.42683137e+02 1.38406861e-03
 1.42731175e+02 1.43230653e-03
 1.42779214e+02 1.48211436e-03
 1.42827253e+02 1.53353944e-03
 1.42875292e+02 1.58662911e-03
 1.42923331e+02 1.64143068e-03
 1.42971370e+02 1.69799151e-03
 1.43019409e+02 1.75635899e-03
 1.43067447e+02 1.81658521e-03
 1.43115486e+02 1.87872972e-03
 1.43163525e+02 1.94285270e-03
 1.43211564e+02 2.00901435e-03
 1.43259603e+02 2.07727485e-03
 1.43307642e+02 2.14769442e-03
 1.43355680e+02 2.22033323e-03
 1.43403719e+02 2.29525149e-03
 1.43451758e+02 2.37250938e-03
 1.43499797e+02 2.45217068e-03
 1.43547836e+02 2.53430944e-03
 1.43595875e+02 2.61900163e-03
 1.43643913e+02 2.70632316e-03
 1.43691952e+02 2.79635000e-03
 1.43739991e+02 2.88915808e-03
 1.43788030e+02 2.98482333e-03
 1.43836069e+02 3.08342171e-03
 1.43884108e+02 3.18502915e-03
 1.43932146e+02 3.28972385e-03
 1.43980185e+02 3.39759652e-03
 1.44028224e+02 3.50874220e-03
 1.44076263e+02 3.62325590e-03
 1.44124302e+02 3.74123266e-03
 1.44172341e+02 3.86276750e-03
 1.44220379e+02 3.98795547e-03
 1.44268418e+02 4.11689158e-03
 1.44316457e+02 4.24967086e-03
 1.44364496e+02 4.38638953e-03
 1.44412535e+02 4.52715704e-03
 1.44460574e+02 4.67209117e-03
 1.44508612e+02 4.82130985e-03
 1.44556651e+02 4.97493099e-03
 1.44604690e+02 5.13307254e-03
 1.44652729e+02 5.29585239e-03
 1.44700768e+02 5.46338848e-03
 1.44748807e+02 5.63579874e-03
 1.44796845e+02 5.81320151e-03
 1.44844884e+02 5.99572747e-03
 1.44892923e+02 6.18352097e-03
 1.44940962e+02 6.37672707e-03
 1.44989001e+02 6.57549084e-03
 1.45037040e+02 6.77995733e-03
 1.45085079e+02 6.99027162e-03
 1.45133117e+02 7.20657876e-03
 1.45181156e+02 7.42902382e-03
 1.45229195e+02 7.65775194e-03
 1.45277234e+02 7.89291813e-03
 1.45325273e+02 8.13469694e-03
 1.45373312e+02 8.38326521e-03
 1.45421350e+02 8.63879979e-03
 1.45469389e+02 8.90147751e-03
 1.45517428e+02 9.17147522e-03
 1.45565467e+02 9.44896977e-03
 1.45613506e+02 9.73413799e-03
 1.45661545e+02 1.00271567e-02
 1.45709583e+02 1.03282095e-02
 1.45757622e+02 1.06375041e-02
 1.45805661e+02 1.09552542e-02
 1.45853700e+02 1.12816732e-02
 1.45901739e+02 1.16169748e-02
 1.45949778e+02 1.19613725e-02
 1.45997816e+02 1.23150798e-02
 1.46045855e+02 1.26783103e-02
 1.46093894e+02 1.30512774e-02
 1.46141933e+02 1.34341986e-02
 1.46189972e+02 1.38273175e-02
 1.46238011e+02 1.42308893e-02
 1.46286049e+02 1.46451693e-02
 1.46334088e+02 1.50704129e-02
 1.46382127e+02 1.55068753e-02
 1.46430166e+02 1.59548118e-02
 1.46478205e+02 1.64144777e-02
 1.46526244e+02 1.68861283e-02
 1.46574282e+02 1.73700205e-02
 1.46622321e+02 1.78664363e-02
 1.46670360e+02 1.83756770e-02
 1.46718399e+02 1.88980447e-02
 1.46766438e+02 1.94338413e-02
 1.46814477e+02 1.99833687e-02
 1.46862515e+02 2.05469290e-02
 1.46910554e+02 2.11248240e-02
 1.46958593e+02 2.17173557e-02
 1.47006632e+02 2.23248266e-02
 1.47054671e+02 2.29475595e-02
 1.47102710e+02 2.35859055e-02
 1.47150749e+02 2.42402176e-02
 1.47198787e+02 2.49108490e-02
 1.47246826e+02 2.55981528e-02
 1.47294865e+02 2.63024820e-02
 1.47342904e+02 2.70241898e-02
 1.47390943e+02 2.77636291e-02
 1.47438982e+02 2.85211532e-02
 1.47487020e+02 2.92971294e-02
 1.47535059e+02 3.00919601e-02
 1.47583098e+02 3.09060530e-02
 1.47631137e+02 3.17398161e-02
 1.47679176e+02 3.25936571e-02
 1.47727215e+02 3.34679839e-02
 1.47775253e+02 3.43632042e-02
 1.47823292e+02 3.52797258e-02
 1.47871331e+02 3.62179566e-02
 1.47919370e+02 3.71783124e-02
 1.47967409e+02 3.81612468e-02
 1.48015448e+02 3.91672246e-02
 1.48063486e+02 4.01967103e-02
 1.48111525e+02 4.12501687e-02
 1.48159564e+02 4.23280645e-02
 1.48207603e+02 4.34308624e-02
 1.48255642e+02 4.45590271e-02
 1.48303681e+02 4.57130233e-02
 1.48351719e+02 4.68933194e-02
 1.48399758e+02 4.81004182e-02
 1.48447797e+02 4.93348411e-02
 1.48495836e+02 5.05971100e-02
 1.48543875e+02 5.18877465e-02
 1.48591914e+02 5.32072723e-02
 1.48639952e+02 5.45562091e-02
 1.48687991e+02 5.59350786e-02
 1.48736030e+02 5.73444025e-02
 1.48784069e+02 5.87847038e-02
 1.48832108e+02 6.02565319e-02
 1.48880147e+02 6.17604617e-02
 1.48928185e+02 6.32970694e-02
 1.48976224e+02 6.48669309e-02
 1.49024263e+02 6.64706224e-02
 1.49072302e+02 6.81087199e-02
 1.49120341e+02 6.97817994e-02
 1.49168380e+02 7.14904370e-02
 1.49216419e+02 7.32352089e-02
 1.49264457e+02 7.50167080e-02
 1.49312496e+02 7.68355558e-02
 1.49360535e+02 7.86923764e-02
 1.49408574e+02 8.05877939e-02
 1.49456613e+02 8.25224326e-02
 1.49504652e+02 8.44969166e-02
 1.49552690e+02 8.65118700e-02
 1.49600729e+02 8.85679171e-02
 1.49648768e+02 9.06656819e-02
 1.49696807e+02 9.28057966e-02
 1.49744846e+02 9.49889179e-02
 1.49792885e+02 9.72157076e-02
 1.49840923e+02 9.94868274e-02
 1.49888962e+02 1.01802939e-01
 1.49937001e+02 1.04164704e-01
 1.49985040e+02 1.06572783e-01
 1.50033079e+02 1.09027840e-01
 1.50081118e+02 1.11530535e-01
 1.50129156e+02 1.14081533e-01
 1.50177195e+02 1.16681511e-01
 1.50225234e+02 1.19331153e-01
 1.50273273e+02 1.22031142e-01
 1.50321312e+02 1.24782163e-01
 1.50369351e+02 1.27584898e-01
 1.50417389e+02 1.30440031e-01
 1.50465428e+02 1.33348245e-01
 1.50513467e+02 1.36310224e-01
 1.50561506e+02 1.39326651e-01
 1.50609545e+02 1.42398210e-01
 1.50657584e+02 1.45525585e-01
 1.50705622e+02 1.48709458e-01
 1.50753661e+02 1.51950515e-01
 1.50801700e+02 1.55249439e-01
 1.50849739e+02 1.58606912e-01
 1.50897778e+02 1.62023620e-01
 1.50945817e+02 1.65500246e-01
 1.50993855e+02 1.69037472e-01
 1.51041894e+02 1.72635971e-01
 1.51089933e+02 1.76296400e-01
 1.51137972e+02 1.80019414e-01
 1.51186011e+02 1.83805671e-01
 1.51234050e+02 1.87655825e-01
 1.51282089e+02 1.91570534e-01
 1.51330127e+02 1.95550454e-01
 1.51378166e+02 1.99596240e-01
 1.51426205e+02 2.03708550e-01
 1.51474244e+02 2.07888021e-01
 1.51522283e+02 2.12135252e-01
 1.51570322e+02 2.16450839e-01
 1.51618360e+02 2.20835377e-01
 1.51666399e+02 2.25289459e-01
 1.51714438e+02 2.29813682e-01
 1.51762477e+02 2.34408639e-01
 1.51810516e+02 2.39074925e-01
 1.51858555e+02 2.43813135e-01
 1.51906593e+02 2.48623847e-01
 1.51954632e+02 2.53507572e-01
 1.52002671e+02 2.58464801e-01
 1.52050710e+02 2.63496030e-01
 1.52098749e+02 2.68601750e-01
 1.52146788e+02 2.73782456e-01
 1.52194826e+02 2.79038641e-01
 1.52242865e+02 2.84370798e-01
 1.52290904e+02 2.89779420e-01
 1.52338943e+02 2.95264989e-01
 1.52386982e+02 3.00827894e-01
 1.52435021e+02 3.06468484e-01
 1.52483059e+02 3.12187106e-01
 1.52531098e+02 3.17984105e-01
 1.52579137e+02 3.23859829e-01
 1.52627176e+02 3.29814625e-01
 1.52675215e+02 3.35848839e-01
 1.52723254e+02 3.41962820e-01
 1.52771292e+02 3.48156907e-01
 1.52819331e+02 3.54431340e-01
 1.52867370e+02 3.60786275e-01
 1.52915409e+02 3.67221862e-01
 1.52963448e+02 3.73738255e-01
 1.53011487e+02 3.80335605e-01
 1.53059525e+02 3.87014065e-01
 1.53107564e+02 3.93773786e-01
 1.53155603e+02 4.00614921e-01
 1.53203642e+02 4.07537620e-01
 1.53251681e+02 4.14541940e-01
 1.53299720e+02 4.21627799e-01
 1.53347759e+02 4.28795106e-01
 1.53395797e+02 4.36043768e-01
 1.53443836e+02 4.43373691e-01
 1.53491875e+02 4.50784785e-01
 1.53539914e+02 4.58276957e-01
 1.53587953e+02 4.65850114e-01
 1.53635992e+02 4.73504164e-01
 1.53684030e+02 4.81238944e-01
 1.53732069e+02 4.89054099e-01
 1.53780108e+02 4.96949247e-01
 1.53828147e+02 5.04924001e-01
 1.53876186e+02 5.12977977e-01
 1.53924225e+02 5.21110789e-01
 1.53972263e+02 5.29322055e-01
 1.54020302e+02 5.37611387e-01
 1.54068341e+02 5.45978403e-01
 1.54116380e+02 5.54422673e-01
 1.54164419e+02 5.62943548e-01
 1.54212458e+02 5.71540308e-01
 1.54260496e+02 5.80212233e-01
 1.54308535e+02 5.88958603e-01
 1.54356574e+02 5.97778699e-01
 1.54404613e+02 6.06671800e-01
 1.54452652e+02 6.15637186e-01
 1.54500691e+02 6.24674138e-01
 1.54548729e+02 6.33781914e-01
 1.54596768e+02 6.42959554e-01
 1.54644807e+02 6.52205972e-01
 1.54692846e+02 6.61520079e-01
 1.54740885e+02 6.70900786e-01
 1.54788924e+02 6.80347005e-01
 1.54836962e+02 6.89857647e-01
 1.54885001e+02 6.99431622e-01
 1.54933040e+02 7.09067843e-01
 1.54981079e+02 7.18765213e-01
 1.55029118e+02 7.28522454e-01
 1.55077157e+02 7.38338095e-01
 1.55125195e+02 7.48210659e-01
 1.55173234e+02 7.58138669e-01
 1.55221273e+02 7.68120647e-01
 1.55269312e+02 7.78155115e-01
 1.55317351e+02 7.88240595e-01
 1.55365390e+02 7.98375610e-01
 1.55413429e+02 8.08558681e-01
 1.55461467e+02 8.18788199e-01
 1.55509506e+02 8.29062321e-01
 1.55557545e+02 8.39379176e-01
 1.55605584e+02 8.49736895e-01
 1.55653623e+02 8.60133608e-01
 1.55701662e+02 8.70567445e-01
 1.55749700e+02 8.81036536e-01
 1.55797739e+02 8.91539012e-01
 1.55845778e+02 9.02073002e-01
 1.55893817e+02 9.12636565e-01
 1.55941856e+02 9.23227507e-01
 1.55989895e+02 9.33843586e-01
 1.56037933e+02 9.44482557e-01
 1.56085972e+02 9.55142174e-01
 1.56134011e+02 9.65820195e-01
 1.56182050e+02 9.76514375e-01
 1.56230089e+02 9.87222469e-01
 1.56278128e+02 9.97942234e-01
 1.56326166e+02 1.00867139e+00
 1.56374205e+02 1.01940745e+00
 1.56422244e+02 1.03014783e+00
 1.56470283e+02 1.04088996e+00
 1.56518322e+02 1.05163126e+00
 1.56566361e+02 1.06236914e+00
 1.56614399e+02 1.07310104e+00
 1.56662438e+02 1.08382437e+00
 1.56710477e+02 1.09453655e+00
 1.56758516e+02 1.10523500e+00
 1.56806555e+02 1.11591698e+00
 1.56854594e+02 1.12657965e+00
 1.56902632e+02 1.13722015e+00
 1.56950671e+02 1.14783564e+00
 1.56998710e+02 1.15842327e+00
 1.57046749e+02 1.16898019e+00
 1.57094788e+02 1.17950357e+00
 1.57142827e+02 1.18999054e+00
 1.57190865e+02 1.20043827e+00
 1.57238904e+02 1.21084382e+00
 1.57286943e+02 1.22120418e+00
 1.57334982e+02 1.23151631e+00
 1.57383021e+02 1.24177719e+00
 1.57431060e+02 1.25198378e+00
 1.57479099e+02 1.26213307e+00
 1.57527137e+02 1.27222203e+00
 1.57575176e+02 1.28224761e+00
 1.57623215e+02 1.29220680e+00
 1.57671254e+02 1.30209655e+00
 1.57719293e+02 1.31191377e+00
 1.57767332e+02 1.32165534e+00
 1.57815370e+02 1.33131818e+00
 1.57863409e+02 1.34089918e+00
 1.57911448e+02 1.35039525e+00
 1.57959487e+02 1.35980327e+00
 1.58007526e+02 1.36912015e+00
 1.58055565e+02 1.37834280e+00
 1.58103603e+02 1.38746811e+00
 1.58151642e+02 1.39649303e+00
 1.58199681e+02 1.40541451e+00
 1.58247720e+02 1.41422951e+00
 1.58295759e+02 1.42293497e+00
 1.58343798e+02 1.43152786e+00
 1.58391836e+02 1.44000511e+00
 1.58439875e+02 1.44836369e+00
 1.58487914e+02 1.45660054e+00
 1.58535953e+02 1.46471263e+00
 1.58583992e+02 1.47269705e+00
 1.58632031e+02 1.48055092e+00
 1.58680069e+02 1.48827140e+00
 1.58728108e+02 1.49585561e+00
 1.58776147e+02 1.50330071e+00
 1.58824186e+02 1.51060382e+00
 1.58872225e+02 1.51776209e+00
 1.58920264e+02 1.52477266e+00
 1.58968302e+02 1.53163268e+00
 1.59016341e+02 1.53833945e+00
 1.59064380e+02 1.54489043e+00
 1.59112419e+02 1.55128309e+00
 1.59160458e+02 1.55751490e+00
 1.59208497e+02 1.56358331e+00
 1.59256536e+02 1.56948578e+00
 1.59304574e+02 1.57521979e+00
 1.59352613e+02 1.58078279e+00
 1.59400652e+02 1.58617224e+00
 1.59448691e+02 1.59138579e+00
 1.59496730e+02 1.59642132e+00
 1.59544769e+02 1.60127676e+00
 1.59592807e+02 1.60595000e+00
 1.59640846e+02 1.61043899e+00
 1.59688885e+02 1.61474162e+00
 1.59736924e+02 1.61885582e+00
 1.59784963e+02 1.62277950e+00
 1.59833002e+02 1.62651058e+00
 1.59881040e+02 1.63004710e+00
 1.59929079e+02 1.63338749e+00
 1.59977118e+02 1.63653022e+00
 1.60025157e+02 1.63947378e+00
 1.60073196e+02 1.64221666e+00
 1.60121235e+02 1.64475733e+00
 1.60169273e+02 1.64709429e+00
 1.60217312e+02 1.64922601e+00
 1.60265351e+02 1.65115099e+00
 1.60313390e+02 1.65286777e+00
 1.60361429e+02 1.65437536e+00
 1.60409468e+02 1.65567290e+00
 1.60457506e+02 1.65675953e+00
 1.60505545e+02 1.65763439e+00
 1.60553584e+02 1.65829663e+00
 1.60601623e+02 1.65874539e+00
 1.60649662e+02 1.65897980e+00
 1.60697701e+02 1.65899902e+00
 1.60745739e+02 1.65880222e+00
 1.60793778e+02 1.65838900e+00
 1.60841817e+02 1.65775921e+00
 1.60889856e+02 1.65691271e+00
 1.60937895e+02 1.65584938e+00
 1.60985934e+02 1.65456906e+00
 1.61033972e+02 1.65307162e+00
 1.61082011e+02 1.65135691e+00
 1.61130050e+02 1.64942482e+00
 1.61178089e+02 1.64727519e+00
 1.61226128e+02 1.64490825e+00
 1.61274167e+02 1.64232459e+00
 1.61322206e+02 1.63952480e+00
 1.61370244e+02 1.63650950e+00
 1.61418283e+02 1.63327929e+00
 1.61466322e+02 1.62983478e+00
 1.61514361e+02 1.62617658e+00
 1.61562400e+02 1.62230528e+00
 1.61610439e+02 1.61822150e+00
 1.61658477e+02 1.61392608e+00
 1.61706516e+02 1.60942030e+00
 1.61754555e+02 1.60470550e+00
 1.61802594e+02 1.59978303e+00
 1.61850633e+02 1.59465422e+00
 1.61898672e+02 1.58932043e+00
 1.61946710e+02 1.58378298e+00
 1.61994749e+02 1.57804321e+00
 1.62042788e+02 1.57210248e+00
 1.62090827e+02 1.56596225e+00
 1.62138866e+02 1.55962443e+00
 1.62186905e+02 1.55309106e+00
 1.62234943e+02 1.54636417e+00
 1.62282982e+02 1.53944579e+00
 1.62331021e+02 1.53233795e+00
 1.62379060e+02 1.52504267e+00
 1.62427099e+02 1.51756199e+00
 1.62475138e+02 1.50989794e+00
 1.62523176e+02 1.50205260e+00
 1.62571215e+02 1.49402843e+00
 1.62619254e+02 1.48582808e+00
 1.62667293e+02 1.47745420e+00
 1.62715332e+02 1.46890940e+00
 1.62763371e+02 1.46019634e+00
 1.62811409e+02 1.45131766e+00
 1.62859448e+02 1.44227599e+00
 1.62907487e+02 1.43307396e+00
 1.62955526e+02 1.42371425e+00
 1.63003565e+02 1.41419977e+00
 1.63051604e+02 1.40453366e+00
 1.63099642e+02 1.39471905e+00
 1.63147681e+02 1.38475910e+00
 1.63195720e+02 1.37465694e+00
 1.63243759e+02 1.36441570e+00
 1.63291798e+02 1.35403854e+00
 1.63339837e+02 1.34352860e+00
 1.63387876e+02 1.33288901e+00
 1.63435914e+02 1.32212307e+00
 1.63483953e+02 1.31123428e+00
 1.63531992e+02 1.30022616e+00
 1.63580031e+02 1.28910221e+00
 1.63628070e+02 1.27786595e+00
 1.63676109e+02 1.26652090e+00
 1.63724147e+02 1.25507056e+00
 1.63772186e+02 1.24351845e+00
 1.63820225e+02 1.23186809e+00
 1.63868264e+02 1.22012304e+00
 1.63916303e+02 1.20828704e+00
 1.63964342e+02 1.19636381e+00
 1.64012380e+02 1.18435710e+00
 1.64060419e+02 1.17227066e+00
 1.64108458e+02 1.16010822e+00
 1.64156497e+02 1.14787353e+00
 1.64204536e+02 1.13557033e+00
 1.64252575e+02 1.12320236e+00
 1.64300613e+02 1.11077337e+00
 1.64348652e+02 1.09828717e+00
 1.64396691e+02 1.08574758e+00
 1.64444730e+02 1.07315841e+00
 1.64492769e+02 1.06052349e+00
 1.64540808e+02 1.04784663e+00
 1.64588846e+02 1.03513165e+00
 1.64636885e+02 1.02238236e+00
 1.64684924e+02 1.00960260e+00
 1.64732963e+02 9.96796163e-01
 1.64781002e+02 9.83966826e-01
 1.64829041e+02 9.71118328e-01
 1.64877079e+02 9.58254411e-01
 1.64925118e+02 9.45378818e-01
 1.64973157e+02 9.32495290e-01
 1.65021196e+02 9.19607569e-01
 1.65069235e+02 9.06719396e-01
 1.65117274e+02 8.93834513e-01
 1.65165312e+02 8.80956657e-01
 1.65213351e+02 8.68089456e-01
 1.65261390e+02 8.55236430e-01
 1.65309429e+02 8.42401099e-01
 1.65357468e+02 8.29586979e-01
 1.65405507e+02 8.16797588e-01
 1.65453546e+02 8.04036443e-01
 1.65501584e+02 7.91307063e-01
 1.65549623e+02 7.78612965e-01
 1.65597662e+02 7.65957665e-01
 1.65645701e+02 7.53344553e-01
 1.65693740e+02 7.40776810e-01
 1.65741779e+02 7.28257592e-01
 1.65789817e+02 7.15790058e-01
 1.65837856e+02 7.03377366e-01
 1.65885895e+02 6.91022672e-01
 1.65933934e+02 6.78729136e-01
 1.65981973e+02 6.66499915e-01
 1.66030012e+02 6.54338166e-01
 1.66078050e+02 6.42246948e-01
 1.66126089e+02 6.30229001e-01
 1.66174128e+02 6.18287008e-01
 1.66222167e+02 6.06423647e-01
 1.66270206e+02 5.94641599e-01
 1.66318245e+02 5.82943545e-01
 1.66366283e+02 5.71332165e-01
 1.66414322e+02 5.59810139e-01
 1.66462361e+02 5.48380147e-01
 1.66510400e+02 5.37044809e-01
 1.66558439e+02 5.25806371e-01
 1.66606478e+02 5.14666942e-01
 1.66654516e+02 5.03628631e-01
 1.66702555e+02 4.92693547e-01
 1.66750594e+02 4.81863799e-01
 1.66798633e+02 4.71141494e-01
 1.66846672e+02 4.60528743e-01
 1.66894711e+02 4.50027652e-01
 1.66942749e+02 4.39640303e-01
 1.66990788e+02 4.29368414e-01
 1.67038827e+02 4.19213464e-01
 1.67086866e+02 4.09176923e-01
 1.67134905e+02 3.99260263e-01
 1.67182944e+02 3.89464956e-01
 1.67230982e+02 3.79792475e-01
 1.67279021e+02 3.70244291e-01
 1.67327060e+02 3.60821876e-01
 1.67375099e+02 3.51526693e-01
 1.67423138e+02 3.42359914e-01
 1.67471177e+02 3.33322362e-01
 1.67519216e+02 3.24414842e-01
 1.67567254e+02 3.15638157e-01
 1.67615293e+02 3.06993112e-01
 1.67663332e+02 2.98480509e-01
 1.67711371e+02 2.90101153e-01
 1.67759410e+02 2.81855848e-01
 1.67807449e+02 2.73745395e-01
 1.67855487e+02 2.65770405e-01
 1.67903526e+02 2.57931070e-01
 1.67951565e+02 2.50227533e-01
 1.67999604e+02 2.42659934e-01
 1.68047643e+02 2.35228416e-01
 1.68095682e+02 2.27933118e-01
 1.68143720e+02 2.20774183e-01
 1.68191759e+02 2.13751751e-01
 1.68239798e+02 2.06865965e-01
 1.68287837e+02 2.00116862e-01
 1.68335876e+02 1.93504067e-01
 1.68383915e+02 1.87027103e-01
 1.68431953e+02 1.80685493e-01
 1.68479992e+02 1.74478759e-01
 1.68528031e+02 1.68406423e-01
 1.68576070e+02 1.62468007e-01
 1.68624109e+02 1.56663035e-01
 1.68672148e+02 1.50991028e-01
 1.68720186e+02 1.45451466e-01
 1.68768225e+02 1.40043491e-01
 1.68816264e+02 1.34766087e-01
 1.68864303e+02 1.29618237e-01
 1.68912342e+02 1.24598926e-01
 1.68960381e+02 1.19707135e-01
 1.69008419e+02 1.14941850e-01
 1.69056458e+02 1.10302052e-01
 1.69104497e+02 1.05786726e-01
 1.69152536e+02 1.01394841e-01
 1.69200575e+02 9.71251459e-02
 1.69248614e+02 9.29762003e-02
 1.69296652e+02 8.89465596e-02
 1.69344691e+02 8.50347787e-02
 1.69392730e+02 8.12394125e-02
 1.69440769e+02 7.75590160e-02
 1.69488808e+02 7.39921442e-02
 1.69536847e+02 7.05373520e-02
 1.69584886e+02 6.71931921e-02
 1.69632924e+02 6.39581045e-02
 1.69680963e+02 6.08303617e-02
 1.69729002e+02 5.78082230e-02
 1.69777041e+02 5.48899478e-02
 1.69825080e+02 5.20737951e-02
 1.69873119e+02 4.93580244e-02
 1.69921157e+02 4.67408948e-02
 1.69969196e+02 4.42206656e-02
 1.70017235e+02 4.17955960e-02
 1.70065274e+02 3.94639084e-02
 1.70113313e+02 3.72237259e-02
 1.70161352e+02 3.50731554e-02
 1.70209390e+02 3.30103038e-02
 1.70257429e+02 3.10332778e-02
 1.70305468e+02 2.91401845e-02
 1.70353507e+02 2.73291306e-02
 1.70401546e+02 2.55982229e-02
 1.70449585e+02 2.39455683e-02
 1.70497623e+02 2.23692722e-02
 1.70545662e+02 2.08674323e-02
 1.70593701e+02 1.94381438e-02
 1.70641740e+02 1.80795020e-02
 1.70689779e+02 1.67896022e-02
 1.70737818e+02 1.55665397e-02
 1.70785856e+02 1.44084098e-02
 1.70833895e+02 1.33133077e-02
 1.70881934e+02 1.22793287e-02
 1.70929973e+02 1.13045748e-02
 1.70978012e+02 1.03872151e-02
 1.71026051e+02 9.52545847e-03
 1.71074089e+02 8.71751422e-03
 1.71122128e+02 7.96159161e-03
 1.71170167e+02 7.25589993e-03
 1.71218206e+02 6.59864846e-03
 1.71266245e+02 5.98804649e-03
 1.71314284e+02 5.42230329e-03
 1.71362322e+02 4.89963227e-03
 1.71410361e+02 4.41834727e-03
 1.71458400e+02 3.97686627e-03
 1.71506439e+02 3.57361205e-03
 1.71554478e+02 3.20700740e-03
 1.71602517e+02 2.87547509e-03
 1.71650556e+02 2.57743792e-03
 1.71698594e+02 2.31131866e-03
 1.71746633e+02 2.07554010e-03
 1.71794672e+02 1.86852593e-03
 1.71842711e+02 1.68879174e-03
 1.71890750e+02 1.53502188e-03
 1.71938789e+02 1.40591881e-03
 1.71986827e+02 1.30018501e-03
 1.72034866e+02 1.21652295e-03
 1.72082905e+02 1.15363510e-03
 1.72130944e+02 1.11022393e-03
 1.72178983e+02 1.08499190e-03
 1.72227022e+02 1.07664151e-03
 1.72275060e+02 1.08393569e-03
 1.72323099e+02 1.10584310e-03
 1.72371138e+02 1.14137613e-03
 1.72419177e+02 1.18954717e-03
 1.72467216e+02 1.24936860e-03
 1.72515255e+02 1.31985282e-03
 1.72563293e+02 1.40001222e-03
 1.72611332e+02 1.48885917e-03
 1.72659371e+02 1.58540608e-03
 1.72707410e+02 1.68869534e-03
 1.72755449e+02 1.79796616e-03
 1.72803488e+02 1.91253697e-03
 1.72851526e+02 2.03172644e-03
 1.72899565e+02 2.15485323e-03
 1.72947604e+02 2.28123601e-03
 1.72995643e+02 2.41019343e-03
 1.73043682e+02 2.54104415e-03
 1.73091721e+02 2.67310685e-03
 1.73139759e+02 2.80571119e-03
 1.73187798e+02 2.93833819e-03
 1.73235837e+02 3.07057894e-03
 1.73283876e+02 3.20202700e-03
 1.73331915e+02 3.33227593e-03
 1.73379954e+02 3.46091931e-03
 1.73427992e+02 3.58755069e-03
 1.73476031e+02 3.71176365e-03
 1.73524070e+02 3.83315175e-03
 1.73572109e+02 3.95131104e-03
 1.73620148e+02 4.06593154e-03
 1.73668187e+02 4.17682359e-03
 1.73716226e+02 4.28380538e-03
 1.73764264e+02 4.38669513e-03
 1.73812303e+02 4.48531104e-03
 1.73860342e+02 4.57947132e-03
 1.73908381e+02 4.66899417e-03
 1.73956420e+02 4.75369779e-03
 1.74004459e+02 4.83340058e-03
 1.74052497e+02 4.90796651e-03
 1.74100536e+02 4.97736440e-03
 1.74148575e+02 5.04157773e-03
 1.74196614e+02 5.10059000e-03
 1.74244653e+02 5.15438471e-03
 1.74292692e+02 5.20294535e-03
 1.74340730e+02 5.24625541e-03
 1.74388769e+02 5.28429839e-03
 1.74436808e+02 5.31705778e-03
 1.74484847e+02 5.34453335e-03
 1.74532886e+02 5.36679538e-03
 1.74580925e+02 5.38393329e-03
 1.74628963e+02 5.39603650e-03
 1.74677002e+02 5.40319444e-03
 1.74725041e+02 5.40549651e-03
 1.74773080e+02 5.40303215e-03
 1.74821119e+02 5.39589076e-03
 1.74869158e+02 5.38416178e-03
 1.74917196e+02 5.36793848e-03
 1.74965235e+02 5.34734709e-03
 1.75013274e+02 5.32253049e-03
 1.75061313e+02 5.29363169e-03
 1.75109352e+02 5.26079368e-03
 1.75157391e+02 5.22415948e-03
 1.75205429e+02 5.18387208e-03
 1.75253468e+02 5.14007449e-03
 1.75301507e+02 5.09290970e-03
 1.75349546e+02 5.04252107e-03
 1.75397585e+02 4.98905825e-03
 1.75445624e+02 4.93267664e-03
 1.75493662e+02 4.87353180e-03
 1.75541701e+02 4.81177932e-03
 1.75589740e+02 4.74757479e-03
 1.75637779e+02 4.68107378e-03
 1.75685818e+02 4.61243188e-03
 1.75733857e+02 4.54180467e-03
 1.75781896e+02 4.46934763e-03
 1.75829934e+02 4.39521061e-03
 1.75877973e+02 4.31953442e-03
 1.75926012e+02 4.24245911e-03
 1.75974051e+02 4.16412471e-03
 1.76022090e+02 4.08467126e-03
 1.76070129e+02 4.00423878e-03
 1.76118167e+02 3.92296732e-03
 1.76166206e+02 3.84099691e-03
 1.76214245e+02 3.75846756e-03
 1.76262284e+02 3.67551221e-03
 1.76310323e+02 3.59224310e-03
 1.76358362e+02 3.50876878e-03
 1.76406400e+02 3.42519777e-03
 1.76454439e+02 3.34163863e-03
 1.76502478e+02 3.25819988e-03
 1.76550517e+02 3.17499006e-03
 1.76598556e+02 3.09211771e-03
 1.76646595e+02 3.00969137e-03
 1.76694633e+02 2.92781515e-03
 1.76742672e+02 2.84656861e-03
 1.76790711e+02 2.76602289e-03
 1.76838750e+02 2.68624908e-03
 1.76886789e+02 2.60731831e-03
 1.76934828e+02 2.52930167e-03
 1.76982866e+02 2.45227028e-03
 1.77030905e+02 2.37629524e-03
 1.77078944e+02 2.30144767e-03
 1.77126983e+02 2.22779682e-03
 1.77175022e+02 2.15539106e-03
 1.77223061e+02 2.08426560e-03
 1.77271099e+02 2.01445545e-03
 1.77319138e+02 1.94599560e-03
 1.77367177e+02 1.87892108e-03
 1.77415216e+02 1.81326689e-03
 1.77463255e+02 1.74906803e-03
 1.77511294e+02 1.68635951e-03
 1.77559332e+02 1.62517586e-03
 1.77607371e+02 1.56553787e-03
 1.77655410e+02 1.50745112e-03
 1.77703449e+02 1.45092039e-03
 1.77751488e+02 1.39595044e-03
 1.77799527e+02 1.34254606e-03
 1.77847566e+02 1.29071201e-03
 1.77895604e+02 1.24045308e-03
 1.77943643e+02 1.19177403e-03
 1.77991682e+02 1.14467959e-03
 1.78039721e+02 1.09916761e-03
 1.78087760e+02 1.05522238e-03
 1.78135799e+02 1.01282659e-03
 1.78183837e+02 9.71962915e-04
 1.78231876e+02 9.32614050e-04
 1.78279915e+02 8.94762679e-04
 1.78327954e+02 8.58391489e-04
 1.78375993e+02 8.23483166e-04
 1.78424032e+02 7.90020396e-04
 1.78472070e+02 7.57983451e-04
 1.78520109e+02 7.27343693e-04
 1.78568148e+02 6.98070429e-04
 1.78616187e+02 6.70132968e-04
 1.78664226e+02 6.43500619e-04
 1.78712265e+02 6.18142688e-04
 1.78760303e+02 5.94028486e-04
 1.78808342e+02 5.71127318e-04
 1.78856381e+02 5.49408495e-04
 1.78904420e+02 5.28840851e-04
 1.78952459e+02 5.09389857e-04
 1.79000498e+02 4.91019516e-04
 1.79048536e+02 4.73693828e-04
 1.79096575e+02 4.57376791e-04
 1.79144614e+02 4.42032403e-04
 1.79192653e+02 4.27624664e-04
 1.79240692e+02 4.14117571e-04
 1.79288731e+02 4.01475125e-04
 1.79336769e+02 3.89661368e-04
 1.79384808e+02 3.78641046e-04
 1.79432847e+02 3.68379450e-04
 1.79480886e+02 3.58841885e-04
 1.79528925e+02 3.49993658e-04
 1.79576964e+02 3.41800074e-04
 1.79625002e+02 3.34226439e-04
 1.79673041e+02 3.27238059e-04
 1.79721080e+02 3.20800240e-04
 1.79769119e+02 3.14878341e-04
 1.79817158e+02 3.09440112e-04
 1.79865197e+02 3.04456595e-04
 1.79913236e+02 2.99899065e-04
 1.79961274e+02 2.95738803e-04
 1.80009313e+02 2.91947086e-04
 1.80057352e+02 2.88495192e-04
 1.80105391e+02 2.85354400e-04
 1.80153430e+02 2.82495988e-04
 1.80201469e+02 2.79891241e-04
 1.80249507e+02 2.77513636e-04
 1.80297546e+02 2.75342100e-04
 1.80345585e+02 2.73356388e-04
 1.80393624e+02 2.71536258e-04
 1.80441663e+02 2.69861466e-04
 1.80489702e+02 2.68311769e-04
 1.80537740e+02 2.66866923e-04
 1.80585779e+02 2.65506686e-04
 1.80633818e+02 2.64210813e-04
 1.80681857e+02 2.62960319e-04
 1.80729896e+02 2.61742141e-04
 1.80777935e+02 2.60544953e-04
 1.80825973e+02 2.59357431e-04
 1.80874012e+02 2.58168251e-04
 1.80922051e+02 2.56966088e-04
 1.80970090e+02 2.55739618e-04
 1.81018129e+02 2.54477516e-04
 1.81066168e+02 2.53168458e-04
 1.81114206e+02 2.51801617e-04
 1.81162245e+02 2.50370804e-04
 1.81210284e+02 2.48872356e-04
 1.81258323e+02 2.47302631e-04
 1.81306362e+02 2.45657990e-04
 1.81354401e+02 2.43934795e-04
 1.81402439e+02 2.42129405e-04
 1.81450478e+02 2.40238180e-04
 1.81498517e+02 2.38257483e-04
 1.81546556e+02 2.36183794e-04
 1.81594595e+02 2.34016227e-04
 1.81642634e+02 2.31756438e-04
 1.81690672e+02 2.29406183e-04
 1.81738711e+02 2.26967221e-04
 1.81786750e+02 2.24441311e-04
 1.81834789e+02 2.21830209e-04
 1.81882828e+02 2.19135674e-04
 1.81930867e+02 2.16359463e-04
 1.81978906e+02 2.13503348e-04
 1.82026944e+02 2.10570056e-04
 1.82074983e+02 2.07563957e-04
 1.82123022e+02 2.04489578e-04
 1.82171061e+02 2.01351446e-04
 1.82219100e+02 1.98154089e-04
 1.82267139e+02 1.94902036e-04
 1.82315177e+02 1.91599814e-04
 1.82363216e+02 1.88251950e-04
 1.82411255e+02 1.84862974e-04
 1.82459294e+02 1.81437508e-04
 1.82507333e+02 1.77980483e-04
 1.82555372e+02 1.74496886e-04
 1.82603410e+02 1.70991706e-04
 1.82651449e+02 1.67469932e-04
 1.82699488e+02 1.63936551e-04
 1.82747527e+02 1.60396552e-04
 1.82795566e+02 1.56854924e-04
 1.82843605e+02 1.53316655e-04
 1.82891643e+02 1.49786609e-04
 1.82939682e+02 1.46268906e-04
 1.82987721e+02 1.42767387e-04
 1.83035760e+02 1.39285892e-04
 1.83083799e+02 1.35828263e-04
 1.83131838e+02 1.32398339e-04
 1.83179876e+02 1.28999961e-04
 1.83227915e+02 1.25636970e-04
 1.83275954e+02 1.22313207e-04
 1.83323993e+02 1.19032434e-04
 1.83372032e+02 1.15797433e-04
 1.83420071e+02 1.12610325e-04
 1.83468109e+02 1.09473218e-04
 1.83516148e+02 1.06388220e-04
 1.83564187e+02 1.03357439e-04
 1.83612226e+02 1.00382984e-04
 1.83660265e+02 9.74669614e-05
 1.83708304e+02 9.46114800e-05
 1.83756342e+02 9.18186197e-05
 1.83804381e+02 8.90895514e-05
 1.83852420e+02 8.64243618e-05
 1.83900459e+02 8.38230740e-05
 1.83948498e+02 8.12857111e-05
 1.83996537e+02 7.88122964e-05
 1.84044576e+02 7.64028529e-05
 1.84092614e+02 7.40574038e-05
 1.84140653e+02 7.17759722e-05
 1.84188692e+02 6.95585812e-05
 1.84236731e+02 6.74052541e-05
 1.84284770e+02 6.53160138e-05
 1.84332809e+02 6.32908836e-05
 1.84380847e+02 6.13298867e-05
 1.84428886e+02 5.94330460e-05
 1.84476925e+02 5.76003848e-05
 1.84524964e+02 5.58319262e-05
 1.84573003e+02 5.41276934e-05
 1.84621042e+02 5.24877095e-05
