 1.35477311e+02 1.44015509e-06
 1.35525350e+02 1.50678767e-06
 1.35573389e+02 1.57601813e-06
 1.35621428e+02 1.64801398e-06
 1.35669466e+02 1.72294276e-06
 1.35717505e+02 1.80097201e-06
 1.35765544e+02 1.88226926e-06
 1.35813583e+02 1.96700205e-06
 1.35861622e+02 2.05533791e-06
 1.35909661e+02 2.14744436e-06
 1.35957699e+02 2.24348896e-06
 1.36005738e+02 2.34363923e-06
 1.36053777e+02 2.44806270e-06
 1.36101816e+02 2.55692691e-06
 1.36149855e+02 2.67039940e-06
 1.36197894e+02 2.78864769e-06
 1.36245932e+02 2.91183933e-06
 1.36293971e+02 3.04014184e-06
 1.36342010e+02 3.17372277e-06
 1.36390049e+02 3.31275206e-06
 1.36438088e+02 3.45744096e-06
 1.36486127e+02 3.60803535e-06
 1.36534165e+02 3.76478215e-06
 1.36582204e+02 3.92792831e-06
 1.36630243e+02 4.09772075e-06
 1.36678282e+02 4.27440642e-06
 1.36726321e+02 4.45823225e-06
 1.36774360e+02 4.64944517e-06
 1.36822399e+02 4.84829273e-06
 1.36870437e+02 5.05505430e-06
 1.36918476e+02 5.27005628e-06
 1.36966515e+02 5.49362886e-06
 1.37014554e+02 5.72610225e-06
 1.37062593e+02 5.96780663e-06
 1.37110632e+02 6.21907220e-06
 1.37158670e+02 6.48022915e-06
 1.37206709e+02 6.75160768e-06
 1.37254748e+02 7.03353802e-06
 1.37302787e+02 7.32637789e-06
 1.37350826e+02 7.63055876e-06
 1.37398865e+02 7.94652432e-06
 1.37446903e+02 8.27471825e-06
 1.37494942e+02 8.61558426e-06
 1.37542981e+02 8.96956603e-06
 1.37591020e+02 9.33710726e-06
 1.37639059e+02 9.71865165e-06
 1.37687098e+02 1.01146429e-05
 1.37735136e+02 1.05255432e-05
 1.37783175e+02 1.09519098e-05
 1.37831214e+02 1.13943300e-05
 1.37879253e+02 1.18533911e-05
 1.37927292e+02 1.23296804e-05
 1.37975331e+02 1.28237853e-05
 1.38023369e+02 1.33362932e-05
 1.38071408e+02 1.38677914e-05
 1.38119447e+02 1.44188672e-05
 1.38167486e+02 1.49901184e-05
 1.38215525e+02 1.55822503e-05
 1.38263564e+02 1.61960309e-05
 1.38311602e+02 1.68322290e-05
 1.38359641e+02 1.74916134e-05
 1.38407680e+02 1.81749531e-05
 1.38455719e+02 1.88830168e-05
 1.38503758e+02 1.96165734e-05
 1.38551797e+02 2.03763917e-05
 1.38599835e+02 2.11632449e-05
 1.38647874e+02 2.19780123e-05
 1.38695913e+02 2.28216829e-05
 1.38743952e+02 2.36952511e-05
 1.38791991e+02 2.45997112e-05
 1.38840030e+02 2.55360572e-05
 1.38888069e+02 2.65052836e-05
 1.38936107e+02 2.75083846e-05
 1.38984146e+02 2.85463543e-05
 1.39032185e+02 2.96201880e-05
 1.39080224e+02 3.07309714e-05
 1.39128263e+02 3.18799569e-05
 1.39176302e+02 3.30684145e-05
 1.39224340e+02 3.42976143e-05
 1.39272379e+02 3.55688266e-05
 1.39320418e+02 3.68833214e-05
 1.39368457e+02 3.82423689e-05
 1.39416496e+02 3.96472392e-05
 1.39464535e+02 4.10992024e-05
 1.39512573e+02 4.25995936e-05
 1.39560612e+02 4.41499683e-05
 1.39608651e+02 4.57519289e-05
 1.39656690e+02 4.74070778e-05
 1.39704729e+02 4.91170176e-05
 1.39752768e+02 5.08833506e-05
 1.39800806e+02 5.27076793e-05
 1.39848845e+02 5.45916060e-05
 1.39896884e+02 5.65367334e-05
 1.39944923e+02 5.85447023e-05
 1.39992962e+02 6.06174067e-05
 1.40041001e+02 6.27568423e-05
 1.40089039e+02 6.49650053e-05
 1.40137078e+02 6.72438916e-05
 1.40185117e+02 6.95954973e-05
 1.40233156e+02 7.20218184e-05
 1.40281195e+02 7.45248510e-05
 1.40329234e+02 7.71065911e-05
 1.40377272e+02 7.97690531e-05
 1.40425311e+02 8.25145036e-05
 1.40473350e+02 8.53453923e-05
 1.40521389e+02 8.82641733e-05
 1.40569428e+02 9.12733006e-05
 1.40617467e+02 9.43752282e-05
 1.40665505e+02 9.75724101e-05
 1.40713544e+02 1.00867300e-04
 1.40761583e+02 1.04262353e-04
 1.40809622e+02 1.07760027e-04
 1.40857661e+02 1.11363002e-04
 1.40905700e+02 1.15074236e-04
 1.40953739e+02 1.18896706e-04
 1.41001777e+02 1.22833387e-04
 1.41049816e+02 1.26887257e-04
 1.41097855e+02 1.31061293e-04
 1.41145894e+02 1.35358470e-04
 1.41193933e+02 1.39781766e-04
 1.41241972e+02 1.44334158e-04
 1.41290010e+02 1.49018785e-04
 1.41338049e+02 1.53839154e-04
 1.41386088e+02 1.58798827e-04
 1.41434127e+02 1.63901364e-04
 1.41482166e+02 1.69150326e-04
 1.41530205e+02 1.74549273e-04
 1.41578243e+02 1.80101767e-04
 1.41626282e+02 1.85811367e-04
 1.41674321e+02 1.91681634e-04
 1.41722360e+02 1.97716227e-04
 1.41770399e+02 2.03919228e-04
 1.41818438e+02 2.10294836e-04
 1.41866476e+02 2.16847248e-04
 1.41914515e+02 2.23580662e-04
 1.41962554e+02 2.30499275e-04
 1.42010593e+02 2.37607287e-04
 1.42058632e+02 2.44908894e-04
 1.42106671e+02 2.52408295e-04
 1.42154709e+02 2.60109736e-04
 1.42202748e+02 2.68017880e-04
 1.42250787e+02 2.76137600e-04
 1.42298826e+02 2.84473771e-04
 1.42346865e+02 2.93031267e-04
 1.42394904e+02 3.01814962e-04
 1.42442942e+02 3.10829733e-04
 1.42490981e+02 3.20080453e-04
 1.42539020e+02 3.29571997e-04
 1.42587059e+02 3.39309258e-04
 1.42635098e+02 3.49297479e-04
 1.42683137e+02 3.59542221e-04
 1.42731175e+02 3.70049054e-04
 1.42779214e+02 3.80823548e-04
 1.42827253e+02 3.91871275e-04
 1.42875292e+02 4.03197805e-04
 1.42923331e+02 4.14808709e-04
 1.42971370e+02 4.26709557e-04
 1.43019409e+02 4.38905925e-04
 1.43067447e+02 4.51403637e-04
 1.43115486e+02 4.64208916e-04
 1.43163525e+02 4.77328022e-04
 1.43211564e+02 4.90767212e-04
 1.43259603e+02 5.04532746e-04
 1.43307642e+02 5.18630882e-04
 1.43355680e+02 5.33067879e-04
 1.43403719e+02 5.47849994e-04
 1.43451758e+02 5.62983488e-04
 1.43499797e+02 5.78474764e-04
 1.43547836e+02 5.94330649e-04
 1.43595875e+02 6.10558046e-04
 1.43643913e+02 6.27163860e-04
 1.43691952e+02 6.44154993e-04
 1.43739991e+02 6.61538349e-04
 1.43788030e+02 6.79320832e-04
 1.43836069e+02 6.97509343e-04
 1.43884108e+02 7.16110787e-04
 1.43932146e+02 7.35132134e-04
 1.43980185e+02 7.54580719e-04
 1.44028224e+02 7.74464006e-04
 1.44076263e+02 7.94789458e-04
 1.44124302e+02 8.15564536e-04
 1.44172341e+02 8.36796705e-04
 1.44220379e+02 8.58493428e-04
 1.44268418e+02 8.80662166e-04
 1.44316457e+02 9.03310383e-04
 1.44364496e+02 9.26445564e-04
 1.44412535e+02 9.50075440e-04
 1.44460574e+02 9.74207898e-04
 1.44508612e+02 9.98850826e-04
 1.44556651e+02 1.02401211e-03
 1.44604690e+02 1.04969965e-03
 1.44652729e+02 1.07592132e-03
 1.44700768e+02 1.10268501e-03
 1.44748807e+02 1.12999862e-03
 1.44796845e+02 1.15787004e-03
 1.44844884e+02 1.18630727e-03
 1.44892923e+02 1.21531842e-03
 1.44940962e+02 1.24491163e-03
 1.44989001e+02 1.27509503e-03
 1.45037040e+02 1.30587673e-03
 1.45085079e+02 1.33726488e-03
 1.45133117e+02 1.36926759e-03
 1.45181156e+02 1.40189300e-03
 1.45229195e+02 1.43514923e-03
 1.45277234e+02 1.46904440e-03
 1.45325273e+02 1.50358665e-03
 1.45373312e+02 1.53878410e-03
 1.45421350e+02 1.57464486e-03
 1.45469389e+02 1.61117707e-03
 1.45517428e+02 1.64838884e-03
 1.45565467e+02 1.68628829e-03
 1.45613506e+02 1.72488356e-03
 1.45661545e+02 1.76418277e-03
 1.45709583e+02 1.80419398e-03
 1.45757622e+02 1.84492506e-03
 1.45805661e+02 1.88638383e-03
 1.45853700e+02 1.92857811e-03
 1.45901739e+02 1.97151573e-03
 1.45949778e+02 2.01520450e-03
 1.45997816e+02 2.05965224e-03
 1.46045855e+02 2.10486677e-03
 1.46093894e+02 2.15085592e-03
 1.46141933e+02 2.19762744e-03
 1.46189972e+02 2.24518868e-03
 1.46238011e+02 2.29354682e-03
 1.46286049e+02 2.34270902e-03
 1.46334088e+02 2.39268245e-03
 1.46382127e+02 2.44347426e-03
 1.46430166e+02 2.49509164e-03
 1.46478205e+02 2.54754175e-03
 1.46526244e+02 2.60083176e-03
 1.46574282e+02 2.65496878e-03
 1.46622321e+02 2.70995941e-03
 1.46670360e+02 2.76580976e-03
 1.46718399e+02 2.82252597e-03
 1.46766438e+02 2.88011414e-03
 1.46814477e+02 2.93858040e-03
 1.46862515e+02 2.99793087e-03
 1.46910554e+02 3.05817167e-03
 1.46958593e+02 3.11930892e-03
 1.47006632e+02 3.18134872e-03
 1.47054671e+02 3.24429661e-03
 1.47102710e+02 3.30815727e-03
 1.47150749e+02 3.37293537e-03
 1.47198787e+02 3.43863555e-03
 1.47246826e+02 3.50526246e-03
 1.47294865e+02 3.57282075e-03
 1.47342904e+02 3.64131507e-03
 1.47390943e+02 3.71075007e-03
 1.47438982e+02 3.78113039e-03
 1.47487020e+02 3.85246019e-03
 1.47535059e+02 3.92474240e-03
 1.47583098e+02 3.99797975e-03
 1.47631137e+02 4.07217499e-03
 1.47679176e+02 4.14733084e-03
 1.47727215e+02 4.22345006e-03
 1.47775253e+02 4.30053538e-03
 1.47823292e+02 4.37858954e-03
 1.47871331e+02 4.45761528e-03
 1.47919370e+02 4.53761500e-03
 1.47967409e+02 4.61858957e-03
 1.48015448e+02 4.70053938e-03
 1.48063486e+02 4.78346483e-03
 1.48111525e+02 4.86736631e-03
 1.48159564e+02 4.95224423e-03
 1.48207603e+02 5.03809897e-03
 1.48255642e+02 5.12493095e-03
 1.48303681e+02 5.21274056e-03
 1.48351719e+02 5.30152801e-03
 1.48399758e+02 5.39129187e-03
 1.48447797e+02 5.48202981e-03
 1.48495836e+02 5.57373949e-03
 1.48543875e+02 5.66641855e-03
 1.48591914e+02 5.76006466e-03
 1.48639952e+02 5.85467548e-03
 1.48687991e+02 5.95024864e-03
 1.48736030e+02 6.04678183e-03
 1.48784069e+02 6.14427261e-03
 1.48832108e+02 6.24271707e-03
 1.48880147e+02 6.34210985e-03
 1.48928185e+02 6.44244551e-03
 1.48976224e+02 6.54371862e-03
 1.49024263e+02 6.64592375e-03
 1.49072302e+02 6.74905548e-03
 1.49120341e+02 6.85310838e-03
 1.49168380e+02 6.95807702e-03
 1.49216419e+02 7.06395594e-03
 1.49264457e+02 7.17073856e-03
 1.49312496e+02 7.27841629e-03
 1.49360535e+02 7.38698036e-03
 1.49408574e+02 7.49642198e-03
 1.49456613e+02 7.60673240e-03
 1.49504652e+02 7.71790284e-03
 1.49552690e+02 7.82992451e-03
 1.49600729e+02 7.94278865e-03
 1.49648768e+02 8.05648649e-03
 1.49696807e+02 8.17100852e-03
 1.49744846e+02 8.28634291e-03
 1.49792885e+02 8.40247740e-03
 1.49840923e+02 8.51939973e-03
 1.49888962e+02 8.63709762e-03
 1.49937001e+02 8.75555880e-03
 1.49985040e+02 8.87477101e-03
 1.50033079e+02 8.99472197e-03
 1.50081118e+02 9.11539943e-03
 1.50129156e+02 9.23679073e-03
 1.50177195e+02 9.35888093e-03
 1.50225234e+02 9.48165427e-03
 1.50273273e+02 9.60509496e-03
 1.50321312e+02 9.72918721e-03
 1.50369351e+02 9.85391524e-03
 1.50417389e+02 9.97926327e-03
 1.50465428e+02 1.01052155e-02
 1.50513467e+02 1.02317562e-02
 1.50561506e+02 1.03588694e-02
 1.50609545e+02 1.04865372e-02
 1.50657584e+02 1.06147406e-02
 1.50705622e+02 1.07434603e-02
 1.50753661e+02 1.08726771e-02
 1.50801700e+02 1.10023720e-02
 1.50849739e+02 1.11325257e-02
 1.50897778e+02 1.12631190e-02
 1.50945817e+02 1.13941329e-02
 1.50993855e+02 1.15255481e-02
 1.51041894e+02 1.16573440e-02
 1.51089933e+02 1.17894985e-02
 1.51137972e+02 1.19219892e-02
 1.51186011e+02 1.20547940e-02
 1.51234050e+02 1.21878906e-02
 1.51282089e+02 1.23212567e-02
 1.51330127e+02 1.24548701e-02
 1.51378166e+02 1.25887084e-02
 1.51426205e+02 1.27227494e-02
 1.51474244e+02 1.28569701e-02
 1.51522283e+02 1.29913458e-02
 1.51570322e+02 1.31258515e-02
 1.51618360e+02 1.32604623e-02
 1.51666399e+02 1.33951534e-02
 1.51714438e+02 1.35298998e-02
 1.51762477e+02 1.36646766e-02
 1.51810516e+02 1.37994588e-02
 1.51858555e+02 1.39342217e-02
 1.51906593e+02 1.40689398e-02
 1.51954632e+02 1.42035867e-02
 1.52002671e+02 1.43381352e-02
 1.52050710e+02 1.44725586e-02
 1.52098749e+02 1.46068297e-02
 1.52146788e+02 1.47409217e-02
 1.52194826e+02 1.48748076e-02
 1.52242865e+02 1.50084604e-02
 1.52290904e+02 1.51418531e-02
 1.52338943e+02 1.52749588e-02
 1.52386982e+02 1.54077494e-02
 1.52435021e+02 1.55401968e-02
 1.52483059e+02 1.56722726e-02
 1.52531098e+02 1.58039485e-02
 1.52579137e+02 1.59351964e-02
 1.52627176e+02 1.60659879e-02
 1.52675215e+02 1.61962947e-02
 1.52723254e+02 1.63260887e-02
 1.52771292e+02 1.64553413e-02
 1.52819331e+02 1.65840243e-02
 1.52867370e+02 1.67121087e-02
 1.52915409e+02 1.68395659e-02
 1.52963448e+02 1.69663672e-02
 1.53011487e+02 1.70924837e-02
 1.53059525e+02 1.72178867e-02
 1.53107564e+02 1.73425475e-02
 1.53155603e+02 1.74664374e-02
 1.53203642e+02 1.75895276e-02
 1.53251681e+02 1.77117895e-02
 1.53299720e+02 1.78331948e-02
 1.53347759e+02 1.79537152e-02
 1.53395797e+02 1.80733225e-02
 1.53443836e+02 1.81919883e-02
 1.53491875e+02 1.83096844e-02
 1.53539914e+02 1.84263824e-02
 1.53587953e+02 1.85420541e-02
 1.53635992e+02 1.86566712e-02
 1.53684030e+02 1.87702056e-02
 1.53732069e+02 1.88826305e-02
 1.53780108e+02 1.89939188e-02
 1.53828147e+02 1.91040437e-02
 1.53876186e+02 1.92129784e-02
 1.53924225e+02 1.93206958e-02
 1.53972263e+02 1.94271692e-02
 1.54020302e+02 1.95323717e-02
 1.54068341e+02 1.96362763e-02
 1.54116380e+02 1.97388564e-02
 1.54164419e+02 1.98400871e-02
 1.54212458e+02 1.99399437e-02
 1.54260496e+02 2.00384018e-02
 1.54308535e+02 2.01354368e-02
 1.54356574e+02 2.02310242e-02
 1.54404613e+02 2.03251394e-02
 1.54452652e+02 2.04177578e-02
 1.54500691e+02 2.05088549e-02
 1.54548729e+02 2.05984065e-02
 1.54596768e+02 2.06863899e-02
 1.54644807e+02 2.07727839e-02
 1.54692846e+02 2.08575672e-02
 1.54740885e+02 2.09407185e-02
 1.54788924e+02 2.10222163e-02
 1.54836962e+02 2.11020396e-02
 1.54885001e+02 2.11801668e-02
 1.54933040e+02 2.12565767e-02
 1.54981079e+02 2.13312481e-02
 1.55029118e+02 2.14041616e-02
 1.55077157e+02 2.14752998e-02
 1.55125195e+02 2.15446455e-02
 1.55173234e+02 2.16121812e-02
 1.55221273e+02 2.16778897e-02
 1.55269312e+02 2.17417537e-02
 1.55317351e+02 2.18037559e-02
 1.55365390e+02 2.18638790e-02
 1.55413429e+02 2.19221056e-02
 1.55461467e+02 2.19784201e-02
 1.55509506e+02 2.20328095e-02
 1.55557545e+02 2.20852610e-02
 1.55605584e+02 2.21357621e-02
 1.55653623e+02 2.21843001e-02
 1.55701662e+02 2.22308624e-02
 1.55749700e+02 2.22754362e-02
 1.55797739e+02 2.23180089e-02
 1.55845778e+02 2.23585679e-02
 1.55893817e+02 2.23971015e-02
 1.55941856e+02 2.24336014e-02
 1.55989895e+02 2.24680601e-02
 1.56037933e+02 2.25004701e-02
 1.56085972e+02 2.25308237e-02
 1.56134011e+02 2.25591135e-02
 1.56182050e+02 2.25853318e-02
 1.56230089e+02 2.26094712e-02
 1.56278128e+02 2.26315241e-02
 1.56326166e+02 2.26514834e-02
 1.56374205e+02 2.26693457e-02
 1.56422244e+02 2.26851086e-02
 1.56470283e+02 2.26987701e-02
 1.56518322e+02 2.27103280e-02
 1.56566361e+02 2.27197801e-02
 1.56614399e+02 2.27271242e-02
 1.56662438e+02 2.27323581e-02
 1.56710477e+02 2.27354797e-02
 1.56758516e+02 2.27364870e-02
 1.56806555e+02 2.27353810e-02
 1.56854594e+02 2.27321649e-02
 1.56902632e+02 2.27268421e-02
 1.56950671e+02 2.27194156e-02
 1.56998710e+02 2.27098888e-02
 1.57046749e+02 2.26982650e-02
 1.57094788e+02 2.26845473e-02
 1.57142827e+02 2.26687390e-02
 1.57190865e+02 2.26508434e-02
 1.57238904e+02 2.26308661e-02
 1.57286943e+02 2.26088153e-02
 1.57334982e+02 2.25846995e-02
 1.57383021e+02 2.25585273e-02
 1.57431060e+02 2.25303072e-02
 1.57479099e+02 2.25000477e-02
 1.57527137e+02 2.24677572e-02
 1.57575176e+02 2.24334444e-02
 1.57623215e+02 2.23971176e-02
 1.57671254e+02 2.23587869e-02
 1.57719293e+02 2.23184650e-02
 1.57767332e+02 2.22761656e-02
 1.57815370e+02 2.22319018e-02
 1.57863409e+02 2.21856872e-02
 1.57911448e+02 2.21375352e-02
 1.57959487e+02 2.20874592e-02
 1.58007526e+02 2.20354725e-02
 1.58055565e+02 2.19815886e-02
 1.58103603e+02 2.19258216e-02
 1.58151642e+02 2.18681883e-02
 1.58199681e+02 2.18087067e-02
 1.58247720e+02 2.17473944e-02
 1.58295759e+02 2.16842691e-02
 1.58343798e+02 2.16193487e-02
 1.58391836e+02 2.15526510e-02
 1.58439875e+02 2.14841936e-02
 1.58487914e+02 2.14139943e-02
 1.58535953e+02 2.13420711e-02
 1.58583992e+02 2.12684444e-02
 1.58632031e+02 2.11931354e-02
 1.58680069e+02 2.11161658e-02
 1.58728108e+02 2.10375567e-02
 1.58776147e+02 2.09573297e-02
 1.58824186e+02 2.08755062e-02
 1.58872225e+02 2.07921076e-02
 1.58920264e+02 2.07071552e-02
 1.58968302e+02 2.06206707e-02
 1.59016341e+02 2.05326769e-02
 1.59064380e+02 2.04431980e-02
 1.59112419e+02 2.03522583e-02
 1.59160458e+02 2.02598821e-02
 1.59208497e+02 2.01660936e-02
 1.59256536e+02 2.00709171e-02
 1.59304574e+02 1.99743769e-02
 1.59352613e+02 1.98764972e-02
 1.59400652e+02 1.97773023e-02
 1.59448691e+02 1.96768172e-02
 1.59496730e+02 1.95750681e-02
 1.59544769e+02 1.94720811e-02
 1.59592807e+02 1.93678825e-02
 1.59640846e+02 1.92624986e-02
 1.59688885e+02 1.91559556e-02
 1.59736924e+02 1.90482797e-02
 1.59784963e+02 1.89394971e-02
 1.59833002e+02 1.88296342e-02
 1.59881040e+02 1.87187173e-02
 1.59929079e+02 1.86067737e-02
 1.59977118e+02 1.84938307e-02
 1.60025157e+02 1.83799156e-02
 1.60073196e+02 1.82650556e-02
 1.60121235e+02 1.81492781e-02
 1.60169273e+02 1.80326105e-02
 1.60217312e+02 1.79150799e-02
 1.60265351e+02 1.77967138e-02
 1.60313390e+02 1.76775394e-02
 1.60361429e+02 1.75575842e-02
 1.60409468e+02 1.74368757e-02
 1.60457506e+02 1.73154413e-02
 1.60505545e+02 1.71933086e-02
 1.60553584e+02 1.70705051e-02
 1.60601623e+02 1.69470581e-02
 1.60649662e+02 1.68229954e-02
 1.60697701e+02 1.66983442e-02
 1.60745739e+02 1.65731321e-02
 1.60793778e+02 1.64473861e-02
 1.60841817e+02 1.63211331e-02
 1.60889856e+02 1.61943999e-02
 1.60937895e+02 1.60672134e-02
 1.60985934e+02 1.59396003e-02
 1.61033972e+02 1.58115876e-02
 1.61082011e+02 1.56832020e-02
 1.61130050e+02 1.55544705e-02
 1.61178089e+02 1.54254197e-02
 1.61226128e+02 1.52960759e-02
 1.61274167e+02 1.51664646e-02
 1.61322206e+02 1.50366112e-02
 1.61370244e+02 1.49065411e-02
 1.61418283e+02 1.47762797e-02
 1.61466322e+02 1.46458526e-02
 1.61514361e+02 1.45152851e-02
 1.61562400e+02 1.43846027e-02
 1.61610439e+02 1.42538308e-02
 1.61658477e+02 1.41229942e-02
 1.61706516e+02 1.39921164e-02
 1.61754555e+02 1.38612209e-02
 1.61802594e+02 1.37303311e-02
 1.61850633e+02 1.35994704e-02
 1.61898672e+02 1.34686621e-02
 1.61946710e+02 1.33379297e-02
 1.61994749e+02 1.32072966e-02
 1.62042788e+02 1.30767862e-02
 1.62090827e+02 1.29464214e-02
 1.62138866e+02 1.28162235e-02
 1.62186905e+02 1.26862134e-02
 1.62234943e+02 1.25564119e-02
 1.62282982e+02 1.24268400e-02
 1.62331021e+02 1.22975184e-02
 1.62379060e+02 1.21684681e-02
 1.62427099e+02 1.20397100e-02
 1.62475138e+02 1.19112648e-02
 1.62523176e+02 1.17831533e-02
 1.62571215e+02 1.16553942e-02
 1.62619254e+02 1.15280054e-02
 1.62667293e+02 1.14010051e-02
 1.62715332e+02 1.12744110e-02
 1.62763371e+02 1.11482413e-02
 1.62811409e+02 1.10225139e-02
 1.62859448e+02 1.08972468e-02
 1.62907487e+02 1.07724580e-02
 1.62955526e+02 1.06481653e-02
 1.63003565e+02 1.05243849e-02
 1.63051604e+02 1.04011318e-02
 1.63099642e+02 1.02784209e-02
 1.63147681e+02 1.01562669e-02
 1.63195720e+02 1.00346847e-02
 1.63243759e+02 9.91368936e-03
 1.63291798e+02 9.79329557e-03
 1.63339837e+02 9.67351826e-03
 1.63387876e+02 9.55437227e-03
 1.63435914e+02 9.43587115e-03
 1.63483953e+02 9.31802673e-03
 1.63531992e+02 9.20085068e-03
 1.63580031e+02 9.08435467e-03
 1.63628070e+02 8.96855040e-03
 1.63676109e+02 8.85344954e-03
 1.63724147e+02 8.73906376e-03
 1.63772186e+02 8.62540475e-03
 1.63820225e+02 8.51248420e-03
 1.63868264e+02 8.40031295e-03
 1.63916303e+02 8.28889985e-03
 1.63964342e+02 8.17825344e-03
 1.64012380e+02 8.06838225e-03
 1.64060419e+02 7.95929480e-03
 1.64108458e+02 7.85099963e-03
 1.64156497e+02 7.74350528e-03
 1.64204536e+02 7.63682027e-03
 1.64252575e+02 7.53095314e-03
 1.64300613e+02 7.42591200e-03
 1.64348652e+02 7.32170296e-03
 1.64396691e+02 7.21833157e-03
 1.64444730e+02 7.11580335e-03
 1.64492769e+02 7.01412384e-03
 1.64540808e+02 6.91329858e-03
 1.64588846e+02 6.81333310e-03
 1.64636885e+02 6.71423293e-03
 1.64684924e+02 6.61600362e-03
 1.64732963e+02 6.51865050e-03
 1.64781002e+02 6.42217729e-03
 1.64829041e+02 6.32658675e-03
 1.64877079e+02 6.23188166e-03
 1.64925118e+02 6.13806481e-03
 1.64973157e+02 6.04513895e-03
 1.65021196e+02 5.95310686e-03
 1.65069235e+02 5.86197133e-03
 1.65117274e+02 5.77173512e-03
 1.65165312e+02 5.68240095e-03
 1.65213351e+02 5.59397034e-03
 1.65261390e+02 5.50644365e-03
 1.65309429e+02 5.41982121e-03
 1.65357468e+02 5.33410332e-03
 1.65405507e+02 5.24929030e-03
 1.65453546e+02 5.16538247e-03
 1.65501584e+02 5.08238014e-03
 1.65549623e+02 5.00028363e-03
 1.65597662e+02 4.91909324e-03
 1.65645701e+02 4.83880855e-03
 1.65693740e+02 4.75942789e-03
 1.65741779e+02 4.68094945e-03
 1.65789817e+02 4.60337145e-03
 1.65837856e+02 4.52669207e-03
 1.65885895e+02 4.45090953e-03
 1.65933934e+02 4.37602203e-03
 1.65981973e+02 4.30202777e-03
 1.66030012e+02 4.22892495e-03
 1.66078050e+02 4.15671141e-03
 1.66126089e+02 4.08538383e-03
 1.66174128e+02 4.01493867e-03
 1.66222167e+02 3.94537239e-03
 1.66270206e+02 3.87668144e-03
 1.66318245e+02 3.80886228e-03
 1.66366283e+02 3.74191138e-03
 1.66414322e+02 3.67582518e-03
 1.66462361e+02 3.61060014e-03
 1.66510400e+02 3.54623258e-03
 1.66558439e+02 3.48271791e-03
 1.66606478e+02 3.42005122e-03
 1.66654516e+02 3.35822758e-03
 1.66702555e+02 3.29724209e-03
 1.66750594e+02 3.23708983e-03
 1.66798633e+02 3.17776587e-03
 1.66846672e+02 3.11926531e-03
 1.66894711e+02 3.06158322e-03
 1.66942749e+02 3.00471466e-03
 1.66990788e+02 2.94865407e-03
 1.67038827e+02 2.89339553e-03
 1.67086866e+02 2.83893313e-03
 1.67134905e+02 2.78526091e-03
 1.67182944e+02 2.73237296e-03
 1.67230982e+02 2.68026334e-03
 1.67279021e+02 2.62892612e-03
 1.67327060e+02 2.57835537e-03
 1.67375099e+02 2.52854515e-03
 1.67423138e+02 2.47948922e-03
 1.67471177e+02 2.43118099e-03
 1.67519216e+02 2.38361385e-03
 1.67567254e+02 2.33678119e-03
 1.67615293e+02 2.29067639e-03
 1.67663332e+02 2.24529284e-03
 1.67711371e+02 2.20062393e-03
 1.67759410e+02 2.15666305e-03
 1.67807449e+02 2.11340359e-03
 1.67855487e+02 2.07083881e-03
 1.67903526e+02 2.02896176e-03
 1.67951565e+02 1.98776545e-03
 1.67999604e+02 1.94724288e-03
 1.68047643e+02 1.90738705e-03
 1.68095682e+02 1.86819097e-03
 1.68143720e+02 1.82964765e-03
 1.68191759e+02 1.79175010e-03
 1.68239798e+02 1.75449131e-03
 1.68287837e+02 1.71786428e-03
 1.68335876e+02 1.68186191e-03
 1.68383915e+02 1.64647708e-03
 1.68431953e+02 1.61170268e-03
 1.68479992e+02 1.57753158e-03
 1.68528031e+02 1.54395668e-03
 1.68576070e+02 1.51097085e-03
 1.68624109e+02 1.47856697e-03
 1.68672148e+02 1.44673794e-03
 1.68720186e+02 1.41547664e-03
 1.68768225e+02 1.38477601e-03
 1.68816264e+02 1.35462904e-03
 1.68864303e+02 1.32502870e-03
 1.68912342e+02 1.29596796e-03
 1.68960381e+02 1.26743980e-03
 1.69008419e+02 1.23943719e-03
 1.69056458e+02 1.21195310e-03
 1.69104497e+02 1.18498052e-03
 1.69152536e+02 1.15851243e-03
 1.69200575e+02 1.13254194e-03
 1.69248614e+02 1.10706229e-03
 1.69296652e+02 1.08206671e-03
 1.69344691e+02 1.05754845e-03
 1.69392730e+02 1.03350075e-03
 1.69440769e+02 1.00991683e-03
 1.69488808e+02 9.86789939e-04
 1.69536847e+02 9.64113315e-04
 1.69584886e+02 9.41880196e-04
 1.69632924e+02 9.20083974e-04
 1.69680963e+02 8.98718259e-04
 1.69729002e+02 8.77776681e-04
 1.69777041e+02 8.57252868e-04
 1.69825080e+02 8.37140451e-04
 1.69873119e+02 8.17433057e-04
 1.69921157e+02 7.98124316e-04
 1.69969196e+02 7.79207858e-04
 1.70017235e+02 7.60677311e-04
 1.70065274e+02 7.42526422e-04
 1.70113313e+02 7.24749248e-04
 1.70161352e+02 7.07339901e-04
 1.70209390e+02 6.90292489e-04
 1.70257429e+02 6.73601124e-04
 1.70305468e+02 6.57259915e-04
 1.70353507e+02 6.41262973e-04
 1.70401546e+02 6.25604407e-04
 1.70449585e+02 6.10278329e-04
 1.70497623e+02 5.95278917e-04
 1.70545662e+02 5.80600705e-04
 1.70593701e+02 5.66238339e-04
 1.70641740e+02 5.52186466e-04
 1.70689779e+02 5.38439732e-04
 1.70737818e+02 5.24992784e-04
 1.70785856e+02 5.11840267e-04
 1.70833895e+02 4.98976829e-04
 1.70881934e+02 4.86397115e-04
 1.70929973e+02 4.74095805e-04
 1.70978012e+02 4.62067909e-04
 1.71026051e+02 4.50308633e-04
 1.71074089e+02 4.38813186e-04
 1.71122128e+02 4.27576777e-04
 1.71170167e+02 4.16594612e-04
 1.71218206e+02 4.05861901e-04
 1.71266245e+02 3.95373852e-04
 1.71314284e+02 3.85125673e-04
 1.71362322e+02 3.75112584e-04
 1.71410361e+02 3.65330068e-04
 1.71458400e+02 3.55773885e-04
 1.71506439e+02 3.46439807e-04
 1.71554478e+02 3.37323607e-04
 1.71602517e+02 3.28421055e-04
 1.71650556e+02 3.19727925e-04
 1.71698594e+02 3.11239987e-04
 1.71746633e+02 3.02953015e-04
 1.71794672e+02 2.94862782e-04
 1.71842711e+02 2.86965241e-04
 1.71890750e+02 2.79256676e-04
 1.71938789e+02 2.71733405e-04
 1.71986827e+02 2.64391748e-04
 1.72034866e+02 2.57228023e-04
 1.72082905e+02 2.50238548e-04
 1.72130944e+02 2.43419643e-04
 1.72178983e+02 2.36767627e-04
 1.72227022e+02 2.30278817e-04
 1.72275060e+02 2.23949634e-04
 1.72323099e+02 2.17776840e-04
 1.72371138e+02 2.11757269e-04
 1.72419177e+02 2.05887757e-04
 1.72467216e+02 2.00165137e-04
 1.72515255e+02 1.94586245e-04
 1.72563293e+02 1.89147916e-04
 1.72611332e+02 1.83846984e-04
 1.72659371e+02 1.78680284e-04
 1.72707410e+02 1.73644697e-04
 1.72755449e+02 1.68737412e-04
 1.72803488e+02 1.63955737e-04
 1.72851526e+02 1.59296984e-04
 1.72899565e+02 1.54758464e-04
 1.72947604e+02 1.50337486e-04
 1.72995643e+02 1.46031362e-04
 1.73043682e+02 1.41837403e-04
 1.73091721e+02 1.37752918e-04
 1.73139759e+02 1.33775237e-04
 1.73187798e+02 1.29901923e-04
 1.73235837e+02 1.26130713e-04
 1.73283876e+02 1.22459349e-04
 1.73331915e+02 1.18885570e-04
 1.73379954e+02 1.15407119e-04
 1.73427992e+02 1.12021735e-04
 1.73476031e+02 1.08727160e-04
 1.73524070e+02 1.05521133e-04
 1.73572109e+02 1.02401401e-04
 1.73620148e+02 9.93658677e-05
 1.73668187e+02 9.64126426e-05
 1.73716226e+02 9.35398483e-05
 1.73764264e+02 9.07456075e-05
 1.73812303e+02 8.80280429e-05
 1.73860342e+02 8.53852771e-05
 1.73908381e+02 8.28154328e-05
 1.73956420e+02 8.03166327e-05
 1.74004459e+02 7.78869997e-05
 1.74052497e+02 7.55247489e-05
 1.74100536e+02 7.32283069e-05
 1.74148575e+02 7.09961300e-05
 1.74196614e+02 6.88266745e-05
 1.74244653e+02 6.67183965e-05
 1.74292692e+02 6.46697524e-05
 1.74340730e+02 6.26791984e-05
 1.74388769e+02 6.07451907e-05
 1.74436808e+02 5.88661857e-05
 1.74484847e+02 5.70406836e-05
 1.74532886e+02 5.52673760e-05
 1.74580925e+02 5.35450063e-05
 1.74628963e+02 5.18723178e-05
 1.74677002e+02 5.02480539e-05
 1.74725041e+02 4.86709579e-05
 1.74773080e+02 4.71397733e-05
 1.74821119e+02 4.56532434e-05
 1.74869158e+02 4.42101115e-05
 1.74917196e+02 4.28091387e-05
 1.74965235e+02 4.14492358e-05
 1.75013274e+02 4.01293891e-05
 1.75061313e+02 3.88485859e-05
 1.75109352e+02 3.76058131e-05
 1.75157391e+02 3.64000579e-05
 1.75205429e+02 3.52303073e-05
 1.75253468e+02 3.40955485e-05
 1.75301507e+02 3.29947685e-05
 1.75349546e+02 3.19269597e-05
 1.75397585e+02 3.08912175e-05
 1.75445624e+02 2.98867300e-05
 1.75493662e+02 2.89126884e-05
 1.75541701e+02 2.79682840e-05
 1.75589740e+02 2.70527081e-05
 1.75637779e+02 2.61651518e-05
 1.75685818e+02 2.53048067e-05
 1.75733857e+02 2.44708638e-05
 1.75781896e+02 2.36625155e-05
 1.75829934e+02 2.28790155e-05
 1.75877973e+02 2.21197156e-05
 1.75926012e+02 2.13839759e-05
 1.75974051e+02 2.06711567e-05
 1.76022090e+02 1.99806184e-05
 1.76070129e+02 1.93117213e-05
 1.76118167e+02 1.86638255e-05
 1.76166206e+02 1.80362915e-05
 1.76214245e+02 1.74284796e-05
 1.76262284e+02 1.68397812e-05
 1.76310323e+02 1.62696786e-05
 1.76358362e+02 1.57176704e-05
 1.76406400e+02 1.51832551e-05
 1.76454439e+02 1.46659312e-05
 1.76502478e+02 1.41651974e-05
 1.76550517e+02 1.36805521e-05
 1.76598556e+02 1.32114939e-05
 1.76646595e+02 1.27575214e-05
 1.76694633e+02 1.23181463e-05
 1.76742672e+02 1.18929537e-05
 1.76790711e+02 1.14815541e-05
 1.76838750e+02 1.10835578e-05
 1.76886789e+02 1.06985752e-05
 1.76934828e+02 1.03262167e-05
 1.76982866e+02 9.96609274e-06
 1.77030905e+02 9.61781372e-06
 1.77078944e+02 9.28099003e-06
 1.77126983e+02 8.95523666e-06
 1.77175022e+02 8.64022042e-06
 1.77223061e+02 8.33564071e-06
 1.77271099e+02 8.04119747e-06
 1.77319138e+02 7.75659060e-06
 1.77367177e+02 7.48152002e-06
 1.77415216e+02 7.21568567e-06
 1.77463255e+02 6.95878746e-06
 1.77511294e+02 6.71052532e-06
 1.77559332e+02 6.47060030e-06
 1.77607371e+02 6.23874563e-06
 1.77655410e+02 6.01473028e-06
 1.77703449e+02 5.79832507e-06
 1.77751488e+02 5.58930085e-06
 1.77799527e+02 5.38742844e-06
 1.77847566e+02 5.19247867e-06
 1.77895604e+02 5.00422238e-06
 1.77943643e+02 4.82243040e-06
 1.77991682e+02 4.64687369e-06
 1.78039721e+02 4.47734050e-06
 1.78087760e+02 4.31365325e-06
 1.78135799e+02 4.15563838e-06
 1.78183837e+02 4.00312235e-06
 1.78231876e+02 3.85593158e-06
 1.78279915e+02 3.71389254e-06
 1.78327954e+02 3.57683165e-06
 1.78375993e+02 3.44457536e-06
 1.78424032e+02 3.31695013e-06
 1.78472070e+02 3.19379018e-06
 1.78520109e+02 3.07495852e-06
 1.78568148e+02 2.96032479e-06
 1.78616187e+02 2.84975863e-06
 1.78664226e+02 2.74312966e-06
 1.78712265e+02 2.64030754e-06
 1.78760303e+02 2.54116188e-06
 1.78808342e+02 2.44556233e-06
 1.78856381e+02 2.35337852e-06
 1.78904420e+02 2.26448304e-06
 1.78952459e+02 2.17876956e-06
 1.79000498e+02 2.09614090e-06
 1.79048536e+02 2.01649993e-06
 1.79096575e+02 1.93974953e-06
 1.79144614e+02 1.86579255e-06
 1.79192653e+02 1.79453186e-06
 1.79240692e+02 1.72587033e-06
 1.79288731e+02 1.65971083e-06
 1.79336769e+02 1.59595711e-06
 1.79384808e+02 1.53452650e-06
 1.79432847e+02 1.47534692e-06
 1.79480886e+02 1.41834656e-06
 1.79528925e+02 1.36345363e-06
 1.79576964e+02 1.31059632e-06
 1.79625002e+02 1.25970285e-06
 1.79673041e+02 1.21070141e-06
 1.79721080e+02 1.16352020e-06
 1.79769119e+02 1.11808759e-06
 1.79817158e+02 1.07433963e-06
 1.79865197e+02 1.03222288e-06
 1.79913236e+02 9.91684700e-07
 1.79961274e+02 9.52672417e-07
 1.80009313e+02 9.15133377e-07
 1.80057352e+02 8.79014922e-07
 1.80105391e+02 8.44264394e-07
 1.80153430e+02 8.10829135e-07
 1.80201469e+02 7.78656497e-07
 1.80249507e+02 7.47697541e-07
 1.80297546e+02 7.17912540e-07
 1.80345585e+02 6.89263170e-07
 1.80393624e+02 6.61711108e-07
 1.80441663e+02 6.35218033e-07
 1.80489702e+02 6.09745621e-07
 1.80537740e+02 5.85255549e-07
 1.80585779e+02 5.61709495e-07
 1.80633818e+02 5.39069135e-07
 1.80681857e+02 5.17297649e-07
 1.80729896e+02 4.96365282e-07
 1.80777935e+02 4.76244355e-07
 1.80825973e+02 4.56907190e-07
 1.80874012e+02 4.38326108e-07
 1.80922051e+02 4.20473433e-07
 1.80970090e+02 4.03321484e-07
 1.81018129e+02 3.86842585e-07
 1.81066168e+02 3.71009056e-07
 1.81114206e+02 3.55793728e-07
 1.81162245e+02 3.41174159e-07
 1.81210284e+02 3.27130485e-07
 1.81258323e+02 3.13642863e-07
 1.81306362e+02 3.00691454e-07
 1.81354401e+02 2.88256418e-07
 1.81402439e+02 2.76317913e-07
 1.81450478e+02 2.64856101e-07
 1.81498517e+02 2.53851140e-07
 1.81546556e+02 2.43283319e-07
 1.81594595e+02 2.33135717e-07
 1.81642634e+02 2.23394108e-07
 1.81690672e+02 2.14044375e-07
 1.81738711e+02 2.05072399e-07
 1.81786750e+02 1.96464066e-07
 1.81834789e+02 1.88205256e-07
 1.81882828e+02 1.80281854e-07
 1.81930867e+02 1.72679742e-07
 1.81978906e+02 1.65384820e-07
 1.82026944e+02 1.58384428e-07
 1.82074983e+02 1.51668354e-07
 1.82123022e+02 1.45226629e-07
 1.82171061e+02 1.39049282e-07
 1.82219100e+02 1.33126344e-07
 1.82267139e+02 1.27447843e-07
 1.82315177e+02 1.22003810e-07
 1.82363216e+02 1.16784275e-07
 1.82411255e+02 1.11779267e-07
 1.82459294e+02 1.06979443e-07
 1.82507333e+02 1.02377422e-07
 1.82555372e+02 9.79662107e-08
 1.82603410e+02 9.37388134e-08
 1.82651449e+02 8.96882355e-08
 1.82699488e+02 8.58074824e-08
 1.82747527e+02 8.20895592e-08
 1.82795566e+02 7.85274712e-08
 1.82843605e+02 7.51142236e-08
 1.82891643e+02 7.18430521e-08
 1.82939682e+02 6.87085817e-08
 1.82987721e+02 6.57059550e-08
 1.83035760e+02 6.28303153e-08
 1.83083799e+02 6.00768061e-08
 1.83131838e+02 5.74405710e-08
 1.83179876e+02 5.49167533e-08
 1.83227915e+02 5.25004965e-08
 1.83275954e+02 5.01869441e-08
 1.83323993e+02 4.79713056e-08
 1.83372032e+02 4.58496093e-08
 1.83420071e+02 4.38184382e-08
 1.83468109e+02 4.18743858e-08
 1.83516148e+02 4.00140454e-08
 1.83564187e+02 3.82340105e-08
 1.83612226e+02 3.65308745e-08
 1.83660265e+02 3.49012308e-08
 1.83708304e+02 3.33416727e-08
 1.83756342e+02 3.18488107e-08
 1.83804381e+02 3.04198007e-08
 1.83852420e+02 2.90524502e-08
 1.83900459e+02 2.77446047e-08
 1.83948498e+02 2.64941096e-08
 1.83996537e+02 2.52988105e-08
 1.84044576e+02 2.41565528e-08
 1.84092614e+02 2.30651820e-08
 1.84140653e+02 2.20225436e-08
 1.84188692e+02 2.10264832e-08
 1.84236731e+02 2.00748462e-08
 1.84284770e+02 1.91654780e-08
 1.84332809e+02 1.82962243e-08
 1.84380847e+02 1.74649305e-08
 1.84428886e+02 1.66694421e-08
 1.84476925e+02 1.59076045e-08
 1.84524964e+02 1.51772633e-08
 1.84573003e+02 1.44762640e-08
 1.84621042e+02 1.38024521e-08
