 2.66990784e+02 2.36744870e-06
 2.67104537e+02 2.51331547e-06
 2.67218290e+02 2.66746303e-06
 2.67332043e+02 2.83042588e-06
 2.67445796e+02 3.00273850e-06
 2.67559549e+02 3.18493540e-06
 2.67673302e+02 3.37755107e-06
 2.67787055e+02 3.58112001e-06
 2.67900808e+02 3.79617720e-06
 2.68014561e+02 4.02330235e-06
 2.68128314e+02 4.26315537e-06
 2.68242067e+02 4.51640451e-06
 2.68355820e+02 4.78371952e-06
 2.68469573e+02 5.06582169e-06
 2.68583326e+02 5.36349610e-06
 2.68697079e+02 5.67753174e-06
 2.68810832e+02 6.00872199e-06
 2.68924585e+02 6.35793752e-06
 2.69038338e+02 6.72611540e-06
 2.69152091e+02 7.11419481e-06
 2.69265844e+02 7.52312469e-06
 2.69379597e+02 7.95395515e-06
 2.69493350e+02 8.40779624e-06
 2.69607103e+02 8.88575882e-06
 2.69720856e+02 9.38897326e-06
 2.69834609e+02 9.91869768e-06
 2.69948362e+02 1.04762417e-05
 2.70062115e+02 1.10629152e-05
 2.70175869e+02 1.16800634e-05
 2.70289622e+02 1.23291839e-05
 2.70403375e+02 1.30118150e-05
 2.70517128e+02 1.37294950e-05
 2.70630881e+02 1.44838229e-05
 2.70744634e+02 1.52765685e-05
 2.70858387e+02 1.61095318e-05
 2.70972140e+02 1.69845136e-05
 2.71085893e+02 1.79034097e-05
 2.71199646e+02 1.88682979e-05
 2.71313399e+02 1.98812762e-05
 2.71427152e+02 2.09444461e-05
 2.71540905e+02 2.20600485e-05
 2.71654658e+02 2.32305071e-05
 2.71768411e+02 2.44582580e-05
 2.71882164e+02 2.57457473e-05
 2.71995917e+02 2.70956121e-05
 2.72109670e+02 2.85106638e-05
 2.72223423e+02 2.99937203e-05
 2.72337176e+02 3.15476214e-05
 2.72450929e+02 3.31754549e-05
 2.72564682e+02 3.48804650e-05
 2.72678435e+02 3.66658982e-05
 2.72792188e+02 3.85350444e-05
 2.72905941e+02 4.04914981e-05
 2.73019694e+02 4.25389846e-05
 2.73133447e+02 4.46812300e-05
 2.73247200e+02 4.69220373e-05
 2.73360953e+02 4.92655641e-05
 2.73474706e+02 5.17160695e-05
 2.73588459e+02 5.42778125e-05
 2.73702212e+02 5.69551807e-05
 2.73815965e+02 5.97529499e-05
 2.73929718e+02 6.26759691e-05
 2.74043471e+02 6.57290883e-05
 2.74157224e+02 6.89173557e-05
 2.74270977e+02 7.22462206e-05
 2.74384730e+02 7.57211809e-05
 2.74498483e+02 7.93477409e-05
 2.74612236e+02 8.31316869e-05
 2.74725989e+02 8.70791981e-05
 2.74839742e+02 9.11964831e-05
 2.74953495e+02 9.54897676e-05
 2.75067248e+02 9.99656541e-05
 2.75181001e+02 1.04631109e-04
 2.75294754e+02 1.09493115e-04
 2.75408507e+02 1.14558690e-04
 2.75522260e+02 1.19835330e-04
 2.75636013e+02 1.25330846e-04
 2.75749766e+02 1.31053056e-04
 2.75863519e+02 1.37009851e-04
 2.75977272e+02 1.43209687e-04
 2.76091026e+02 1.49661280e-04
 2.76204779e+02 1.56373346e-04
 2.76318532e+02 1.63354729e-04
 2.76432285e+02 1.70614910e-04
 2.76546038e+02 1.78163565e-04
 2.76659791e+02 1.86010369e-04
 2.76773544e+02 1.94165205e-04
 2.76887297e+02 2.02638631e-04
 2.77001050e+02 2.11441337e-04
 2.77114803e+02 2.20584018e-04
 2.77228556e+02 2.30077679e-04
 2.77342309e+02 2.39933993e-04
 2.77456062e+02 2.50164723e-04
 2.77569815e+02 2.60781639e-04
 2.77683568e+02 2.71796938e-04
 2.77797321e+02 2.83223448e-04
 2.77911074e+02 2.95074047e-04
 2.78024827e+02 3.07361639e-04
 2.78138580e+02 3.20099670e-04
 2.78252333e+02 3.33302151e-04
 2.78366086e+02 3.46983114e-04
 2.78479839e+02 3.61156645e-04
 2.78593592e+02 3.75837484e-04
 2.78707345e+02 3.91040839e-04
 2.78821098e+02 4.06781929e-04
 2.78934851e+02 4.23076063e-04
 2.79048604e+02 4.39939295e-04
 2.79162357e+02 4.57388040e-04
 2.79276110e+02 4.75438719e-04
 2.79389863e+02 4.94107899e-04
 2.79503616e+02 5.13412942e-04
 2.79617369e+02 5.33371469e-04
 2.79731122e+02 5.54001101e-04
 2.79844875e+02 5.75319686e-04
 2.79958628e+02 5.97345864e-04
 2.80072381e+02 6.20098442e-04
 2.80186134e+02 6.43596231e-04
 2.80299887e+02 6.67858358e-04
 2.80413640e+02 6.92904682e-04
 2.80527393e+02 7.18755166e-04
 2.80641146e+02 7.45429780e-04
 2.80754899e+02 7.72948895e-04
 2.80868652e+02 8.01333518e-04
 2.80982405e+02 8.30604712e-04
 2.81096158e+02 8.60783556e-04
 2.81209911e+02 8.91891598e-04
 2.81323664e+02 9.23950896e-04
 2.81437417e+02 9.56983535e-04
 2.81551170e+02 9.91011634e-04
 2.81664923e+02 1.02605781e-03
 2.81778676e+02 1.06214505e-03
 2.81892429e+02 1.09929637e-03
 2.82006182e+02 1.13753482e-03
 2.82119936e+02 1.17688395e-03
 2.82233689e+02 1.21736754e-03
 2.82347442e+02 1.25900938e-03
 2.82461195e+02 1.30183335e-03
 2.82574948e+02 1.34586372e-03
 2.82688701e+02 1.39112492e-03
 2.82802454e+02 1.43764138e-03
 2.82916207e+02 1.48543760e-03
 2.83029960e+02 1.53453838e-03
 2.83143713e+02 1.58496859e-03
 2.83257466e+02 1.63675311e-03
 2.83371219e+02 1.68991687e-03
 2.83484972e+02 1.74448494e-03
 2.83598725e+02 1.80048242e-03
 2.83712478e+02 1.85793442e-03
 2.83826231e+02 1.91686602e-03
 2.83939984e+02 1.97730231e-03
 2.84053737e+02 2.03926838e-03
 2.84167490e+02 2.10278929e-03
 2.84281243e+02 2.16789000e-03
 2.84394996e+02 2.23459531e-03
 2.84508749e+02 2.30292999e-03
 2.84622502e+02 2.37291883e-03
 2.84736255e+02 2.44458626e-03
 2.84850008e+02 2.51795650e-03
 2.84963761e+02 2.59305372e-03
 2.85077514e+02 2.66990206e-03
 2.85191267e+02 2.74852509e-03
 2.85305020e+02 2.82894607e-03
 2.85418773e+02 2.91118826e-03
 2.85532526e+02 2.99527479e-03
 2.85646279e+02 3.08122794e-03
 2.85760032e+02 3.16906969e-03
 2.85873785e+02 3.25882201e-03
 2.85987538e+02 3.35050659e-03
 2.86101291e+02 3.44414402e-03
 2.86215044e+02 3.53975461e-03
 2.86328797e+02 3.63735868e-03
 2.86442550e+02 3.73697602e-03
 2.86556303e+02 3.83862510e-03
 2.86670056e+02 3.94232419e-03
 2.86783809e+02 4.04809151e-03
 2.86897562e+02 4.15594450e-03
 2.87011315e+02 4.26589909e-03
 2.87125068e+02 4.37797107e-03
 2.87238821e+02 4.49217620e-03
 2.87352574e+02 4.60852899e-03
 2.87466327e+02 4.72704245e-03
 2.87580080e+02 4.84772949e-03
 2.87693833e+02 4.97060293e-03
 2.87807586e+02 5.09567386e-03
 2.87921339e+02 5.22295197e-03
 2.88035092e+02 5.35244686e-03
 2.88148846e+02 5.48416794e-03
 2.88262599e+02 5.61812242e-03
 2.88376352e+02 5.75431622e-03
 2.88490105e+02 5.89275527e-03
 2.88603858e+02 6.03344505e-03
 2.88717611e+02 6.17638843e-03
 2.88831364e+02 6.32158722e-03
 2.88945117e+02 6.46904322e-03
 2.89058870e+02 6.61875753e-03
 2.89172623e+02 6.77072827e-03
 2.89286376e+02 6.92495274e-03
 2.89400129e+02 7.08142828e-03
 2.89513882e+02 7.24015106e-03
 2.89627635e+02 7.40111411e-03
 2.89741388e+02 7.56430992e-03
 2.89855141e+02 7.72973095e-03
 2.89968894e+02 7.89736801e-03
 2.90082647e+02 8.06720876e-03
 2.90196400e+02 8.23924054e-03
 2.90310153e+02 8.41345061e-03
 2.90423906e+02 8.58982397e-03
 2.90537659e+02 8.76834273e-03
 2.90651412e+02 8.94898877e-03
 2.90765165e+02 9.13174383e-03
 2.90878918e+02 9.31658681e-03
 2.90992671e+02 9.50349403e-03
 2.91106424e+02 9.69244174e-03
 2.91220177e+02 9.88340586e-03
 2.91333930e+02 1.00763589e-02
 2.91447683e+02 1.02712714e-02
 2.91561436e+02 1.04681137e-02
 2.91675189e+02 1.06668557e-02
 2.91788942e+02 1.08674634e-02
 2.91902695e+02 1.10699014e-02
 2.92016448e+02 1.12741341e-02
 2.92130201e+02 1.14801251e-02
 2.92243954e+02 1.16878341e-02
 2.92357707e+02 1.18972196e-02
 2.92471460e+02 1.21082402e-02
 2.92585213e+02 1.23208529e-02
 2.92698966e+02 1.25350112e-02
 2.92812719e+02 1.27506676e-02
 2.92926472e+02 1.29677747e-02
 2.93040225e+02 1.31862833e-02
 2.93153978e+02 1.34061407e-02
 2.93267731e+02 1.36272936e-02
 2.93381484e+02 1.38496888e-02
 2.93495237e+02 1.40732707e-02
 2.93608990e+02 1.42979808e-02
 2.93722743e+02 1.45237604e-02
 2.93836496e+02 1.47505503e-02
 2.93950249e+02 1.49782893e-02
 2.94064003e+02 1.52069131e-02
 2.94177756e+02 1.54363577e-02
 2.94291509e+02 1.56665588e-02
 2.94405262e+02 1.58974491e-02
 2.94519015e+02 1.61289596e-02
 2.94632768e+02 1.63610214e-02
 2.94746521e+02 1.65935649e-02
 2.94860274e+02 1.68265178e-02
 2.94974027e+02 1.70598066e-02
 2.95087780e+02 1.72933579e-02
 2.95201533e+02 1.75270973e-02
 2.95315286e+02 1.77609483e-02
 2.95429039e+02 1.79948334e-02
 2.95542792e+02 1.82286749e-02
 2.95656545e+02 1.84623947e-02
 2.95770298e+02 1.86959123e-02
 2.95884051e+02 1.89291470e-02
 2.95997804e+02 1.91620177e-02
 2.96111557e+02 1.93944429e-02
 2.96225310e+02 1.96263391e-02
 2.96339063e+02 1.98576229e-02
 2.96452816e+02 2.00882106e-02
 2.96566569e+02 2.03180180e-02
 2.96680322e+02 2.05469595e-02
 2.96794075e+02 2.07749498e-02
 2.96907828e+02 2.10019033e-02
 2.97021581e+02 2.12277338e-02
 2.97135334e+02 2.14523548e-02
 2.97249087e+02 2.16756796e-02
 2.97362840e+02 2.18976215e-02
 2.97476593e+02 2.21180937e-02
 2.97590346e+02 2.23370091e-02
 2.97704099e+02 2.25542807e-02
 2.97817852e+02 2.27698217e-02
 2.97931605e+02 2.29835453e-02
 2.98045358e+02 2.31953651e-02
 2.98159111e+02 2.34051946e-02
 2.98272864e+02 2.36129477e-02
 2.98386617e+02 2.38185388e-02
 2.98500370e+02 2.40218829e-02
 2.98614123e+02 2.42228950e-02
 2.98727876e+02 2.44214906e-02
 2.98841629e+02 2.46175864e-02
 2.98955382e+02 2.48110998e-02
 2.99069135e+02 2.50019479e-02
 2.99182888e+02 2.51900490e-02
 2.99296641e+02 2.53753232e-02
 2.99410394e+02 2.55576908e-02
 2.99524147e+02 2.57370724e-02
 2.99637900e+02 2.59133899e-02
 2.99751653e+02 2.60865675e-02
 2.99865406e+02 2.62565298e-02
 2.99979159e+02 2.64232011e-02
 3.00092913e+02 2.65865085e-02
 3.00206666e+02 2.67463810e-02
 3.00320419e+02 2.69027479e-02
 3.00434172e+02 2.70555390e-02
 3.00547925e+02 2.72046866e-02
 3.00661678e+02 2.73501259e-02
 3.00775431e+02 2.74917917e-02
 3.00889184e+02 2.76296195e-02
 3.01002937e+02 2.77635486e-02
 3.01116690e+02 2.78935204e-02
 3.01230443e+02 2.80194761e-02
 3.01344196e+02 2.81413581e-02
 3.01457949e+02 2.82591130e-02
 3.01571702e+02 2.83726893e-02
 3.01685455e+02 2.84820352e-02
 3.01799208e+02 2.85871007e-02
 3.01912961e+02 2.86878405e-02
 3.02026714e+02 2.87842105e-02
 3.02140467e+02 2.88761669e-02
 3.02254220e+02 2.89636676e-02
 3.02367973e+02 2.90466760e-02
 3.02481726e+02 2.91251562e-02
 3.02595479e+02 2.91990722e-02
 3.02709232e+02 2.92683912e-02
 3.02822985e+02 2.93330853e-02
 3.02936738e+02 2.93931269e-02
 3.03050491e+02 2.94484889e-02
 3.03164244e+02 2.94991477e-02
 3.03277997e+02 2.95450845e-02
 3.03391750e+02 2.95862805e-02
 3.03505503e+02 2.96227174e-02
 3.03619256e+02 2.96543815e-02
 3.03733009e+02 2.96812630e-02
 3.03846762e+02 2.97033522e-02
 3.03960515e+02 2.97206399e-02
 3.04074268e+02 2.97331223e-02
 3.04188021e+02 2.97407988e-02
 3.04301774e+02 2.97436685e-02
 3.04415527e+02 2.97417318e-02
 3.04529280e+02 2.97349948e-02
 3.04643033e+02 2.97234657e-02
 3.04756786e+02 2.97071527e-02
 3.04870539e+02 2.96860657e-02
 3.04984292e+02 2.96602203e-02
 3.05098045e+02 2.96296336e-02
 3.05211798e+02 2.95943227e-02
 3.05325551e+02 2.95543069e-02
 3.05439304e+02 2.95096110e-02
 3.05553057e+02 2.94602607e-02
 3.05666810e+02 2.94062816e-02
 3.05780563e+02 2.93477024e-02
 3.05894316e+02 2.92845565e-02
 3.06008069e+02 2.92168778e-02
 3.06121823e+02 2.91447004e-02
 3.06235576e+02 2.90680616e-02
 3.06349329e+02 2.89870031e-02
 3.06463082e+02 2.89015665e-02
 3.06576835e+02 2.88117937e-02
 3.06690588e+02 2.87177307e-02
 3.06804341e+02 2.86194262e-02
 3.06918094e+02 2.85169293e-02
 3.07031847e+02 2.84102894e-02
 3.07145600e+02 2.82995599e-02
 3.07259353e+02 2.81847965e-02
 3.07373106e+02 2.80660549e-02
 3.07486859e+02 2.79433913e-02
 3.07600612e+02 2.78168660e-02
 3.07714365e+02 2.76865407e-02
 3.07828118e+02 2.75524771e-02
 3.07941871e+02 2.74147377e-02
 3.08055624e+02 2.72733886e-02
 3.08169377e+02 2.71284969e-02
 3.08283130e+02 2.69801294e-02
 3.08396883e+02 2.68283544e-02
 3.08510636e+02 2.66732427e-02
 3.08624389e+02 2.65148659e-02
 3.08738142e+02 2.63532956e-02
 3.08851895e+02 2.61886044e-02
 3.08965648e+02 2.60208674e-02
 3.09079401e+02 2.58501598e-02
 3.09193154e+02 2.56765569e-02
 3.09306907e+02 2.55001351e-02
 3.09420660e+02 2.53209726e-02
 3.09534413e+02 2.51391474e-02
 3.09648166e+02 2.49547377e-02
 3.09761919e+02 2.47678228e-02
 3.09875672e+02 2.45784829e-02
 3.09989425e+02 2.43867983e-02
 3.10103178e+02 2.41928491e-02
 3.10216931e+02 2.39967166e-02
 3.10330684e+02 2.37984820e-02
 3.10444437e+02 2.35982270e-02
 3.10558190e+02 2.33960330e-02
 3.10671943e+02 2.31919819e-02
 3.10785696e+02 2.29861556e-02
 3.10899449e+02 2.27786361e-02
 3.11013202e+02 2.25695053e-02
 3.11126955e+02 2.23588449e-02
 3.11240708e+02 2.21467365e-02
 3.11354461e+02 2.19332618e-02
 3.11468214e+02 2.17185021e-02
 3.11581967e+02 2.15025382e-02
 3.11695720e+02 2.12854507e-02
 3.11809473e+02 2.10673201e-02
 3.11923226e+02 2.08482264e-02
 3.12036979e+02 2.06282487e-02
 3.12150733e+02 2.04074658e-02
 3.12264486e+02 2.01859564e-02
 3.12378239e+02 1.99637984e-02
 3.12491992e+02 1.97410684e-02
 3.12605745e+02 1.95178428e-02
 3.12719498e+02 1.92941980e-02
 3.12833251e+02 1.90702088e-02
 3.12947004e+02 1.88459488e-02
 3.13060757e+02 1.86214914e-02
 3.13174510e+02 1.83969100e-02
 3.13288263e+02 1.81722759e-02
 3.13402016e+02 1.79476589e-02
 3.13515769e+02 1.77231292e-02
 3.13629522e+02 1.74987563e-02
 3.13743275e+02 1.72746073e-02
 3.13857028e+02 1.70507483e-02
 3.13970781e+02 1.68272454e-02
 3.14084534e+02 1.66041638e-02
 3.14198287e+02 1.63815662e-02
 3.14312040e+02 1.61595142e-02
 3.14425793e+02 1.59380695e-02
 3.14539546e+02 1.57172929e-02
 3.14653299e+02 1.54972419e-02
 3.14767052e+02 1.52779736e-02
 3.14880805e+02 1.50595450e-02
 3.14994558e+02 1.48420118e-02
 3.15108311e+02 1.46254264e-02
 3.15222064e+02 1.44098409e-02
 3.15335817e+02 1.41953076e-02
 3.15449570e+02 1.39818765e-02
 3.15563323e+02 1.37695949e-02
 3.15677076e+02 1.35585100e-02
 3.15790829e+02 1.33486686e-02
 3.15904582e+02 1.31401155e-02
 3.16018335e+02 1.29328924e-02
 3.16132088e+02 1.27270415e-02
 3.16245841e+02 1.25226043e-02
 3.16359594e+02 1.23196197e-02
 3.16473347e+02 1.21181244e-02
 3.16587100e+02 1.19181552e-02
 3.16700853e+02 1.17197484e-02
 3.16814606e+02 1.15229369e-02
 3.16928359e+02 1.13277525e-02
 3.17042112e+02 1.11342267e-02
 3.17155865e+02 1.09423902e-02
 3.17269618e+02 1.07522707e-02
 3.17383371e+02 1.05638946e-02
 3.17497124e+02 1.03772883e-02
 3.17610877e+02 1.01924772e-02
 3.17724630e+02 1.00094836e-02
 3.17838383e+02 9.82832889e-03
 3.17952136e+02 9.64903452e-03
 3.18065890e+02 9.47162060e-03
 3.18179643e+02 9.29610423e-03
 3.18293396e+02 9.12250206e-03
 3.18407149e+02 8.95083072e-03
 3.18520902e+02 8.78110515e-03
 3.18634655e+02 8.61333766e-03
 3.18748408e+02 8.44754031e-03
 3.18862161e+02 8.28372511e-03
 3.18975914e+02 8.12190206e-03
 3.19089667e+02 7.96207899e-03
 3.19203420e+02 7.80426366e-03
 3.19317173e+02 7.64846365e-03
 3.19430926e+02 7.49468432e-03
 3.19544679e+02 7.34292940e-03
 3.19658432e+02 7.19320257e-03
 3.19772185e+02 7.04550725e-03
 3.19885938e+02 6.89984454e-03
 3.19999691e+02 6.75621437e-03
 3.20113444e+02 6.61461667e-03
 3.20227197e+02 6.47505095e-03
 3.20340950e+02 6.33751446e-03
 3.20454703e+02 6.20200368e-03
 3.20568456e+02 6.06851509e-03
 3.20682209e+02 5.93704458e-03
 3.20795962e+02 5.80758598e-03
 3.20909715e+02 5.68013265e-03
 3.21023468e+02 5.55467794e-03
 3.21137221e+02 5.43121445e-03
 3.21250974e+02 5.30973303e-03
 3.21364727e+02 5.19022422e-03
 3.21478480e+02 5.07267859e-03
 3.21592233e+02 4.95708581e-03
 3.21705986e+02 4.84343412e-03
 3.21819739e+02 4.73171161e-03
 3.21933492e+02 4.62190637e-03
 3.22047245e+02 4.51400551e-03
 3.22160998e+02 4.40799507e-03
 3.22274751e+02 4.30386100e-03
 3.22388504e+02 4.20158923e-03
 3.22502257e+02 4.10116470e-03
 3.22616010e+02 4.00257159e-03
 3.22729763e+02 3.90579406e-03
 3.22843516e+02 3.81081618e-03
 3.22957269e+02 3.71762110e-03
 3.23071022e+02 3.62619148e-03
 3.23184775e+02 3.53650999e-03
 3.23298528e+02 3.44855914e-03
 3.23412281e+02 3.36232068e-03
 3.23526034e+02 3.27777607e-03
 3.23639787e+02 3.19490674e-03
 3.23753540e+02 3.11369399e-03
 3.23867293e+02 3.03411849e-03
 3.23981046e+02 2.95616077e-03
 3.24094800e+02 2.87980134e-03
 3.24208553e+02 2.80502056e-03
 3.24322306e+02 2.73179835e-03
 3.24436059e+02 2.66011456e-03
 3.24549812e+02 2.58994905e-03
 3.24663565e+02 2.52128150e-03
 3.24777318e+02 2.45409139e-03
 3.24891071e+02 2.38835812e-03
 3.25004824e+02 2.32406113e-03
 3.25118577e+02 2.26117973e-03
 3.25232330e+02 2.19969316e-03
 3.25346083e+02 2.13958063e-03
 3.25459836e+02 2.08082136e-03
 3.25573589e+02 2.02339455e-03
 3.25687342e+02 1.96727941e-03
 3.25801095e+02 1.91245515e-03
 3.25914848e+02 1.85890098e-03
 3.26028601e+02 1.80659622e-03
 3.26142354e+02 1.75552023e-03
 3.26256107e+02 1.70565240e-03
 3.26369860e+02 1.65697213e-03
 3.26483613e+02 1.60945903e-03
 3.26597366e+02 1.56309279e-03
 3.26711119e+02 1.51785312e-03
 3.26824872e+02 1.47371979e-03
 3.26938625e+02 1.43067286e-03
 3.27052378e+02 1.38869249e-03
 3.27166131e+02 1.34775883e-03
 3.27279884e+02 1.30785218e-03
 3.27393637e+02 1.26895320e-03
 3.27507390e+02 1.23104260e-03
 3.27621143e+02 1.19410113e-03
 3.27734896e+02 1.15810973e-03
 3.27848649e+02 1.12304974e-03
 3.27962402e+02 1.08890256e-03
 3.28076155e+02 1.05564960e-03
 3.28189908e+02 1.02327256e-03
 3.28303661e+02 9.91753552e-04
 3.28417414e+02 9.61074725e-04
 3.28531167e+02 9.31218235e-04
 3.28644920e+02 9.02166649e-04
 3.28758673e+02 8.73902899e-04
 3.28872426e+02 8.46409927e-04
 3.28986179e+02 8.19670723e-04
 3.29099932e+02 7.93668770e-04
 3.29213685e+02 7.68387857e-04
 3.29327438e+02 7.43811775e-04
 3.29441191e+02 7.19924399e-04
 3.29554944e+02 6.96710166e-04
 3.29668697e+02 6.74153747e-04
 3.29782450e+02 6.52239813e-04
 3.29896203e+02 6.30953170e-04
 3.30009956e+02 6.10279221e-04
 3.30123710e+02 5.90203534e-04
 3.30237463e+02 5.70711677e-04
 3.30351216e+02 5.51789420e-04
 3.30464969e+02 5.33423127e-04
 3.30578722e+02 5.15599268e-04
 3.30692475e+02 4.98304315e-04
 3.30806228e+02 4.81525021e-04
 3.30919981e+02 4.65248691e-04
 3.31033734e+02 4.49462692e-04
 3.31147487e+02 4.34154402e-04
 3.31261240e+02 4.19311556e-04
 3.31374993e+02 4.04922373e-04
 3.31488746e+02 3.90975107e-04
 3.31602499e+02 3.77458033e-04
 3.31716252e+02 3.64359852e-04
 3.31830005e+02 3.51669669e-04
 3.31943758e+02 3.39376601e-04
 3.32057511e+02 3.27469808e-04
 3.32171264e+02 3.15938930e-04
 3.32285017e+02 3.04773920e-04
 3.32398770e+02 2.93964735e-04
 3.32512523e+02 2.83501401e-04
 3.32626276e+02 2.73374456e-04
 3.32740029e+02 2.63574664e-04
 3.32853782e+02 2.54092788e-04
 3.32967535e+02 2.44919703e-04
 3.33081288e+02 2.36046791e-04
 3.33195041e+02 2.27465590e-04
 3.33308794e+02 2.19167636e-04
 3.33422547e+02 2.11144621e-04
 3.33536300e+02 2.03388721e-04
 3.33650053e+02 1.95892204e-04
 3.33763806e+02 1.88647344e-04
 3.33877559e+02 1.81646618e-04
 3.33991312e+02 1.74882934e-04
 3.34105065e+02 1.68349257e-04
 3.34218818e+02 1.62038555e-04
 3.34332571e+02 1.55944051e-04
 3.34446324e+02 1.50059331e-04
 3.34560077e+02 1.44378013e-04
 3.34673830e+02 1.38893724e-04
 3.34787583e+02 1.33600384e-04
 3.34901336e+02 1.28492208e-04
 3.35015089e+02 1.23563420e-04
 3.35128842e+02 1.18808270e-04
 3.35242595e+02 1.14221328e-04
 3.35356348e+02 1.09797381e-04
 3.35470101e+02 1.05531223e-04
 3.35583854e+02 1.01417689e-04
 3.35697607e+02 9.74519410e-05
 3.35811360e+02 9.36292978e-05
 3.35925113e+02 8.99450781e-05
 3.36038867e+02 8.63946642e-05
 3.36152620e+02 8.29737589e-05
 3.36266373e+02 7.96781665e-05
 3.36380126e+02 7.65036916e-05
 3.36493879e+02 7.34462271e-05
 3.36607632e+02 7.05019617e-05
 3.36721385e+02 6.76671460e-05
 3.36835138e+02 6.49380309e-05
 3.36948891e+02 6.23109828e-05
 3.37062644e+02 5.97826254e-05
 3.37176397e+02 5.73496174e-05
 3.37290150e+02 5.50086199e-05
 3.37403903e+02 5.27564334e-05
 3.37517656e+02 5.05900706e-05
 3.37631409e+02 4.85065624e-05
 3.37745162e+02 4.65029459e-05
 3.37858915e+02 4.45764153e-05
 3.37972668e+02 4.27243317e-05
 3.38086421e+02 4.09440636e-05
 3.38200174e+02 3.92329921e-05
 3.38313927e+02 3.75886658e-05
 3.38427680e+02 3.60087566e-05
 3.38541433e+02 3.44909391e-05
 3.38655186e+02 3.30329081e-05
 3.38768939e+02 3.16325279e-05
 3.38882692e+02 3.02877483e-05
 3.38996445e+02 2.89965200e-05
 3.39110198e+02 2.77568232e-05
 3.39223951e+02 2.65668011e-05
 3.39337704e+02 2.54246522e-05
 3.39451457e+02 2.43285748e-05
 3.39565210e+02 2.32768086e-05
 3.39678963e+02 2.22677410e-05
 3.39792716e+02 2.12997926e-05
 3.39906469e+02 2.03713838e-05
 3.40020222e+02 1.94809885e-05
 3.40133975e+02 1.86272069e-05
 3.40247728e+02 1.78086578e-05
 3.40361481e+02 1.70239608e-05
 3.40475234e+02 1.62717989e-05
 3.40588987e+02 1.55509578e-05
 3.40702740e+02 1.48602326e-05
 3.40816493e+02 1.41984210e-05
 3.40930246e+02 1.35643913e-05
 3.41043999e+02 1.29570910e-05
 3.41157752e+02 1.23754716e-05
 3.41271505e+02 1.18184898e-05
 3.41385258e+02 1.12851765e-05
 3.41499011e+02 1.07746202e-05
 3.41612764e+02 1.02859111e-05
 3.41726517e+02 9.81814749e-06
 3.41840270e+02 9.37050156e-06
 3.41954023e+02 8.94218523e-06
 3.42067777e+02 8.53241076e-06
 3.42181530e+02 8.14040243e-06
 3.42295283e+02 7.76545454e-06
 3.42409036e+02 7.40688670e-06
 3.42522789e+02 7.06401856e-06
 3.42636542e+02 6.73618618e-06
 3.42750295e+02 6.42278838e-06
 3.42864048e+02 6.12323896e-06
 3.42977801e+02 5.83695178e-06
 3.43091554e+02 5.56336163e-06
 3.43205307e+02 5.30195636e-06
 3.43319060e+02 5.05223209e-06
 3.43432813e+02 4.81368526e-06
 3.43546566e+02 4.58583705e-06
 3.43660319e+02 4.36825117e-06
 3.43774072e+02 4.16049553e-06
 3.43887825e+02 3.96213891e-06
 3.44001578e+02 3.77277735e-06
 3.44115331e+02 3.59203931e-06
 3.44229084e+02 3.41955512e-06
 3.44342837e+02 3.25495683e-06
 3.44456590e+02 3.09790482e-06
 3.44570343e+02 2.94808287e-06
 3.44684096e+02 2.80517545e-06
 3.44797849e+02 2.66886987e-06
 3.44911602e+02 2.53888133e-06
 3.45025355e+02 2.41494096e-06
 3.45139108e+02 2.29678005e-06
 3.45252861e+02 2.18413406e-06
 3.45366614e+02 2.07676459e-06
 3.45480367e+02 1.97444329e-06
 3.45594120e+02 1.87694185e-06
 3.45707873e+02 1.78403762e-06
 3.45821626e+02 1.69553111e-06
 3.45935379e+02 1.61122877e-06
 3.46049132e+02 1.53093705e-06
 3.46162885e+02 1.45446956e-06
 3.46276638e+02 1.38165932e-06
 3.46390391e+02 1.31234261e-06
 3.46504144e+02 1.24635578e-06
 3.46617897e+02 1.18354359e-06
 3.46731650e+02 1.12376622e-06
 3.46845403e+02 1.06688547e-06
 3.46959156e+02 1.01276339e-06
 3.47072909e+02 9.61271263e-07
 3.47186662e+02 9.12291958e-07
 3.47300415e+02 8.65709094e-07
 3.47414168e+02 8.21406806e-07
 3.47527921e+02 7.79278711e-07
 3.47641674e+02 7.39226726e-07
 3.47755427e+02 7.01153051e-07
 3.47869180e+02 6.64960748e-07
 3.47982933e+02 6.30562133e-07
 3.48096687e+02 5.97875116e-07
 3.48210440e+02 5.66817685e-07
 3.48324193e+02 5.37309107e-07
 3.48437946e+02 5.09277219e-07
 3.48551699e+02 4.82653386e-07
 3.48665452e+02 4.57368986e-07
 3.48779205e+02 4.33357117e-07
 3.48892958e+02 4.10558417e-07
 3.49006711e+02 3.88915587e-07
 3.49120464e+02 3.68371329e-07
 3.49234217e+02 3.48870514e-07
 3.49347970e+02 3.30364273e-07
 3.49461723e+02 3.12804863e-07
 3.49575476e+02 2.96144563e-07
 3.49689229e+02 2.80338179e-07
 3.49802982e+02 2.65345447e-07
 3.49916735e+02 2.51126669e-07
 3.50030488e+02 2.37642212e-07
 3.50144241e+02 2.24855199e-07
 3.50257994e+02 2.12732430e-07
 3.50371747e+02 2.01240967e-07
 3.50485500e+02 1.90348009e-07
 3.50599253e+02 1.80023567e-07
 3.50713006e+02 1.70240268e-07
 3.50826759e+02 1.60970834e-07
 3.50940512e+02 1.52188226e-07
 3.51054265e+02 1.43868123e-07
 3.51168018e+02 1.35987957e-07
 3.51281771e+02 1.28525188e-07
 3.51395524e+02 1.21457622e-07
 3.51509277e+02 1.14765568e-07
 3.51623030e+02 1.08430433e-07
 3.51736783e+02 1.02433627e-07
 3.51850536e+02 9.67570294e-08
 3.51964289e+02 9.13846997e-08
 3.52078042e+02 8.63013391e-08
 3.52191795e+02 8.14916490e-08
 3.52305548e+02 7.69409138e-08
 3.52419301e+02 7.26362201e-08
 3.52533054e+02 6.85650014e-08
 3.52646807e+02 6.47146956e-08
 3.52760560e+02 6.10734194e-08
 3.52874313e+02 5.76306964e-08
 3.52988066e+02 5.43762252e-08
 3.53101819e+02 5.12997196e-08
 3.53215572e+02 4.83916280e-08
 3.53329325e+02 4.56434428e-08
 3.53443078e+02 4.30467359e-08
 3.53556831e+02 4.05931126e-08
 3.53670584e+02 3.82749244e-08
 3.53784337e+02 3.60852584e-08
 3.53898090e+02 3.40172328e-08
 3.54011844e+02 3.20640227e-08
 3.54125597e+02 3.02195206e-08
 3.54239350e+02 2.84781085e-08
 3.54353103e+02 2.68341782e-08
 3.54466856e+02 2.52822057e-08
 3.54580609e+02 2.38173215e-08
 3.54694362e+02 2.24349623e-08
 3.54808115e+02 2.11305665e-08
 3.54921868e+02 1.98996853e-08
 3.55035621e+02 1.87384379e-08
 3.55149374e+02 1.76431211e-08
 3.55263127e+02 1.66100315e-08
 3.55376880e+02 1.56356072e-08
 3.55490633e+02 1.47167515e-08
 3.55604386e+02 1.38504640e-08
 3.55718139e+02 1.30337449e-08
 3.55831892e+02 1.22637581e-08
 3.55945645e+02 1.15380288e-08
 3.56059398e+02 1.08541304e-08
 3.56173151e+02 1.02096394e-08
 3.56286904e+02 9.60230884e-09
 3.56400657e+02 9.03015795e-09
 3.56514410e+02 8.49122800e-09
 3.56628163e+02 7.98356741e-09
 3.56741916e+02 7.50540294e-09
 3.56855669e+02 7.05514771e-09
 3.56969422e+02 6.63122363e-09
 3.57083175e+02 6.23206504e-09
 3.57196928e+02 5.85627659e-09
 3.57310681e+02 5.50258643e-09
 3.57424434e+02 5.16972551e-09
 3.57538187e+02 4.85644323e-09
 3.57651940e+02 4.56164348e-09
 3.57765693e+02 4.28430704e-09
 3.57879446e+02 4.02341523e-09
 3.57993199e+02 3.77797416e-09
 3.58106952e+02 3.54712306e-09
 3.58220705e+02 3.33004574e-09
 3.58334458e+02 3.12592605e-09
 3.58448211e+02 2.93397859e-09
 3.58561964e+02 2.75352665e-09
 3.58675717e+02 2.58391752e-09
 3.58789470e+02 2.42449861e-09
 3.58903223e+02 2.27465296e-09
 3.59016976e+02 2.13384748e-09
 3.59130729e+02 2.00156112e-09
 3.59244482e+02 1.87727339e-09
 3.59358235e+02 1.76050214e-09
 3.59471988e+02 1.65082665e-09
 3.59585741e+02 1.54783173e-09
 3.59699494e+02 1.45110355e-09
 3.59813247e+02 1.36026687e-09
 3.59927000e+02 1.27498921e-09
 3.60040754e+02 1.19494033e-09
 3.60154507e+02 1.11979242e-09
 3.60268260e+02 1.04925434e-09
 3.60382013e+02 9.83063146e-10
 3.60495766e+02 9.20956622e-10
 3.60609519e+02 8.62676226e-10
 3.60723272e+02 8.07996467e-10
 3.60837025e+02 7.56709363e-10
 3.60950778e+02 7.08607092e-10
 3.61064531e+02 6.63486750e-10
 3.61178284e+02 6.21173770e-10
 3.61292037e+02 5.81503719e-10
 3.61405790e+02 5.44312174e-10
 3.61519543e+02 5.09440808e-10
 3.61633296e+02 4.76754323e-10
 3.61747049e+02 4.46122864e-10
 3.61860802e+02 4.17416594e-10
 3.61974555e+02 3.90512721e-10
 3.62088308e+02 3.65306140e-10
 3.62202061e+02 3.41694473e-10
 3.62315814e+02 3.19575439e-10
 3.62429567e+02 2.98854322e-10
 3.62543320e+02 2.79449291e-10
 3.62657073e+02 2.61279774e-10
 3.62770826e+02 2.44265438e-10
 3.62884579e+02 2.28333541e-10
 3.62998332e+02 2.13420269e-10
 3.63112085e+02 1.99462317e-10
 3.63225838e+02 1.86396823e-10
 3.63339591e+02 1.74168098e-10
 3.63453344e+02 1.62726324e-10
 3.63567097e+02 1.52021851e-10
 3.63680850e+02 1.42005693e-10
 3.63794603e+02 1.32635304e-10
 3.63908356e+02 1.23871772e-10
 3.64022109e+02 1.15676223e-10
 3.64135862e+02 1.08010674e-10
 3.64249615e+02 1.00842637e-10
 3.64363368e+02 9.41417237e-11
 3.64477121e+02 8.78775501e-11
 3.64590874e+02 8.20208316e-11
 3.64704627e+02 7.65467339e-11
 3.64818380e+02 7.14315479e-11
 3.64932133e+02 6.66515666e-11
 3.65045886e+02 6.21843541e-11
 3.65159639e+02 5.80108777e-11
 3.65273392e+02 5.41126682e-11
 3.65387145e+02 5.04712707e-11
 3.65500898e+02 4.70695931e-11
 3.65614651e+02 4.38930118e-11
 3.65728404e+02 4.09271637e-11
 3.65842157e+02 3.81577238e-11
 3.65955910e+02 3.55717310e-11
 3.66069664e+02 3.31579266e-11
 3.66183417e+02 3.09051593e-11
 3.66297170e+02 2.88023489e-11
 3.66410923e+02 2.68397009e-11
 3.66524676e+02 2.50085347e-11
 3.66638429e+02 2.33002068e-11
 3.66752182e+02 2.17061830e-11
 3.66865935e+02 2.02190772e-11
 3.66979688e+02 1.88321918e-11
 3.67093441e+02 1.75388380e-11
 3.67207194e+02 1.63324746e-11
 3.67320947e+02 1.52075357e-11
 3.67434700e+02 1.41588529e-11
 3.67548453e+02 1.31812590e-11
 3.67662206e+02 1.22697685e-11
 3.67775959e+02 1.14201830e-11
 3.67889712e+02 1.06285171e-11
 3.68003465e+02 9.89078543e-12
 3.68117218e+02 9.20321269e-12
 3.68230971e+02 8.56262339e-12
 3.68344724e+02 7.96594856e-12
 3.68458477e+02 7.41012118e-12
 3.68572230e+02 6.89229911e-12
 3.68685983e+02 6.41007362e-12
 3.68799736e+02 5.96108532e-12
 3.68913489e+02 5.54298034e-12
 3.69027242e+02 5.15362950e-12
 3.69140995e+02 4.79120131e-12
 3.69254748e+02 4.45388481e-12
 3.69368501e+02 4.13987965e-12
 3.69482254e+02 3.84759661e-12
 3.69596007e+02 3.57564066e-12
 3.69709760e+02 3.32262400e-12
 3.69823513e+02 3.08717528e-12
 3.69937266e+02 2.86811112e-12
 3.70051019e+02 2.66436778e-12
 3.70164772e+02 2.47488341e-12
 3.70278525e+02 2.29861851e-12
 3.70392278e+02 2.13469261e-12
 3.70506031e+02 1.98229431e-12
 3.70619784e+02 1.84061246e-12
 3.70733537e+02 1.70886354e-12
 3.70847290e+02 1.58639186e-12
 3.70961043e+02 1.47257878e-12
 3.71074796e+02 1.36680566e-12
 3.71188549e+02 1.26848570e-12
 3.71302302e+02 1.17712930e-12
 3.71416055e+02 1.09226536e-12
 3.71529808e+02 1.01342300e-12
 3.71643561e+02 9.40165479e-13
 3.71757314e+02 8.72126015e-13
 3.71871067e+02 8.08946426e-13
 3.71984820e+02 7.50269253e-13
 3.72098574e+02 6.95771086e-13
 3.72212327e+02 6.45176415e-13
 3.72326080e+02 5.98213327e-13
 3.72439833e+02 5.54611361e-13
 3.72553586e+02 5.14131978e-13
 3.72667339e+02 4.76567781e-13
 3.72781092e+02 4.41712672e-13
 3.72894845e+02 4.09362836e-13
 3.73008598e+02 3.79342782e-13
 3.73122351e+02 3.51496172e-13
 3.73236104e+02 3.25667032e-13
 3.73349857e+02 3.01702500e-13
 3.73463610e+02 2.79473605e-13
 3.73577363e+02 2.58862422e-13
 3.73691116e+02 2.39751090e-13
 3.73804869e+02 2.22025603e-13
 3.73918622e+02 2.05591105e-13
 3.74032375e+02 1.90358667e-13
 3.74146128e+02 1.76239363e-13
 3.74259881e+02 1.63148716e-13
 3.74373634e+02 1.51016771e-13
 3.74487387e+02 1.39776535e-13
 3.74601140e+02 1.29361041e-13
 3.74714893e+02 1.19708091e-13
 3.74828646e+02 1.10765915e-13
 3.74942399e+02 1.02484120e-13
 3.75056152e+02 9.48123996e-14
 3.75169905e+02 8.77052081e-14
 3.75283658e+02 8.11241139e-14
 3.75397411e+02 7.50312666e-14
 3.75511164e+02 6.93889978e-14
 3.75624917e+02 6.41640950e-14
 3.75738670e+02 5.93279583e-14
 3.75852423e+02 5.48522008e-14
 3.75966176e+02 5.07087278e-14
 3.76079929e+02 4.68733881e-14
 3.76193682e+02 4.33248619e-14
 3.76307435e+02 4.00418914e-14
 3.76421188e+02 3.70036206e-14
 3.76534941e+02 3.41925089e-14
 3.76648694e+02 3.15926492e-14
 3.76762447e+02 2.91881458e-14
 3.76876200e+02 2.69636017e-14
 3.76989953e+02 2.49062702e-14
 3.77103706e+02 2.30042822e-14
 3.77217459e+02 2.12457691e-14
 3.77331212e+02 1.96194368e-14
 3.77444965e+02 1.81159985e-14
 3.77558718e+02 1.67266053e-14
 3.77672471e+02 1.54424108e-14
 3.77786224e+02 1.42551857e-14
 3.77899977e+02 1.31581382e-14
 3.78013731e+02 1.21446804e-14
 3.78127484e+02 1.12082340e-14
 3.78241237e+02 1.03428371e-14
 3.78354990e+02 9.54350523e-15
 3.78468743e+02 8.80534104e-15
 3.78582496e+02 8.12346806e-15
 3.78696249e+02 7.49358587e-15
 3.78810002e+02 6.91202657e-15
 3.78923755e+02 6.37515458e-15
 3.79037508e+02 5.87936884e-15
 3.79151261e+02 5.42157697e-15
 3.79265014e+02 4.99907425e-15
 3.79378767e+02 4.60916575e-15
 3.79492520e+02 4.24920445e-15
 3.79606273e+02 3.91696990e-15
 3.79720026e+02 3.61046527e-15
 3.79833779e+02 3.32769572e-15
 3.79947532e+02 3.06672611e-15
 3.80061285e+02 2.82596148e-15
 3.80175038e+02 2.60392717e-15
 3.80288791e+02 2.39914866e-15
 3.80402544e+02 2.21022026e-15
 3.80516297e+02 2.03599347e-15
 3.80630050e+02 1.87537990e-15
 3.80743803e+02 1.72729135e-15
 3.80857556e+02 1.59071370e-15
 3.80971309e+02 1.46481675e-15
 3.81085062e+02 1.34879832e-15
 3.81198815e+02 1.24185723e-15
 3.81312568e+02 1.14326614e-15
 3.81426321e+02 1.05242234e-15
 3.81540074e+02 9.68735067e-16
 3.81653827e+02 8.91615849e-16
 3.81767580e+02 8.20545867e-16
 3.81881333e+02 7.55087464e-16
 3.81995086e+02 6.94807562e-16
 3.82108839e+02 6.39276711e-16
 3.82222592e+02 5.88124040e-16
 3.82336345e+02 5.41026063e-16
 3.82450098e+02 4.97660652e-16
 3.82563851e+02 4.57712036e-16
 3.82677604e+02 4.20925497e-16
 3.82791357e+02 3.87080368e-16
 3.82905110e+02 3.55956350e-16
 3.83018863e+02 3.27333147e-16
 3.83132616e+02 3.00990461e-16
 3.83246369e+02 2.76707994e-16
 3.83360122e+02 2.54265449e-16
