 2.68571650e+03 1.43881845e-06
 2.68645139e+03 1.49805420e-06
 2.68718628e+03 1.55958522e-06
 2.68792117e+03 1.62349184e-06
 2.68865605e+03 1.68985670e-06
 2.68939094e+03 1.75876519e-06
 2.69012583e+03 1.83030597e-06
 2.69086072e+03 1.90457132e-06
 2.69159560e+03 1.98165748e-06
 2.69233049e+03 2.06166484e-06
 2.69306538e+03 2.14469787e-06
 2.69380027e+03 2.23086509e-06
 2.69453515e+03 2.32027879e-06
 2.69527004e+03 2.41305475e-06
 2.69600493e+03 2.50931193e-06
 2.69673982e+03 2.60917227e-06
 2.69747470e+03 2.71276055e-06
 2.69820959e+03 2.82020439e-06
 2.69894448e+03 2.93163443e-06
 2.69967937e+03 3.04718462e-06
 2.70041425e+03 3.16699269e-06
 2.70114914e+03 3.29120057e-06
 2.70188403e+03 3.41995498e-06
 2.70261892e+03 3.55340783e-06
 2.70335380e+03 3.69171667e-06
 2.70408869e+03 3.83504492e-06
 2.70482358e+03 3.98356198e-06
 2.70555847e+03 4.13744325e-06
 2.70629335e+03 4.29686995e-06
 2.70702824e+03 4.46202894e-06
 2.70776313e+03 4.63311244e-06
 2.70849801e+03 4.81031778e-06
 2.70923290e+03 4.99384727e-06
 2.70996779e+03 5.18390810e-06
 2.71070268e+03 5.38071241e-06
 2.71143756e+03 5.58447749e-06
 2.71217245e+03 5.79542615e-06
 2.71290734e+03 6.01378716e-06
 2.71364223e+03 6.23979576e-06
 2.71437711e+03 6.47369425e-06
 2.71511200e+03 6.71573248e-06
 2.71584689e+03 6.96616835e-06
 2.71658178e+03 7.22526820e-06
 2.71731666e+03 7.49330700e-06
 2.71805155e+03 7.77056853e-06
 2.71878644e+03 8.05734533e-06
 2.71952133e+03 8.35393865e-06
 2.72025621e+03 8.66065824e-06
 2.72099110e+03 8.97782219e-06
 2.72172599e+03 9.30575678e-06
 2.72246088e+03 9.64479631e-06
 2.72319576e+03 9.99528316e-06
 2.72393065e+03 1.03575679e-05
 2.72466554e+03 1.07320093e-05
 2.72540043e+03 1.11189751e-05
 2.72613531e+03 1.15188421e-05
 2.72687020e+03 1.19319970e-05
 2.72760509e+03 1.23588364e-05
 2.72833998e+03 1.27997684e-05
 2.72907486e+03 1.32552120e-05
 2.72980975e+03 1.37255987e-05
 2.73054464e+03 1.42113718e-05
 2.73127953e+03 1.47129878e-05
 2.73201441e+03 1.52309157e-05
 2.73274930e+03 1.57656377e-05
 2.73348419e+03 1.63176487e-05
 2.73421907e+03 1.68874568e-05
 2.73495396e+03 1.74755825e-05
 2.73568885e+03 1.80825595e-05
 2.73642374e+03 1.87089338e-05
 2.73715862e+03 1.93552644e-05
 2.73789351e+03 2.00221228e-05
 2.73862840e+03 2.07100938e-05
 2.73936329e+03 2.14197753e-05
 2.74009817e+03 2.21517792e-05
 2.74083306e+03 2.29067314e-05
 2.74156795e+03 2.36852728e-05
 2.74230284e+03 2.44880597e-05
 2.74303772e+03 2.53157643e-05
 2.74377261e+03 2.61690755e-05
 2.74450750e+03 2.70486996e-05
 2.74524239e+03 2.79553603e-05
 2.74597727e+03 2.88897997e-05
 2.74671216e+03 2.98527782e-05
 2.74744705e+03 3.08450750e-05
 2.74818194e+03 3.18674880e-05
 2.74891682e+03 3.29208343e-05
 2.74965171e+03 3.40059500e-05
 2.75038660e+03 3.51236903e-05
 2.75112149e+03 3.62749294e-05
 2.75185637e+03 3.74605607e-05
 2.75259126e+03 3.86814971e-05
 2.75332615e+03 3.99386705e-05
 2.75406104e+03 4.12330327e-05
 2.75479592e+03 4.25655554e-05
 2.75553081e+03 4.39372305e-05
 2.75626570e+03 4.53490709e-05
 2.75700059e+03 4.68021104e-05
 2.75773547e+03 4.82974050e-05
 2.75847036e+03 4.98360330e-05
 2.75920525e+03 5.14190955e-05
 2.75994013e+03 5.30477176e-05
 2.76067502e+03 5.47230485e-05
 2.76140991e+03 5.64462622e-05
 2.76214480e+03 5.82185579e-05
 2.76287968e+03 6.00411607e-05
 2.76361457e+03 6.19153216e-05
 2.76434946e+03 6.38423182e-05
 2.76508435e+03 6.58234548e-05
 2.76581923e+03 6.78600625e-05
 2.76655412e+03 6.99534997e-05
 2.76728901e+03 7.21051517e-05
 2.76802390e+03 7.43164315e-05
 2.76875878e+03 7.65887795e-05
 2.76949367e+03 7.89236637e-05
 2.77022856e+03 8.13225799e-05
 2.77096345e+03 8.37870521e-05
 2.77169833e+03 8.63186325e-05
 2.77243322e+03 8.89189017e-05
 2.77316811e+03 9.15894695e-05
 2.77390300e+03 9.43319749e-05
 2.77463788e+03 9.71480866e-05
 2.77537277e+03 1.00039503e-04
 2.77610766e+03 1.03007955e-04
 2.77684255e+03 1.06055203e-04
 2.77757743e+03 1.09183038e-04
 2.77831232e+03 1.12393287e-04
 2.77904721e+03 1.15687807e-04
 2.77978210e+03 1.19068488e-04
 2.78051698e+03 1.22537256e-04
 2.78125187e+03 1.26096068e-04
 2.78198676e+03 1.29746919e-04
 2.78272165e+03 1.33491836e-04
 2.78345653e+03 1.37332884e-04
 2.78419142e+03 1.41272160e-04
 2.78492631e+03 1.45311800e-04
 2.78566119e+03 1.49453973e-04
 2.78639608e+03 1.53700888e-04
 2.78713097e+03 1.58054786e-04
 2.78786586e+03 1.62517947e-04
 2.78860074e+03 1.67092687e-04
 2.78933563e+03 1.71781359e-04
 2.79007052e+03 1.76586352e-04
 2.79080541e+03 1.81510093e-04
 2.79154029e+03 1.86555044e-04
 2.79227518e+03 1.91723707e-04
 2.79301007e+03 1.97018620e-04
 2.79374496e+03 2.02442359e-04
 2.79447984e+03 2.07997538e-04
 2.79521473e+03 2.13686809e-04
 2.79594962e+03 2.19512863e-04
 2.79668451e+03 2.25478427e-04
 2.79741939e+03 2.31586271e-04
 2.79815428e+03 2.37839202e-04
 2.79888917e+03 2.44240065e-04
 2.79962406e+03 2.50791748e-04
 2.80035894e+03 2.57497176e-04
 2.80109383e+03 2.64359315e-04
 2.80182872e+03 2.71381174e-04
 2.80256361e+03 2.78565798e-04
 2.80329849e+03 2.85916276e-04
 2.80403338e+03 2.93435738e-04
 2.80476827e+03 3.01127353e-04
 2.80550316e+03 3.08994333e-04
 2.80623804e+03 3.17039931e-04
 2.80697293e+03 3.25267439e-04
 2.80770782e+03 3.33680195e-04
 2.80844271e+03 3.42281573e-04
 2.80917759e+03 3.51074993e-04
 2.80991248e+03 3.60063913e-04
 2.81064737e+03 3.69251833e-04
 2.81138225e+03 3.78642296e-04
 2.81211714e+03 3.88238884e-04
 2.81285203e+03 3.98045221e-04
 2.81358692e+03 4.08064970e-04
 2.81432180e+03 4.18301837e-04
 2.81505669e+03 4.28759569e-04
 2.81579158e+03 4.39441950e-04
 2.81652647e+03 4.50352807e-04
 2.81726135e+03 4.61496007e-04
 2.81799624e+03 4.72875456e-04
 2.81873113e+03 4.84495101e-04
 2.81946602e+03 4.96358926e-04
 2.82020090e+03 5.08470958e-04
 2.82093579e+03 5.20835261e-04
 2.82167068e+03 5.33455937e-04
 2.82240557e+03 5.46337131e-04
 2.82314045e+03 5.59483021e-04
 2.82387534e+03 5.72897828e-04
 2.82461023e+03 5.86585809e-04
 2.82534512e+03 6.00551260e-04
 2.82608000e+03 6.14798512e-04
 2.82681489e+03 6.29331938e-04
 2.82754978e+03 6.44155944e-04
 2.82828467e+03 6.59274974e-04
 2.82901955e+03 6.74693510e-04
 2.82975444e+03 6.90416069e-04
 2.83048933e+03 7.06447204e-04
 2.83122422e+03 7.22791503e-04
 2.83195910e+03 7.39453591e-04
 2.83269399e+03 7.56438126e-04
 2.83342888e+03 7.73749801e-04
 2.83416377e+03 7.91393344e-04
 2.83489865e+03 8.09373516e-04
 2.83563354e+03 8.27695110e-04
 2.83636843e+03 8.46362955e-04
 2.83710331e+03 8.65381909e-04
 2.83783820e+03 8.84756864e-04
 2.83857309e+03 9.04492743e-04
 2.83930798e+03 9.24594499e-04
 2.84004286e+03 9.45067119e-04
 2.84077775e+03 9.65915616e-04
 2.84151264e+03 9.87145034e-04
 2.84224753e+03 1.00876045e-03
 2.84298241e+03 1.03076696e-03
 2.84371730e+03 1.05316970e-03
 2.84445219e+03 1.07597382e-03
 2.84518708e+03 1.09918451e-03
 2.84592196e+03 1.12280699e-03
 2.84665685e+03 1.14684648e-03
 2.84739174e+03 1.17130825e-03
 2.84812663e+03 1.19619760e-03
 2.84886151e+03 1.22151983e-03
 2.84959640e+03 1.24728028e-03
 2.85033129e+03 1.27348432e-03
 2.85106618e+03 1.30013732e-03
 2.85180106e+03 1.32724469e-03
 2.85253595e+03 1.35481186e-03
 2.85327084e+03 1.38284428e-03
 2.85400573e+03 1.41134742e-03
 2.85474061e+03 1.44032677e-03
 2.85547550e+03 1.46978785e-03
 2.85621039e+03 1.49973619e-03
 2.85694528e+03 1.53017733e-03
 2.85768016e+03 1.56111684e-03
 2.85841505e+03 1.59256032e-03
 2.85914994e+03 1.62451336e-03
 2.85988483e+03 1.65698159e-03
 2.86061971e+03 1.68997065e-03
 2.86135460e+03 1.72348619e-03
 2.86208949e+03 1.75753387e-03
 2.86282437e+03 1.79211938e-03
 2.86355926e+03 1.82724843e-03
 2.86429415e+03 1.86292671e-03
 2.86502904e+03 1.89915996e-03
 2.86576392e+03 1.93595391e-03
 2.86649881e+03 1.97331430e-03
 2.86723370e+03 2.01124690e-03
 2.86796859e+03 2.04975747e-03
 2.86870347e+03 2.08885178e-03
 2.86943836e+03 2.12853563e-03
 2.87017325e+03 2.16881478e-03
 2.87090814e+03 2.20969504e-03
 2.87164302e+03 2.25118221e-03
 2.87237791e+03 2.29328207e-03
 2.87311280e+03 2.33600044e-03
 2.87384769e+03 2.37934309e-03
 2.87458257e+03 2.42331584e-03
 2.87531746e+03 2.46792445e-03
 2.87605235e+03 2.51317471e-03
 2.87678724e+03 2.55907238e-03
 2.87752212e+03 2.60562320e-03
 2.87825701e+03 2.65283292e-03
 2.87899190e+03 2.70070723e-03
 2.87972679e+03 2.74925182e-03
 2.88046167e+03 2.79847234e-03
 2.88119656e+03 2.84837440e-03
 2.88193145e+03 2.89896358e-03
 2.88266634e+03 2.95024540e-03
 2.88340122e+03 3.00222532e-03
 2.88413611e+03 3.05490875e-03
 2.88487100e+03 3.10830104e-03
 2.88560589e+03 3.16240743e-03
 2.88634077e+03 3.21723310e-03
 2.88707566e+03 3.27278311e-03
 2.88781055e+03 3.32906243e-03
 2.88854543e+03 3.38607590e-03
 2.88928032e+03 3.44382820e-03
 2.89001521e+03 3.50232390e-03
 2.89075010e+03 3.56156738e-03
 2.89148498e+03 3.62156283e-03
 2.89221987e+03 3.68231427e-03
 2.89295476e+03 3.74382548e-03
 2.89368965e+03 3.80609999e-03
 2.89442453e+03 3.86914108e-03
 2.89515942e+03 3.93295175e-03
 2.89589431e+03 3.99753469e-03
 2.89662920e+03 4.06289223e-03
 2.89736408e+03 4.12902635e-03
 2.89809897e+03 4.19593864e-03
 2.89883386e+03 4.26363026e-03
 2.89956875e+03 4.33210190e-03
 2.90030363e+03 4.40135376e-03
 2.90103852e+03 4.47138551e-03
 2.90177341e+03 4.54219625e-03
 2.90250830e+03 4.61378448e-03
 2.90324318e+03 4.68614804e-03
 2.90397807e+03 4.75928407e-03
 2.90471296e+03 4.83318901e-03
 2.90544785e+03 4.90785848e-03
 2.90618273e+03 4.98328730e-03
 2.90691762e+03 5.05946942e-03
 2.90765251e+03 5.13639786e-03
 2.90838740e+03 5.21406470e-03
 2.90912228e+03 5.29246099e-03
 2.90985717e+03 5.37157673e-03
 2.91059206e+03 5.45140084e-03
 2.91132695e+03 5.53192109e-03
 2.91206183e+03 5.61312407e-03
 2.91279672e+03 5.69499514e-03
 2.91353161e+03 5.77751843e-03
 2.91426649e+03 5.86067678e-03
 2.91500138e+03 5.94445171e-03
 2.91573627e+03 6.02882341e-03
 2.91647116e+03 6.11377073e-03
 2.91720604e+03 6.19927116e-03
 2.91794093e+03 6.28530086e-03
 2.91867582e+03 6.37183461e-03
 2.91941071e+03 6.45884587e-03
 2.92014559e+03 6.54630681e-03
 2.92088048e+03 6.63418833e-03
 2.92161537e+03 6.72246013e-03
 2.92235026e+03 6.81109074e-03
 2.92308514e+03 6.90004764e-03
 2.92382003e+03 6.98929732e-03
 2.92455492e+03 7.07880541e-03
 2.92528981e+03 7.16853679e-03
 2.92602469e+03 7.25845572e-03
 2.92675958e+03 7.34852600e-03
 2.92749447e+03 7.43871116e-03
 2.92822936e+03 7.52897462e-03
 2.92896424e+03 7.61927989e-03
 2.92969913e+03 7.70959081e-03
 2.93043402e+03 7.79987178e-03
 2.93116891e+03 7.89008798e-03
 2.93190379e+03 7.98020562e-03
 2.93263868e+03 8.07019226e-03
 2.93337357e+03 8.16001702e-03
 2.93410846e+03 8.24965088e-03
 2.93484334e+03 8.33906697e-03
 2.93557823e+03 8.42824084e-03
 2.93631312e+03 8.51715071e-03
 2.93704801e+03 8.60577774e-03
 2.93778289e+03 8.69410632e-03
 2.93851778e+03 8.78212423e-03
 2.93925267e+03 8.86982288e-03
 2.93998755e+03 8.95719749e-03
 2.94072244e+03 9.04424720e-03
 2.94145733e+03 9.13097519e-03
 2.94219222e+03 9.21738875e-03
 2.94292710e+03 9.30349922e-03
 2.94366199e+03 9.38932199e-03
 2.94439688e+03 9.47487634e-03
 2.94513177e+03 9.56018529e-03
 2.94586665e+03 9.64527530e-03
 2.94660154e+03 9.73017599e-03
 2.94733643e+03 9.81491966e-03
 2.94807132e+03 9.89954087e-03
 2.94880620e+03 9.98407586e-03
 2.94954109e+03 1.00685619e-02
 2.95027598e+03 1.01530365e-02
 2.95101087e+03 1.02375369e-02
 2.95174575e+03 1.03220988e-02
 2.95248064e+03 1.04067559e-02
 2.95321553e+03 1.04915386e-02
 2.95395042e+03 1.05764734e-02
 2.95468530e+03 1.06615815e-02
 2.95542019e+03 1.07468780e-02
 2.95615508e+03 1.08323711e-02
 2.95688997e+03 1.09180611e-02
 2.95762485e+03 1.10039390e-02
 2.95835974e+03 1.10899866e-02
 2.95909463e+03 1.11761750e-02
 2.95982952e+03 1.12624646e-02
 2.96056440e+03 1.13488041e-02
 2.96129929e+03 1.14351307e-02
 2.96203418e+03 1.15213699e-02
 2.96276907e+03 1.16074353e-02
 2.96350395e+03 1.16932295e-02
 2.96423884e+03 1.17786440e-02
 2.96497373e+03 1.18635605e-02
 2.96570861e+03 1.19478516e-02
 2.96644350e+03 1.20313821e-02
 2.96717839e+03 1.21140106e-02
 2.96791328e+03 1.21955913e-02
 2.96864816e+03 1.22759752e-02
 2.96938305e+03 1.23550130e-02
 2.97011794e+03 1.24325565e-02
 2.97085283e+03 1.25084613e-02
 2.97158771e+03 1.25825887e-02
 2.97232260e+03 1.26548083e-02
 2.97305749e+03 1.27249996e-02
 2.97379238e+03 1.27930547e-02
 2.97452726e+03 1.28588795e-02
 2.97526215e+03 1.29223955e-02
 2.97599704e+03 1.29835410e-02
 2.97673193e+03 1.30422722e-02
 2.97746681e+03 1.30985630e-02
 2.97820170e+03 1.31524056e-02
 2.97893659e+03 1.32038096e-02
 2.97967148e+03 1.32528012e-02
 2.98040636e+03 1.32994211e-02
 2.98114125e+03 1.33437229e-02
 2.98187614e+03 1.33857704e-02
 2.98261103e+03 1.34256343e-02
 2.98334591e+03 1.34633890e-02
 2.98408080e+03 1.34991085e-02
 2.98481569e+03 1.35328631e-02
 2.98555058e+03 1.35647143e-02
 2.98628546e+03 1.35947117e-02
 2.98702035e+03 1.36228884e-02
 2.98775524e+03 1.36492576e-02
 2.98849013e+03 1.36738092e-02
 2.98922501e+03 1.36965072e-02
 2.98995990e+03 1.37172875e-02
 2.99069479e+03 1.37360568e-02
 2.99142967e+03 1.37526917e-02
 2.99216456e+03 1.37670401e-02
 2.99289945e+03 1.37789215e-02
 2.99363434e+03 1.37881306e-02
 2.99436922e+03 1.37944398e-02
 2.99510411e+03 1.37976041e-02
 2.99583900e+03 1.37973657e-02
 2.99657389e+03 1.37934599e-02
 2.99730877e+03 1.37856211e-02
 2.99804366e+03 1.37735893e-02
 2.99877855e+03 1.37571165e-02
 2.99951344e+03 1.37359725e-02
 3.00024832e+03 1.37099512e-02
 3.00098321e+03 1.36788750e-02
 3.00171810e+03 1.36425991e-02
 3.00245299e+03 1.36010145e-02
 3.00318787e+03 1.35540491e-02
 3.00392276e+03 1.35016681e-02
 3.00465765e+03 1.34438726e-02
 3.00539254e+03 1.33806964e-02
 3.00612742e+03 1.33122018e-02
 3.00686231e+03 1.32384739e-02
 3.00759720e+03 1.31596137e-02
 3.00833209e+03 1.30757306e-02
 3.00906697e+03 1.29869339e-02
 3.00980186e+03 1.28933247e-02
 3.01053675e+03 1.27949880e-02
 3.01127164e+03 1.26919849e-02
 3.01200652e+03 1.25843465e-02
 3.01274141e+03 1.24720688e-02
 3.01347630e+03 1.23551093e-02
 3.01421119e+03 1.22333863e-02
 3.01494607e+03 1.21067790e-02
 3.01568096e+03 1.19751313e-02
 3.01641585e+03 1.18382567e-02
 3.01715073e+03 1.16959454e-02
 3.01788562e+03 1.15479736e-02
 3.01862051e+03 1.13941135e-02
 3.01935540e+03 1.12341443e-02
 3.02009028e+03 1.10678644e-02
 3.02082517e+03 1.08951016e-02
 3.02156006e+03 1.07157243e-02
 3.02229495e+03 1.05296500e-02
 3.02302983e+03 1.03368527e-02
 3.02376472e+03 1.01373677e-02
 3.02449961e+03 9.93129349e-03
 3.02523450e+03 9.71879131e-03
 3.02596938e+03 9.50008189e-03
 3.02670427e+03 9.27543944e-03
 3.02743916e+03 9.04518356e-03
 3.02817405e+03 8.80966926e-03
 3.02890893e+03 8.56927602e-03
 3.02964382e+03 8.32439634e-03
 3.03037871e+03 8.07542462e-03
 3.03111360e+03 7.82274729e-03
 3.03184848e+03 7.56673453e-03
 3.03258337e+03 7.30773469e-03
 3.03331826e+03 7.04607140e-03
 3.03405315e+03 6.78204393e-03
 3.03478803e+03 6.51593089e-03
 3.03552292e+03 6.24799679e-03
 3.03625781e+03 5.97850153e-03
 3.03699270e+03 5.70771184e-03
 3.03772758e+03 5.43591405e-03
 3.03846247e+03 5.16342741e-03
 3.03919736e+03 4.89061678e-03
 3.03993225e+03 4.61790387e-03
 3.04066713e+03 4.34577633e-03
 3.04140202e+03 4.07479355e-03
 3.04213691e+03 3.80558904e-03
 3.04287179e+03 3.53886921e-03
 3.04360668e+03 3.27540805e-03
 3.04434157e+03 3.01603858e-03
 3.04507646e+03 2.76164156e-03
 3.04581134e+03 2.51313200e-03
 3.04654623e+03 2.27144478e-03
 3.04728112e+03 2.03752029e-03
 3.04801601e+03 1.81229125e-03
 3.04875089e+03 1.59667163e-03
 3.04948578e+03 1.39154837e-03
 3.05022067e+03 1.19777655e-03
 3.05095556e+03 1.01617818e-03
 3.05169044e+03 8.47544158e-04
 3.05242533e+03 6.92639306e-04
 3.05316022e+03 5.52209279e-04
 3.05389511e+03 4.26988402e-04
 3.05462999e+03 3.17707266e-04
 3.05536488e+03 2.25098704e-04
 3.05609977e+03 1.49901101e-04
 3.05683466e+03 9.28580518e-05
 3.05756954e+03 5.47137925e-05
 3.05830443e+03 3.62042339e-05
 3.05903932e+03 3.80437859e-05
 3.05977421e+03 6.09088923e-05
 3.06050909e+03 1.05419089e-04
 3.06124398e+03 1.72117165e-04
 3.06197887e+03 2.61450278e-04
 3.06271376e+03 3.73752931e-04
 3.06344864e+03 5.09233766e-04
 3.06418353e+03 6.67967448e-04
 3.06491842e+03 8.49891399e-04
 3.06565331e+03 1.05480816e-03
 3.06638819e+03 1.28239293e-03
 3.06712308e+03 1.53220441e-03
 3.06785797e+03 1.80369790e-03
 3.06859285e+03 2.09623900e-03
 3.06932774e+03 2.40911515e-03
 3.07006263e+03 2.74154364e-03
 3.07079752e+03 3.09267479e-03
 3.07153240e+03 3.46158880e-03
 3.07226729e+03 3.84728642e-03
 3.07300218e+03 4.24867445e-03
 3.07373707e+03 4.66454704e-03
 3.07447195e+03 5.09356492e-03
 3.07520684e+03 5.53423622e-03
 3.07594173e+03 5.98490083e-03
 3.07667662e+03 6.44372112e-03
 3.07741150e+03 6.90868263e-03
 3.07814639e+03 7.37760486e-03
 3.07888128e+03 7.84816317e-03
 3.07961617e+03 8.31792201e-03
 3.08035105e+03 8.78437622e-03
 3.08108594e+03 9.24499857e-03
 3.08182083e+03 9.69728940e-03
 3.08255572e+03 1.01388241e-02
 3.08329060e+03 1.05672948e-02
 3.08402549e+03 1.09805427e-02
 3.08476038e+03 1.13765773e-02
 3.08549527e+03 1.17535844e-02
 3.08623015e+03 1.21099195e-02
 3.08696504e+03 1.24440918e-02
 3.08769993e+03 1.27547419e-02
 3.08843482e+03 1.30406153e-02
 3.08916970e+03 1.33005406e-02
 3.08990459e+03 1.35334151e-02
 3.09063948e+03 1.37382016e-02
 3.09137437e+03 1.39139410e-02
 3.09210925e+03 1.40597796e-02
 3.09284414e+03 1.41750111e-02
 3.09357903e+03 1.42591280e-02
 3.09431391e+03 1.43118796e-02
 3.09504880e+03 1.43333277e-02
 3.09578369e+03 1.43238932e-02
 3.09651858e+03 1.42843886e-02
 3.09725346e+03 1.42160303e-02
 3.09798835e+03 1.41204254e-02
 3.09872324e+03 1.39995376e-02
 3.09945813e+03 1.38556298e-02
 3.10019301e+03 1.36911907e-02
 3.10092790e+03 1.35088527e-02
 3.10166279e+03 1.33113095e-02
 3.10239768e+03 1.31012408e-02
 3.10313256e+03 1.28812528e-02
 3.10386745e+03 1.26538388e-02
 3.10460234e+03 1.24213636e-02
 3.10533723e+03 1.21860680e-02
 3.10607211e+03 1.19500919e-02
 3.10680700e+03 1.17155063e-02
 3.10754189e+03 1.14843476e-02
 3.10827678e+03 1.12586428e-02
 3.10901166e+03 1.10404185e-02
 3.10974655e+03 1.08316882e-02
 3.11048144e+03 1.06344144e-02
 3.11121633e+03 1.04504485e-02
 3.11195121e+03 1.02814531e-02
 3.11268610e+03 1.01288162e-02
 3.11342099e+03 9.99356925e-03
 3.11415588e+03 9.87631892e-03
 3.11489076e+03 9.77720346e-03
 3.11562565e+03 9.69588271e-03
 3.11636054e+03 9.63156237e-03
 3.11709543e+03 9.58305071e-03
 3.11783031e+03 9.54884404e-03
 3.11856520e+03 9.52722683e-03
 3.11930009e+03 9.51637556e-03
 3.12003497e+03 9.51445326e-03
 3.12076986e+03 9.51968225e-03
 3.12150475e+03 9.53038884e-03
 3.12223964e+03 9.54501598e-03
 3.12297452e+03 9.56210754e-03
 3.12370941e+03 9.58027227e-03
 3.12444430e+03 9.59813835e-03
 3.12517919e+03 9.61431300e-03
 3.12591407e+03 9.62735904e-03
 3.12664896e+03 9.63579869e-03
 3.12738385e+03 9.63814876e-03
 3.12811874e+03 9.63298600e-03
 3.12885362e+03 9.61903525e-03
 3.12958851e+03 9.59526647e-03
 3.13032340e+03 9.56098713e-03
 3.13105829e+03 9.51591241e-03
 3.13179317e+03 9.46019941e-03
 3.13252806e+03 9.39444029e-03
 3.13326295e+03 9.31960978e-03
 3.13399784e+03 9.23697442e-03
 3.13473272e+03 9.14797756e-03
 3.13546761e+03 9.05411451e-03
 3.13620250e+03 8.95681859e-03
 3.13693739e+03 8.85737323e-03
 3.13767227e+03 8.75686187e-03
 3.13840716e+03 8.65616100e-03
 3.13914205e+03 8.55597078e-03
 3.13987694e+03 8.45687368e-03
 3.14061182e+03 8.35940415e-03
 3.14134671e+03 8.26411063e-03
 3.14208160e+03 8.17159405e-03
 3.14281649e+03 8.08251054e-03
 3.14355137e+03 7.99753555e-03
 3.14428626e+03 7.91729374e-03
 3.14502115e+03 7.84226845e-03
 3.14575603e+03 7.77270916e-03
 3.14649092e+03 7.70855625e-03
 3.14722581e+03 7.64940358e-03
 3.14796070e+03 7.59450781e-03
 3.14869558e+03 7.54284780e-03
 3.14943047e+03 7.49322824e-03
 3.15016536e+03 7.44440849e-03
 3.15090025e+03 7.39523715e-03
 3.15163513e+03 7.34476723e-03
 3.15237002e+03 7.29233235e-03
 3.15310491e+03 7.23757312e-03
 3.15383980e+03 7.18040866e-03
 3.15457468e+03 7.12096494e-03
 3.15530957e+03 7.05947687e-03
 3.15604446e+03 6.99618646e-03
 3.15677935e+03 6.93126206e-03
 3.15751423e+03 6.86475521e-03
 3.15824912e+03 6.79660569e-03
 3.15898401e+03 6.72669141e-03
 3.15971890e+03 6.65491001e-03
 3.16045378e+03 6.58127121e-03
 3.16118867e+03 6.50597395e-03
 3.16192356e+03 6.42944849e-03
 3.16265845e+03 6.35234674e-03
 3.16339333e+03 6.27548013e-03
 3.16412822e+03 6.19971479e-03
 3.16486311e+03 6.12584380e-03
 3.16559800e+03 6.05446513e-03
 3.16633288e+03 5.98589010e-03
 3.16706777e+03 5.92010435e-03
 3.16780266e+03 5.85679082e-03
 3.16853755e+03 5.79540783e-03
 3.16927243e+03 5.73530775e-03
 3.17000732e+03 5.67586718e-03
 3.17074221e+03 5.61660043e-03
 3.17147709e+03 5.55723111e-03
 3.17221198e+03 5.49770568e-03
 3.17294687e+03 5.43815052e-03
 3.17368176e+03 5.37878387e-03
 3.17441664e+03 5.31980858e-03
 3.17515153e+03 5.26131517e-03
 3.17588642e+03 5.20322105e-03
 3.17662131e+03 5.14526498e-03
 3.17735619e+03 5.08705750e-03
 3.17809108e+03 5.02817688e-03
 3.17882597e+03 4.96828462e-03
 3.17956086e+03 4.90722986e-03
 3.18029574e+03 4.84511484e-03
 3.18103063e+03 4.78229967e-03
 3.18176552e+03 4.71934506e-03
 3.18250041e+03 4.65690341e-03
 3.18323529e+03 4.59558473e-03
 3.18397018e+03 4.53583148e-03
 3.18470507e+03 4.47783205e-03
 3.18543996e+03 4.42149744e-03
 3.18617484e+03 4.36650421e-03
 3.18690973e+03 4.31239294e-03
 3.18764462e+03 4.25869618e-03
 3.18837951e+03 4.20505989e-03
 3.18911439e+03 4.15132786e-03
 3.18984928e+03 4.09756476e-03
 3.19058417e+03 4.04401460e-03
 3.19131906e+03 3.99100701e-03
 3.19205394e+03 3.93883874e-03
 3.19278883e+03 3.88766710e-03
 3.19352372e+03 3.83744496e-03
 3.19425861e+03 3.78791961e-03
 3.19499349e+03 3.73869534e-03
 3.19572838e+03 3.68934284e-03
 3.19646327e+03 3.63952475e-03
 3.19719815e+03 3.58909892e-03
 3.19793304e+03 3.53817068e-03
 3.19866793e+03 3.48707497e-03
 3.19940282e+03 3.43629369e-03
 3.20013770e+03 3.38633066e-03
 3.20087259e+03 3.33757891e-03
 3.20160748e+03 3.29022018e-03
 3.20234237e+03 3.24418364e-03
 3.20307725e+03 3.19917769e-03
 3.20381214e+03 3.15478400e-03
 3.20454703e+03 3.11058519e-03
 3.20528192e+03 3.06628877e-03
 3.20601680e+03 3.02180822e-03
 3.20675169e+03 2.97727909e-03
 3.20748658e+03 2.93300419e-03
 3.20822147e+03 2.88934657e-03
 3.20895635e+03 2.84660486e-03
 3.20969124e+03 2.80490972e-03
 3.21042613e+03 2.76417647e-03
 3.21116102e+03 2.72412745e-03
 3.21189590e+03 2.68437916e-03
 3.21263079e+03 2.64456555e-03
 3.21336568e+03 2.60445782e-03
 3.21410057e+03 2.56404279e-03
 3.21483545e+03 2.52353178e-03
 3.21557034e+03 2.48329875e-03
 3.21630523e+03 2.44376493e-03
 3.21704012e+03 2.40526775e-03
 3.21777500e+03 2.36795658e-03
 3.21850989e+03 2.33174794e-03
 3.21924478e+03 2.29635702e-03
 3.21997967e+03 2.26139249e-03
 3.22071455e+03 2.22648535e-03
 3.22144944e+03 2.19140773e-03
 3.22218433e+03 2.15614260e-03
 3.22291921e+03 2.12088213e-03
 3.22365410e+03 2.08595406e-03
 3.22438899e+03 2.05170393e-03
 3.22512388e+03 2.01837186e-03
 3.22585876e+03 1.98600800e-03
 3.22659365e+03 1.95445524e-03
 3.22732854e+03 1.92340466e-03
 3.22806343e+03 1.89250574e-03
 3.22879831e+03 1.86149057e-03
 3.22953320e+03 1.83027019e-03
 3.23026809e+03 1.79896690e-03
 3.23100298e+03 1.76787194e-03
 3.23173786e+03 1.73734318e-03
 3.23247275e+03 1.70767806e-03
 3.23320764e+03 1.67900868e-03
 3.23394253e+03 1.65125453e-03
 3.23467741e+03 1.62415204e-03
 3.23541230e+03 1.59734878e-03
 3.23614719e+03 1.57052877e-03
 3.23688208e+03 1.54352393e-03
 3.23761696e+03 1.51636998e-03
 3.23835185e+03 1.48928857e-03
 3.23908674e+03 1.46260046e-03
 3.23982163e+03 1.43660401e-03
 3.24055651e+03 1.41146325e-03
 3.24129140e+03 1.38714733e-03
 3.24202629e+03 1.36344474e-03
 3.24276118e+03 1.34004476e-03
 3.24349606e+03 1.31665703e-03
 3.24423095e+03 1.29312166e-03
 3.24496584e+03 1.26946930e-03
 3.24570073e+03 1.24590732e-03
 3.24643561e+03 1.22273752e-03
 3.24717050e+03 1.20023809e-03
 3.24790539e+03 1.17855418e-03
 3.24864027e+03 1.15764149e-03
 3.24937516e+03 1.13728275e-03
 3.25011005e+03 1.11717228e-03
 3.25084494e+03 1.09703448e-03
 3.25157982e+03 1.07672955e-03
 3.25231471e+03 1.05630582e-03
 3.25304960e+03 1.03597633e-03
 3.25378449e+03 1.01603149e-03
 3.25451937e+03 9.96721077e-04
 3.25525426e+03 9.78154184e-04
 3.25598915e+03 9.60256713e-04
 3.25672404e+03 9.42802826e-04
 3.25745892e+03 9.25508376e-04
 3.25819381e+03 9.08146083e-04
 3.25892870e+03 8.90637208e-04
 3.25966359e+03 8.73080242e-04
 3.26039847e+03 8.55706727e-04
 3.26113336e+03 8.38782141e-04
 3.26186825e+03 8.22493214e-04
 3.26260314e+03 8.06869645e-04
 3.26333802e+03 7.91771310e-04
 3.26407291e+03 7.76948027e-04
 3.26480780e+03 7.62144379e-04
 3.26554269e+03 7.47206661e-04
 3.26627757e+03 7.32145535e-04
 3.26701246e+03 7.17128261e-04
 3.26774735e+03 7.02404722e-04
 3.26848224e+03 6.88198007e-04
 3.26921712e+03 6.74608404e-04
 3.26995201e+03 6.61570294e-04
 3.27068690e+03 6.48881983e-04
 3.27142179e+03 6.36293754e-04
 3.27215667e+03 6.23615939e-04
 3.27289156e+03 6.10799742e-04
 3.27362645e+03 5.97954732e-04
 3.27436133e+03 5.85297202e-04
 3.27509622e+03 5.73051031e-04
 3.27583111e+03 5.61347122e-04
 3.27656600e+03 5.50164832e-04
 3.27730088e+03 5.39342224e-04
 3.27803577e+03 5.28649759e-04
 3.27877066e+03 5.17893299e-04
 3.27950555e+03 5.07000631e-04
 3.28024043e+03 4.96050958e-04
 3.28097532e+03 4.85235993e-04
 3.28171021e+03 4.74769355e-04
 3.28244510e+03 4.64787367e-04
 3.28317998e+03 4.55286203e-04
 3.28391487e+03 4.46124228e-04
 3.28464976e+03 4.37088513e-04
 3.28538465e+03 4.27993015e-04
 3.28611953e+03 4.18763913e-04
 3.28685442e+03 4.09470710e-04
 3.28758931e+03 4.00290553e-04
 3.28832420e+03 3.91421910e-04
 3.28905908e+03 3.82989485e-04
 3.28979397e+03 3.74985348e-04
 3.29052886e+03 3.67273443e-04
 3.29126375e+03 3.59655817e-04
 3.29199863e+03 3.51966843e-04
 3.29273352e+03 3.44151521e-04
 3.29346841e+03 3.36288695e-04
 3.29420330e+03 3.28549837e-04
 3.29493818e+03 3.21113149e-04
 3.29567307e+03 3.14075484e-04
 3.29640796e+03 3.07405411e-04
 3.29714284e+03 3.00959206e-04
 3.29787773e+03 2.94552587e-04
 3.29861262e+03 2.88050793e-04
 3.29934751e+03 2.81433752e-04
 3.30008239e+03 2.74802864e-04
 3.30081728e+03 2.68327651e-04
 3.30155217e+03 2.62158962e-04
 3.30228706e+03 2.56352592e-04
 3.30302194e+03 2.50842062e-04
 3.30375683e+03 2.45472833e-04
 3.30449172e+03 2.40081311e-04
 3.30522661e+03 2.34576639e-04
 3.30596149e+03 2.28984998e-04
 3.30669638e+03 2.23432974e-04
 3.30743127e+03 2.18080050e-04
 3.30816616e+03 2.13035089e-04
 3.30890104e+03 2.08300012e-04
 3.30963593e+03 2.03769990e-04
 3.31037082e+03 1.99288520e-04
 3.31110571e+03 1.94729246e-04
 3.31184059e+03 1.90060215e-04
 3.31257548e+03 1.85358320e-04
 3.31331037e+03 1.80765862e-04
 3.31404526e+03 1.76413518e-04
 3.31478014e+03 1.72350546e-04
 3.31551503e+03 1.68519092e-04
 3.31624992e+03 1.64786266e-04
 3.31698481e+03 1.61015310e-04
 3.31771969e+03 1.57138358e-04
 3.31845458e+03 1.53190493e-04
 3.31918947e+03 1.49288400e-04
 3.31992436e+03 1.45564810e-04
 3.32065924e+03 1.42095544e-04
 3.32139413e+03 1.38858551e-04
 3.32212902e+03 1.35746868e-04
 3.32286390e+03 1.32628163e-04
 3.32359879e+03 1.29416817e-04
 3.32433368e+03 1.26119705e-04
 3.32506857e+03 1.22829563e-04
 3.32580345e+03 1.19671507e-04
 3.32653834e+03 1.16731936e-04
 3.32727323e+03 1.14010566e-04
 3.32800812e+03 1.11421475e-04
 3.32874300e+03 1.08842193e-04
 3.32947789e+03 1.06182706e-04
 3.33021278e+03 1.03434728e-04
 3.33094767e+03 1.00674378e-04
 3.33168255e+03 9.80163816e-05
 3.33241744e+03 9.55476320e-05
 3.33315233e+03 9.32772156e-05
 3.33388722e+03 9.11323210e-05
 3.33462210e+03 8.90008848e-05
 3.33535699e+03 8.67963458e-05
 3.33609188e+03 8.45065123e-05
 3.33682677e+03 8.21984330e-05
 3.33756165e+03 7.99774134e-05
 3.33829654e+03 7.79240831e-05
 3.33903143e+03 7.60474339e-05
 3.33976632e+03 7.42801696e-05
 3.34050120e+03 7.25194979e-05
 3.34123609e+03 7.06876940e-05
 3.34197098e+03 6.87771495e-05
 3.34270587e+03 6.68527891e-05
 3.34344075e+03 6.50114382e-05
 3.34417564e+03 6.33229209e-05
 3.34491053e+03 6.17882305e-05
 3.34564542e+03 6.03400208e-05
 3.34638030e+03 5.88838486e-05
 3.34711519e+03 5.73554424e-05
 3.34785008e+03 5.57582464e-05
 3.34858496e+03 5.41596248e-05
 3.34931985e+03 5.26478696e-05
 3.35005474e+03 5.12775257e-05
 3.35078963e+03 5.00361921e-05
 3.35152451e+03 4.88531177e-05
 3.35225940e+03 4.76436039e-05
 3.35299429e+03 4.63610412e-05
 3.35372918e+03 4.50246496e-05
 3.35446406e+03 4.37055096e-05
 3.35519895e+03 4.24809704e-05
 3.35593384e+03 4.13856209e-05
 3.35666873e+03 4.03903642e-05
 3.35740361e+03 3.94215155e-05
 3.35813850e+03 3.84078939e-05
 3.35887339e+03 3.73252262e-05
 3.35960828e+03 3.62101234e-05
 3.36034316e+03 3.51351432e-05
 3.36107805e+03 3.41613671e-05
 3.36181294e+03 3.32994241e-05
 3.36254783e+03 3.25033076e-05
 3.36328271e+03 3.17010045e-05
 3.36401760e+03 3.08408950e-05
 3.36475249e+03 2.99244559e-05
 3.36548738e+03 2.90035891e-05
 3.36622226e+03 2.81456265e-05
 3.36695715e+03 2.73887327e-05
 3.36769204e+03 2.67174459e-05
 3.36842693e+03 2.60736742e-05
 3.36916181e+03 2.53954650e-05
 3.36989670e+03 2.46575881e-05
 3.37063159e+03 2.38869448e-05
 3.37136648e+03 2.31434099e-05
 3.37210136e+03 2.24789401e-05
 3.37283625e+03 2.19031003e-05
 3.37357114e+03 2.13772373e-05
 3.37430602e+03 2.08413410e-05
 3.37504091e+03 2.02543546e-05
 3.37577580e+03 1.96211879e-05
 3.37651069e+03 1.89879686e-05
 3.37724557e+03 1.84097219e-05
 3.37798046e+03 1.79126141e-05
 3.37871535e+03 1.74766298e-05
 3.37945024e+03 1.70501107e-05
 3.38018512e+03 1.65854814e-05
 3.38092001e+03 1.60715864e-05
 3.38165490e+03 1.55401311e-05
 3.38238979e+03 1.50427454e-05
 3.38312467e+03 1.46145345e-05
 3.38385956e+03 1.42501241e-05
 3.38459445e+03 1.39080395e-05
 3.38532934e+03 1.35403357e-05
 3.38606422e+03 1.31258914e-05
 3.38679911e+03 1.26843917e-05
 3.38753400e+03 1.22613017e-05
 3.38826889e+03 1.18951163e-05
 3.38900377e+03 1.15902503e-05
 3.38973866e+03 1.13145447e-05
 3.39047355e+03 1.10228380e-05
 3.39120844e+03 1.06890913e-05
 3.39194332e+03 1.03243770e-05
 3.39267821e+03 9.96777145e-06
 3.39341310e+03 9.65765988e-06
 3.39414799e+03 9.40395064e-06
 3.39488287e+03 9.18163297e-06
 3.39561776e+03 8.94943122e-06
 3.39635265e+03 8.67998583e-06
 3.39708754e+03 8.37910020e-06
 3.39782242e+03 8.08059440e-06
 3.39855731e+03 7.82079731e-06
 3.39929220e+03 7.61184007e-06
 3.40002708e+03 7.43327956e-06
 3.40076197e+03 7.24776678e-06
 3.40149686e+03 7.02887703e-06
 3.40223175e+03 6.78011554e-06
 3.40296663e+03 6.53151697e-06
 3.40370152e+03 6.31648802e-06
 3.40443641e+03 6.14689006e-06
 3.40517130e+03 6.00454878e-06
 3.40590618e+03 5.85559926e-06
 3.40664107e+03 5.67603223e-06
 3.40737596e+03 5.46943171e-06
 3.40811085e+03 5.26336774e-06
 3.40884573e+03 5.08794370e-06
 3.40958062e+03 4.95282723e-06
 3.41031551e+03 4.84040781e-06
 3.41105040e+03 4.71978136e-06
 3.41178528e+03 4.57054080e-06
 3.41252017e+03 4.39799084e-06
 3.41325506e+03 4.22828435e-06
 3.41398995e+03 4.08776325e-06
 3.41472483e+03 3.98256540e-06
 3.41545972e+03 3.89441978e-06
 3.41619461e+03 3.79526589e-06
 3.41692950e+03 3.66924268e-06
 3.41766438e+03 3.52451267e-06
 3.41839927e+03 3.38626203e-06
 3.41913416e+03 3.27644371e-06
 3.41986905e+03 3.19670301e-06
 3.42060393e+03 3.12750665e-06
 3.42133882e+03 3.04405604e-06
 3.42207371e+03 2.93584257e-06
 3.42280860e+03 2.81452153e-06
 3.42354348e+03 2.70398827e-06
 3.42427837e+03 2.62104291e-06
 3.42501326e+03 2.56216649e-06
 3.42574814e+03 2.50682205e-06
 3.42648303e+03 2.43429034e-06
 3.42721792e+03 2.34017733e-06
 3.42795281e+03 2.23946558e-06
 3.42868769e+03 2.15382113e-06
 3.42942258e+03 2.09393710e-06
 3.43015747e+03 2.05109236e-06
 3.43089236e+03 2.00477374e-06
 3.43162724e+03 1.93955087e-06
 3.43236213e+03 1.85750549e-06
 3.43309702e+03 1.77592550e-06
 3.43383191e+03 1.71275552e-06
 3.43456679e+03 1.67176981e-06
 3.43530168e+03 1.63988914e-06
 3.43603657e+03 1.59833722e-06
 3.43677146e+03 1.53829812e-06
 3.43750634e+03 1.46785270e-06
