 1.34461477e+03 2.05940879e-06
 1.34497878e+03 2.14219331e-06
 1.34534279e+03 2.22810042e-06
 1.34570680e+03 2.31723967e-06
 1.34607081e+03 2.40972353e-06
 1.34643482e+03 2.50566835e-06
 1.34679883e+03 2.60519403e-06
 1.34716284e+03 2.70842429e-06
 1.34752685e+03 2.81548674e-06
 1.34789086e+03 2.92651297e-06
 1.34825487e+03 3.04163869e-06
 1.34861888e+03 3.16100378e-06
 1.34898289e+03 3.28475246e-06
 1.34934690e+03 3.41303339e-06
 1.34971091e+03 3.54599981e-06
 1.35007492e+03 3.68380965e-06
 1.35043893e+03 3.82662563e-06
 1.35080293e+03 3.97461542e-06
 1.35116694e+03 4.12795172e-06
 1.35153095e+03 4.28681246e-06
 1.35189496e+03 4.45138093e-06
 1.35225897e+03 4.62184589e-06
 1.35262298e+03 4.79840169e-06
 1.35298699e+03 4.98124844e-06
 1.35335100e+03 5.17059217e-06
 1.35371501e+03 5.36664497e-06
 1.35407902e+03 5.56962516e-06
 1.35444303e+03 5.77975743e-06
 1.35480704e+03 5.99727299e-06
 1.35517105e+03 6.22240972e-06
 1.35553506e+03 6.45541237e-06
 1.35589907e+03 6.69653273e-06
 1.35626308e+03 6.94602981e-06
 1.35662709e+03 7.20416998e-06
 1.35699110e+03 7.47122716e-06
 1.35735511e+03 7.74748299e-06
 1.35771912e+03 8.03322701e-06
 1.35808313e+03 8.32875695e-06
 1.35844714e+03 8.63437881e-06
 1.35881115e+03 8.95040709e-06
 1.35917516e+03 9.27716499e-06
 1.35953917e+03 9.61498457e-06
 1.35990318e+03 9.96420699e-06
 1.36026719e+03 1.03251828e-05
 1.36063120e+03 1.06982721e-05
 1.36099521e+03 1.10838446e-05
 1.36135922e+03 1.14822802e-05
 1.36172322e+03 1.18939686e-05
 1.36208723e+03 1.23193103e-05
 1.36245124e+03 1.27587163e-05
 1.36281525e+03 1.32126085e-05
 1.36317926e+03 1.36814199e-05
 1.36354327e+03 1.41655949e-05
 1.36390728e+03 1.46655893e-05
 1.36427129e+03 1.51818711e-05
 1.36463530e+03 1.57149201e-05
 1.36499931e+03 1.62652287e-05
 1.36536332e+03 1.68333019e-05
 1.36572733e+03 1.74196573e-05
 1.36609134e+03 1.80248258e-05
 1.36645535e+03 1.86493520e-05
 1.36681936e+03 1.92937937e-05
 1.36718337e+03 1.99587232e-05
 1.36754738e+03 2.06447266e-05
 1.36791139e+03 2.13524048e-05
 1.36827540e+03 2.20823733e-05
 1.36863941e+03 2.28352630e-05
 1.36900342e+03 2.36117200e-05
 1.36936743e+03 2.44124062e-05
 1.36973144e+03 2.52379995e-05
 1.37009545e+03 2.60891941e-05
 1.37045946e+03 2.69667006e-05
 1.37082347e+03 2.78712469e-05
 1.37118748e+03 2.88035779e-05
 1.37155149e+03 2.97644563e-05
 1.37191550e+03 3.07546625e-05
 1.37227950e+03 3.17749950e-05
 1.37264351e+03 3.28262709e-05
 1.37300752e+03 3.39093262e-05
 1.37337153e+03 3.50250164e-05
 1.37373554e+03 3.61742159e-05
 1.37409955e+03 3.73578196e-05
 1.37446356e+03 3.85767420e-05
 1.37482757e+03 3.98319185e-05
 1.37519158e+03 4.11243053e-05
 1.37555559e+03 4.24548800e-05
 1.37591960e+03 4.38246416e-05
 1.37628361e+03 4.52346110e-05
 1.37664762e+03 4.66858314e-05
 1.37701163e+03 4.81793688e-05
 1.37737564e+03 4.97163119e-05
 1.37773965e+03 5.12977733e-05
 1.37810366e+03 5.29248888e-05
 1.37846767e+03 5.45988184e-05
 1.37883168e+03 5.63207466e-05
 1.37919569e+03 5.80918826e-05
 1.37955970e+03 5.99134609e-05
 1.37992371e+03 6.17867416e-05
 1.38028772e+03 6.37130106e-05
 1.38065173e+03 6.56935799e-05
 1.38101574e+03 6.77297882e-05
 1.38137975e+03 6.98230014e-05
 1.38174376e+03 7.19746127e-05
 1.38210777e+03 7.41860428e-05
 1.38247178e+03 7.64587409e-05
 1.38283579e+03 7.87941843e-05
 1.38319979e+03 8.11938791e-05
 1.38356380e+03 8.36593608e-05
 1.38392781e+03 8.61921945e-05
 1.38429182e+03 8.87939752e-05
 1.38465583e+03 9.14663280e-05
 1.38501984e+03 9.42109087e-05
 1.38538385e+03 9.70294041e-05
 1.38574786e+03 9.99235323e-05
 1.38611187e+03 1.02895043e-04
 1.38647588e+03 1.05945719e-04
 1.38683989e+03 1.09077374e-04
 1.38720390e+03 1.12291855e-04
 1.38756791e+03 1.15591041e-04
 1.38793192e+03 1.18976848e-04
 1.38829593e+03 1.22451221e-04
 1.38865994e+03 1.26016143e-04
 1.38902395e+03 1.29673628e-04
 1.38938796e+03 1.33425728e-04
 1.38975197e+03 1.37274528e-04
 1.39011598e+03 1.41222148e-04
 1.39047999e+03 1.45270745e-04
 1.39084400e+03 1.49422512e-04
 1.39120801e+03 1.53679677e-04
 1.39157202e+03 1.58044505e-04
 1.39193603e+03 1.62519298e-04
 1.39230004e+03 1.67106394e-04
 1.39266405e+03 1.71808171e-04
 1.39302806e+03 1.76627041e-04
 1.39339207e+03 1.81565457e-04
 1.39375607e+03 1.86625908e-04
 1.39412008e+03 1.91810922e-04
 1.39448409e+03 1.97123065e-04
 1.39484810e+03 2.02564942e-04
 1.39521211e+03 2.08139199e-04
 1.39557612e+03 2.13848517e-04
 1.39594013e+03 2.19695618e-04
 1.39630414e+03 2.25683266e-04
 1.39666815e+03 2.31814261e-04
 1.39703216e+03 2.38091445e-04
 1.39739617e+03 2.44517698e-04
 1.39776018e+03 2.51095942e-04
 1.39812419e+03 2.57829137e-04
 1.39848820e+03 2.64720286e-04
 1.39885221e+03 2.71772430e-04
 1.39921622e+03 2.78988651e-04
 1.39958023e+03 2.86372071e-04
 1.39994424e+03 2.93925853e-04
 1.40030825e+03 3.01653201e-04
 1.40067226e+03 3.09557358e-04
 1.40103627e+03 3.17641609e-04
 1.40140028e+03 3.25909278e-04
 1.40176429e+03 3.34363731e-04
 1.40212830e+03 3.43008374e-04
 1.40249231e+03 3.51846650e-04
 1.40285632e+03 3.60882048e-04
 1.40322033e+03 3.70118092e-04
 1.40358434e+03 3.79558350e-04
 1.40394835e+03 3.89206426e-04
 1.40431236e+03 3.99065966e-04
 1.40467636e+03 4.09140655e-04
 1.40504037e+03 4.19434217e-04
 1.40540438e+03 4.29950414e-04
 1.40576839e+03 4.40693050e-04
 1.40613240e+03 4.51665964e-04
 1.40649641e+03 4.62873035e-04
 1.40686042e+03 4.74318179e-04
 1.40722443e+03 4.86005350e-04
 1.40758844e+03 4.97938539e-04
 1.40795245e+03 5.10121775e-04
 1.40831646e+03 5.22559122e-04
 1.40868047e+03 5.35254681e-04
 1.40904448e+03 5.48212586e-04
 1.40940849e+03 5.61437010e-04
 1.40977250e+03 5.74932158e-04
 1.41013651e+03 5.88702269e-04
 1.41050052e+03 6.02751618e-04
 1.41086453e+03 6.17084509e-04
 1.41122854e+03 6.31705281e-04
 1.41159255e+03 6.46618304e-04
 1.41195656e+03 6.61827980e-04
 1.41232057e+03 6.77338740e-04
 1.41268458e+03 6.93155045e-04
 1.41304859e+03 7.09281384e-04
 1.41341260e+03 7.25722277e-04
 1.41377661e+03 7.42482268e-04
 1.41414062e+03 7.59565931e-04
 1.41450463e+03 7.76977862e-04
 1.41486864e+03 7.94722684e-04
 1.41523264e+03 8.12805043e-04
 1.41559665e+03 8.31229610e-04
 1.41596066e+03 8.50001076e-04
 1.41632467e+03 8.69124154e-04
 1.41668868e+03 8.88603575e-04
 1.41705269e+03 9.08444093e-04
 1.41741670e+03 9.28650476e-04
 1.41778071e+03 9.49227510e-04
 1.41814472e+03 9.70179998e-04
 1.41850873e+03 9.91512757e-04
 1.41887274e+03 1.01323062e-03
 1.41923675e+03 1.03533842e-03
 1.41960076e+03 1.05784101e-03
 1.41996477e+03 1.08074326e-03
 1.42032878e+03 1.10405004e-03
 1.42069279e+03 1.12776623e-03
 1.42105680e+03 1.15189670e-03
 1.42142081e+03 1.17644635e-03
 1.42178482e+03 1.20142006e-03
 1.42214883e+03 1.22682273e-03
 1.42251284e+03 1.25265924e-03
 1.42287685e+03 1.27893449e-03
 1.42324086e+03 1.30565336e-03
 1.42360487e+03 1.33282073e-03
 1.42396888e+03 1.36044147e-03
 1.42433289e+03 1.38852046e-03
 1.42469690e+03 1.41706254e-03
 1.42506091e+03 1.44607256e-03
 1.42542492e+03 1.47555535e-03
 1.42578892e+03 1.50551573e-03
 1.42615293e+03 1.53595850e-03
 1.42651694e+03 1.56688844e-03
 1.42688095e+03 1.59831031e-03
 1.42724496e+03 1.63022884e-03
 1.42760897e+03 1.66264875e-03
 1.42797298e+03 1.69557473e-03
 1.42833699e+03 1.72901144e-03
 1.42870100e+03 1.76296350e-03
 1.42906501e+03 1.79743552e-03
 1.42942902e+03 1.83243206e-03
 1.42979303e+03 1.86795765e-03
 1.43015704e+03 1.90401677e-03
 1.43052105e+03 1.94061388e-03
 1.43088506e+03 1.97775339e-03
 1.43124907e+03 2.01543965e-03
 1.43161308e+03 2.05367698e-03
 1.43197709e+03 2.09246966e-03
 1.43234110e+03 2.13182189e-03
 1.43270511e+03 2.17173785e-03
 1.43306912e+03 2.21222164e-03
 1.43343313e+03 2.25327731e-03
 1.43379714e+03 2.29490886e-03
 1.43416115e+03 2.33712021e-03
 1.43452516e+03 2.37991524e-03
 1.43488917e+03 2.42329773e-03
 1.43525318e+03 2.46727142e-03
 1.43561719e+03 2.51183997e-03
 1.43598120e+03 2.55700696e-03
 1.43634521e+03 2.60277590e-03
 1.43670921e+03 2.64915023e-03
 1.43707322e+03 2.69613330e-03
 1.43743723e+03 2.74372836e-03
 1.43780124e+03 2.79193861e-03
 1.43816525e+03 2.84076714e-03
 1.43852926e+03 2.89021696e-03
 1.43889327e+03 2.94029097e-03
 1.43925728e+03 2.99099199e-03
 1.43962129e+03 3.04232275e-03
 1.43998530e+03 3.09428586e-03
 1.44034931e+03 3.14688385e-03
 1.44071332e+03 3.20011912e-03
 1.44107733e+03 3.25399399e-03
 1.44144134e+03 3.30851065e-03
 1.44180535e+03 3.36367118e-03
 1.44216936e+03 3.41947757e-03
 1.44253337e+03 3.47593166e-03
 1.44289738e+03 3.53303520e-03
 1.44326139e+03 3.59078979e-03
 1.44362540e+03 3.64919694e-03
 1.44398941e+03 3.70825801e-03
 1.44435342e+03 3.76797423e-03
 1.44471743e+03 3.82834673e-03
 1.44508144e+03 3.88937646e-03
 1.44544545e+03 3.95106428e-03
 1.44580946e+03 4.01341089e-03
 1.44617347e+03 4.07641685e-03
 1.44653748e+03 4.14008258e-03
 1.44690149e+03 4.20440837e-03
 1.44726549e+03 4.26939434e-03
 1.44762950e+03 4.33504049e-03
 1.44799351e+03 4.40134665e-03
 1.44835752e+03 4.46831249e-03
 1.44872153e+03 4.53593755e-03
 1.44908554e+03 4.60422120e-03
 1.44944955e+03 4.67316265e-03
 1.44981356e+03 4.74276096e-03
 1.45017757e+03 4.81301502e-03
 1.45054158e+03 4.88392355e-03
 1.45090559e+03 4.95548511e-03
 1.45126960e+03 5.02769809e-03
 1.45163361e+03 5.10056073e-03
 1.45199762e+03 5.17407107e-03
 1.45236163e+03 5.24822698e-03
 1.45272564e+03 5.32302618e-03
 1.45308965e+03 5.39846619e-03
 1.45345366e+03 5.47454436e-03
 1.45381767e+03 5.55125785e-03
 1.45418168e+03 5.62860367e-03
 1.45454569e+03 5.70657862e-03
 1.45490970e+03 5.78517931e-03
 1.45527371e+03 5.86440219e-03
 1.45563772e+03 5.94424352e-03
 1.45600173e+03 6.02469935e-03
 1.45636574e+03 6.10576555e-03
 1.45672975e+03 6.18743783e-03
 1.45709376e+03 6.26971166e-03
 1.45745777e+03 6.35258237e-03
 1.45782178e+03 6.43604505e-03
 1.45818578e+03 6.52009463e-03
 1.45854979e+03 6.60472582e-03
 1.45891380e+03 6.68993316e-03
 1.45927781e+03 6.77571098e-03
 1.45964182e+03 6.86205341e-03
 1.46000583e+03 6.94895441e-03
 1.46036984e+03 7.03640769e-03
 1.46073385e+03 7.12440682e-03
 1.46109786e+03 7.21294514e-03
 1.46146187e+03 7.30201580e-03
 1.46182588e+03 7.39161174e-03
 1.46218989e+03 7.48172572e-03
 1.46255390e+03 7.57235029e-03
 1.46291791e+03 7.66347781e-03
 1.46328192e+03 7.75510042e-03
 1.46364593e+03 7.84721010e-03
 1.46400994e+03 7.93979859e-03
 1.46437395e+03 8.03285746e-03
 1.46473796e+03 8.12637808e-03
 1.46510197e+03 8.22035160e-03
 1.46546598e+03 8.31476901e-03
 1.46582999e+03 8.40962108e-03
 1.46619400e+03 8.50489839e-03
 1.46655801e+03 8.60059133e-03
 1.46692202e+03 8.69669009e-03
 1.46728603e+03 8.79318468e-03
 1.46765004e+03 8.89006490e-03
 1.46801405e+03 8.98732037e-03
 1.46837806e+03 9.08494054e-03
 1.46874206e+03 9.18291464e-03
 1.46910607e+03 9.28123173e-03
 1.46947008e+03 9.37988069e-03
 1.46983409e+03 9.47885021e-03
 1.47019810e+03 9.57812879e-03
 1.47056211e+03 9.67770478e-03
 1.47092612e+03 9.77756631e-03
 1.47129013e+03 9.87770137e-03
 1.47165414e+03 9.97809776e-03
 1.47201815e+03 1.00787431e-02
 1.47238216e+03 1.01796249e-02
 1.47274617e+03 1.02807304e-02
 1.47311018e+03 1.03820467e-02
 1.47347419e+03 1.04835608e-02
 1.47383820e+03 1.05852595e-02
 1.47420221e+03 1.06871295e-02
 1.47456622e+03 1.07891572e-02
 1.47493023e+03 1.08913290e-02
 1.47529424e+03 1.09936311e-02
 1.47565825e+03 1.10960495e-02
 1.47602226e+03 1.11985700e-02
 1.47638627e+03 1.13011786e-02
 1.47675028e+03 1.14038606e-02
 1.47711429e+03 1.15066018e-02
 1.47747830e+03 1.16093873e-02
 1.47784231e+03 1.17122025e-02
 1.47820632e+03 1.18150324e-02
 1.47857033e+03 1.19178619e-02
 1.47893434e+03 1.20206760e-02
 1.47929835e+03 1.21234594e-02
 1.47966235e+03 1.22261967e-02
 1.48002636e+03 1.23288724e-02
 1.48039037e+03 1.24314710e-02
 1.48075438e+03 1.25339768e-02
 1.48111839e+03 1.26363739e-02
 1.48148240e+03 1.27386466e-02
 1.48184641e+03 1.28407788e-02
 1.48221042e+03 1.29427546e-02
 1.48257443e+03 1.30445577e-02
 1.48293844e+03 1.31461721e-02
 1.48330245e+03 1.32475814e-02
 1.48366646e+03 1.33487693e-02
 1.48403047e+03 1.34497194e-02
 1.48439448e+03 1.35504152e-02
 1.48475849e+03 1.36508403e-02
 1.48512250e+03 1.37509781e-02
 1.48548651e+03 1.38508120e-02
 1.48585052e+03 1.39503253e-02
 1.48621453e+03 1.40495013e-02
 1.48657854e+03 1.41483234e-02
 1.48694255e+03 1.42467749e-02
 1.48730656e+03 1.43448389e-02
 1.48767057e+03 1.44424986e-02
 1.48803458e+03 1.45397374e-02
 1.48839859e+03 1.46365384e-02
 1.48876260e+03 1.47328848e-02
 1.48912661e+03 1.48287599e-02
 1.48949062e+03 1.49241468e-02
 1.48985463e+03 1.50190287e-02
 1.49021863e+03 1.51133890e-02
 1.49058264e+03 1.52072109e-02
 1.49094665e+03 1.53004777e-02
 1.49131066e+03 1.53931727e-02
 1.49167467e+03 1.54852793e-02
 1.49203868e+03 1.55767809e-02
 1.49240269e+03 1.56676610e-02
 1.49276670e+03 1.57579031e-02
 1.49313071e+03 1.58474907e-02
 1.49349472e+03 1.59364075e-02
 1.49385873e+03 1.60246372e-02
 1.49422274e+03 1.61121635e-02
 1.49458675e+03 1.61989704e-02
 1.49495076e+03 1.62850417e-02
 1.49531477e+03 1.63703614e-02
 1.49567878e+03 1.64549138e-02
 1.49604279e+03 1.65386830e-02
 1.49640680e+03 1.66216533e-02
 1.49677081e+03 1.67038092e-02
 1.49713482e+03 1.67851351e-02
 1.49749883e+03 1.68656158e-02
 1.49786284e+03 1.69452360e-02
 1.49822685e+03 1.70239807e-02
 1.49859086e+03 1.71018349e-02
 1.49895487e+03 1.71787837e-02
 1.49931888e+03 1.72548125e-02
 1.49968289e+03 1.73299067e-02
 1.50004690e+03 1.74040521e-02
 1.50041091e+03 1.74772342e-02
 1.50077492e+03 1.75494392e-02
 1.50113892e+03 1.76206530e-02
 1.50150293e+03 1.76908620e-02
 1.50186694e+03 1.77600525e-02
 1.50223095e+03 1.78282113e-02
 1.50259496e+03 1.78953252e-02
 1.50295897e+03 1.79613810e-02
 1.50332298e+03 1.80263661e-02
 1.50368699e+03 1.80902677e-02
 1.50405100e+03 1.81530735e-02
 1.50441501e+03 1.82147713e-02
 1.50477902e+03 1.82753491e-02
 1.50514303e+03 1.83347950e-02
 1.50550704e+03 1.83930975e-02
 1.50587105e+03 1.84502452e-02
 1.50623506e+03 1.85062270e-02
 1.50659907e+03 1.85610320e-02
 1.50696308e+03 1.86146495e-02
 1.50732709e+03 1.86670691e-02
 1.50769110e+03 1.87182805e-02
 1.50805511e+03 1.87682738e-02
 1.50841912e+03 1.88170392e-02
 1.50878313e+03 1.88645674e-02
 1.50914714e+03 1.89108490e-02
 1.50951115e+03 1.89558751e-02
 1.50987516e+03 1.89996370e-02
 1.51023917e+03 1.90421263e-02
 1.51060318e+03 1.90833346e-02
 1.51096719e+03 1.91232541e-02
 1.51133120e+03 1.91618772e-02
 1.51169520e+03 1.91991964e-02
 1.51205921e+03 1.92352047e-02
 1.51242322e+03 1.92698951e-02
 1.51278723e+03 1.93032611e-02
 1.51315124e+03 1.93352964e-02
 1.51351525e+03 1.93659950e-02
 1.51387926e+03 1.93953511e-02
 1.51424327e+03 1.94233594e-02
 1.51460728e+03 1.94500145e-02
 1.51497129e+03 1.94753118e-02
 1.51533530e+03 1.94992465e-02
 1.51569931e+03 1.95218144e-02
 1.51606332e+03 1.95430114e-02
 1.51642733e+03 1.95628340e-02
 1.51679134e+03 1.95812785e-02
 1.51715535e+03 1.95983419e-02
 1.51751936e+03 1.96140214e-02
 1.51788337e+03 1.96283144e-02
 1.51824738e+03 1.96412187e-02
 1.51861139e+03 1.96527324e-02
 1.51897540e+03 1.96628537e-02
 1.51933941e+03 1.96715814e-02
 1.51970342e+03 1.96789143e-02
 1.52006743e+03 1.96848518e-02
 1.52043144e+03 1.96893933e-02
 1.52079545e+03 1.96925388e-02
 1.52115946e+03 1.96942883e-02
 1.52152347e+03 1.96946423e-02
 1.52188748e+03 1.96936015e-02
 1.52225149e+03 1.96911669e-02
 1.52261549e+03 1.96873399e-02
 1.52297950e+03 1.96821221e-02
 1.52334351e+03 1.96755154e-02
 1.52370752e+03 1.96675220e-02
 1.52407153e+03 1.96581443e-02
 1.52443554e+03 1.96473852e-02
 1.52479955e+03 1.96352478e-02
 1.52516356e+03 1.96217354e-02
 1.52552757e+03 1.96068516e-02
 1.52589158e+03 1.95906005e-02
 1.52625559e+03 1.95729861e-02
 1.52661960e+03 1.95540131e-02
 1.52698361e+03 1.95336861e-02
 1.52734762e+03 1.95120103e-02
 1.52771163e+03 1.94889910e-02
 1.52807564e+03 1.94646338e-02
 1.52843965e+03 1.94389445e-02
 1.52880366e+03 1.94119293e-02
 1.52916767e+03 1.93835947e-02
 1.52953168e+03 1.93539473e-02
 1.52989569e+03 1.93229939e-02
 1.53025970e+03 1.92907420e-02
 1.53062371e+03 1.92571988e-02
 1.53098772e+03 1.92223721e-02
 1.53135173e+03 1.91862699e-02
 1.53171574e+03 1.91489003e-02
 1.53207975e+03 1.91102719e-02
 1.53244376e+03 1.90703932e-02
 1.53280777e+03 1.90292733e-02
 1.53317177e+03 1.89869213e-02
 1.53353578e+03 1.89433465e-02
 1.53389979e+03 1.88985587e-02
 1.53426380e+03 1.88525676e-02
 1.53462781e+03 1.88053834e-02
 1.53499182e+03 1.87570163e-02
 1.53535583e+03 1.87074767e-02
 1.53571984e+03 1.86567756e-02
 1.53608385e+03 1.86049236e-02
 1.53644786e+03 1.85519320e-02
 1.53681187e+03 1.84978121e-02
 1.53717588e+03 1.84425754e-02
 1.53753989e+03 1.83862335e-02
 1.53790390e+03 1.83287984e-02
 1.53826791e+03 1.82702822e-02
 1.53863192e+03 1.82106971e-02
 1.53899593e+03 1.81500554e-02
 1.53935994e+03 1.80883699e-02
 1.53972395e+03 1.80256533e-02
 1.54008796e+03 1.79619184e-02
 1.54045197e+03 1.78971784e-02
 1.54081598e+03 1.78314464e-02
 1.54117999e+03 1.77647359e-02
 1.54154400e+03 1.76970604e-02
 1.54190801e+03 1.76284335e-02
 1.54227202e+03 1.75588691e-02
 1.54263603e+03 1.74883810e-02
 1.54300004e+03 1.74169832e-02
 1.54336405e+03 1.73446901e-02
 1.54372806e+03 1.72715157e-02
 1.54409206e+03 1.71974746e-02
 1.54445607e+03 1.71225813e-02
 1.54482008e+03 1.70468503e-02
 1.54518409e+03 1.69702963e-02
 1.54554810e+03 1.68929342e-02
 1.54591211e+03 1.68147788e-02
 1.54627612e+03 1.67358451e-02
 1.54664013e+03 1.66561481e-02
 1.54700414e+03 1.65757030e-02
 1.54736815e+03 1.64945250e-02
 1.54773216e+03 1.64126293e-02
 1.54809617e+03 1.63300312e-02
 1.54846018e+03 1.62467462e-02
 1.54882419e+03 1.61627895e-02
 1.54918820e+03 1.60781768e-02
 1.54955221e+03 1.59929235e-02
 1.54991622e+03 1.59070452e-02
 1.55028023e+03 1.58205574e-02
 1.55064424e+03 1.57334758e-02
 1.55100825e+03 1.56458161e-02
 1.55137226e+03 1.55575938e-02
 1.55173627e+03 1.54688246e-02
 1.55210028e+03 1.53795243e-02
 1.55246429e+03 1.52897085e-02
 1.55282830e+03 1.51993929e-02
 1.55319231e+03 1.51085933e-02
 1.55355632e+03 1.50173252e-02
 1.55392033e+03 1.49256044e-02
 1.55428434e+03 1.48334465e-02
 1.55464834e+03 1.47408672e-02
 1.55501235e+03 1.46478820e-02
 1.55537636e+03 1.45545066e-02
 1.55574037e+03 1.44607565e-02
 1.55610438e+03 1.43666473e-02
 1.55646839e+03 1.42721944e-02
 1.55683240e+03 1.41774132e-02
 1.55719641e+03 1.40823192e-02
 1.55756042e+03 1.39869276e-02
 1.55792443e+03 1.38912538e-02
 1.55828844e+03 1.37953130e-02
 1.55865245e+03 1.36991203e-02
 1.55901646e+03 1.36026909e-02
 1.55938047e+03 1.35060397e-02
 1.55974448e+03 1.34091817e-02
 1.56010849e+03 1.33121318e-02
 1.56047250e+03 1.32149047e-02
 1.56083651e+03 1.31175152e-02
 1.56120052e+03 1.30199779e-02
 1.56156453e+03 1.29223074e-02
 1.56192854e+03 1.28245180e-02
 1.56229255e+03 1.27266241e-02
 1.56265656e+03 1.26286399e-02
 1.56302057e+03 1.25305796e-02
 1.56338458e+03 1.24324572e-02
 1.56374859e+03 1.23342866e-02
 1.56411260e+03 1.22360817e-02
 1.56447661e+03 1.21378560e-02
 1.56484062e+03 1.20396233e-02
 1.56520463e+03 1.19413970e-02
 1.56556863e+03 1.18431903e-02
 1.56593264e+03 1.17450165e-02
 1.56629665e+03 1.16468888e-02
 1.56666066e+03 1.15488200e-02
 1.56702467e+03 1.14508229e-02
 1.56738868e+03 1.13529103e-02
 1.56775269e+03 1.12550947e-02
 1.56811670e+03 1.11573886e-02
 1.56848071e+03 1.10598041e-02
 1.56884472e+03 1.09623535e-02
 1.56920873e+03 1.08650486e-02
 1.56957274e+03 1.07679014e-02
 1.56993675e+03 1.06709236e-02
 1.57030076e+03 1.05741266e-02
 1.57066477e+03 1.04775219e-02
 1.57102878e+03 1.03811207e-02
 1.57139279e+03 1.02849341e-02
 1.57175680e+03 1.01889730e-02
 1.57212081e+03 1.00932482e-02
 1.57248482e+03 9.99777035e-03
 1.57284883e+03 9.90254984e-03
 1.57321284e+03 9.80759699e-03
 1.57357685e+03 9.71292192e-03
 1.57394086e+03 9.61853460e-03
 1.57430487e+03 9.52444484e-03
 1.57466888e+03 9.43066229e-03
 1.57503289e+03 9.33719641e-03
 1.57539690e+03 9.24405651e-03
 1.57576091e+03 9.15125174e-03
 1.57612491e+03 9.05879107e-03
 1.57648892e+03 8.96668332e-03
 1.57685293e+03 8.87493711e-03
 1.57721694e+03 8.78356092e-03
 1.57758095e+03 8.69256304e-03
 1.57794496e+03 8.60195162e-03
 1.57830897e+03 8.51173460e-03
 1.57867298e+03 8.42191979e-03
 1.57903699e+03 8.33251481e-03
 1.57940100e+03 8.24352709e-03
 1.57976501e+03 8.15496394e-03
 1.58012902e+03 8.06683245e-03
 1.58049303e+03 7.97913957e-03
 1.58085704e+03 7.89189207e-03
 1.58122105e+03 7.80509655e-03
 1.58158506e+03 7.71875944e-03
 1.58194907e+03 7.63288701e-03
 1.58231308e+03 7.54748535e-03
 1.58267709e+03 7.46256039e-03
 1.58304110e+03 7.37811789e-03
 1.58340511e+03 7.29416344e-03
 1.58376912e+03 7.21070246e-03
 1.58413313e+03 7.12774021e-03
 1.58449714e+03 7.04528179e-03
 1.58486115e+03 6.96333213e-03
 1.58522516e+03 6.88189599e-03
 1.58558917e+03 6.80097797e-03
 1.58595318e+03 6.72058252e-03
 1.58631719e+03 6.64071392e-03
 1.58668120e+03 6.56137627e-03
 1.58704520e+03 6.48257355e-03
 1.58740921e+03 6.40430956e-03
 1.58777322e+03 6.32658794e-03
 1.58813723e+03 6.24941217e-03
 1.58850124e+03 6.17278560e-03
 1.58886525e+03 6.09671139e-03
 1.58922926e+03 6.02119259e-03
 1.58959327e+03 5.94623205e-03
 1.58995728e+03 5.87183252e-03
 1.59032129e+03 5.79799657e-03
 1.59068530e+03 5.72472662e-03
 1.59104931e+03 5.65202497e-03
 1.59141332e+03 5.57989374e-03
 1.59177733e+03 5.50833494e-03
 1.59214134e+03 5.43735042e-03
 1.59250535e+03 5.36694190e-03
 1.59286936e+03 5.29711094e-03
 1.59323337e+03 5.22785900e-03
 1.59359738e+03 5.15918736e-03
 1.59396139e+03 5.09109721e-03
 1.59432540e+03 5.02358958e-03
 1.59468941e+03 4.95666536e-03
 1.59505342e+03 4.89032535e-03
 1.59541743e+03 4.82457019e-03
 1.59578144e+03 4.75940039e-03
 1.59614545e+03 4.69481637e-03
 1.59650946e+03 4.63081840e-03
 1.59687347e+03 4.56740662e-03
 1.59723748e+03 4.50458110e-03
 1.59760148e+03 4.44234173e-03
 1.59796549e+03 4.38068833e-03
 1.59832950e+03 4.31962058e-03
 1.59869351e+03 4.25913808e-03
 1.59905752e+03 4.19924027e-03
 1.59942153e+03 4.13992654e-03
 1.59978554e+03 4.08119613e-03
 1.60014955e+03 4.02304819e-03
 1.60051356e+03 3.96548177e-03
 1.60087757e+03 3.90849582e-03
 1.60124158e+03 3.85208918e-03
 1.60160559e+03 3.79626061e-03
 1.60196960e+03 3.74100875e-03
 1.60233361e+03 3.68633218e-03
 1.60269762e+03 3.63222936e-03
 1.60306163e+03 3.57869866e-03
 1.60342564e+03 3.52573839e-03
 1.60378965e+03 3.47334675e-03
 1.60415366e+03 3.42152186e-03
 1.60451767e+03 3.37026176e-03
 1.60488168e+03 3.31956441e-03
 1.60524569e+03 3.26942768e-03
 1.60560970e+03 3.21984939e-03
 1.60597371e+03 3.17082725e-03
 1.60633772e+03 3.12235892e-03
 1.60670173e+03 3.07444200e-03
 1.60706574e+03 3.02707398e-03
 1.60742975e+03 2.98025232e-03
 1.60779376e+03 2.93397439e-03
 1.60815777e+03 2.88823751e-03
 1.60852177e+03 2.84303894e-03
 1.60888578e+03 2.79837586e-03
 1.60924979e+03 2.75424541e-03
 1.60961380e+03 2.71064467e-03
 1.60997781e+03 2.66757065e-03
 1.61034182e+03 2.62502033e-03
 1.61070583e+03 2.58299061e-03
 1.61106984e+03 2.54147837e-03
 1.61143385e+03 2.50048041e-03
 1.61179786e+03 2.45999351e-03
 1.61216187e+03 2.42001439e-03
 1.61252588e+03 2.38053974e-03
 1.61288989e+03 2.34156618e-03
 1.61325390e+03 2.30309031e-03
 1.61361791e+03 2.26510871e-03
 1.61398192e+03 2.22761787e-03
 1.61434593e+03 2.19061431e-03
 1.61470994e+03 2.15409445e-03
 1.61507395e+03 2.11805473e-03
 1.61543796e+03 2.08249153e-03
 1.61580197e+03 2.04740121e-03
 1.61616598e+03 2.01278010e-03
 1.61652999e+03 1.97862450e-03
 1.61689400e+03 1.94493070e-03
 1.61725801e+03 1.91169494e-03
 1.61762202e+03 1.87891346e-03
 1.61798603e+03 1.84658248e-03
 1.61835004e+03 1.81469817e-03
 1.61871405e+03 1.78325673e-03
 1.61907805e+03 1.75225430e-03
 1.61944206e+03 1.72168702e-03
 1.61980607e+03 1.69155102e-03
 1.62017008e+03 1.66184242e-03
 1.62053409e+03 1.63255732e-03
 1.62089810e+03 1.60369181e-03
 1.62126211e+03 1.57524197e-03
 1.62162612e+03 1.54720387e-03
 1.62199013e+03 1.51957359e-03
 1.62235414e+03 1.49234718e-03
 1.62271815e+03 1.46552070e-03
 1.62308216e+03 1.43909021e-03
 1.62344617e+03 1.41305175e-03
 1.62381018e+03 1.38740138e-03
 1.62417419e+03 1.36213514e-03
 1.62453820e+03 1.33724908e-03
 1.62490221e+03 1.31273926e-03
 1.62526622e+03 1.28860172e-03
 1.62563023e+03 1.26483253e-03
 1.62599424e+03 1.24142775e-03
 1.62635825e+03 1.21838344e-03
 1.62672226e+03 1.19569568e-03
 1.62708627e+03 1.17336056e-03
 1.62745028e+03 1.15137416e-03
 1.62781429e+03 1.12973257e-03
 1.62817830e+03 1.10843192e-03
 1.62854231e+03 1.08746831e-03
 1.62890632e+03 1.06683789e-03
 1.62927033e+03 1.04653678e-03
 1.62963434e+03 1.02656116e-03
 1.62999834e+03 1.00690718e-03
 1.63036235e+03 9.87571032e-04
 1.63072636e+03 9.68548917e-04
 1.63109037e+03 9.49837049e-04
 1.63145438e+03 9.31431659e-04
 1.63181839e+03 9.13328995e-04
 1.63218240e+03 8.95525324e-04
 1.63254641e+03 8.78016931e-04
 1.63291042e+03 8.60800119e-04
 1.63327443e+03 8.43871210e-04
 1.63363844e+03 8.27226547e-04
 1.63400245e+03 8.10862495e-04
 1.63436646e+03 7.94775436e-04
 1.63473047e+03 7.78961776e-04
 1.63509448e+03 7.63417945e-04
 1.63545849e+03 7.48140390e-04
 1.63582250e+03 7.33125586e-04
 1.63618651e+03 7.18370029e-04
 1.63655052e+03 7.03870238e-04
 1.63691453e+03 6.89622757e-04
 1.63727854e+03 6.75624155e-04
 1.63764255e+03 6.61871025e-04
 1.63800656e+03 6.48359985e-04
 1.63837057e+03 6.35087679e-04
 1.63873458e+03 6.22050776e-04
 1.63909859e+03 6.09245972e-04
 1.63946260e+03 5.96669988e-04
 1.63982661e+03 5.84319574e-04
 1.64019062e+03 5.72191504e-04
 1.64055462e+03 5.60282581e-04
 1.64091863e+03 5.48589634e-04
 1.64128264e+03 5.37109520e-04
 1.64164665e+03 5.25839126e-04
 1.64201066e+03 5.14775362e-04
 1.64237467e+03 5.03915171e-04
 1.64273868e+03 4.93255522e-04
 1.64310269e+03 4.82793411e-04
 1.64346670e+03 4.72525865e-04
 1.64383071e+03 4.62449938e-04
 1.64419472e+03 4.52562715e-04
 1.64455873e+03 4.42861306e-04
 1.64492274e+03 4.33342853e-04
 1.64528675e+03 4.24004526e-04
 1.64565076e+03 4.14843524e-04
 1.64601477e+03 4.05857076e-04
 1.64637878e+03 3.97042438e-04
 1.64674279e+03 3.88396897e-04
 1.64710680e+03 3.79917769e-04
 1.64747081e+03 3.71602398e-04
 1.64783482e+03 3.63448160e-04
 1.64819883e+03 3.55452456e-04
 1.64856284e+03 3.47612720e-04
 1.64892685e+03 3.39926413e-04
 1.64929086e+03 3.32391025e-04
 1.64965487e+03 3.25004078e-04
 1.65001888e+03 3.17763119e-04
 1.65038289e+03 3.10665727e-04
 1.65074690e+03 3.03709508e-04
 1.65111090e+03 2.96892098e-04
 1.65147491e+03 2.90211161e-04
 1.65183892e+03 2.83664390e-04
 1.65220293e+03 2.77249507e-04
 1.65256694e+03 2.70964262e-04
 1.65293095e+03 2.64806434e-04
 1.65329496e+03 2.58773828e-04
 1.65365897e+03 2.52864280e-04
 1.65402298e+03 2.47075653e-04
 1.65438699e+03 2.41405837e-04
 1.65475100e+03 2.35852750e-04
 1.65511501e+03 2.30414339e-04
 1.65547902e+03 2.25088577e-04
 1.65584303e+03 2.19873465e-04
 1.65620704e+03 2.14767030e-04
 1.65657105e+03 2.09767328e-04
 1.65693506e+03 2.04872439e-04
 1.65729907e+03 2.00080472e-04
 1.65766308e+03 1.95389562e-04
 1.65802709e+03 1.90797869e-04
 1.65839110e+03 1.86303580e-04
 1.65875511e+03 1.81904909e-04
 1.65911912e+03 1.77600093e-04
 1.65948313e+03 1.73387398e-04
 1.65984714e+03 1.69265111e-04
 1.66021115e+03 1.65231548e-04
 1.66057516e+03 1.61285049e-04
 1.66093917e+03 1.57423976e-04
 1.66130318e+03 1.53646719e-04
 1.66166719e+03 1.49951691e-04
 1.66203119e+03 1.46337328e-04
 1.66239520e+03 1.42802092e-04
 1.66275921e+03 1.39344466e-04
 1.66312322e+03 1.35962958e-04
 1.66348723e+03 1.32656100e-04
 1.66385124e+03 1.29422446e-04
 1.66421525e+03 1.26260571e-04
 1.66457926e+03 1.23169076e-04
 1.66494327e+03 1.20146582e-04
 1.66530728e+03 1.17191733e-04
 1.66567129e+03 1.14303194e-04
 1.66603530e+03 1.11479652e-04
 1.66639931e+03 1.08719816e-04
 1.66676332e+03 1.06022415e-04
 1.66712733e+03 1.03386200e-04
 1.66749134e+03 1.00809942e-04
 1.66785535e+03 9.82924322e-05
 1.66821936e+03 9.58324834e-05
 1.66858337e+03 9.34289271e-05
 1.66894738e+03 9.10806150e-05
 1.66931139e+03 8.87864183e-05
 1.66967540e+03 8.65452274e-05
 1.67003941e+03 8.43559520e-05
 1.67040342e+03 8.22175202e-05
 1.67076743e+03 8.01288792e-05
 1.67113144e+03 7.80889941e-05
 1.67149545e+03 7.60968487e-05
 1.67185946e+03 7.41514441e-05
 1.67222347e+03 7.22517995e-05
 1.67258747e+03 7.03969512e-05
 1.67295148e+03 6.85859530e-05
 1.67331549e+03 6.68178757e-05
 1.67367950e+03 6.50918067e-05
 1.67404351e+03 6.34068501e-05
 1.67440752e+03 6.17621260e-05
 1.67477153e+03 6.01567710e-05
 1.67513554e+03 5.85899373e-05
 1.67549955e+03 5.70607929e-05
 1.67586356e+03 5.55685211e-05
 1.67622757e+03 5.41123206e-05
 1.67659158e+03 5.26914048e-05
 1.67695559e+03 5.13050021e-05
 1.67731960e+03 4.99523553e-05
 1.67768361e+03 4.86327219e-05
 1.67804762e+03 4.73453731e-05
 1.67841163e+03 4.60895944e-05
 1.67877564e+03 4.48646846e-05
 1.67913965e+03 4.36699563e-05
 1.67950366e+03 4.25047355e-05
 1.67986767e+03 4.13683611e-05
 1.68023168e+03 4.02601850e-05
 1.68059569e+03 3.91795717e-05
 1.68095970e+03 3.81258983e-05
 1.68132371e+03 3.70985541e-05
 1.68168772e+03 3.60969407e-05
 1.68205173e+03 3.51204715e-05
 1.68241574e+03 3.41685716e-05
 1.68277975e+03 3.32406777e-05
 1.68314376e+03 3.23362379e-05
 1.68350776e+03 3.14547111e-05
 1.68387177e+03 3.05955678e-05
 1.68423578e+03 2.97582888e-05
 1.68459979e+03 2.89423658e-05
 1.68496380e+03 2.81473008e-05
 1.68532781e+03 2.73726060e-05
 1.68569182e+03 2.66178037e-05
 1.68605583e+03 2.58824265e-05
 1.68641984e+03 2.51660162e-05
 1.68678385e+03 2.44681246e-05
 1.68714786e+03 2.37883127e-05
 1.68751187e+03 2.31261506e-05
 1.68787588e+03 2.24812179e-05
 1.68823989e+03 2.18531028e-05
 1.68860390e+03 2.12414024e-05
 1.68896791e+03 2.06457225e-05
 1.68933192e+03 2.00656770e-05
 1.68969593e+03 1.95008884e-05
 1.69005994e+03 1.89509874e-05
 1.69042395e+03 1.84156125e-05
 1.69078796e+03 1.78944102e-05
 1.69115197e+03 1.73870347e-05
 1.69151598e+03 1.68931476e-05
 1.69187999e+03 1.64124182e-05
 1.69224400e+03 1.59445228e-05
 1.69260801e+03 1.54891452e-05
 1.69297202e+03 1.50459759e-05
 1.69333603e+03 1.46147124e-05
 1.69370004e+03 1.41950590e-05
 1.69406404e+03 1.37867265e-05
 1.69442805e+03 1.33894324e-05
 1.69479206e+03 1.30029003e-05
 1.69515607e+03 1.26268604e-05
 1.69552008e+03 1.22610486e-05
 1.69588409e+03 1.19052072e-05
 1.69624810e+03 1.15590841e-05
 1.69661211e+03 1.12224332e-05
 1.69697612e+03 1.08950138e-05
 1.69734013e+03 1.05765909e-05
 1.69770414e+03 1.02669350e-05
 1.69806815e+03 9.96582181e-06
 1.69843216e+03 9.67303220e-06
 1.69879617e+03 9.38835228e-06
 1.69916018e+03 9.11157311e-06
 1.69952419e+03 8.84249066e-06
 1.69988820e+03 8.58090568e-06
 1.70025221e+03 8.32662361e-06
 1.70061622e+03 8.07945455e-06
 1.70098023e+03 7.83921307e-06
 1.70134424e+03 7.60571818e-06
 1.70170825e+03 7.37879318e-06
 1.70207226e+03 7.15826562e-06
 1.70243627e+03 6.94396716e-06
 1.70280028e+03 6.73573356e-06
 1.70316429e+03 6.53340455e-06
 1.70352830e+03 6.33682370e-06
 1.70389231e+03 6.14583840e-06
 1.70425632e+03 5.96029975e-06
 1.70462033e+03 5.78006249e-06
 1.70498433e+03 5.60498493e-06
 1.70534834e+03 5.43492884e-06
 1.70571235e+03 5.26975943e-06
 1.70607636e+03 5.10934519e-06
 1.70644037e+03 4.95355788e-06
 1.70680438e+03 4.80227246e-06
 1.70716839e+03 4.65536700e-06
 1.70753240e+03 4.51272260e-06
 1.70789641e+03 4.37422337e-06
 1.70826042e+03 4.23975628e-06
 1.70862443e+03 4.10921117e-06
 1.70898844e+03 3.98248065e-06
 1.70935245e+03 3.85946005e-06
 1.70971646e+03 3.74004738e-06
 1.71008047e+03 3.62414320e-06
 1.71044448e+03 3.51165064e-06
 1.71080849e+03 3.40247527e-06
 1.71117250e+03 3.29652510e-06
 1.71153651e+03 3.19371052e-06
 1.71190052e+03 3.09394420e-06
 1.71226453e+03 2.99714108e-06
 1.71262854e+03 2.90321830e-06
 1.71299255e+03 2.81209513e-06
 1.71335656e+03 2.72369296e-06
 1.71372057e+03 2.63793525e-06
 1.71408458e+03 2.55474741e-06
 1.71444859e+03 2.47405686e-06
 1.71481260e+03 2.39579288e-06
 1.71517661e+03 2.31988662e-06
 1.71554061e+03 2.24627108e-06
 1.71590462e+03 2.17488102e-06
 1.71626863e+03 2.10565287e-06
 1.71663264e+03 2.03852493e-06
 1.71699665e+03 1.97343685e-06
