 1.31299744e+02 2.68070696e-06
 1.31394181e+02 2.92974014e-06
 1.31488617e+02 3.19874851e-06
 1.31583054e+02 3.49009818e-06
 1.31677490e+02 3.80615526e-06
 1.31771926e+02 4.14928585e-06
 1.31866363e+02 4.52185606e-06
 1.31960799e+02 4.92623199e-06
 1.32055236e+02 5.36477977e-06
 1.32149672e+02 5.83986549e-06
 1.32244109e+02 6.35391839e-06
 1.32338545e+02 6.91001936e-06
 1.32432982e+02 7.51163376e-06
 1.32527418e+02 8.16223192e-06
 1.32621855e+02 8.86528416e-06
 1.32716291e+02 9.62448254e-06
 1.32810728e+02 1.04442827e-05
 1.32905164e+02 1.13293046e-05
 1.32999601e+02 1.22841681e-05
 1.33094037e+02 1.33135098e-05
 1.33188473e+02 1.44226124e-05
 1.33282910e+02 1.56175982e-05
 1.33377346e+02 1.69046454e-05
 1.33471783e+02 1.82899324e-05
 1.33566219e+02 1.97797752e-05
 1.33660656e+02 2.13816884e-05
 1.33755092e+02 2.31038038e-05
 1.33849529e+02 2.49542582e-05
 1.33943965e+02 2.69411890e-05
 1.34038402e+02 2.90732768e-05
 1.34132838e+02 3.13608162e-05
 1.34227275e+02 3.38144005e-05
 1.34321711e+02 3.64446230e-05
 1.34416148e+02 3.92621227e-05
 1.34510584e+02 4.22788924e-05
 1.34605020e+02 4.55084670e-05
 1.34699457e+02 4.89644651e-05
 1.34793893e+02 5.26605056e-05
 1.34888330e+02 5.66105203e-05
 1.34982766e+02 6.08307551e-05
 1.35077203e+02 6.53384931e-05
 1.35171639e+02 7.01510224e-05
 1.35266076e+02 7.52856332e-05
 1.35360512e+02 8.07607151e-05
 1.35454949e+02 8.65974825e-05
 1.35549385e+02 9.28175975e-05
 1.35643822e+02 9.94427223e-05
 1.35738258e+02 1.06494626e-04
 1.35832695e+02 1.13997531e-04
 1.35927131e+02 1.21978113e-04
 1.36021568e+02 1.30463155e-04
 1.36116004e+02 1.39479441e-04
 1.36210440e+02 1.49054355e-04
 1.36304877e+02 1.59219078e-04
 1.36399313e+02 1.70006268e-04
 1.36493750e+02 1.81448584e-04
 1.36588186e+02 1.93578698e-04
 1.36682623e+02 2.06431144e-04
 1.36777059e+02 2.20044624e-04
 1.36871496e+02 2.34458401e-04
 1.36965932e+02 2.49711737e-04
 1.37060369e+02 2.65844098e-04
 1.37154805e+02 2.82898638e-04
 1.37249242e+02 3.00921748e-04
 1.37343678e+02 3.19959932e-04
 1.37438115e+02 3.40059691e-04
 1.37532551e+02 3.61268465e-04
 1.37626987e+02 3.83638765e-04
 1.37721424e+02 4.07224810e-04
 1.37815860e+02 4.32080818e-04
 1.37910297e+02 4.58261029e-04
 1.38004733e+02 4.85822190e-04
 1.38099170e+02 5.14825915e-04
 1.38193606e+02 5.45334380e-04
 1.38288043e+02 5.77409759e-04
 1.38382479e+02 6.11114509e-04
 1.38476916e+02 6.46515325e-04
 1.38571352e+02 6.83682159e-04
 1.38665789e+02 7.22685051e-04
 1.38760225e+02 7.63594039e-04
 1.38854662e+02 8.06480209e-04
 1.38949098e+02 8.51419529e-04
 1.39043535e+02 8.98489379e-04
 1.39137971e+02 9.47767143e-04
 1.39232407e+02 9.99330231e-04
 1.39326844e+02 1.05325825e-03
 1.39421280e+02 1.10963452e-03
 1.39515717e+02 1.16854272e-03
 1.39610153e+02 1.23006655e-03
 1.39704590e+02 1.29428989e-03
 1.39799026e+02 1.36129927e-03
 1.39893463e+02 1.43118299e-03
 1.39987899e+02 1.50402938e-03
 1.40082336e+02 1.57992676e-03
 1.40176772e+02 1.65896385e-03
 1.40271209e+02 1.74123089e-03
 1.40365645e+02 1.82681854e-03
 1.40460082e+02 1.91581741e-03
 1.40554518e+02 2.00831813e-03
 1.40648954e+02 2.10441106e-03
 1.40743391e+02 2.20418608e-03
 1.40837827e+02 2.30773306e-03
 1.40932264e+02 2.41514187e-03
 1.41026700e+02 2.52650213e-03
 1.41121137e+02 2.64190072e-03
 1.41215573e+02 2.76142296e-03
 1.41310010e+02 2.88515415e-03
 1.41404446e+02 3.01317955e-03
 1.41498883e+02 3.14558272e-03
 1.41593319e+02 3.28244114e-03
 1.41687756e+02 3.42383101e-03
 1.41782192e+02 3.56982851e-03
 1.41876629e+02 3.72050969e-03
 1.41971065e+02 3.87594468e-03
 1.42065502e+02 4.03619596e-03
 1.42159938e+02 4.20132551e-03
 1.42254374e+02 4.37139527e-03
 1.42348811e+02 4.54646583e-03
 1.42443247e+02 4.72658562e-03
 1.42537684e+02 4.91179684e-03
 1.42632120e+02 5.10214164e-03
 1.42726557e+02 5.29766214e-03
 1.42820993e+02 5.49839482e-03
 1.42915430e+02 5.70435927e-03
 1.43009866e+02 5.91557196e-03
 1.43104303e+02 6.13204938e-03
 1.43198739e+02 6.35380752e-03
 1.43293176e+02 6.58084829e-03
 1.43387612e+02 6.81315756e-03
 1.43482049e+02 7.05072031e-03
 1.43576485e+02 7.29352152e-03
 1.43670921e+02 7.54154304e-03
 1.43765358e+02 7.79474337e-03
 1.43859794e+02 8.05307058e-03
 1.43954231e+02 8.31647269e-03
 1.44048667e+02 8.58489769e-03
 1.44143104e+02 8.85828309e-03
 1.44237540e+02 9.13653944e-03
 1.44331977e+02 9.41957302e-03
 1.44426413e+02 9.70729010e-03
 1.44520850e+02 9.99959601e-03
 1.44615286e+02 1.02963743e-02
 1.44709723e+02 1.05974868e-02
 1.44804159e+02 1.09027944e-02
 1.44898596e+02 1.12121579e-02
 1.44993032e+02 1.15254333e-02
 1.45087469e+02 1.18424459e-02
 1.45181905e+02 1.21630089e-02
 1.45276341e+02 1.24869355e-02
 1.45370778e+02 1.28140389e-02
 1.45465214e+02 1.31441188e-02
 1.45559651e+02 1.34769445e-02
 1.45654087e+02 1.38122813e-02
 1.45748524e+02 1.41498944e-02
 1.45842960e+02 1.44895478e-02
 1.45937397e+02 1.48309820e-02
 1.46031833e+02 1.51739167e-02
 1.46126270e+02 1.55180710e-02
 1.46220706e+02 1.58631640e-02
 1.46315143e+02 1.62089096e-02
 1.46409579e+02 1.65549942e-02
 1.46504016e+02 1.69010949e-02
 1.46598452e+02 1.72468886e-02
 1.46692888e+02 1.75920523e-02
 1.46787325e+02 1.79362517e-02
 1.46881761e+02 1.82791312e-02
 1.46976198e+02 1.86203322e-02
 1.47070634e+02 1.89594965e-02
 1.47165071e+02 1.92962647e-02
 1.47259507e+02 1.96302635e-02
 1.47353944e+02 1.99611086e-02
 1.47448380e+02 2.02884154e-02
 1.47542817e+02 2.06117992e-02
 1.47637253e+02 2.09308736e-02
 1.47731690e+02 2.12452420e-02
 1.47826126e+02 2.15545051e-02
 1.47920563e+02 2.18582637e-02
 1.48014999e+02 2.21561185e-02
 1.48109436e+02 2.24476699e-02
 1.48203872e+02 2.27325176e-02
 1.48298308e+02 2.30102611e-02
 1.48392745e+02 2.32805002e-02
 1.48487181e+02 2.35428351e-02
 1.48581618e+02 2.37968742e-02
 1.48676054e+02 2.40422310e-02
 1.48770491e+02 2.42785196e-02
 1.48864927e+02 2.45053536e-02
 1.48959364e+02 2.47223521e-02
 1.49053800e+02 2.49291542e-02
 1.49148237e+02 2.51254045e-02
 1.49242673e+02 2.53107472e-02
 1.49337110e+02 2.54848271e-02
 1.49431546e+02 2.56473070e-02
 1.49525983e+02 2.57978766e-02
 1.49620419e+02 2.59362276e-02
 1.49714855e+02 2.60620518e-02
 1.49809292e+02 2.61750447e-02
 1.49903728e+02 2.62749394e-02
 1.49998165e+02 2.63614913e-02
 1.50092601e+02 2.64344562e-02
 1.50187038e+02 2.64935898e-02
 1.50281474e+02 2.65386631e-02
 1.50375911e+02 2.65694997e-02
 1.50470347e+02 2.65859347e-02
 1.50564784e+02 2.65878030e-02
 1.50659220e+02 2.65749407e-02
 1.50753657e+02 2.65472222e-02
 1.50848093e+02 2.65045719e-02
 1.50942530e+02 2.64469175e-02
 1.51036966e+02 2.63741867e-02
 1.51131403e+02 2.62863146e-02
 1.51225839e+02 2.61832992e-02
 1.51320275e+02 2.60651713e-02
 1.51414712e+02 2.59319621e-02
 1.51509148e+02 2.57837024e-02
 1.51603585e+02 2.56204478e-02
 1.51698021e+02 2.54423261e-02
 1.51792458e+02 2.52494787e-02
 1.51886894e+02 2.50420470e-02
 1.51981331e+02 2.48201740e-02
 1.52075767e+02 2.45840532e-02
 1.52170204e+02 2.43339361e-02
 1.52264640e+02 2.40700768e-02
 1.52359077e+02 2.37927300e-02
 1.52453513e+02 2.35021593e-02
 1.52547950e+02 2.31986987e-02
 1.52642386e+02 2.28827133e-02
 1.52736822e+02 2.25545686e-02
 1.52831259e+02 2.22146300e-02
 1.52925695e+02 2.18632890e-02
 1.53020132e+02 2.15010040e-02
 1.53114568e+02 2.11282441e-02
 1.53209005e+02 2.07454785e-02
 1.53303441e+02 2.03531781e-02
 1.53397878e+02 1.99518576e-02
 1.53492314e+02 1.95420753e-02
 1.53586751e+02 1.91243915e-02
 1.53681187e+02 1.86993662e-02
 1.53775624e+02 1.82675673e-02
 1.53870060e+02 1.78296098e-02
 1.53964497e+02 1.73861272e-02
 1.54058933e+02 1.69377529e-02
 1.54153369e+02 1.64851205e-02
 1.54247806e+02 1.60288779e-02
 1.54342242e+02 1.55697047e-02
 1.54436679e+02 1.51082851e-02
 1.54531115e+02 1.46453031e-02
 1.54625552e+02 1.41814434e-02
 1.54719988e+02 1.37174029e-02
 1.54814425e+02 1.32538887e-02
 1.54908861e+02 1.27916088e-02
 1.55003298e+02 1.23312708e-02
 1.55097734e+02 1.18735815e-02
 1.55192171e+02 1.14192439e-02
 1.55286607e+02 1.09689591e-02
 1.55381044e+02 1.05234284e-02
 1.55475480e+02 1.00833530e-02
 1.55569917e+02 9.64942200e-03
 1.55664353e+02 9.22230097e-03
 1.55758789e+02 8.80265273e-03
 1.55853226e+02 8.39114016e-03
 1.55947662e+02 7.98842355e-03
 1.56042099e+02 7.59512509e-03
 1.56136535e+02 7.21183760e-03
 1.56230972e+02 6.83915316e-03
 1.56325408e+02 6.47766384e-03
 1.56419845e+02 6.12794718e-03
 1.56514281e+02 5.79051317e-03
 1.56608718e+02 5.46585219e-03
 1.56703154e+02 5.15445460e-03
 1.56797591e+02 4.85681021e-03
 1.56892027e+02 4.57336377e-03
 1.56986464e+02 4.30448377e-03
 1.57080900e+02 4.05053126e-03
 1.57175336e+02 3.81186734e-03
 1.57269773e+02 3.58884614e-03
 1.57364209e+02 3.38173599e-03
 1.57458646e+02 3.19074742e-03
 1.57553082e+02 3.01608982e-03
 1.57647519e+02 2.85797262e-03
 1.57741955e+02 2.71657739e-03
 1.57836392e+02 2.59197438e-03
 1.57930828e+02 2.48420599e-03
 1.58025265e+02 2.39331464e-03
 1.58119701e+02 2.31934150e-03
 1.58214138e+02 2.26226141e-03
 1.58308574e+02 2.22195093e-03
 1.58403011e+02 2.19827863e-03
 1.58497447e+02 2.19111311e-03
 1.58591884e+02 2.20031318e-03
 1.58686320e+02 2.22563670e-03
 1.58780756e+02 2.26678201e-03
 1.58875193e+02 2.32344666e-03
 1.58969629e+02 2.39532820e-03
 1.59064066e+02 2.48209368e-03
 1.59158502e+02 2.58330514e-03
 1.59252939e+02 2.69850202e-03
 1.59347375e+02 2.82722373e-03
 1.59441812e+02 2.96900828e-03
 1.59536248e+02 3.12333755e-03
 1.59630685e+02 3.28962060e-03
 1.59725121e+02 3.46726157e-03
 1.59819558e+02 3.65566464e-03
 1.59913994e+02 3.85422670e-03
 1.60008431e+02 4.06228137e-03
 1.60102867e+02 4.27912971e-03
 1.60197303e+02 4.50407249e-03
 1.60291740e+02 4.73641049e-03
 1.60386176e+02 4.97543027e-03
 1.60480613e+02 5.22037628e-03
 1.60575049e+02 5.47048516e-03
 1.60669486e+02 5.72499355e-03
 1.60763922e+02 5.98313777e-03
 1.60858359e+02 6.24414529e-03
 1.60952795e+02 6.50723341e-03
 1.61047232e+02 6.77161890e-03
 1.61141668e+02 7.03651853e-03
 1.61236105e+02 7.30115131e-03
 1.61330541e+02 7.56475301e-03
 1.61424978e+02 7.82656688e-03
 1.61519414e+02 8.08583621e-03
 1.61613851e+02 8.34180431e-03
 1.61708287e+02 8.59373257e-03
 1.61802723e+02 8.84092875e-03
 1.61897160e+02 9.08270797e-03
 1.61991596e+02 9.31838534e-03
 1.62086033e+02 9.54727834e-03
 1.62180469e+02 9.76875846e-03
 1.62274906e+02 9.98225121e-03
 1.62369342e+02 1.01871845e-02
 1.62463779e+02 1.03829861e-02
 1.62558215e+02 1.05690990e-02
 1.62652652e+02 1.07450604e-02
 1.62747088e+02 1.09104442e-02
 1.62841525e+02 1.10648245e-02
 1.62935961e+02 1.12077756e-02
 1.63030398e+02 1.13389197e-02
 1.63124834e+02 1.14579860e-02
 1.63219270e+02 1.15647181e-02
 1.63313707e+02 1.16588594e-02
 1.63408143e+02 1.17401588e-02
 1.63502580e+02 1.18084569e-02
 1.63597016e+02 1.18636756e-02
 1.63691453e+02 1.19057393e-02
 1.63785889e+02 1.19345726e-02
 1.63880326e+02 1.19501218e-02
 1.63974762e+02 1.19524511e-02
 1.64069199e+02 1.19416644e-02
 1.64163635e+02 1.19178655e-02
 1.64258072e+02 1.18811588e-02
 1.64352508e+02 1.18317006e-02
 1.64446945e+02 1.17697483e-02
 1.64541381e+02 1.16955709e-02
 1.64635818e+02 1.16094374e-02
 1.64730254e+02 1.15116217e-02
 1.64824690e+02 1.14024728e-02
 1.64919127e+02 1.12823973e-02
 1.65013563e+02 1.11518033e-02
 1.65108000e+02 1.10110990e-02
 1.65202436e+02 1.08607072e-02
 1.65296873e+02 1.07011199e-02
 1.65391309e+02 1.05328490e-02
 1.65485746e+02 1.03564062e-02
 1.65580182e+02 1.01723037e-02
 1.65674619e+02 9.98107527e-03
 1.65769055e+02 9.78329109e-03
 1.65863492e+02 9.57952490e-03
 1.65957928e+02 9.37035047e-03
 1.66052365e+02 9.15634232e-03
 1.66146801e+02 8.93808465e-03
 1.66241237e+02 8.71616813e-03
 1.66335674e+02 8.49118359e-03
 1.66430110e+02 8.26372183e-03
 1.66524547e+02 8.03436916e-03
 1.66618983e+02 7.80369394e-03
 1.66713420e+02 7.57226002e-03
 1.66807856e+02 7.34063125e-03
 1.66902293e+02 7.10937101e-03
 1.66996729e+02 6.87901731e-03
 1.67091166e+02 6.65007057e-03
 1.67185602e+02 6.42302814e-03
 1.67280039e+02 6.19838740e-03
 1.67374475e+02 5.97664008e-03
 1.67468912e+02 5.75821992e-03
 1.67563348e+02 5.54352642e-03
 1.67657785e+02 5.33295864e-03
 1.67752221e+02 5.12691564e-03
 1.67846657e+02 4.92577334e-03
 1.67941094e+02 4.72982802e-03
 1.68035530e+02 4.53935880e-03
 1.68129967e+02 4.35464483e-03
 1.68224403e+02 4.17596385e-03
 1.68318840e+02 4.00353976e-03
 1.68413276e+02 3.83752651e-03
 1.68507713e+02 3.67807337e-03
 1.68602149e+02 3.52532961e-03
 1.68696586e+02 3.37943553e-03
 1.68791022e+02 3.24045322e-03
 1.68885459e+02 3.10840452e-03
 1.68979895e+02 2.98331095e-03
 1.69074332e+02 2.86519399e-03
 1.69168768e+02 2.75404981e-03
 1.69263204e+02 2.64979936e-03
 1.69357641e+02 2.55234966e-03
 1.69452077e+02 2.46160774e-03
 1.69546514e+02 2.37747924e-03
 1.69640950e+02 2.29982864e-03
 1.69735387e+02 2.22847358e-03
 1.69829823e+02 2.16322912e-03
 1.69924260e+02 2.10391034e-03
 1.70018696e+02 2.05032693e-03
 1.70113133e+02 2.00224882e-03
 1.70207569e+02 1.95942814e-03
 1.70302006e+02 1.92161692e-03
 1.70396442e+02 1.88856718e-03
 1.70490879e+02 1.86002309e-03
 1.70585315e+02 1.83570874e-03
 1.70679751e+02 1.81534501e-03
 1.70774188e+02 1.79865277e-03
 1.70868624e+02 1.78535292e-03
 1.70963061e+02 1.77516639e-03
 1.71057497e+02 1.76781416e-03
 1.71151934e+02 1.76301723e-03
 1.71246370e+02 1.76049658e-03
 1.71340807e+02 1.75997602e-03
 1.71435243e+02 1.76119703e-03
 1.71529680e+02 1.76390797e-03
 1.71624116e+02 1.76785725e-03
 1.71718553e+02 1.77279329e-03
 1.71812989e+02 1.77847814e-03
 1.71907426e+02 1.78470411e-03
 1.72001862e+02 1.79126761e-03
 1.72096299e+02 1.79796506e-03
 1.72190735e+02 1.80459454e-03
 1.72285171e+02 1.81098490e-03
 1.72379608e+02 1.81699195e-03
 1.72474044e+02 1.82247244e-03
 1.72568481e+02 1.82728311e-03
 1.72662917e+02 1.83128844e-03
 1.72757354e+02 1.83439482e-03
 1.72851790e+02 1.83652276e-03
 1.72946227e+02 1.83759275e-03
 1.73040663e+02 1.83752546e-03
 1.73135100e+02 1.83626015e-03
 1.73229536e+02 1.83377221e-03
 1.73323973e+02 1.83004121e-03
 1.73418409e+02 1.82504669e-03
 1.73512846e+02 1.81876991e-03
 1.73607282e+02 1.81121794e-03
 1.73701718e+02 1.80241768e-03
 1.73796155e+02 1.79239654e-03
 1.73890591e+02 1.78118194e-03
 1.73985028e+02 1.76880595e-03
 1.74079464e+02 1.75532235e-03
 1.74173901e+02 1.74079120e-03
 1.74268337e+02 1.72527259e-03
 1.74362774e+02 1.70882665e-03
 1.74457210e+02 1.69151914e-03
 1.74551647e+02 1.67342534e-03
 1.74646083e+02 1.65462146e-03
 1.74740520e+02 1.63518371e-03
 1.74834956e+02 1.61518833e-03
 1.74929393e+02 1.59471206e-03
 1.75023829e+02 1.57383194e-03
 1.75118266e+02 1.55262505e-03
 1.75212702e+02 1.53116845e-03
 1.75307138e+02 1.50953735e-03
 1.75401575e+02 1.48779953e-03
 1.75496011e+02 1.46602089e-03
 1.75590448e+02 1.44426735e-03
 1.75684884e+02 1.42260469e-03
 1.75779321e+02 1.40109157e-03
 1.75873757e+02 1.37977604e-03
 1.75968194e+02 1.35870534e-03
 1.76062630e+02 1.33792668e-03
 1.76157067e+02 1.31748605e-03
 1.76251503e+02 1.29741677e-03
 1.76345940e+02 1.27774466e-03
 1.76440376e+02 1.25849545e-03
 1.76534813e+02 1.23969489e-03
 1.76629249e+02 1.22136484e-03
 1.76723685e+02 1.20351384e-03
 1.76818122e+02 1.18614756e-03
 1.76912558e+02 1.16927169e-03
 1.77006995e+02 1.15289172e-03
 1.77101431e+02 1.13700670e-03
 1.77195868e+02 1.12160728e-03
 1.77290304e+02 1.10668354e-03
 1.77384741e+02 1.09222557e-03
 1.77479177e+02 1.07822278e-03
 1.77573614e+02 1.06465873e-03
 1.77668050e+02 1.05151400e-03
 1.77762487e+02 1.03876912e-03
 1.77856923e+02 1.02640462e-03
 1.77951360e+02 1.01440029e-03
 1.78045796e+02 1.00273371e-03
 1.78140233e+02 9.91382007e-04
 1.78234669e+02 9.80322350e-04
 1.78329105e+02 9.69531914e-04
 1.78423542e+02 9.58988652e-04
 1.78517978e+02 9.48671397e-04
 1.78612415e+02 9.38559033e-04
 1.78706851e+02 9.28630441e-04
 1.78801288e+02 9.18864939e-04
 1.78895724e+02 9.09245054e-04
 1.78990161e+02 8.99754754e-04
 1.79084597e+02 8.90378013e-04
 1.79179034e+02 8.81098808e-04
 1.79273470e+02 8.71902751e-04
 1.79367907e+02 8.62779650e-04
 1.79462343e+02 8.53719982e-04
 1.79556780e+02 8.44714221e-04
 1.79651216e+02 8.35752971e-04
 1.79745652e+02 8.26829807e-04
 1.79840089e+02 8.17941273e-04
 1.79934525e+02 8.09084041e-04
 1.80028962e+02 8.00254786e-04
 1.80123398e+02 7.91450663e-04
 1.80217835e+02 7.82671873e-04
 1.80312271e+02 7.73919800e-04
 1.80406708e+02 7.65195833e-04
 1.80501144e+02 7.56501362e-04
 1.80595581e+02 7.47838540e-04
 1.80690017e+02 7.39211218e-04
 1.80784454e+02 7.30623475e-04
 1.80878890e+02 7.22079392e-04
 1.80973327e+02 7.13583068e-04
 1.81067763e+02 7.05138971e-04
 1.81162200e+02 6.96751890e-04
 1.81256636e+02 6.88426625e-04
 1.81351072e+02 6.80167977e-04
 1.81445509e+02 6.71980650e-04
 1.81539945e+02 6.63868834e-04
 1.81634382e+02 6.55836543e-04
 1.81728818e+02 6.47887792e-04
 1.81823255e+02 6.40026593e-04
 1.81917691e+02 6.32256442e-04
 1.82012128e+02 6.24579843e-04
 1.82106564e+02 6.16999182e-04
 1.82201001e+02 6.09516847e-04
 1.82295437e+02 6.02135160e-04
 1.82389874e+02 5.94855464e-04
 1.82484310e+02 5.87678346e-04
 1.82578747e+02 5.80604377e-04
 1.82673183e+02 5.73634125e-04
 1.82767619e+02 5.66767943e-04
 1.82862056e+02 5.60005175e-04
 1.82956492e+02 5.53344873e-04
 1.83050929e+02 5.46786089e-04
 1.83145365e+02 5.40327871e-04
 1.83239802e+02 5.33968934e-04
 1.83334238e+02 5.27707432e-04
 1.83428675e+02 5.21541462e-04
 1.83523111e+02 5.15469123e-04
 1.83617548e+02 5.09488499e-04
 1.83711984e+02 5.03597473e-04
 1.83806421e+02 4.97793797e-04
 1.83900857e+02 4.92075221e-04
 1.83995294e+02 4.86439493e-04
 1.84089730e+02 4.80884385e-04
 1.84184167e+02 4.75407755e-04
 1.84278603e+02 4.70007485e-04
 1.84373039e+02 4.64681454e-04
 1.84467476e+02 4.59427547e-04
 1.84561912e+02 4.54243803e-04
 1.84656349e+02 4.49128495e-04
 1.84750785e+02 4.44079910e-04
 1.84845222e+02 4.39096341e-04
 1.84939658e+02 4.34176104e-04
 1.85034095e+02 4.29317801e-04
 1.85128531e+02 4.24520202e-04
 1.85222968e+02 4.19782078e-04
 1.85317404e+02 4.15102202e-04
 1.85411841e+02 4.10479423e-04
 1.85506277e+02 4.05912858e-04
 1.85600714e+02 4.01401680e-04
 1.85695150e+02 3.96945063e-04
 1.85789586e+02 3.92542184e-04
 1.85884023e+02 3.88192323e-04
 1.85978459e+02 3.83894890e-04
 1.86072896e+02 3.79649307e-04
 1.86167332e+02 3.75454994e-04
 1.86261769e+02 3.71311379e-04
 1.86356205e+02 3.67217942e-04
 1.86450642e+02 3.63174191e-04
 1.86545078e+02 3.59179633e-04
 1.86639515e+02 3.55233778e-04
 1.86733951e+02 3.51336128e-04
 1.86828388e+02 3.47486165e-04
 1.86922824e+02 3.43683372e-04
 1.87017261e+02 3.39927228e-04
 1.87111697e+02 3.36217213e-04
 1.87206133e+02 3.32552771e-04
 1.87300570e+02 3.28933306e-04
 1.87395006e+02 3.25358218e-04
 1.87489443e+02 3.21826909e-04
 1.87583879e+02 3.18338773e-04
 1.87678316e+02 3.14893160e-04
 1.87772752e+02 3.11489396e-04
 1.87867189e+02 3.08126807e-04
 1.87961625e+02 3.04804722e-04
 1.88056062e+02 3.01522459e-04
 1.88150498e+02 2.98279314e-04
 1.88244935e+02 2.95074582e-04
 1.88339371e+02 2.91907554e-04
 1.88433808e+02 2.88777525e-04
 1.88528244e+02 2.85683798e-04
 1.88622681e+02 2.82625681e-04
 1.88717117e+02 2.79602486e-04
 1.88811553e+02 2.76613523e-04
 1.88905990e+02 2.73658109e-04
 1.89000426e+02 2.70735598e-04
 1.89094863e+02 2.67845360e-04
 1.89189299e+02 2.64986764e-04
 1.89283736e+02 2.62159179e-04
 1.89378172e+02 2.59361998e-04
 1.89472609e+02 2.56594665e-04
 1.89567045e+02 2.53856631e-04
 1.89661482e+02 2.51147347e-04
 1.89755918e+02 2.48466265e-04
 1.89850355e+02 2.45812882e-04
 1.89944791e+02 2.43186732e-04
 1.90039228e+02 2.40587351e-04
 1.90133664e+02 2.38014274e-04
 1.90228100e+02 2.35467046e-04
 1.90322537e+02 2.32945260e-04
 1.90416973e+02 2.30448526e-04
 1.90511410e+02 2.27976454e-04
 1.90605846e+02 2.25528654e-04
 1.90700283e+02 2.23104754e-04
 1.90794719e+02 2.20704421e-04
 1.90889156e+02 2.18327322e-04
 1.90983592e+02 2.15973127e-04
 1.91078029e+02 2.13641507e-04
 1.91172465e+02 2.11332155e-04
 1.91266902e+02 2.09044787e-04
 1.91361338e+02 2.06779115e-04
 1.91455775e+02 2.04534855e-04
 1.91550211e+02 2.02311724e-04
 1.91644648e+02 2.00109466e-04
 1.91739084e+02 1.97927830e-04
 1.91833520e+02 1.95766566e-04
 1.91927957e+02 1.93625425e-04
 1.92022393e+02 1.91504166e-04
 1.92116830e+02 1.89402569e-04
 1.92211266e+02 1.87320415e-04
 1.92305703e+02 1.85257484e-04
 1.92400139e+02 1.83213560e-04
 1.92494576e+02 1.81188441e-04
 1.92589012e+02 1.79181939e-04
 1.92683449e+02 1.77193864e-04
 1.92777885e+02 1.75224027e-04
 1.92872322e+02 1.73272245e-04
 1.92966758e+02 1.71338352e-04
 1.93061195e+02 1.69422190e-04
 1.93155631e+02 1.67523598e-04
 1.93250067e+02 1.65642418e-04
 1.93344504e+02 1.63778501e-04
 1.93438940e+02 1.61931713e-04
 1.93533377e+02 1.60101924e-04
 1.93627813e+02 1.58289000e-04
 1.93722250e+02 1.56492813e-04
 1.93816686e+02 1.54713246e-04
 1.93911123e+02 1.52950192e-04
 1.94005559e+02 1.51203544e-04
 1.94099996e+02 1.49473194e-04
 1.94194432e+02 1.47759040e-04
 1.94288869e+02 1.46060991e-04
 1.94383305e+02 1.44378960e-04
 1.94477742e+02 1.42712859e-04
 1.94572178e+02 1.41062602e-04
 1.94666615e+02 1.39428107e-04
 1.94761051e+02 1.37809301e-04
 1.94855487e+02 1.36206111e-04
 1.94949924e+02 1.34618465e-04
 1.95044360e+02 1.33046290e-04
 1.95138797e+02 1.31489521e-04
 1.95233233e+02 1.29948094e-04
 1.95327670e+02 1.28421946e-04
 1.95422106e+02 1.26911014e-04
 1.95516543e+02 1.25415237e-04
 1.95610979e+02 1.23934555e-04
 1.95705416e+02 1.22468911e-04
 1.95799852e+02 1.21018247e-04
 1.95894289e+02 1.19582506e-04
 1.95988725e+02 1.18161629e-04
 1.96083162e+02 1.16755563e-04
 1.96177598e+02 1.15364250e-04
 1.96272034e+02 1.13987634e-04
 1.96366471e+02 1.12625660e-04
 1.96460907e+02 1.11278272e-04
 1.96555344e+02 1.09945412e-04
 1.96649780e+02 1.08627023e-04
 1.96744217e+02 1.07323050e-04
 1.96838653e+02 1.06033433e-04
 1.96933090e+02 1.04758115e-04
 1.97027526e+02 1.03497035e-04
 1.97121963e+02 1.02250134e-04
 1.97216399e+02 1.01017351e-04
 1.97310836e+02 9.97986243e-05
 1.97405272e+02 9.85938896e-05
 1.97499709e+02 9.74030823e-05
 1.97594145e+02 9.62261377e-05
 1.97688582e+02 9.50629905e-05
 1.97783018e+02 9.39135715e-05
 1.97877454e+02 9.27778098e-05
 1.97971891e+02 9.16556344e-05
 1.98066327e+02 9.05469744e-05
 1.98160764e+02 8.94517569e-05
 1.98255200e+02 8.83699042e-05
 1.98349637e+02 8.73013379e-05
 1.98444073e+02 8.62459797e-05
 1.98538510e+02 8.52037512e-05
 1.98632946e+02 8.41745697e-05
 1.98727383e+02 8.31583488e-05
 1.98821819e+02 8.21550023e-05
 1.98916256e+02 8.11644437e-05
 1.99010692e+02 8.01865855e-05
 1.99105129e+02 7.92213349e-05
 1.99199565e+02 7.82685972e-05
 1.99294001e+02 7.73282776e-05
 1.99388438e+02 7.64002813e-05
 1.99482874e+02 7.54845111e-05
 1.99577311e+02 7.45808646e-05
 1.99671747e+02 7.36892388e-05
 1.99766184e+02 7.28095309e-05
 1.99860620e+02 7.19416377e-05
 1.99955057e+02 7.10854519e-05
 2.00049493e+02 7.02408631e-05
 2.00143930e+02 6.94077607e-05
 2.00238366e+02 6.85860343e-05
 2.00332803e+02 6.77755723e-05
 2.00427239e+02 6.69762587e-05
 2.00521676e+02 6.61879763e-05
 2.00616112e+02 6.54106078e-05
 2.00710549e+02 6.46440359e-05
 2.00804985e+02 6.38881412e-05
 2.00899421e+02 6.31428013e-05
 2.00993858e+02 6.24078930e-05
 2.01088294e+02 6.16832935e-05
 2.01182731e+02 6.09688796e-05
 2.01277167e+02 6.02645258e-05
 2.01371604e+02 5.95701046e-05
 2.01466040e+02 5.88854888e-05
 2.01560477e+02 5.82105509e-05
 2.01654913e+02 5.75451633e-05
 2.01749350e+02 5.68891961e-05
 2.01843786e+02 5.62425189e-05
 2.01938223e+02 5.56050015e-05
 2.02032659e+02 5.49765136e-05
 2.02127096e+02 5.43569242e-05
 2.02221532e+02 5.37461016e-05
 2.02315968e+02 5.31439141e-05
 2.02410405e+02 5.25502299e-05
 2.02504841e+02 5.19649171e-05
 2.02599278e+02 5.13878441e-05
 2.02693714e+02 5.08188790e-05
 2.02788151e+02 5.02578902e-05
 2.02882587e+02 4.97047458e-05
 2.02977024e+02 4.91593146e-05
 2.03071460e+02 4.86214659e-05
 2.03165897e+02 4.80910698e-05
 2.03260333e+02 4.75679960e-05
 2.03354770e+02 4.70521144e-05
 2.03449206e+02 4.65432960e-05
 2.03543643e+02 4.60414137e-05
 2.03638079e+02 4.55463404e-05
 2.03732516e+02 4.50579488e-05
 2.03826952e+02 4.45761121e-05
 2.03921388e+02 4.41007063e-05
 2.04015825e+02 4.36316086e-05
 2.04110261e+02 4.31686963e-05
 2.04204698e+02 4.27118466e-05
 2.04299134e+02 4.22609380e-05
 2.04393571e+02 4.18158528e-05
 2.04488007e+02 4.13764740e-05
 2.04582444e+02 4.09426844e-05
 2.04676880e+02 4.05143671e-05
 2.04771317e+02 4.00914081e-05
 2.04865753e+02 3.96736969e-05
 2.04960190e+02 3.92611232e-05
 2.05054626e+02 3.88535767e-05
 2.05149063e+02 3.84509476e-05
 2.05243499e+02 3.80531311e-05
 2.05337935e+02 3.76600246e-05
 2.05432372e+02 3.72715253e-05
 2.05526808e+02 3.68875307e-05
 2.05621245e+02 3.65079400e-05
 2.05715681e+02 3.61326583e-05
 2.05810118e+02 3.57615911e-05
 2.05904554e+02 3.53946443e-05
 2.05998991e+02 3.50317236e-05
 2.06093427e+02 3.46727393e-05
 2.06187864e+02 3.43176058e-05
 2.06282300e+02 3.39662377e-05
 2.06376737e+02 3.36185496e-05
 2.06471173e+02 3.32744570e-05
 2.06565610e+02 3.29338816e-05
 2.06660046e+02 3.25967471e-05
 2.06754482e+02 3.22629774e-05
 2.06848919e+02 3.19324963e-05
 2.06943355e+02 3.16052304e-05
 2.07037792e+02 3.12811120e-05
 2.07132228e+02 3.09600743e-05
 2.07226665e+02 3.06420507e-05
 2.07321101e+02 3.03269744e-05
 2.07415538e+02 3.00147838e-05
 2.07509974e+02 2.97054211e-05
 2.07604411e+02 2.93988289e-05
 2.07698847e+02 2.90949496e-05
 2.07793284e+02 2.87937269e-05
 2.07887720e+02 2.84951104e-05
 2.07982157e+02 2.81990514e-05
 2.08076593e+02 2.79055017e-05
 2.08171030e+02 2.76144127e-05
 2.08265466e+02 2.73257388e-05
 2.08359902e+02 2.70394395e-05
 2.08454339e+02 2.67554751e-05
 2.08548775e+02 2.64738056e-05
 2.08643212e+02 2.61943917e-05
 2.08737648e+02 2.59171982e-05
 2.08832085e+02 2.56421932e-05
 2.08926521e+02 2.53693451e-05
 2.09020958e+02 2.50986221e-05
 2.09115394e+02 2.48299936e-05
 2.09209831e+02 2.45634339e-05
 2.09304267e+02 2.42989187e-05
 2.09398704e+02 2.40364237e-05
 2.09493140e+02 2.37759247e-05
 2.09587577e+02 2.35173998e-05
 2.09682013e+02 2.32608310e-05
 2.09776449e+02 2.30062005e-05
 2.09870886e+02 2.27534910e-05
 2.09965322e+02 2.25026849e-05
 2.10059759e+02 2.22537682e-05
 2.10154195e+02 2.20067292e-05
 2.10248632e+02 2.17615559e-05
 2.10343068e+02 2.15182367e-05
 2.10437505e+02 2.12767606e-05
 2.10531941e+02 2.10371199e-05
 2.10626378e+02 2.07993077e-05
 2.10720814e+02 2.05633172e-05
 2.10815251e+02 2.03291416e-05
 2.10909687e+02 2.00967756e-05
 2.11004124e+02 1.98662162e-05
 2.11098560e+02 1.96374605e-05
 2.11192997e+02 1.94105058e-05
 2.11287433e+02 1.91853493e-05
 2.11381869e+02 1.89619904e-05
 2.11476306e+02 1.87404292e-05
 2.11570742e+02 1.85206660e-05
 2.11665179e+02 1.83027012e-05
 2.11759615e+02 1.80865354e-05
 2.11854052e+02 1.78721709e-05
 2.11948488e+02 1.76596101e-05
 2.12042925e+02 1.74488556e-05
 2.12137361e+02 1.72399098e-05
 2.12231798e+02 1.70327759e-05
 2.12326234e+02 1.68274577e-05
 2.12420671e+02 1.66239591e-05
 2.12515107e+02 1.64222839e-05
 2.12609544e+02 1.62224360e-05
 2.12703980e+02 1.60244198e-05
 2.12798416e+02 1.58282396e-05
 2.12892853e+02 1.56338999e-05
 2.12987289e+02 1.54414051e-05
 2.13081726e+02 1.52507597e-05
 2.13176162e+02 1.50619679e-05
 2.13270599e+02 1.48750340e-05
 2.13365035e+02 1.46899624e-05
 2.13459472e+02 1.45067572e-05
 2.13553908e+02 1.43254225e-05
 2.13648345e+02 1.41459617e-05
 2.13742781e+02 1.39683783e-05
 2.13837218e+02 1.37926758e-05
 2.13931654e+02 1.36188576e-05
 2.14026091e+02 1.34469263e-05
 2.14120527e+02 1.32768839e-05
 2.14214964e+02 1.31087327e-05
 2.14309400e+02 1.29424747e-05
 2.14403836e+02 1.27781117e-05
 2.14498273e+02 1.26156443e-05
 2.14592709e+02 1.24550727e-05
 2.14687146e+02 1.22963974e-05
 2.14781582e+02 1.21396187e-05
 2.14876019e+02 1.19847358e-05
 2.14970455e+02 1.18317471e-05
 2.15064892e+02 1.16806507e-05
 2.15159328e+02 1.15314450e-05
 2.15253765e+02 1.13841278e-05
 2.15348201e+02 1.12386957e-05
 2.15442638e+02 1.10951445e-05
 2.15537074e+02 1.09534700e-05
 2.15631511e+02 1.08136682e-05
 2.15725947e+02 1.06757340e-05
 2.15820383e+02 1.05396612e-05
 2.15914820e+02 1.04054430e-05
 2.16009256e+02 1.02730728e-05
 2.16103693e+02 1.01425438e-05
 2.16198129e+02 1.00138480e-05
 2.16292566e+02 9.88697621e-06
 2.16387002e+02 9.76191921e-06
 2.16481439e+02 9.63866776e-06
 2.16575875e+02 9.51721234e-06
 2.16670312e+02 9.39754176e-06
 2.16764748e+02 9.27964428e-06
 2.16859185e+02 9.16350816e-06
 2.16953621e+02 9.04912165e-06
 2.17048058e+02 8.93647225e-06
 2.17142494e+02 8.82554598e-06
 2.17236931e+02 8.71632871e-06
 2.17331367e+02 8.60880632e-06
 2.17425803e+02 8.50296458e-06
 2.17520240e+02 8.39878809e-06
 2.17614676e+02 8.29626056e-06
 2.17709113e+02 8.19536564e-06
 2.17803549e+02 8.09608701e-06
 2.17897986e+02 7.99840805e-06
 2.17992422e+02 7.90231089e-06
 2.18086859e+02 7.80777723e-06
 2.18181295e+02 7.71478882e-06
 2.18275732e+02 7.62332738e-06
 2.18370168e+02 7.53337405e-06
 2.18464605e+02 7.44490904e-06
 2.18559041e+02 7.35791244e-06
 2.18653478e+02 7.27236434e-06
 2.18747914e+02 7.18824479e-06
 2.18842350e+02 7.10553309e-06
 2.18936787e+02 7.02420806e-06
 2.19031223e+02 6.94424850e-06
 2.19125660e+02 6.86563322e-06
 2.19220096e+02 6.78834088e-06
 2.19314533e+02 6.71234950e-06
 2.19408969e+02 6.63763698e-06
 2.19503406e+02 6.56418119e-06
 2.19597842e+02 6.49196001e-06
 2.19692279e+02 6.42095111e-06
 2.19786715e+02 6.35113186e-06
 2.19881152e+02 6.28247960e-06
 2.19975588e+02 6.21497165e-06
 2.20070025e+02 6.14858536e-06
 2.20164461e+02 6.08329794e-06
 2.20258898e+02 6.01908658e-06
 2.20353334e+02 5.95592845e-06
 2.20447770e+02 5.89380072e-06
 2.20542207e+02 5.83268060e-06
 2.20636643e+02 5.77254545e-06
 2.20731080e+02 5.71337265e-06
 2.20825516e+02 5.65513957e-06
 2.20919953e+02 5.59782361e-06
 2.21014389e+02 5.54140238e-06
 2.21108826e+02 5.48585380e-06
 2.21203262e+02 5.43115582e-06
 2.21297699e+02 5.37728636e-06
 2.21392135e+02 5.32422344e-06
 2.21486572e+02 5.27194560e-06
 2.21581008e+02 5.22043166e-06
 2.21675445e+02 5.16966044e-06
 2.21769881e+02 5.11961077e-06
 2.21864317e+02 5.07026173e-06
 2.21958754e+02 5.02159319e-06
 2.22053190e+02 4.97358514e-06
 2.22147627e+02 4.92621757e-06
 2.22242063e+02 4.87947052e-06
 2.22336500e+02 4.83332464e-06
 2.22430936e+02 4.78776132e-06
 2.22525373e+02 4.74276198e-06
 2.22619809e+02 4.69830805e-06
 2.22714246e+02 4.65438110e-06
 2.22808682e+02 4.61096371e-06
 2.22903119e+02 4.56803895e-06
 2.22997555e+02 4.52558987e-06
 2.23091992e+02 4.48359954e-06
 2.23186428e+02 4.44205146e-06
 2.23280864e+02 4.40093029e-06
 2.23375301e+02 4.36022090e-06
 2.23469737e+02 4.31990812e-06
 2.23564174e+02 4.27997686e-06
 2.23658610e+02 4.24041290e-06
 2.23753047e+02 4.20120296e-06
 2.23847483e+02 4.16233380e-06
 2.23941920e+02 4.12379217e-06
 2.24036356e+02 4.08556503e-06
 2.24130793e+02 4.04764058e-06
 2.24225229e+02 4.01000756e-06
 2.24319666e+02 3.97265468e-06
 2.24414102e+02 3.93557066e-06
 2.24508539e+02 3.89874478e-06
 2.24602975e+02 3.86216757e-06
 2.24697412e+02 3.82582973e-06
 2.24791848e+02 3.78972196e-06
 2.24886284e+02 3.75383500e-06
 2.24980721e+02 3.71816062e-06
 2.25075157e+02 3.68269141e-06
 2.25169594e+02 3.64742004e-06
 2.25264030e+02 3.61233916e-06
 2.25358467e+02 3.57744163e-06
 2.25452903e+02 3.54272158e-06
 2.25547340e+02 3.50817353e-06
 2.25641776e+02 3.47379202e-06
 2.25736213e+02 3.43957157e-06
 2.25830649e+02 3.40550729e-06
 2.25925086e+02 3.37159534e-06
 2.26019522e+02 3.33783202e-06
 2.26113959e+02 3.30421363e-06
 2.26208395e+02 3.27073652e-06
 2.26302831e+02 3.23739793e-06
 2.26397268e+02 3.20419581e-06
 2.26491704e+02 3.17112810e-06
 2.26586141e+02 3.13819275e-06
 2.26680577e+02 3.10538790e-06
 2.26775014e+02 3.07271263e-06
 2.26869450e+02 3.04016626e-06
 2.26963887e+02 3.00774815e-06
 2.27058323e+02 2.97545763e-06
 2.27152760e+02 2.94329458e-06
 2.27247196e+02 2.91125983e-06
 2.27341633e+02 2.87935428e-06
 2.27436069e+02 2.84757881e-06
 2.27530506e+02 2.81593435e-06
 2.27624942e+02 2.78442178e-06
 2.27719379e+02 2.75304200e-06
 2.27813815e+02 2.72179593e-06
 2.27908251e+02 2.69068446e-06
