 6.04307204e-01 5.72202821e+02
 6.04509643e-01 5.72202821e+02
 6.04831574e-01 5.72222007e+02
 6.05430615e-01 5.72222007e+02
 6.05468003e-01 5.72222007e+02
 6.06694416e-01 5.72236788e+02
 6.11062079e-01 5.72236788e+02
 6.08282540e-01 5.72236788e+02
 6.09459184e-01 5.72249864e+02
 6.13885777e-01 5.72249864e+02
 6.23902930e-01 5.72249864e+02
 6.40316644e-01 5.72245438e+02
 6.27295622e-01 5.72230677e+02
 6.26432917e-01 5.72230677e+02
 6.53805910e-01 5.72229386e+02
 6.53745222e-01 5.72226129e+02
 6.45009903e-01 5.72226129e+02
 7.35156597e-01 5.72226129e+02
 6.87802704e-01 5.72207127e+02
 7.28092363e-01 5.72203247e+02
 6.65800302e-01 5.72203247e+02
 7.03132176e-01 5.72181747e+02
 7.45337698e-01 5.72178661e+02
 7.60185967e-01 5.72178661e+02
 6.80263535e-01 5.72174119e+02
 7.22479707e-01 5.72173687e+02
 7.46988393e-01 5.72173687e+02
 6.83084166e-01 5.72173687e+02
 8.33562735e-01 5.72159760e+02
 8.29965899e-01 5.72159760e+02
 9.24873770e-01 5.72159760e+02
 7.70503868e-01 5.72132759e+02
 8.03839235e-01 5.72132759e+02
 7.01142481e-01 5.72132759e+02
 7.57463792e-01 5.72124998e+02
 1.52282713e+00 5.72093540e+02
 1.25539641e+00 5.72093540e+02
 1.07465995e+00 5.72083638e+02
 9.65450483e-01 5.72053754e+02
 2.01645840e+00 5.72053754e+02
 1.83400029e+00 5.72042251e+02
 8.06513022e-01 5.72015817e+02
 9.24764760e-01 5.72015817e+02
 1.54347064e+00 5.72015817e+02
 1.33668935e+00 5.71989123e+02
 1.31922312e+00 5.71984277e+02
 1.89644194e+00 5.71984277e+02
 1.29181550e+00 5.71986061e+02
 1.31526794e+00 5.71986266e+02
 1.16722737e+00 5.71986266e+02
 1.25475032e+00 5.71985466e+02
 1.46371839e+00 5.71985413e+02
 1.35597389e+00 5.71985413e+02
 2.36780252e+00 5.71985413e+02
 1.67091495e+00 5.71954442e+02
 1.52631874e+00 5.71954442e+02
 1.69483917e+00 5.71954442e+02
 1.65316412e+00 5.71942935e+02
 1.71902189e+00 5.71942935e+02
 1.55070511e+00 5.71942935e+02
 1.89522011e+00 5.71939673e+02
 1.95935085e+00 5.71934695e+02
 1.75646373e+00 5.71934695e+02
 1.85918876e+00 5.71917693e+02
 2.02212360e+00 5.71901170e+02
 1.99139021e+00 5.71901170e+02
 2.12394991e+00 5.71901170e+02
 2.13429941e+00 5.71867179e+02
 2.37379777e+00 5.71866794e+02
 2.21195853e+00 5.71866794e+02
 2.44209241e+00 5.71844351e+02
 2.57097748e+00 5.71844351e+02
 2.51391158e+00 5.71844351e+02
 2.72198744e+00 5.71843550e+02
 2.78737703e+00 5.71806711e+02
 2.73340872e+00 5.71806711e+02
 2.66322000e+00 5.71804807e+02
 2.77061986e+00 5.71776458e+02
 2.96474261e+00 5.71776458e+02
 2.77378646e+00 5.71774854e+02
 3.06214764e+00 5.71763392e+02
 3.07599210e+00 5.71763392e+02
 3.07491385e+00 5.71763392e+02
 3.27115660e+00 5.71736735e+02
 3.33358226e+00 5.71724052e+02
 3.37644546e+00 5.71724052e+02
 3.38244906e+00 5.71705239e+02
 3.61151400e+00 5.71698774e+02
 3.61196990e+00 5.71698774e+02
 3.63436947e+00 5.71698774e+02
 3.79251553e+00 5.71661569e+02
 3.86641193e+00 5.71661569e+02
 4.02235943e+00 5.71661569e+02
 3.90011354e+00 5.71652481e+02
 4.22325501e+00 5.71652481e+02
 4.14818570e+00 5.71652481e+02
 4.19561135e+00 5.71623940e+02
 4.25812148e+00 5.71623940e+02
 4.32244671e+00 5.71623940e+02
 4.43821555e+00 5.71621276e+02
 4.53419698e+00 5.71591566e+02
 4.55629610e+00 5.71591566e+02
 4.73913665e+00 5.71587590e+02
 4.77699926e+00 5.71558484e+02
 4.93715247e+00 5.71558484e+02
 4.98800929e+00 5.71558484e+02
 5.01762385e+00 5.71528099e+02
 5.14262945e+00 5.71511917e+02
 5.30499031e+00 5.71511917e+02
 5.22871853e+00 5.71485749e+02
 5.46905201e+00 5.71475006e+02
 5.36876757e+00 5.71475006e+02
 5.62347481e+00 5.71441663e+02
 5.69762603e+00 5.71431283e+02
 5.75635615e+00 5.71431283e+02
 5.80889917e+00 5.71431283e+02
 5.99953674e+00 5.71395371e+02
 6.00725066e+00 5.71395371e+02
 6.10106050e+00 5.71395371e+02
 6.10974058e+00 5.71334054e+02
 6.42846738e+00 5.71334054e+02
 6.44221934e+00 5.71334054e+02
 6.37994724e+00 5.71330268e+02
 6.59656444e+00 5.71271892e+02
 6.80345159e+00 5.71271892e+02
 6.74440020e+00 5.71266280e+02
 6.74657807e+00 5.71212716e+02
 7.10677421e+00 5.71212716e+02
 7.12508921e+00 5.71207917e+02
 7.08266632e+00 5.71177099e+02
 7.31969185e+00 5.71177099e+02
 7.40573599e+00 5.71177099e+02
 7.44361543e+00 5.71155917e+02
 7.42866250e+00 5.71145599e+02
 7.65948761e+00 5.71145599e+02
 7.71556495e+00 5.71130415e+02
 7.77837325e+00 5.71124742e+02
 7.87987685e+00 5.71124742e+02
 8.11157169e+00 5.71124742e+02
 8.08298221e+00 5.71094522e+02
 8.16537875e+00 5.71094522e+02
 8.44883287e+00 5.71094522e+02
 8.39379842e+00 5.71059053e+02
 8.42985333e+00 5.71059053e+02
 8.58776945e+00 5.71059053e+02
 8.78929764e+00 5.71040185e+02
 8.80080973e+00 5.71040185e+02
 8.96704699e+00 5.71040185e+02
 9.08016437e+00 5.71038486e+02
 9.11659016e+00 5.71019048e+02
 9.13776979e+00 5.71019048e+02
 9.47210430e+00 5.71013228e+02
 9.44498899e+00 5.70981456e+02
 9.40315077e+00 5.70981456e+02
 9.69853441e+00 5.70981456e+02
 9.75042483e+00 5.70968622e+02
 9.66331292e+00 5.70964576e+02
 1.01070638e+01 5.70964576e+02
 1.01268623e+01 5.70949206e+02
 1.01685662e+01 5.70946703e+02
 1.03694045e+01 5.70946703e+02
 1.04234557e+01 5.70946703e+02
 1.03635529e+01 5.70915214e+02
 1.06085584e+01 5.70915214e+02
 1.06525483e+01 5.70915214e+02
 1.07344456e+01 5.70894790e+02
 1.10627928e+01 5.70894790e+02
 1.09358667e+01 5.70894790e+02
 1.11600185e+01 5.70870253e+02
 1.13387983e+01 5.70870253e+02
 1.14136610e+01 5.70870253e+02
 1.13599115e+01 5.70859609e+02
 1.17189044e+01 5.70842456e+02
 1.15165084e+01 5.70842456e+02
 1.17946241e+01 5.70833743e+02
 1.20229023e+01 5.70824586e+02
 1.19972029e+01 5.70824586e+02
 1.21462502e+01 5.70824586e+02
 1.23007638e+01 5.70795740e+02
 1.21963751e+01 5.70795089e+02
 1.24998730e+01 5.70795089e+02
 1.24909163e+01 5.70776422e+02
 1.25978689e+01 5.70776370e+02
 1.29236057e+01 5.70776370e+02
 1.29021831e+01 5.70760488e+02
 1.29882785e+01 5.70760488e+02
 1.31888125e+01 5.70760488e+02
 1.30502928e+01 5.70760330e+02
 1.33181611e+01 5.70738367e+02
 1.34485934e+01 5.70738367e+02
 1.33975335e+01 5.70737876e+02
 1.38144325e+01 5.70716672e+02
 1.36979865e+01 5.70716672e+02
 1.38738280e+01 5.70716672e+02
 1.40221373e+01 5.70710282e+02
 1.38741662e+01 5.70702918e+02
 1.42205395e+01 5.70702918e+02
 1.41941935e+01 5.70685957e+02
 1.44023616e+01 5.70670591e+02
 1.46680907e+01 5.70670591e+02
 1.45377221e+01 5.70660813e+02
 1.49118928e+01 5.70653860e+02
 1.48699452e+01 5.70653860e+02
 1.48970236e+01 5.70653860e+02
 1.51048925e+01 5.70632369e+02
 1.49567476e+01 5.70632168e+02
 1.55061817e+01 5.70632168e+02
 1.53966274e+01 5.70619561e+02
 1.54643718e+01 5.70619551e+02
 1.57556317e+01 5.70619551e+02
 1.56666193e+01 5.70619537e+02
 1.58374734e+01 5.70610619e+02
 1.59135737e+01 5.70610619e+02
 1.60447257e+01 5.70610330e+02
 1.61859873e+01 5.70585668e+02
 1.61811050e+01 5.70585668e+02
 1.66007428e+01 5.70584946e+02
 1.63534911e+01 5.70561568e+02
 1.67390635e+01 5.70561568e+02
 1.66628724e+01 5.70561568e+02
 1.68339192e+01 5.70550074e+02
 1.70842811e+01 5.70537895e+02
 1.69985722e+01 5.70537895e+02
 1.73242556e+01 5.70528305e+02
 1.71268620e+01 5.70520317e+02
 1.74180155e+01 5.70520317e+02
 1.73687164e+01 5.70520317e+02
 1.75825612e+01 5.70503916e+02
 1.78987033e+01 5.70503591e+02
 1.77822529e+01 5.70503591e+02
 1.80954825e+01 5.70490619e+02
 1.78131798e+01 5.70490550e+02
 1.82329964e+01 5.70490550e+02
 1.81450267e+01 5.70479920e+02
 1.84745484e+01 5.70479920e+02
 1.85371281e+01 5.70479920e+02
 1.87718440e+01 5.70479867e+02
 1.87851530e+01 5.70466879e+02
 1.86694342e+01 5.70466879e+02
 1.90930145e+01 5.70466523e+02
 1.89032465e+01 5.70446044e+02
 1.93554179e+01 5.70446044e+02
 1.90604615e+01 5.70446044e+02
 1.96250663e+01 5.70444588e+02
 1.93252255e+01 5.70442784e+02
 1.96611625e+01 5.70442784e+02
 1.96507143e+01 5.70425408e+02
 2.00272461e+01 5.70408911e+02
 2.00640406e+01 5.70408911e+02
 2.01229957e+01 5.70405186e+02
 2.02216667e+01 5.70402817e+02
 2.02566702e+01 5.70402817e+02
 2.04733928e+01 5.70402817e+02
 2.02662381e+01 5.70393038e+02
 2.08064954e+01 5.70393038e+02
 2.06764312e+01 5.70393038e+02
 2.12564204e+01 5.70380708e+02
 2.08088893e+01 5.70380708e+02
 2.12123069e+01 5.70380708e+02
 2.09176307e+01 5.70380035e+02
 2.14187150e+01 5.70370504e+02
 2.14066652e+01 5.70370504e+02
 2.16258250e+01 5.70368349e+02
 2.14213789e+01 5.70354632e+02
 2.17179795e+01 5.70354632e+02
 2.16742417e+01 5.70354632e+02
 2.21327672e+01 5.70346714e+02
 2.20934452e+01 5.70344003e+02
 2.21963748e+01 5.70344003e+02
 2.21211281e+01 5.70337808e+02
 2.21143809e+01 5.70336634e+02
 2.24747709e+01 5.70336634e+02
 2.25893205e+01 5.70336634e+02
 2.28502571e+01 5.70322322e+02
 2.28473547e+01 5.70322322e+02
 2.29489923e+01 5.70322322e+02
 2.27617091e+01 5.70310560e+02
 2.31138974e+01 5.70310560e+02
 2.33627895e+01 5.70310560e+02
 2.35632945e+01 5.70304042e+02
 2.35585220e+01 5.70304042e+02
 2.36039274e+01 5.70304042e+02
 2.35021839e+01 5.70301030e+02
 2.35529484e+01 5.70291855e+02
 2.37804012e+01 5.70291855e+02
 2.40812725e+01 5.70289634e+02
 2.43403777e+01 5.70284487e+02
 2.42882613e+01 5.70284487e+02
 2.42984773e+01 5.70284487e+02
 2.42065967e+01 5.70278262e+02
 2.46007426e+01 5.70277119e+02
 2.46129657e+01 5.70277119e+02
 2.49716078e+01 5.70275233e+02
 2.48062000e+01 5.70274993e+02
 2.48245071e+01 5.70274993e+02
 2.48705817e+01 5.70265958e+02
 2.53673207e+01 5.70265216e+02
 2.52240936e+01 5.70265216e+02
 2.57074890e+01 5.70265216e+02
 2.51534050e+01 5.70261957e+02
 2.56234991e+01 5.70261957e+02
 2.53924665e+01 5.70261957e+02
 2.60206951e+01 5.70265216e+02
 2.58200476e+01 5.70265216e+02
 2.60194011e+01 5.70265216e+02
 2.58063546e+01 5.70263824e+02
 2.59788224e+01 5.70258698e+02
 2.61903716e+01 5.70258698e+02
 2.65402571e+01 5.70258472e+02
 2.67733304e+01 5.70257848e+02
 2.66108623e+01 5.70257848e+02
 2.67588014e+01 5.70253436e+02
 2.65303584e+01 5.70244104e+02
 2.72423473e+01 5.70244104e+02
 2.69148901e+01 5.70244104e+02
 2.73351137e+01 5.70246176e+02
 2.70332865e+01 5.70246513e+02
 2.72345509e+01 5.70246513e+02
 2.73315846e+01 5.70245364e+02
 2.77261120e+01 5.70245238e+02
 2.76820235e+01 5.70245238e+02
 2.75103490e+01 5.70244442e+02
 2.77399355e+01 5.70244387e+02
 2.77754081e+01 5.70244387e+02
 2.82729093e+01 5.70244387e+02
 2.80114621e+01 5.70250197e+02
 2.83577666e+01 5.70250197e+02
 2.79453820e+01 5.70250197e+02
 2.85023290e+01 5.70251047e+02
 2.84252841e+01 5.70251047e+02
 2.85483957e+01 5.70251047e+02
 2.85498657e+01 5.70252916e+02
 2.85715023e+01 5.70259123e+02
 2.91135296e+01 5.70259123e+02
 2.87569683e+01 5.70259486e+02
 2.92006022e+01 5.70260399e+02
 2.88595416e+01 5.70260399e+02
 2.93659089e+01 5.70260399e+02
 2.92081151e+01 5.70267526e+02
 2.93567395e+01 5.70268900e+02
 2.95760284e+01 5.70268900e+02
 2.94686475e+01 5.70276914e+02
 3.00440177e+01 5.70277969e+02
 2.97270450e+01 5.70277969e+02
 2.99997031e+01 5.70276762e+02
 2.97071236e+01 5.70276694e+02
 3.01549387e+01 5.70276694e+02
 3.04996268e+01 5.70276694e+02
 3.02901176e+01 5.70287746e+02
 3.04450390e+01 5.70287746e+02
 3.01376303e+01 5.70287749e+02
 3.07768814e+01 5.70299932e+02
 3.08683929e+01 5.70299932e+02
 3.07132163e+01 5.70299932e+02
 3.06437653e+01 5.70302160e+02
 3.07660922e+01 5.70305317e+02
 3.14031770e+01 5.70305317e+02
 3.10559199e+01 5.70314696e+02
 3.13659739e+01 5.70323172e+02
 3.11277053e+01 5.70323172e+02
 3.13452360e+01 5.70323172e+02
 3.19315719e+01 5.70327674e+02
 3.16720626e+01 5.70327707e+02
 3.17469113e+01 5.70327707e+02
 3.15219735e+01 5.70341594e+02
 3.17711478e+01 5.70341594e+02
 3.21088959e+01 5.70341594e+02
 3.18944608e+01 5.70332525e+02
 3.23049166e+01 5.70332525e+02
 3.19547315e+01 5.70332525e+02
 3.23074663e+01 5.70333702e+02
 3.23701187e+01 5.70347263e+02
 3.22781570e+01 5.70347263e+02
 3.27397426e+01 5.70349801e+02
 3.26213547e+01 5.70363985e+02
 3.27891584e+01 5.70363985e+02
 3.28069278e+01 5.70363985e+02
 3.28769302e+01 5.70374735e+02
 3.34102556e+01 5.70378724e+02
 3.27465408e+01 5.70378724e+02
 3.30955208e+01 5.70384563e+02
 3.32185180e+01 5.70386093e+02
 3.34849286e+01 5.70386093e+02
 3.37269243e+01 5.70386093e+02
 3.30845007e+01 5.70393038e+02
 3.36152007e+01 5.70393038e+02
 3.39741378e+01 5.70393038e+02
 3.37583770e+01 5.70401966e+02
 3.38558125e+01 5.70401966e+02
 3.35856784e+01 5.70401966e+02
 3.42122804e+01 5.70404376e+02
 3.41641590e+01 5.70404376e+02
 3.40557201e+01 5.70404376e+02
 3.47082181e+01 5.70405525e+02
 3.43754504e+01 5.70414155e+02
 3.42642466e+01 5.70414155e+02
 3.43513798e+01 5.70416135e+02
 3.46041725e+01 5.70426485e+02
 3.49836575e+01 5.70426485e+02
 3.44921372e+01 5.70429024e+02
 3.47129560e+01 5.70438674e+02
 3.50529378e+01 5.70438674e+02
 3.51273470e+01 5.70438674e+02
 3.53051234e+01 5.70459441e+02
 3.49018135e+01 5.70466029e+02
 3.51799436e+01 5.70466029e+02
 3.56396457e+01 5.70471307e+02
 3.52154810e+01 5.70472549e+02
 3.56395991e+01 5.70472549e+02
 3.57204651e+01 5.70472549e+02
 3.52257800e+01 5.70484881e+02
 3.57783497e+01 5.70484881e+02
 3.60853456e+01 5.70484881e+02
 3.59955340e+01 5.70497071e+02
 3.59269040e+01 5.70497071e+02
 3.57720579e+01 5.70497071e+02
 3.66134686e+01 5.70498499e+02
 3.63971299e+01 5.70512521e+02
 3.59309682e+01 5.70512521e+02
 3.65263123e+01 5.70515270e+02
 3.64945459e+01 5.70533358e+02
 3.65888995e+01 5.70533358e+02
 3.68688741e+01 5.70536038e+02
 3.66563691e+01 5.70548526e+02
 3.67495313e+01 5.70548526e+02
 3.67137666e+01 5.70548526e+02
 3.69268629e+01 5.70564239e+02
 3.74633242e+01 5.70570216e+02
 3.68774445e+01 5.70570216e+02
 3.68376337e+01 5.70597760e+02
 3.77992781e+01 5.70605657e+02
 3.72104532e+01 5.70605657e+02
 3.72396927e+01 5.70614793e+02
 3.75505214e+01 5.70616715e+02
 3.71809043e+01 5.70616715e+02
 3.75849320e+01 5.70616715e+02
 3.79737434e+01 5.70657547e+02
 3.76808474e+01 5.70657547e+02
 3.77863068e+01 5.70657547e+02
 3.75430022e+01 5.70687747e+02
 3.80296476e+01 5.70687747e+02
 3.86928575e+01 5.70687747e+02
 3.77889554e+01 5.70691645e+02
 3.81412636e+01 5.70715112e+02
 3.86365611e+01 5.70715112e+02
 3.82282773e+01 5.70721446e+02
 3.81723752e+01 5.70742479e+02
 3.87997675e+01 5.70742479e+02
 3.84474498e+01 5.70742479e+02
 3.85009260e+01 5.70772900e+02
 3.85134384e+01 5.70778781e+02
 3.87869998e+01 5.70778781e+02
 3.87871163e+01 5.70808723e+02
 3.87209117e+01 5.70811539e+02
 3.90723424e+01 5.70811539e+02
 3.94194833e+01 5.70843138e+02
 3.87746239e+01 5.70844157e+02
 3.90848528e+01 5.70844157e+02
 3.98251146e+01 5.70844157e+02
 3.91265571e+01 5.70878054e+02
 3.91357975e+01 5.70878054e+02
 3.96773865e+01 5.70878901e+02
 3.93870332e+01 5.71032808e+02
 3.94674974e+01 5.71032808e+02
 4.01393243e+01 5.71032808e+02
 3.97290197e+01 5.71057704e+02
 3.94452469e+01 5.71086435e+02
 3.97630839e+01 5.71086435e+02
 4.00997914e+01 5.71110211e+02
 4.01737269e+01 5.71127722e+02
 3.98824803e+01 5.71127722e+02
 4.00000204e+01 5.71127722e+02
 4.03450443e+01 5.71168794e+02
 4.03726237e+01 5.71168870e+02
 4.00842948e+01 5.71168870e+02
 4.04050181e+01 5.71220805e+02
 4.03364125e+01 5.71220805e+02
 4.05486381e+01 5.71220805e+02
 4.12070669e+01 5.71268202e+02
 4.04201489e+01 5.71268202e+02
 4.03366998e+01 5.71268202e+02
 4.10554264e+01 5.71269683e+02
 4.09002046e+01 5.71317307e+02
 4.05942936e+01 5.71317307e+02
 4.12113766e+01 5.71319510e+02
 4.11093312e+01 5.71356480e+02
 4.08028721e+01 5.71356480e+02
 4.16437987e+01 5.71356480e+02
 4.10797392e+01 5.71387330e+02
 4.08301653e+01 5.71411695e+02
 4.17236051e+01 5.71411695e+02
 4.16166106e+01 5.71438011e+02
 4.09125015e+01 5.71454280e+02
 4.16753762e+01 5.71454280e+02
 4.17999298e+01 5.71493224e+02
 4.14992772e+01 5.71511917e+02
 4.18835123e+01 5.71511917e+02
 4.18705754e+01 5.71511917e+02
 4.13623698e+01 5.71559762e+02
 4.20125428e+01 5.71559762e+02
 4.22589886e+01 5.71559762e+02
 4.15264005e+01 5.71614142e+02
 4.20021300e+01 5.71614142e+02
 4.24663325e+01 5.71614142e+02
 4.19727762e+01 5.71615078e+02
 4.23734569e+01 5.71658587e+02
 4.24461023e+01 5.71658587e+02
 4.18012465e+01 5.71660817e+02
 4.25715709e+01 5.71709425e+02
 4.31060465e+01 5.71709425e+02
 4.19381573e+01 5.71713927e+02
 4.25799311e+01 5.71770351e+02
 4.32150365e+01 5.71770351e+02
 4.23104968e+01 5.71770351e+02
 4.26251912e+01 5.71809696e+02
 4.32165870e+01 5.71838243e+02
 4.26132603e+01 5.71838243e+02
 4.29032842e+01 5.71875780e+02
 4.35346607e+01 5.71897050e+02
 4.27134763e+01 5.71897050e+02
 4.29077322e+01 5.71897050e+02
 4.36421703e+01 5.71958773e+02
 4.30797033e+01 5.71958846e+02
 4.28605647e+01 5.71958846e+02
 4.36250596e+01 5.72029315e+02
 4.32045373e+01 5.72029315e+02
 4.33006053e+01 5.72029315e+02
 4.37276027e+01 5.72082882e+02
 4.32686187e+01 5.72082882e+02
 4.32521722e+01 5.72082882e+02
 4.38342320e+01 5.72084690e+02
 4.36579748e+01 5.72147112e+02
 4.34895958e+01 5.72147112e+02
 4.37005615e+01 5.72150728e+02
 4.37821012e+01 5.72214617e+02
 4.37555182e+01 5.72214617e+02
 4.39276115e+01 5.72214617e+02
 4.39599321e+01 5.72252883e+02
 4.41177104e+01 5.72285398e+02
 4.39276115e+01 5.72285398e+02
 4.40810675e+01 5.72336412e+02
 4.42877801e+01 5.72367701e+02
 4.43119545e+01 5.72367701e+02
 4.42582673e+01 5.72420289e+02
 4.45121968e+01 5.72440205e+02
 4.42916607e+01 5.72440205e+02
 4.40273159e+01 5.72440205e+02
 4.48260113e+01 5.72528216e+02
 4.47698106e+01 5.72528216e+02
 4.40256397e+01 5.72528216e+02
 4.48322796e+01 5.72604009e+02
 4.48207988e+01 5.72604009e+02
 4.42245978e+01 5.72604009e+02
 4.51310127e+01 5.72615306e+02
 4.48907635e+01 5.72683508e+02
 4.43214482e+01 5.72683508e+02
 4.52955757e+01 5.72703948e+02
 4.54405977e+01 5.72771979e+02
 4.45136869e+01 5.72771979e+02
 4.49191656e+01 5.72771979e+02
 4.56572058e+01 5.72841925e+02
 4.49524747e+01 5.72855482e+02
 4.51126816e+01 5.72855482e+02
 4.53929824e+01 5.72948306e+02
 4.50057658e+01 5.72957066e+02
 4.52988847e+01 5.72957066e+02
 4.55285795e+01 5.72957066e+02
 4.52639040e+01 5.73043582e+02
 4.54425254e+01 5.73043582e+02
 4.55370425e+01 5.73043582e+02
 4.57335126e+01 5.73136229e+02
 4.56099696e+01 5.73136229e+02
 4.54553941e+01 5.73136229e+02
 4.58911801e+01 5.73223907e+02
 4.61213283e+01 5.73223907e+02
 4.51679041e+01 5.73223907e+02
 4.59049682e+01 5.73254885e+02
 4.62562138e+01 5.73323983e+02
 4.56516208e+01 5.73323983e+02
 4.58444243e+01 5.73356616e+02
 4.61422499e+01 5.73412968e+02
 4.58595811e+01 5.73412968e+02
 4.64074242e+01 5.73412968e+02
 4.62464546e+01 5.73490858e+02
 4.60215146e+01 5.73499402e+02
 4.62189997e+01 5.73499402e+02
 4.63023365e+01 5.73590825e+02
 4.66611605e+01 5.73597100e+02
 4.62602899e+01 5.73597100e+02
 4.59784293e+01 5.73690305e+02
 4.68442696e+01 5.73693814e+02
 4.66712350e+01 5.73693814e+02
 4.60571948e+01 5.73693814e+02
 4.65001808e+01 5.73796385e+02
 4.65723339e+01 5.73796385e+02
 4.64544862e+01 5.73796385e+02
 4.66201069e+01 5.73891277e+02
 4.65935142e+01 5.73891277e+02
 4.66687855e+01 5.73891277e+02
 4.68821552e+01 5.73918746e+02
 4.65820597e+01 5.73987608e+02
 4.67571038e+01 5.73987608e+02
 4.67951318e+01 5.74019131e+02
 4.70808534e+01 5.74079963e+02
 4.72933611e+01 5.74079963e+02
 4.68516005e+01 5.74123306e+02
 4.64850550e+01 5.74188439e+02
 4.74826712e+01 5.74188439e+02
 4.73463870e+01 5.74188439e+02
 4.66544100e+01 5.74279255e+02
 4.70934035e+01 5.74287808e+02
 4.70441763e+01 5.74287808e+02
 4.76697316e+01 5.74378618e+02
 4.72549797e+01 5.74383771e+02
 4.69980998e+01 5.74383771e+02
 4.74704678e+01 5.74383771e+02
 4.72463555e+01 5.74475896e+02
 4.74173858e+01 5.74475896e+02
 4.78100129e+01 5.74475896e+02
 4.73279487e+01 5.74574882e+02
 4.74308637e+01 5.74574882e+02
 4.78738233e+01 5.74574882e+02
 4.72661461e+01 5.74662327e+02
 4.74975835e+01 5.74662327e+02
 4.77147237e+01 5.74662327e+02
 4.76771109e+01 5.74694079e+02
 4.79808129e+01 5.74766620e+02
 4.75130593e+01 5.74766620e+02
 4.79114613e+01 5.74799473e+02
 4.82825828e+01 5.74857515e+02
 4.73028428e+01 5.74857515e+02
 4.79996257e+01 5.74857515e+02
 4.85658265e+01 5.74944852e+02
 4.78205488e+01 5.74955703e+02
 4.79806647e+01 5.74955703e+02
 4.76019259e+01 5.75040951e+02
 4.83649022e+01 5.75047767e+02
 4.83400597e+01 5.75047767e+02
 4.75524338e+01 5.75136203e+02
 4.82830116e+01 5.75140272e+02
 4.83812863e+01 5.75140272e+02
 4.79093059e+01 5.75140272e+02
 4.86226891e+01 5.75220511e+02
 4.81794052e+01 5.75220511e+02
 4.79895549e+01 5.75220629e+02
 4.84076875e+01 5.75306472e+02
 4.83987352e+01 5.75306472e+02
 4.89064291e+01 5.75306472e+02
 4.85896464e+01 5.75337857e+02
 4.82776301e+01 5.75379162e+02
 4.91588407e+01 5.75379162e+02
 4.83929108e+01 5.75427284e+02
 4.79350146e+01 5.75467715e+02
 4.90238923e+01 5.75467715e+02
 4.88912346e+01 5.75467715e+02
 4.84817782e+01 5.75552489e+02
 4.87286362e+01 5.75552852e+02
 4.89024153e+01 5.75552852e+02
 4.90636807e+01 5.75630570e+02
 4.87379995e+01 5.75630570e+02
 4.85613330e+01 5.75630570e+02
 4.93610086e+01 5.75713728e+02
 4.89826655e+01 5.75713728e+02
 4.85675349e+01 5.75713728e+02
 4.90366229e+01 5.75721584e+02
 4.91324626e+01 5.75800468e+02
 4.90848330e+01 5.75800468e+02
 4.92849945e+01 5.75810233e+02
 4.87510131e+01 5.75867211e+02
 4.93038824e+01 5.75867211e+02
 4.91182707e+01 5.75867211e+02
 4.90624608e+01 5.75924791e+02
 4.96921689e+01 5.75949541e+02
 4.90201215e+01 5.75949541e+02
 4.93093115e+01 5.76002865e+02
 4.96022104e+01 5.76020302e+02
 4.93628529e+01 5.76020302e+02
 4.98009305e+01 5.76076652e+02
 4.91572054e+01 5.76090355e+02
 4.95313806e+01 5.76090355e+02
 4.95573106e+01 5.76090355e+02
 4.88272236e+01 5.76161560e+02
 4.97008326e+01 5.76161560e+02
 4.96510485e+01 5.76161560e+02
 4.91269724e+01 5.76222906e+02
 4.97636233e+01 5.76222906e+02
 4.95190264e+01 5.76222906e+02
 5.01990110e+01 5.76229034e+02
 4.96160992e+01 5.76292123e+02
 4.93040251e+01 5.76292123e+02
 5.01051259e+01 5.76299689e+02
 4.98857386e+01 5.76351478e+02
 4.93296534e+01 5.76351478e+02
 4.98525508e+01 5.76361082e+02
 4.96655723e+01 5.76407406e+02
 5.03892780e+01 5.76407406e+02
 4.95753187e+01 5.76407406e+02
 4.97597078e+01 5.76442666e+02
 5.06101626e+01 5.76456472e+02
 4.99879074e+01 5.76456472e+02
 4.96480157e+01 5.76501296e+02
 5.00990572e+01 5.76514554e+02
 5.02010260e+01 5.76514554e+02
 5.06785834e+01 5.76514554e+02
 4.94095857e+01 5.76565631e+02
 5.00872493e+01 5.76565631e+02
 5.04007643e+01 5.76565631e+02
 5.00238214e+01 5.76603548e+02
 5.02469888e+01 5.76603548e+02
 4.98491820e+01 5.76603548e+02
 5.02006542e+01 5.76653058e+02
 5.05353201e+01 5.76653058e+02
 4.97433854e+01 5.76653058e+02
 5.07210289e+01 5.76656306e+02
 5.04929850e+01 5.76682680e+02
 5.02298008e+01 5.76682680e+02
 5.04195653e+01 5.76689125e+02
 5.02238837e+01 5.76725183e+02
 5.08260267e+01 5.76725183e+02
 5.04001309e+01 5.76725183e+02
 5.02597887e+01 5.76753207e+02
 5.09211304e+01 5.76765113e+02
 5.03367527e+01 5.76765113e+02
 5.05737720e+01 5.76783929e+02
 5.08271339e+01 5.76789874e+02
 5.02572569e+01 5.76789874e+02
 5.07685895e+01 5.76818519e+02
 5.03597264e+01 5.76825227e+02
 5.09294218e+01 5.76825227e+02
 5.08952730e+01 5.76825227e+02
 5.03328788e+01 5.76839254e+02
 5.09828176e+01 5.76839254e+02
 5.07024858e+01 5.76839254e+02
 5.08949989e+01 5.76870173e+02
 5.09068579e+01 5.76870173e+02
 5.05656414e+01 5.76870173e+02
 5.13507554e+01 5.76873416e+02
 5.08247680e+01 5.76897371e+02
 5.05256061e+01 5.76897371e+02
 5.11838795e+01 5.76903928e+02
 5.10255091e+01 5.76929581e+02
 5.11412382e+01 5.76929581e+02
 5.09795889e+01 5.76929581e+02
 5.08936558e+01 5.76954695e+02
 5.16630711e+01 5.76960504e+02
 5.09393749e+01 5.76960504e+02
 5.06766228e+01 5.76983787e+02
 5.16630253e+01 5.76986561e+02
 5.12952041e+01 5.76986561e+02
 5.13581447e+01 5.76986561e+02
 5.07579549e+01 5.77017057e+02
 5.12800271e+01 5.77017057e+02
 5.18025251e+01 5.77017057e+02
 5.08895362e+01 5.77041684e+02
 5.10712350e+01 5.77041684e+02
 5.18088344e+01 5.77041723e+02
 5.12580506e+01 5.77070607e+02
 5.12551590e+01 5.77070607e+02
 5.08555418e+01 5.77070607e+02
 5.14935161e+01 5.77085553e+02
 5.20219520e+01 5.77105260e+02
 5.08788430e+01 5.77105260e+02
 5.13688451e+01 5.77124309e+02
 5.19759819e+01 5.77140344e+02
 5.14205470e+01 5.77140344e+02
 5.15067942e+01 5.77140344e+02
 5.09665923e+01 5.77167740e+02
 5.18512319e+01 5.77167983e+02
 5.18022379e+01 5.77167983e+02
 5.10470852e+01 5.77189319e+02
 5.12674699e+01 5.77189322e+02
 5.13416350e+01 5.77189322e+02
 5.21279439e+01 5.77205935e+02
 5.13967871e+01 5.77205935e+02
 5.12446420e+01 5.77205935e+02
 5.19985998e+01 5.77206081e+02
 5.14472356e+01 5.77215388e+02
 5.12294213e+01 5.77215388e+02
 5.14183914e+01 5.77215562e+02
 5.18100180e+01 5.77220257e+02
 5.23500244e+01 5.77220257e+02
 5.12192422e+01 5.77220257e+02
 5.15855782e+01 5.77218393e+02
 5.18507695e+01 5.77216533e+02
 5.21876150e+01 5.77216533e+02
 5.18630340e+01 5.77222153e+02
 5.12594570e+01 5.77226559e+02
 5.23048159e+01 5.77226559e+02
 5.18945533e+01 5.77228068e+02
 5.13753542e+01 5.77228994e+02
 5.18937256e+01 5.77228994e+02
 5.18599023e+01 5.77228994e+02
 5.24549634e+01 5.77243842e+02
 5.16045018e+01 5.77243889e+02
 5.14765969e+01 5.77243889e+02
 5.25552888e+01 5.77278121e+02
 5.20161812e+01 5.77278121e+02
 5.20275013e+01 5.77278121e+02
 5.14935993e+01 5.77278279e+02
 5.20205884e+01 5.77302329e+02
 5.27323858e+01 5.77302329e+02
 5.13859845e+01 5.77302893e+02
 5.21444050e+01 5.77328399e+02
 5.20163891e+01 5.77328399e+02
 5.22353739e+01 5.77329046e+02
 5.21438519e+01 5.77342867e+02
 5.16778056e+01 5.77342867e+02
 5.26438973e+01 5.77342867e+02
 5.25332278e+01 5.77345183e+02
 5.17757779e+01 5.77347307e+02
 5.20398951e+01 5.77347307e+02
 5.20562941e+01 5.77340395e+02
 5.29896775e+01 5.77335418e+02
 5.19027487e+01 5.77335418e+02
 5.22687755e+01 5.77335418e+02
 5.24528838e+01 5.77324356e+02
 5.21422380e+01 5.77324245e+02
 5.24690786e+01 5.77324245e+02
 5.16816975e+01 5.77308218e+02
 5.28433344e+01 5.77308201e+02
 5.28471279e+01 5.77308201e+02
 5.19058632e+01 5.77308204e+02
 5.21692156e+01 5.77310207e+02
 5.23115127e+01 5.77310207e+02
 5.28753029e+01 5.77310090e+02
 5.23343767e+01 5.77299464e+02
 5.18665186e+01 5.77299464e+02
 5.30337136e+01 5.77299167e+02
 5.25000078e+01 5.77289151e+02
 5.26798401e+01 5.77289151e+02
 5.24009393e+01 5.77289151e+02
 5.26872847e+01 5.77294969e+02
 5.32925115e+01 5.77300753e+02
 5.22146090e+01 5.77300753e+02
 5.25369760e+01 5.77300490e+02
 5.27498705e+01 5.77300323e+02
 5.33098892e+01 5.77300323e+02
 5.29855445e+01 5.77300323e+02
 5.21315291e+01 5.77299034e+02
 5.31985818e+01 5.77299034e+02
 5.32825543e+01 5.77299034e+02
 5.22656263e+01 5.77308201e+02
 5.29796482e+01 5.77308201e+02
 5.27503822e+01 5.77308201e+02
 5.34180077e+01 5.77318515e+02
 5.28138619e+01 5.77318515e+02
 5.24030185e+01 5.77318515e+02
 5.32495389e+01 5.77319247e+02
 5.27601410e+01 5.77324245e+02
 5.27044520e+01 5.77324245e+02
 5.24509836e+01 5.77326022e+02
 5.29608605e+01 5.77332553e+02
 5.34852775e+01 5.77332553e+02
 5.26378576e+01 5.77332553e+02
 5.25980287e+01 5.77335614e+02
 5.28497132e+01 5.77336277e+02
 5.27971455e+01 5.77336277e+02
 5.34502588e+01 5.77341442e+02
 5.26462213e+01 5.77342007e+02
 5.31901154e+01 5.77342007e+02
 5.35568902e+01 5.77342007e+02
 5.27703397e+01 5.77346591e+02
 5.30424099e+01 5.77346591e+02
 5.28688242e+01 5.77346591e+02
 5.35769193e+01 5.77344872e+02
 5.31867805e+01 5.77344872e+02
 5.28191607e+01 5.77344871e+02
 5.36044359e+01 5.77343296e+02
 5.26636621e+01 5.77343296e+02
 5.31118158e+01 5.77343296e+02
 5.29984354e+01 5.77341789e+02
 5.27592778e+01 5.77339142e+02
 5.37588721e+01 5.77339142e+02
 5.28532151e+01 5.77337390e+02
 5.33241488e+01 5.77334988e+02
 5.28513313e+01 5.77334988e+02
 5.33687995e+01 5.77334988e+02
 5.33027467e+01 5.77331537e+02
 5.30048981e+01 5.77331264e+02
 5.34820932e+01 5.77331264e+02
 5.27906919e+01 5.77334005e+02
 5.34575565e+01 5.77334129e+02
 5.34591899e+01 5.77334129e+02
 5.30391272e+01 5.77329359e+02
 5.35975249e+01 5.77329258e+02
 5.32752966e+01 5.77329258e+02
 5.35695908e+01 5.77329258e+02
 5.33191530e+01 5.77345302e+02
 5.30380446e+01 5.77345302e+02
 5.36885534e+01 5.77345302e+02
 5.32714532e+01 5.77348167e+02
 5.36739916e+01 5.77348167e+02
 5.28874073e+01 5.77348167e+02
 5.32932766e+01 5.77350032e+02
 5.37654222e+01 5.77353897e+02
 5.30266882e+01 5.77353897e+02
 5.34582297e+01 5.77351866e+02
 5.35329127e+01 5.77348597e+02
 5.36074137e+01 5.77348597e+02
 5.35945638e+01 5.77341307e+02
 5.28151643e+01 5.77332123e+02
 5.37807261e+01 5.77332123e+02
 5.34495184e+01 5.77332123e+02
 5.40223715e+01 5.77322046e+02
 5.28783836e+01 5.77321380e+02
 5.33254643e+01 5.77321380e+02
 5.40626347e+01 5.77311838e+02
 5.32447586e+01 5.77311496e+02
 5.36225828e+01 5.77311496e+02
 5.34525421e+01 5.77305850e+02
 5.36990952e+01 5.77305766e+02
 5.38392673e+01 5.77305766e+02
 5.30209346e+01 5.77305766e+02
 5.37403320e+01 5.77291729e+02
 5.35871768e+01 5.77291729e+02
 5.42257485e+01 5.77291730e+02
 5.30556863e+01 5.77296599e+02
 5.31676840e+01 5.77296599e+02
 5.39218371e+01 5.77296599e+02
 5.34956066e+01 5.77298034e+02
 5.36860578e+01 5.77300753e+02
 5.34081294e+01 5.77300753e+02
 5.38682885e+01 5.77303138e+02
 5.42603636e+01 5.77306483e+02
 5.33935824e+01 5.77306483e+02
 5.39485400e+01 5.77306483e+02
 5.38146049e+01 5.77312244e+02
 5.41682081e+01 5.77312642e+02
 5.37270036e+01 5.77312642e+02
 5.31838716e+01 5.77305592e+02
 5.41705631e+01 5.77305337e+02
 5.36481818e+01 5.77305337e+02
 5.38243702e+01 5.77309018e+02
 5.34328721e+01 5.77309061e+02
 5.36007788e+01 5.77309061e+02
 5.43032011e+01 5.77309062e+02
 5.33928599e+01 5.77311926e+02
 5.34860022e+01 5.77311926e+02
 5.39971030e+01 5.77311859e+02
 5.38753843e+01 5.77308631e+02
 5.44118497e+01 5.77308631e+02
 5.34232739e+01 5.77308631e+02
 5.40459834e+01 5.77305764e+02
 5.40159464e+01 5.77303188e+02
 5.37032114e+01 5.77303188e+02
 5.37676376e+01 5.77297166e+02
 5.34900798e+01 5.77293734e+02
 5.40768126e+01 5.77293734e+02
 5.38523483e+01 5.77293734e+02
 5.38245975e+01 5.77291299e+02
 5.43413481e+01 5.77291299e+02
 5.34150253e+01 5.77291299e+02
 5.42053618e+01 5.77292875e+02
 5.39327947e+01 5.77292875e+02
 5.38852416e+01 5.77292875e+02
 5.41943723e+01 5.77286286e+02
 5.38416980e+01 5.77286286e+02
 5.46129061e+01 5.77286286e+02
 5.37903202e+01 5.77285744e+02
 5.37929022e+01 5.77282562e+02
 5.40587224e+01 5.77282562e+02
 5.36886387e+01 5.77279462e+02
 5.44008440e+01 5.77269384e+02
 5.36891329e+01 5.77269384e+02
 5.42358668e+01 5.77269384e+02
 5.45974797e+01 5.77267793e+02
 5.39623677e+01 5.77267379e+02
 5.41464313e+01 5.77267379e+02
 5.35691975e+01 5.77262078e+02
 5.48670463e+01 5.77261077e+02
 5.41719919e+01 5.77261077e+02
 5.37122272e+01 5.77255632e+02
 5.38245329e+01 5.77254918e+02
 5.39023199e+01 5.77254918e+02
 5.48013127e+01 5.77254918e+02
 5.35517963e+01 5.77257066e+02
 5.40484222e+01 5.77257066e+02
 5.48426883e+01 5.77257066e+02
 5.41270942e+01 5.77256207e+02
 5.41881038e+01 5.77256207e+02
 5.35020972e+01 5.77256207e+02
 5.47537455e+01 5.77256531e+02
 5.42745309e+01 5.77258212e+02
 5.43127812e+01 5.77258212e+02
 5.37954692e+01 5.77258812e+02
 5.39937984e+01 5.77261077e+02
 5.47537402e+01 5.77261077e+02
 5.37904461e+01 5.77260029e+02
 5.42427548e+01 5.77257066e+02
 5.44202392e+01 5.77257066e+02
 5.43124925e+01 5.77257066e+02
 5.45322271e+01 5.77251957e+02
 5.35055363e+01 5.77250764e+02
 5.47742052e+01 5.77250764e+02
 5.42792948e+01 5.77243402e+02
 5.46114432e+01 5.77242170e+02
 5.40930923e+01 5.77242170e+02
 5.41478642e+01 5.77242170e+02
 5.44698039e+01 5.77236012e+02
 5.38845041e+01 5.77236012e+02
 5.48127273e+01 5.77236012e+02
 5.42550504e+01 5.77236871e+02
 5.41982616e+01 5.77236871e+02
 5.48149413e+01 5.77236871e+02
 5.38245045e+01 5.77247183e+02
 5.46664525e+01 5.77247183e+02
 5.38961340e+01 5.77247183e+02
 5.47894104e+01 5.77247769e+02
 5.45164311e+01 5.77250478e+02
 5.43058406e+01 5.77250478e+02
 5.42855355e+01 5.77250933e+02
 5.38776740e+01 5.77252483e+02
 5.50870487e+01 5.77252483e+02
 5.42115268e+01 5.77252483e+02
 5.40241615e+01 5.77257277e+02
 5.46471598e+01 5.77258642e+02
 5.41758536e+01 5.77258642e+02
 5.48709747e+01 5.77257694e+02
 5.36114999e+01 5.77257496e+02
 5.45328016e+01 5.77257496e+02
 5.48740982e+01 5.77252377e+02
 5.45334830e+01 5.77251623e+02
 5.41352115e+01 5.77251623e+02
 5.38855284e+01 5.77251623e+02
 5.49002438e+01 5.77253772e+02
 5.43091561e+01 5.77253772e+02
 5.44146512e+01 5.77253772e+02
 5.44438986e+01 5.77243459e+02
 5.43573020e+01 5.77243459e+02
 5.52147542e+01 5.77243459e+02
 5.40772167e+01 5.77239960e+02
 5.42776999e+01 5.77222835e+02
 5.44992116e+01 5.77222835e+02
 5.49332021e+01 5.77219668e+02
 5.46833276e+01 5.77210805e+02
 5.39351036e+01 5.77210805e+02
 5.47101755e+01 5.77210805e+02
 5.43841454e+01 5.77198542e+02
 5.41384028e+01 5.77196769e+02
 5.46132411e+01 5.77196769e+02
 5.41325724e+01 5.77181675e+02
 5.51881785e+01 5.77180729e+02
 5.42697292e+01 5.77180729e+02
 5.45424029e+01 5.77178331e+02
 5.44544018e+01 5.77178294e+02
 5.40682713e+01 5.77178294e+02
 5.47657951e+01 5.77178294e+02
 5.40976811e+01 5.77172423e+02
 5.47079794e+01 5.77172423e+02
 5.47876156e+01 5.77172295e+02
 5.43560261e+01 5.77164689e+02
 5.52078356e+01 5.77164689e+02
 5.42318444e+01 5.77164689e+02
 5.46370577e+01 5.77161895e+02
 5.43903860e+01 5.77159247e+02
 5.42920619e+01 5.77159247e+02
 5.48996546e+01 5.77149505e+02
 5.39734699e+01 5.77143638e+02
 5.48214016e+01 5.77143638e+02
 5.49317018e+01 5.77143638e+02
 5.46500827e+01 5.77143208e+02
 5.43402175e+01 5.77143208e+02
 5.42185296e+01 5.77143208e+02
 5.52404938e+01 5.77142349e+02
 5.45648029e+01 5.77142349e+02
 5.45310306e+01 5.77142349e+02
 5.39497830e+01 5.77129604e+02
 5.46215525e+01 5.77129604e+02
 5.49764213e+01 5.77129604e+02
 5.40534541e+01 5.77129475e+02
 5.47109138e+01 5.77126740e+02
 5.47796473e+01 5.77126740e+02
 5.52243036e+01 5.77126708e+02
 5.45836817e+01 5.77126310e+02
 5.41119026e+01 5.77126310e+02
 5.50978913e+01 5.77126310e+02
 5.47525363e+01 5.77118895e+02
 5.48523216e+01 5.77113565e+02
 5.40585194e+01 5.77113565e+02
 5.46792143e+01 5.77110080e+02
 5.47842782e+01 5.77108124e+02
 5.42172989e+01 5.77108124e+02
 5.50202203e+01 5.77107525e+02
 5.46502716e+01 5.77107265e+02
 5.51644148e+01 5.77107265e+02
 5.46150001e+01 5.77107265e+02
 5.44070720e+01 5.77096525e+02
 5.47737926e+01 5.77096525e+02
 5.43023636e+01 5.77096525e+02
 5.49899883e+01 5.77093661e+02
 5.45825724e+01 5.77093661e+02
 5.46569618e+01 5.77093661e+02
 5.44211046e+01 5.77093445e+02
 5.45574590e+01 5.77086215e+02
 5.53418496e+01 5.77086215e+02
 5.43471828e+01 5.77085001e+02
 5.49384054e+01 5.77064021e+02
 5.42467991e+01 5.77064021e+02
 5.48392684e+01 5.77064309e+02
 5.48557555e+01 5.77067314e+02
 5.41534299e+01 5.77067314e+02
 5.46149108e+01 5.77067314e+02
 5.47201797e+01 5.77064122e+02
 5.52399332e+01 5.77062016e+02
 5.42349976e+01 5.77062016e+02
 5.44630295e+01 5.77052461e+02
 5.54858219e+01 5.77047554e+02
 5.46002261e+01 5.77047554e+02
 5.49750078e+01 5.77047554e+02
 5.41663693e+01 5.77048699e+02
 5.51616920e+01 5.77048700e+02
 5.48286215e+01 5.77048700e+02
 5.41662157e+01 5.77044261e+02
 5.47254439e+01 5.77044261e+02
 5.47536575e+01 5.77044261e+02
 5.54932353e+01 5.77024788e+02
 5.46532995e+01 5.77024788e+02
 5.46166726e+01 5.77024788e+02
 5.47738488e+01 5.77024802e+02
 5.45794211e+01 5.77025218e+02
 5.51337608e+01 5.77025218e+02
 5.44601054e+01 5.77024351e+02
 5.49356715e+01 5.77010470e+02
 5.45454789e+01 5.77010470e+02
 5.48265889e+01 5.77010470e+02
 5.48181219e+01 5.77008655e+02
 5.45769786e+01 5.77007177e+02
 5.52385841e+01 5.77007177e+02
 5.47541732e+01 5.77003478e+02
 5.51803502e+01 5.77001307e+02
 5.47233753e+01 5.77001307e+02
 5.46567236e+01 5.77001307e+02
 5.47536105e+01 5.76990140e+02
 5.44883566e+01 5.76990140e+02
 5.52818720e+01 5.76990140e+02
 5.46701673e+01 5.76979545e+02
 5.49601723e+01 5.76979545e+02
 5.55145421e+01 5.76979545e+02
 5.46552209e+01 5.76972100e+02
 5.47815031e+01 5.76972100e+02
 5.43129176e+01 5.76972100e+02
 5.55122199e+01 5.76971413e+02
 5.50449402e+01 5.76967519e+02
 5.41714321e+01 5.76967519e+02
 5.49654642e+01 5.76968792e+02
 5.49955362e+01 5.76972816e+02
 5.55937232e+01 5.76972816e+02
 5.46745916e+01 5.76972816e+02
 5.44547518e+01 5.76967185e+02
 5.54653174e+01 5.76966231e+02
 5.47541732e+01 5.76966231e+02
 5.51526562e+01 5.76962514e+02
 5.44155395e+01 5.76962222e+02
 5.49913620e+01 5.76962222e+02
 5.57187083e+01 5.76962222e+02
 5.44682475e+01 5.76956352e+02
 5.47541732e+01 5.76956352e+02
 5.48882803e+01 5.76956352e+02
 5.52338760e+01 5.76950196e+02
 5.50351335e+01 5.76950196e+02
 5.45118578e+01 5.76950194e+02
 5.52566483e+01 5.76948908e+02
 5.43223497e+01 5.76948908e+02
 5.51287617e+01 5.76948908e+02
 5.48596645e+01 5.76948799e+02
 5.49010761e+01 5.76948621e+02
 5.51044293e+01 5.76948621e+02
 5.48875481e+01 5.76943838e+02
 5.52884867e+01 5.76937884e+02
 5.46838266e+01 5.76937884e+02
 5.46399067e+01 5.76937884e+02
 5.49193691e+01 5.76945174e+02
 5.51398008e+01 5.76945615e+02
 5.53210686e+01 5.76945615e+02
 5.44477610e+01 5.76932434e+02
 5.53644838e+01 5.76932015e+02
 5.48660657e+01 5.76932015e+02
 5.50867946e+01 5.76926782e+02
 5.45418164e+01 5.76926718e+02
 5.47593367e+01 5.76926718e+02
 5.53502844e+01 5.76926718e+02
 5.48281514e+01 5.76925000e+02
 5.48320429e+01 5.76925000e+02
 5.45115532e+01 5.76924993e+02
 5.52845033e+01 5.76914406e+02
 5.53098447e+01 5.76914406e+02
 5.46421433e+01 5.76914406e+02
 5.51827296e+01 5.76911918e+02
 5.48554641e+01 5.76907392e+02
 5.57062094e+01 5.76907392e+02
 5.46282277e+01 5.76905853e+02
 5.47804847e+01 5.76903670e+02
 5.51582856e+01 5.76903670e+02
 5.50137159e+01 5.76903873e+02
 5.52713164e+01 5.76904099e+02
 5.45993210e+01 5.76904099e+02
 5.52047504e+01 5.76904099e+02
 5.49726961e+01 5.76885957e+02
 5.52665783e+01 5.76885060e+02
 5.52308214e+01 5.76885060e+02
 5.48800059e+01 5.76881006e+02
 5.57057497e+01 5.76880909e+02
 5.46202606e+01 5.76880909e+02
 5.55968275e+01 5.76880909e+02
 5.50898566e+01 5.76873895e+02
 5.49322312e+01 5.76873895e+02
 5.54108394e+01 5.76873895e+02
 5.47741118e+01 5.76856145e+02
 5.54800862e+01 5.76856145e+02
 5.42723784e+01 5.76856131e+02
 5.52204482e+01 5.76850419e+02
 5.53752664e+01 5.76850419e+02
 5.53392574e+01 5.76850419e+02
 5.52237250e+01 5.76844245e+02
 5.46151165e+01 5.76833958e+02
 5.55797249e+01 5.76833958e+02
 5.49603475e+01 5.76828614e+02
 5.51443752e+01 5.76821649e+02
 5.51548080e+01 5.76821649e+02
 5.50741299e+01 5.76821649e+02
 5.58860597e+01 5.76818557e+02
 5.45915694e+01 5.76818357e+02
 5.50232350e+01 5.76818357e+02
 5.49761147e+01 5.76797491e+02
 5.56513845e+01 5.76796887e+02
 5.52494687e+01 5.76796887e+02
 5.45515018e+01 5.76791051e+02
 5.54346046e+01 5.76791019e+02
 5.46258825e+01 5.76791019e+02
 5.51385136e+01 5.76790984e+02
 5.49689510e+01 5.76778710e+02
 5.48005384e+01 5.76778710e+02
 5.55822684e+01 5.76778559e+02
 5.50543804e+01 5.76773843e+02
 5.54878504e+01 5.76773843e+02
 5.48307739e+01 5.76773843e+02
 5.50518072e+01 5.76761156e+02
 5.51921198e+01 5.76751087e+02
 5.49017142e+01 5.76751087e+02
 5.57282791e+01 5.76747843e+02
 5.48968100e+01 5.76746221e+02
 5.53585348e+01 5.76746221e+02
 5.54620468e+01 5.76746221e+02
 5.50021864e+01 5.76732196e+02
 5.53246594e+01 5.76732196e+02
 5.45453161e+01 5.76732196e+02
 5.58042021e+01 5.76727616e+02
 5.52298417e+01 5.76727616e+02
 5.49631232e+01 5.76727616e+02
 5.53198482e+01 5.76709011e+02
 5.53185766e+01 5.76709011e+02
 5.58359495e+01 5.76709011e+02
 5.46797964e+01 5.76708422e+02
 5.49737248e+01 5.76705720e+02
 5.51044658e+01 5.76705720e+02
 5.50433201e+01 5.76706725e+02
 5.55403636e+01 5.76709441e+02
 5.46769955e+01 5.76709441e+02
 5.56405392e+01 5.76709441e+02
 5.55295459e+01 5.76696519e+02
 5.49514952e+01 5.76693842e+02
 5.49759726e+01 5.76693842e+02
 5.47568654e+01 5.76674361e+02
 5.57876492e+01 5.76671518e+02
 5.48626948e+01 5.76671518e+02
 5.55789255e+01 5.76671518e+02
 5.49620789e+01 5.76674809e+02
 5.52308362e+01 5.76674809e+02
 5.53128259e+01 5.76674809e+02
 5.47093767e+01 5.76670802e+02
 5.56094804e+01 5.76670802e+02
 5.52595206e+01 5.76670802e+02
 5.51567276e+01 5.76653773e+02
 5.56304404e+01 5.76653773e+02
 5.50128190e+01 5.76653773e+02
 5.54800368e+01 5.76652989e+02
 5.48216629e+01 5.76649767e+02
 5.60988133e+01 5.76649767e+02
 5.52374212e+01 5.76647227e+02
 5.49034744e+01 5.76639464e+02
 5.50046735e+01 5.76639464e+02
 5.51302017e+01 5.76635505e+02
 5.58221957e+01 5.76626299e+02
 5.47607973e+01 5.76626299e+02
 5.53824250e+01 5.76626299e+02
 5.56361889e+01 5.76623762e+02
 5.56800627e+01 5.76623294e+02
 5.50447110e+01 5.76623294e+02
 5.46336237e+01 5.76615300e+02
 5.57239140e+01 5.76614280e+02
 5.53520220e+01 5.76614280e+02
 5.51609674e+01 5.76614280e+02
 5.47700286e+01 5.76601974e+02
 5.53783706e+01 5.76601974e+02
 5.55621384e+01 5.76601974e+02
 5.47824372e+01 5.76601116e+02
 5.56172593e+01 5.76601116e+02
 5.47786628e+01 5.76601116e+02
 5.57195773e+01 5.76587952e+02
 5.49910192e+01 5.76587952e+02
 5.50647249e+01 5.76587952e+02
 5.50925282e+01 5.76586794e+02
 5.50873683e+01 5.76582515e+02
 5.57378845e+01 5.76582515e+02
 5.53201111e+01 5.76580884e+02
 5.54647988e+01 5.76576362e+02
 5.48626732e+01 5.76576362e+02
 5.49826412e+01 5.76576362e+02
 5.55349489e+01 5.76566695e+02
 5.50945694e+01 5.76564487e+02
 5.54125389e+01 5.76564487e+02
 5.47737185e+01 5.76552431e+02
 5.58138546e+01 5.76550465e+02
 5.51974014e+01 5.76550465e+02
 5.49810143e+01 5.76551109e+02
 5.53062559e+01 5.76551180e+02
 5.53015088e+01 5.76551180e+02
 5.57626719e+01 5.76551180e+02
 5.47405170e+01 5.76538018e+02
 5.52653970e+01 5.76538018e+02
 5.52378384e+01 5.76538018e+02
 5.50711272e+01 5.76526572e+02
 5.53919007e+01 5.76526572e+02
 5.46564744e+01 5.76526572e+02
 5.56823211e+01 5.76524986e+02
 5.54718578e+01 5.76519562e+02
 5.48510072e+01 5.76519562e+02
 5.50046260e+01 5.76512119e+02
 5.49175673e+01 5.76496814e+02
 5.59293954e+01 5.76496814e+02
 5.49638264e+01 5.76496814e+02
 5.55189511e+01 5.76503586e+02
 5.53255175e+01 5.76504253e+02
 5.51850137e+01 5.76504253e+02
 5.54799628e+01 5.76493469e+02
 5.48353201e+01 5.76493094e+02
 5.50957397e+01 5.76493094e+02
 5.50817542e+01 5.76481263e+02
 5.53959497e+01 5.76481220e+02
 5.56435225e+01 5.76481220e+02
 5.50025105e+01 5.76481164e+02
 5.55192868e+01 5.76468774e+02
 5.47742678e+01 5.76468774e+02
 5.56751133e+01 5.76468347e+02
 5.52582899e+01 5.76456901e+02
 5.49643560e+01 5.76456901e+02
 5.51999077e+01 5.76456901e+02
 5.50208734e+01 5.76451928e+02
 5.58434971e+01 5.76448174e+02
 5.50147083e+01 5.76448174e+02
 5.49547937e+01 5.76443225e+02
 5.58487991e+01 5.76440879e+02
 5.50616822e+01 5.76440879e+02
 5.52458098e+01 5.76440879e+02
 5.46553653e+01 5.76433869e+02
 5.56592523e+01 5.76433869e+02
 5.55366409e+01 5.76433869e+02
 5.49712334e+01 5.76428433e+02
 5.50073434e+01 5.76428433e+02
 5.49329258e+01 5.76428433e+02
 5.59179605e+01 5.76418134e+02
 5.50940442e+01 5.76418134e+02
 5.52912111e+01 5.76418134e+02
 5.55795752e+01 5.76417235e+02
 5.51867031e+01 5.76404545e+02
 5.55795500e+01 5.76404545e+02
 5.47488120e+01 5.76404169e+02
 5.53197682e+01 5.76400826e+02
 5.52562769e+01 5.76400826e+02
 5.53011046e+01 5.76400826e+02
 5.55962669e+01 5.76396181e+02
 5.49750027e+01 5.76393388e+02
 5.53998664e+01 5.76393388e+02
 5.48326234e+01 5.76384121e+02
 5.59661296e+01 5.76379799e+02
 5.52291647e+01 5.76379799e+02
 5.49950332e+01 5.76378639e+02
 5.53874669e+01 5.76378225e+02
 5.51472600e+01 5.76378225e+02
 5.58415830e+01 5.76378225e+02
 5.47604460e+01 5.76366640e+02
 5.54402674e+01 5.76366640e+02
 5.57353973e+01 5.76366640e+02
 5.54367714e+01 5.76351907e+02
 5.49347202e+01 5.76351907e+02
 5.46111703e+01 5.76351907e+02
 5.57041230e+01 5.76351190e+02
 5.51733868e+01 5.76336603e+02
 5.53878499e+01 5.76336603e+02
 5.50734252e+01 5.76335904e+02
 5.54531079e+01 5.76327592e+02
 5.60140126e+01 5.76327592e+02
 5.46742332e+01 5.76326739e+02
 5.53999348e+01 5.76320155e+02
 5.50145994e+01 5.76320155e+02
 5.57469645e+01 5.76320155e+02
 5.53185713e+01 5.76310012e+02
 5.50054794e+01 5.76304422e+02
 5.52336931e+01 5.76304422e+02
 5.49639914e+01 5.76307332e+02
 5.58150703e+01 5.76308570e+02
 5.49566216e+01 5.76308570e+02
 5.54636478e+01 5.76308570e+02
 5.48598446e+01 5.76291265e+02
 5.51221538e+01 5.76291265e+02
 5.54955424e+01 5.76291265e+02
 5.47774799e+01 5.76285973e+02
 5.55602811e+01 5.76285973e+02
 5.52668394e+01 5.76285973e+02
 5.57078943e+01 5.76263663e+02
 5.52294959e+01 5.76263663e+02
 5.48535092e+01 5.76263663e+02
 5.51873083e+01 5.76263873e+02
 5.48438367e+01 5.76267810e+02
 5.58172913e+01 5.76267810e+02
 5.46432038e+01 5.76267233e+02
 5.52688486e+01 5.76260802e+02
 5.53855753e+01 5.76260802e+02
 5.51883939e+01 5.76260802e+02
 5.54340903e+01 5.76253494e+02
 5.46364215e+01 5.76248504e+02
 5.55923189e+01 5.76248504e+02
 5.55145254e+01 5.76237375e+02
 5.48983835e+01 5.76232344e+02
 5.50116493e+01 5.76232344e+02
 5.50417968e+01 5.76232344e+02
 5.59557408e+01 5.76232058e+02
 5.48373264e+01 5.76232058e+02
 5.53425910e+01 5.76232058e+02
 5.50401763e+01 5.76224622e+02
 5.51463477e+01 5.76224622e+02
 5.55274766e+01 5.76224622e+02
 5.47433253e+01 5.76210178e+02
 5.53244247e+01 5.76210178e+02
 5.52410506e+01 5.76210178e+02
 5.54187701e+01 5.76208130e+02
 5.54813715e+01 5.76199453e+02
 5.46384483e+01 5.76199453e+02
 5.54668042e+01 5.76198295e+02
 5.51495990e+01 5.76195307e+02
 5.55334478e+01 5.76195307e+02
 5.52833124e+01 5.76195307e+02
 5.48837980e+01 5.76191670e+02
 5.53764424e+01 5.76191160e+02
 5.49828333e+01 5.76191160e+02
 5.58331835e+01 5.76180772e+02
 5.49126296e+01 5.76180149e+02
 5.48717369e+01 5.76180149e+02
 5.58287946e+01 5.76180149e+02
 5.50389060e+01 5.76166136e+02
 5.51612801e+01 5.76166136e+02
 5.47545487e+01 5.76166136e+02
 5.57657701e+01 5.76157842e+02
 5.56555515e+01 5.76157842e+02
 5.47543474e+01 5.76157828e+02
 5.51389486e+01 5.76145117e+02
 5.48601487e+01 5.76145117e+02
 5.58017388e+01 5.76145117e+02
 5.49900781e+01 5.76142342e+02
 5.51280841e+01 5.76137681e+02
 5.55481721e+01 5.76137681e+02
 5.52707766e+01 5.76130748e+02
 5.53682727e+01 5.76122096e+02
 5.46885182e+01 5.76122096e+02
 5.53111439e+01 5.76122096e+02
 5.52880673e+01 5.76121693e+02
 5.50705839e+01 5.76121667e+02
 5.55146219e+01 5.76121667e+02
 5.49344606e+01 5.76111305e+02
 5.54017965e+01 5.76110944e+02
 5.48359693e+01 5.76110944e+02
 5.59473243e+01 5.76101921e+02
 5.50929083e+01 5.76101793e+02
 5.49703425e+01 5.76101793e+02
 5.51382495e+01 5.76101793e+02
 5.49243116e+01 5.76101793e+02
 5.54723403e+01 5.76101793e+02
 5.46506213e+01 5.76101767e+02
 5.52448111e+01 5.76076773e+02
 5.54903873e+01 5.76076773e+02
 5.53790710e+01 5.76076773e+02
 5.48658576e+01 5.76078265e+02
 5.47687454e+01 5.76080919e+02
 5.56086738e+01 5.76080919e+02
 5.48868260e+01 5.76077268e+02
 5.51464407e+01 5.76072198e+02
 5.50105258e+01 5.76072198e+02
 5.53420691e+01 5.76063374e+02
 5.60050771e+01 5.76053755e+02
 5.46970365e+01 5.76053755e+02
 5.50210517e+01 5.76053755e+02
 5.48589697e+01 5.76047336e+02
 5.57805532e+01 5.76047036e+02
 5.51615492e+01 5.76047036e+02
 5.48749859e+01 5.76038224e+02
 5.50656754e+01 5.76038029e+02
 5.49917431e+01 5.76038029e+02
 5.57382818e+01 5.76038029e+02
 5.48764364e+01 5.76032310e+02
 5.52777821e+01 5.76032310e+02
 5.55415300e+01 5.76032310e+02
 5.48782695e+01 5.76021588e+02
 5.54843840e+01 5.76021588e+02
 5.46415127e+01 5.76021538e+02
 5.54547278e+01 5.76005577e+02
 5.50930870e+01 5.76005577e+02
 5.55898408e+01 5.76005577e+02
 5.52371955e+01 5.76004327e+02
 5.46955654e+01 5.76002289e+02
 5.53334010e+01 5.76002289e+02
 5.49610514e+01 5.75995956e+02
 5.58960954e+01 5.75988280e+02
 5.51392007e+01 5.75988280e+02
 5.51665562e+01 5.75988280e+02
 5.58904517e+01 5.75982350e+02
 5.50528549e+01 5.75981990e+02
 5.51241197e+01 5.75981990e+02
 5.46555795e+01 5.75977239e+02
 5.47024327e+01 5.75977130e+02
 5.49796860e+01 5.75977130e+02
 5.37269238e+01 5.75996372e+02
 5.40009522e+01 5.75996428e+02
 5.33093783e+01 5.75996428e+02
 5.36875364e+01 5.75996810e+02
 5.26200164e+01 5.76066908e+02
 5.19697953e+01 5.76066908e+02
 5.27798907e+01 5.76069292e+02
 5.18537136e+01 5.76129102e+02
 5.15604779e+01 5.76129102e+02
 5.05799600e+01 5.76129102e+02
 5.08101944e+01 5.76168195e+02
 5.08213047e+01 5.76197023e+02
 4.97465791e+01 5.76197023e+02
 4.95747636e+01 5.76236138e+02
 4.99041261e+01 5.76254224e+02
 4.89800315e+01 5.76254224e+02
 4.84603034e+01 5.76254224e+02
 4.82803119e+01 5.76310715e+02
 4.83885486e+01 5.76310715e+02
 4.83130165e+01 5.76310715e+02
 4.70076133e+01 5.76372504e+02
 4.70505548e+01 5.76372504e+02
 4.74258586e+01 5.76372504e+02
 4.64232586e+01 5.76378541e+02
 4.60956261e+01 5.76431294e+02
 4.62608597e+01 5.76431294e+02
 4.53937323e+01 5.76440703e+02
 4.52977260e+01 5.76485655e+02
 4.52523268e+01 5.76485655e+02
 4.45971114e+01 5.76504373e+02
 4.42560450e+01 5.76559908e+02
 4.42038209e+01 5.76559908e+02
 4.39088300e+01 5.76559908e+02
 4.34224175e+01 5.76635595e+02
 4.31595791e+01 5.76653058e+02
 4.29903921e+01 5.76653058e+02
 4.26773697e+01 5.76714232e+02
 4.21889437e+01 5.76724324e+02
 4.21686492e+01 5.76724324e+02
 4.19168543e+01 5.76724324e+02
 4.13709782e+01 5.76770838e+02
 4.12221745e+01 5.76770838e+02
 4.09914095e+01 5.76770838e+02
 4.03780194e+01 5.76805904e+02
 4.02695967e+01 5.76805904e+02
 4.01650509e+01 5.76805904e+02
 4.00830301e+01 5.76866165e+02
 3.94677932e+01 5.76866165e+02
 3.89357262e+01 5.76866165e+02
 3.92507505e+01 5.76872901e+02
 3.90390805e+01 5.76903670e+02
 3.81274068e+01 5.76903670e+02
 3.82931006e+01 5.76911607e+02
 3.80688513e+01 5.76938314e+02
 3.73910873e+01 5.76938314e+02
 3.77844379e+01 5.76938314e+02
 3.73768838e+01 5.76969482e+02
 3.65189547e+01 5.76978257e+02
 3.67246275e+01 5.76978257e+02
 3.66201091e+01 5.77014104e+02
 3.62498924e+01 5.77021495e+02
 3.58442751e+01 5.77021495e+02
 3.54709974e+01 5.77060380e+02
 3.58591383e+01 5.77066025e+02
 3.52586107e+01 5.77066025e+02
 3.45098773e+01 5.77066025e+02
 3.47881618e+01 5.77101537e+02
 3.43275447e+01 5.77101537e+02
 3.42834362e+01 5.77101537e+02
 3.41626107e+01 5.77141490e+02
 3.36824463e+01 5.77141490e+02
 3.34887288e+01 5.77141490e+02
 3.30890200e+01 5.77146678e+02
 3.29418214e+01 5.77176146e+02
 3.30029966e+01 5.77176146e+02
 3.24149613e+01 5.77183122e+02
 3.22883925e+01 5.77211664e+02
 3.17324700e+01 5.77211664e+02
 3.21462225e+01 5.77220235e+02
 3.18468945e+01 5.77246324e+02
 3.11478337e+01 5.77246324e+02
 3.13539900e+01 5.77246324e+02
 3.07815326e+01 5.77274319e+02
 3.10795590e+01 5.77281416e+02
 3.05851657e+01 5.77281416e+02
 3.01420552e+01 5.77323538e+02
 3.00650991e+01 5.77331264e+02
 2.98002376e+01 5.77331264e+02
 2.98326854e+01 5.77331264e+02
 2.93177011e+01 5.77358051e+02
 2.92695764e+01 5.77358051e+02
 2.88274035e+01 5.77358051e+02
 2.88798670e+01 5.77388995e+02
 2.86315036e+01 5.77388995e+02
 2.82769499e+01 5.77388995e+02
 2.84127138e+01 5.77425813e+02
 2.79163772e+01 5.77425813e+02
 2.80061326e+01 5.77425813e+02
 2.75048841e+01 5.77430315e+02
 2.75552160e+01 5.77449739e+02
 2.70714966e+01 5.77449739e+02
 2.71929182e+01 5.77458544e+02
 2.66981418e+01 5.77480687e+02
 2.66632625e+01 5.77480687e+02
 2.63915446e+01 5.77480687e+02
 2.61472218e+01 5.77507575e+02
 2.62351192e+01 5.77511206e+02
 2.56786344e+01 5.77511206e+02
 2.57171360e+01 5.77532630e+02
 2.52392985e+01 5.77533846e+02
 2.53000176e+01 5.77533846e+02
 2.48869350e+01 5.77533846e+02
 2.51560867e+01 5.77558206e+02
 2.45436552e+01 5.77558206e+02
 2.47491186e+01 5.77558213e+02
 2.41365892e+01 5.77589158e+02
 2.42678331e+01 5.77589158e+02
 2.37613019e+01 5.77589158e+02
 2.38717625e+01 5.77595603e+02
 2.33699665e+01 5.77604779e+02
 2.36527047e+01 5.77604779e+02
 2.30822430e+01 5.77617546e+02
 2.32698500e+01 5.77629141e+02
 2.27406627e+01 5.77629141e+02
 2.27408302e+01 5.77642894e+02
 2.21836731e+01 5.77651068e+02
 2.24540250e+01 5.77651068e+02
 2.20694483e+01 5.77651068e+02
 2.22934624e+01 5.77668410e+02
 2.17624175e+01 5.77668410e+02
 2.18368913e+01 5.77668410e+02
 2.12114791e+01 5.77702664e+02
 2.14107659e+01 5.77702664e+02
 2.09598087e+01 5.77702664e+02
 2.11662880e+01 5.77703063e+02
 2.06662426e+01 5.77725740e+02
 2.08511568e+01 5.77725740e+02
 2.04084261e+01 5.77726187e+02
 2.03536556e+01 5.77737351e+02
 2.00514474e+01 5.77737351e+02
 1.98330315e+01 5.77739265e+02
 1.99918423e+01 5.77765875e+02
 1.97233131e+01 5.77765875e+02
 1.98008780e+01 5.77765875e+02
 1.92306468e+01 5.77774005e+02
 1.94018145e+01 5.77780209e+02
 1.89224883e+01 5.77780209e+02
 1.90330144e+01 5.77793405e+02
 1.86173768e+01 5.77801281e+02
 1.87172758e+01 5.77801281e+02
 1.84285300e+01 5.77801281e+02
 1.83164012e+01 5.77810434e+02
 1.82292798e+01 5.77810456e+02
 1.79637155e+01 5.77810456e+02
 1.81014253e+01 5.77831816e+02
 1.75958096e+01 5.77831816e+02
 1.76596365e+01 5.77831816e+02
 1.73677540e+01 5.77844718e+02
 1.72709239e+01 5.77844718e+02
 1.71491977e+01 5.77844718e+02
 1.68928171e+01 5.77845111e+02
 1.70487448e+01 5.77861204e+02
 1.65735628e+01 5.77861204e+02
 1.68506495e+01 5.77862072e+02
 1.63673904e+01 5.77879412e+02
 1.63018947e+01 5.77879412e+02
 1.61735440e+01 5.77879412e+02
 1.59660914e+01 5.77877822e+02
 1.59723228e+01 5.77876401e+02
 1.57664479e+01 5.77876401e+02
 1.57536649e+01 5.77872102e+02
 1.55561432e+01 5.77869089e+02
 1.53212452e+01 5.77869089e+02
 1.52965383e+01 5.77861582e+02
 1.49236716e+01 5.77857477e+02
 1.51148109e+01 5.77857477e+02
 1.48051788e+01 5.77857477e+02
 1.47064223e+01 5.77861634e+02
 1.47605951e+01 5.77861634e+02
 1.43213915e+01 5.77861634e+02
 1.44554561e+01 5.77874394e+02
 1.41196995e+01 5.77874394e+02
 1.40788092e+01 5.77874394e+02
 1.41438756e+01 5.77874744e+02
 1.38227108e+01 5.77896616e+02
 1.38944574e+01 5.77896616e+02
 1.35904535e+01 5.77897204e+02
 1.33966055e+01 5.77912817e+02
 1.34389649e+01 5.77912817e+02
 1.31178565e+01 5.77914143e+02
 1.31271813e+01 5.77933463e+02
 1.31285154e+01 5.77933463e+02
 1.28213022e+01 5.77933463e+02
 1.28171776e+01 5.77945692e+02
 1.26558513e+01 5.77954970e+02
 1.24127017e+01 5.77954970e+02
 1.24952765e+01 5.77967327e+02
 1.21651359e+01 5.77973897e+02
 1.22030318e+01 5.77973897e+02
 1.22222542e+01 5.77973897e+02
 1.19434026e+01 5.77980923e+02
 1.19271441e+01 5.77980923e+02
 1.18395685e+01 5.77980923e+02
 1.15107342e+01 5.77997413e+02
 1.15983800e+01 5.77997413e+02
 1.14545457e+01 5.77997413e+02
 1.12230174e+01 5.78000588e+02
 1.13139057e+01 5.78032545e+02
 1.11615163e+01 5.78032545e+02
 1.09864311e+01 5.78034541e+02
 1.10681002e+01 5.78044448e+02
 1.07507845e+01 5.78044448e+02
 1.06585043e+01 5.78050698e+02
 1.06438842e+01 5.78068397e+02
 1.04953412e+01 5.78068397e+02
 1.02982652e+01 5.78068397e+02
 1.04398196e+01 5.78078420e+02
 1.02235513e+01 5.78080013e+02
 1.00660388e+01 5.78080013e+02
 1.01539395e+01 5.78086970e+02
 9.89471931e+00 5.78087470e+02
 9.77350019e+00 5.78087470e+02
 9.78241688e+00 5.78087470e+02
 9.62094963e+00 5.78112281e+02
 9.46214697e+00 5.78112281e+02
 9.54869718e+00 5.78112281e+02
 9.43003070e+00 5.78114289e+02
 9.19199235e+00 5.78114289e+02
 9.28320733e+00 5.78114289e+02
 9.12050421e+00 5.78120401e+02
 8.89791091e+00 5.78134081e+02
 8.91602158e+00 5.78134081e+02
 8.88467954e+00 5.78135761e+02
 8.62962722e+00 5.78138670e+02
 8.56601689e+00 5.78138670e+02
 8.64547441e+00 5.78147628e+02
 8.41718340e+00 5.78159754e+02
 8.29703407e+00 5.78159754e+02
 8.36677573e+00 5.78159754e+02
 8.25207609e+00 5.78160953e+02
 8.00752821e+00 5.78161045e+02
 8.02859656e+00 5.78161045e+02
 7.96791681e+00 5.78169702e+02
 7.78870414e+00 5.78170081e+02
 7.76918162e+00 5.78170081e+02
 7.75127909e+00 5.78170081e+02
 7.66150969e+00 5.78190305e+02
 7.49801212e+00 5.78190305e+02
 7.49079387e+00 5.78190305e+02
 7.47673216e+00 5.78204792e+02
 7.23106127e+00 5.78204792e+02
 7.11563388e+00 5.78204792e+02
 7.18772142e+00 5.78210960e+02
 7.05069491e+00 5.78210960e+02
 6.86436351e+00 5.78210960e+02
 6.92154077e+00 5.78212703e+02
 6.92195078e+00 5.78216267e+02
 6.71824694e+00 5.78216267e+02
 6.66114491e+00 5.78235111e+02
 6.67701244e+00 5.78265039e+02
 6.58620813e+00 5.78265039e+02
 6.42120820e+00 5.78276867e+02
 6.32726628e+00 5.78291578e+02
 6.37351671e+00 5.78291578e+02
 6.24602952e+00 5.78291578e+02
 6.07485750e+00 5.78311663e+02
 6.06967332e+00 5.78312954e+02
 6.08658749e+00 5.78312954e+02
 5.99780103e+00 5.78336531e+02
 5.87759689e+00 5.78337343e+02
 5.83022722e+00 5.78337343e+02
 5.84121030e+00 5.78337343e+02
 5.70207133e+00 5.78360154e+02
 5.55603428e+00 5.78360154e+02
 5.52826958e+00 5.78360154e+02
 5.52357360e+00 5.78401476e+02
 5.44094104e+00 5.78401476e+02
 5.29789786e+00 5.78401484e+02
 5.26535932e+00 5.78425868e+02
 5.29020465e+00 5.78425868e+02
 5.20828388e+00 5.78425868e+02
 5.11165101e+00 5.78431953e+02
 5.02667697e+00 5.78443087e+02
 5.04857639e+00 5.78443087e+02
 4.97366766e+00 5.78458014e+02
 4.84347835e+00 5.78478673e+02
 4.75855125e+00 5.78478673e+02
 4.71776615e+00 5.78478673e+02
 4.72162500e+00 5.78524170e+02
 4.64103081e+00 5.78527465e+02
 4.50724937e+00 5.78527465e+02
 4.45598371e+00 5.78591359e+02
 4.49064959e+00 5.78593626e+02
 4.44220513e+00 5.78593626e+02
 4.35193366e+00 5.78609567e+02
 4.24039316e+00 5.78609700e+02
 4.24167015e+00 5.78609700e+02
 4.21846288e+00 5.78609736e+02
 4.16869292e+00 5.78637402e+02
 4.02745273e+00 5.78637402e+02
 3.98056814e+00 5.78638402e+02
 3.94535296e+00 5.78676300e+02
 3.94767961e+00 5.78676300e+02
 3.83691571e+00 5.78676300e+02
 3.78199988e+00 5.78680740e+02
 3.69017272e+00 5.78684482e+02
 3.71726169e+00 5.78684482e+02
 3.69008566e+00 5.78704992e+02
 3.63839095e+00 5.78715919e+02
 3.54076704e+00 5.78715919e+02
 3.49201522e+00 5.78715919e+02
 3.45002068e+00 5.78744917e+02
 3.44602901e+00 5.78744917e+02
 3.37928037e+00 5.78744917e+02
 3.29682612e+00 5.78766451e+02
 3.22087655e+00 5.78766451e+02
 3.21242704e+00 5.78766451e+02
 3.19168291e+00 5.78779228e+02
 3.13996810e+00 5.78779228e+02
 3.09200478e+00 5.78779228e+02
 2.99974573e+00 5.78782621e+02
 2.97375854e+00 5.78800763e+02
 2.95931180e+00 5.78800763e+02
 2.94060088e+00 5.78799035e+02
 2.91344142e+00 5.78793728e+02
 2.80206258e+00 5.78793728e+02
 2.78694442e+00 5.78793728e+02
 2.71519755e+00 5.78829047e+02
 2.71702259e+00 5.78837518e+02
 2.68941002e+00 5.78837518e+02
 2.61461601e+00 5.78830048e+02
 2.58426790e+00 5.78828760e+02
 2.49593325e+00 5.78828760e+02
 2.47978137e+00 5.78828760e+02
 2.46740308e+00 5.78803634e+02
 2.43477792e+00 5.78803634e+02
 2.39056404e+00 5.78803634e+02
 2.34538146e+00 5.78846563e+02
 2.29214038e+00 5.78846563e+02
 2.26011567e+00 5.78846563e+02
 2.24157840e+00 5.78852450e+02
 2.22751378e+00 5.78852450e+02
 2.20381537e+00 5.78852450e+02
 2.14454430e+00 5.78853024e+02
 2.10743041e+00 5.78855752e+02
 2.05785285e+00 5.78855752e+02
 2.02513821e+00 5.78850122e+02
 2.01751772e+00 5.78830483e+02
 1.99111620e+00 5.78830483e+02
 1.95548352e+00 5.78830483e+02
 1.92358471e+00 5.78825371e+02
 1.86917671e+00 5.78823878e+02
 1.83244912e+00 5.78823878e+02
 1.80305310e+00 5.78838890e+02
 1.78652579e+00 5.78842112e+02
 1.76973768e+00 5.78842112e+02
 1.74447063e+00 5.78844979e+02
 1.70635695e+00 5.78845415e+02
 1.65348427e+00 5.78845415e+02
 1.63243739e+00 5.78845415e+02
 1.59615442e+00 5.78866808e+02
 1.57853840e+00 5.78866808e+02
 1.56530685e+00 5.78866808e+02
 1.55322129e+00 5.78861926e+02
 1.52711850e+00 5.78861926e+02
 1.51079408e+00 5.78861926e+02
 1.45563369e+00 5.78861802e+02
 1.43173899e+00 5.78861065e+02
 1.39085928e+00 5.78861065e+02
 1.38699134e+00 5.78872411e+02
 1.37195255e+00 5.78920654e+02
 1.34972152e+00 5.78920654e+02
 1.32897919e+00 5.78934487e+02
 1.31452872e+00 5.78978095e+02
 1.29888228e+00 5.78978095e+02
 1.24497975e+00 5.78978095e+02
 1.22360475e+00 5.78994808e+02
 1.20257563e+00 5.78999206e+02
 1.18310243e+00 5.78999206e+02
 1.17115079e+00 5.78992575e+02
 1.16340150e+00 5.78991307e+02
 1.15266474e+00 5.78991307e+02
 1.12683323e+00 5.78991307e+02
 1.09728735e+00 5.78991738e+02
 1.08388626e+00 5.78991738e+02
 1.06348035e+00 5.78991738e+02
 1.03716931e+00 5.79005381e+02
 1.01937528e+00 5.79005381e+02
 1.01128267e+00 5.79005381e+02
 1.00030995e+00 5.79006674e+02
 9.83084358e-01 5.79006674e+02
 9.75274803e-01 5.79006674e+02
 9.57928185e-01 5.79006582e+02
 9.43396352e-01 5.79006243e+02
 9.33468001e-01 5.79006243e+02
 9.09720888e-01 5.79000936e+02
 8.97491556e-01 5.78989297e+02
 8.77570008e-01 5.78989297e+02
 8.70047932e-01 5.78989297e+02
 8.56785983e-01 5.79014103e+02
 8.41478702e-01 5.79016583e+02
 8.35012488e-01 5.79016583e+02
 8.22765384e-01 5.79008956e+02
 8.13955722e-01 5.79008684e+02
 8.05747438e-01 5.79008684e+02
 7.97076552e-01 5.79007111e+02
 7.81769580e-01 5.79007105e+02
 7.70665308e-01 5.79007105e+02
 7.62188245e-01 5.79007069e+02
 7.51912036e-01 5.78993030e+02
 7.41254530e-01 5.78993030e+02
 7.34635765e-01 5.78992952e+02
 7.24074541e-01 5.78990445e+02
 7.16424126e-01 5.78990445e+02
 7.10416215e-01 5.78990445e+02
 7.06572043e-01 5.78999105e+02
 7.01977594e-01 5.79006243e+02
 6.95484577e-01 5.79006243e+02
 6.88703932e-01 5.78996413e+02
 6.83281247e-01 5.78990876e+02
 6.75978494e-01 5.78990876e+02
 6.71849579e-01 5.78990876e+02
 6.64848017e-01 5.78999636e+02
 6.60334017e-01 5.78999637e+02
 6.54969385e-01 5.78999637e+02
 6.50316191e-01 5.78995472e+02
 6.44336307e-01 5.78995472e+02
 6.40042182e-01 5.78995472e+02
 6.35946736e-01 5.78995903e+02
 6.33150343e-01 5.78995903e+02
 6.30733074e-01 5.78995903e+02
 6.28541569e-01 5.78996209e+02
 6.26730065e-01 5.79002509e+02
 6.23836544e-01 5.79002509e+02
 6.21467549e-01 5.79000242e+02
 6.19028275e-01 5.78973069e+02
 6.16062005e-01 5.78973069e+02
 6.15132141e-01 5.78973069e+02
 6.13316472e-01 5.78981554e+02
 6.12270010e-01 5.78987573e+02
 6.11053804e-01 5.78987573e+02
 6.10180268e-01 5.78984153e+02
 6.09165669e-01 5.78982260e+02
 6.08182005e-01 5.78982260e+02
 6.07687517e-01 5.78983970e+02
 6.06789894e-01 5.78984701e+02
 6.06325936e-01 5.78984701e+02
 6.05968933e-01 5.78984701e+02
 6.05594093e-01 5.78979388e+02
 6.05299259e-01 5.78979388e+02
 6.05024694e-01 5.78979388e+02
 6.04807407e-01 5.78966894e+02
 6.04612374e-01 5.78966894e+02
 6.04561065e-01 5.78966894e+02
 6.04467565e-01 5.78966920e+02
 6.04433848e-01 5.78967755e+02
 6.04397062e-01 5.78967755e+02
 6.04347280e-01 5.78967521e+02
 6.04347280e-01 5.78963591e+02
 6.04319930e-01 5.78963591e+02
 6.04318613e-01 5.78963488e+02
 6.04318613e-01 5.78962442e+02
 6.04318613e-01 5.78962442e+02
 6.04318613e-01 5.78962442e+02
 6.04318613e-01 5.78951397e+02
 6.04304558e-01 5.78944204e+02
