 8.13160000e+01 4.02965000e+01
 8.13242034e+01 4.03017204e+01
 8.13324069e+01 4.03069407e+01
 8.12960143e+01 4.03406270e+01
 8.13037768e+01 4.03461289e+01
 8.13119802e+01 4.03513492e+01
 8.13201837e+01 4.03835304e+01
 8.13308551e+01 4.03930918e+01
 8.13390586e+01 4.03983122e+01
 8.13472620e+01 4.04035325e+01
 8.12828774e+01 4.04069947e+01
 8.12845729e+01 4.04120575e+01
 8.12927763e+01 4.04172778e+01
 8.13002452e+01 4.04447624e+01
 8.13080872e+01 4.04609382e+01
 8.13162907e+01 4.04661586e+01
 8.13244941e+01 4.04803217e+01
 8.13612208e+01 4.05004507e+01
 8.13785290e+01 4.05056710e+01
 8.13867325e+01 4.05108914e+01
 8.14008391e+01 4.05020846e+01
 8.14160444e+01 4.04906670e+01
 8.14242478e+01 4.04958874e+01
 8.14324513e+01 4.05164936e+01
 8.14507571e+01 4.05959861e+01
 8.14675321e+01 4.06012064e+01
 8.14757356e+01 4.06064268e+01
 8.14763414e+01 4.06107248e+01
 8.14605635e+01 4.06130339e+01
 8.14687669e+01 4.06182543e+01
 8.14769232e+01 4.06246555e+01
 8.14837968e+01 4.06631959e+01
 8.14920003e+01 4.06684162e+01
 8.15002037e+01 4.06736366e+01
 8.15140284e+01 4.06432898e+01
 8.15924106e+01 4.06485102e+01
 8.16006140e+01 4.06537306e+01
 8.16088175e+01 4.06589510e+01
 8.16167459e+01 4.07621431e+01
 8.16249494e+01 4.07673635e+01
 8.16331528e+01 4.07725839e+01
 8.16413385e+01 4.07761013e+01
 8.16204487e+01 4.07813217e+01
 8.16286522e+01 4.07865420e+01
 8.16368556e+01 4.08321013e+01
 8.16467101e+01 4.08417113e+01
 8.16549135e+01 4.08469317e+01
 8.16631170e+01 4.08521521e+01
 8.16757460e+01 4.09127062e+01
 8.16841918e+01 4.09209569e+01
 8.16923953e+01 4.09261773e+01
 8.17005987e+01 4.09290865e+01
 8.17020671e+01 4.09334230e+01
 8.17101386e+01 4.09386434e+01
 8.17183421e+01 4.09438637e+01
 8.18015173e+01 4.09667165e+01
 8.18289480e+01 4.09764589e+01
 8.18371514e+01 4.09816792e+01
 8.18453549e+01 4.10090365e+01
 8.18526151e+01 4.10362159e+01
 8.18606657e+01 4.10414362e+01
 8.18688692e+01 4.10585005e+01
 8.19066484e+01 4.11089698e+01
 8.19358081e+01 4.11141902e+01
 8.19440115e+01 4.11194106e+01
 8.19531388e+01 4.11353200e+01
 8.19637144e+01 4.11679868e+01
 8.19719179e+01 4.11732072e+01
 8.19801213e+01 4.11825586e+01
 8.20030057e+01 4.12603487e+01
 8.20374472e+01 4.12655691e+01
 8.20456507e+01 4.12707895e+01
 8.20539370e+01 4.12802572e+01
 8.20628805e+01 4.13234182e+01
 8.20710840e+01 4.13286386e+01
 8.20792874e+01 4.13338590e+01
 8.21102567e+01 4.13642218e+01
 8.22368553e+01 4.13694422e+01
 8.22450588e+01 4.13746626e+01
 8.22533621e+01 4.14137651e+01
 8.22672357e+01 4.14189854e+01
 8.22754391e+01 4.14242058e+01
 8.22836426e+01 4.14294262e+01
 8.23591340e+01 4.14774771e+01
 8.23673374e+01 4.14826975e+01
 8.23755409e+01 4.14879179e+01
 8.23837443e+01 4.15238213e+01
 8.23883768e+01 4.15290457e+01
 8.23965802e+01 4.15342661e+01
 8.24047837e+01 4.15394865e+01
 8.25217421e+01 4.15864770e+01
 8.25299456e+01 4.15916974e+01
 8.25381490e+01 4.15969178e+01
 8.25463525e+01 4.16454100e+01
 8.25575779e+01 4.16516872e+01
 8.25657814e+01 4.16569075e+01
 8.25739848e+01 4.16621279e+01
 8.26634524e+01 4.17506564e+01
 8.26716807e+01 4.17559022e+01
 8.26798841e+01 4.17611226e+01
 8.26880876e+01 4.18051479e+01
 8.27053570e+01 4.18146187e+01
 8.27135605e+01 4.18198391e+01
 8.27217639e+01 4.18847015e+01
 8.28362203e+01 4.19198085e+01
 8.28482958e+01 4.19250288e+01
 8.28564993e+01 4.19302492e+01
 8.28647027e+01 4.19727081e+01
 8.28729061e+01 4.19892939e+01
 8.28811096e+01 4.19945143e+01
 8.28893130e+01 4.20337970e+01
 8.30273223e+01 4.20736025e+01
 8.30548509e+01 4.20788229e+01
 8.30630544e+01 4.20840433e+01
 8.30815494e+01 4.21443030e+01
 8.30964843e+01 4.21855226e+01
 8.31046877e+01 4.21907430e+01
 8.31128912e+01 4.22105713e+01
 8.31356950e+01 4.22508640e+01
 8.31509940e+01 4.22560844e+01
 8.31591975e+01 4.22657351e+01
 8.32166780e+01 4.23439301e+01
 8.33104544e+01 4.23491505e+01
 8.33186578e+01 4.23543709e+01
 8.33314779e+01 4.23681056e+01
 8.33790047e+01 4.24458493e+01
 8.33872082e+01 4.24510697e+01
 8.33954116e+01 4.24562901e+01
 8.34585807e+01 4.25438333e+01
 8.37468745e+01 4.25490537e+01
 8.37550780e+01 4.25542741e+01
 8.37632682e+01 4.25598321e+01
 8.37695598e+01 4.26137704e+01
 8.37777633e+01 4.26189908e+01
 8.37859667e+01 4.26242111e+01
 8.38012542e+01 4.26895801e+01
 8.40349926e+01 4.26948005e+01
 8.40431961e+01 4.27000209e+01
 8.40513995e+01 4.27428987e+01
 8.40618020e+01 4.27492855e+01
 8.40700054e+01 4.27545059e+01
 8.40782089e+01 4.27597262e+01
 8.43442096e+01 4.28221581e+01
 8.43541467e+01 4.28277632e+01
 8.43623502e+01 4.28329835e+01
 8.43705536e+01 4.29062191e+01
 8.43790311e+01 4.29247047e+01
 8.43872345e+01 4.29299251e+01
 8.43954380e+01 4.29351455e+01
 8.45290902e+01 4.30118316e+01
 8.45519099e+01 4.30253786e+01
 8.45601133e+01 4.30305989e+01
 8.45683168e+01 4.30935985e+01
 8.45726290e+01 4.31319370e+01
 8.45805987e+01 4.31371574e+01
 8.45888021e+01 4.31488183e+01
 8.46366429e+01 4.31672279e+01
 8.46606890e+01 4.31724483e+01
 8.46688924e+01 4.31776687e+01
 8.46769838e+01 4.32411952e+01
 8.46850253e+01 4.33306625e+01
 8.46932288e+01 4.33358829e+01
 8.47014322e+01 4.33560888e+01
 8.48325102e+01 4.34570935e+01
 8.49674811e+01 4.34623139e+01
 8.49756846e+01 4.34675343e+01
 8.49836693e+01 4.34945430e+01
 8.49909944e+01 4.35872627e+01
 8.49991979e+01 4.35924831e+01
 8.50074013e+01 4.35993170e+01
 8.50665900e+01 4.36951442e+01
 8.52116582e+01 4.37003646e+01
 8.52198617e+01 4.37055849e+01
 8.52280516e+01 4.38203298e+01
 8.52359946e+01 4.38255502e+01
 8.52441980e+01 4.38307705e+01
 8.52524015e+01 4.38359909e+01
 8.53136059e+01 4.39402852e+01
 8.53218094e+01 4.39455056e+01
 8.53300128e+01 4.39507260e+01
 8.53382162e+01 4.40498113e+01
 8.53488927e+01 4.40551239e+01
 8.53570961e+01 4.40603442e+01
 8.53652996e+01 4.40655646e+01
 8.56204040e+01 4.41679570e+01
 8.56286075e+01 4.41731774e+01
 8.56368109e+01 4.41783978e+01
 8.56450144e+01 4.42798727e+01
 8.56499208e+01 4.42885809e+01
 8.56581243e+01 4.42938013e+01
 8.56663277e+01 4.43938648e+01
 8.57903917e+01 4.44240758e+01
 8.57989046e+01 4.44292961e+01
 8.58071080e+01 4.44345165e+01
 8.58141097e+01 4.45476930e+01
 8.58221379e+01 4.45686525e+01
 8.58303414e+01 4.45738729e+01
 8.58385448e+01 4.46414386e+01
 8.59552281e+01 4.46821700e+01
 8.59689277e+01 4.46873904e+01
 8.59771312e+01 4.46926108e+01
 8.59836345e+01 4.47853880e+01
 8.59913391e+01 4.48163022e+01
 8.59995425e+01 4.48215226e+01
 8.60077459e+01 4.48889854e+01
 8.61770726e+01 4.49569835e+01
 8.62095348e+01 4.49622039e+01
 8.62177383e+01 4.49674243e+01
 8.62872211e+01 4.50395189e+01
 8.63310922e+01 4.50836633e+01
 8.63392956e+01 4.50888836e+01
 8.63474991e+01 4.51326752e+01
 8.64278541e+01 4.52083416e+01
 8.64605790e+01 4.52135619e+01
 8.64687824e+01 4.52308414e+01
 8.65576395e+01 4.53225534e+01
 8.66554613e+01 4.53277738e+01
 8.66636647e+01 4.53329942e+01
 8.66752867e+01 4.53613201e+01
 8.66973746e+01 4.54603859e+01
 8.67055781e+01 4.54656063e+01
 8.67137815e+01 4.54732541e+01
 8.67650655e+01 4.56002834e+01
 8.68853574e+01 4.56055038e+01
 8.68935609e+01 4.56107242e+01
 8.69016346e+01 4.56221475e+01
 8.69074947e+01 4.57394270e+01
 8.69156982e+01 4.57446473e+01
 8.69239016e+01 4.57498677e+01
 8.69490972e+01 4.58857722e+01
 8.71122315e+01 4.58909926e+01
 8.71204350e+01 4.58962130e+01
 8.71286384e+01 4.60134604e+01
 8.71357399e+01 4.60187426e+01
 8.71439433e+01 4.60239629e+01
 8.71521468e+01 4.60291833e+01
 8.72817402e+01 4.61805238e+01
 8.72899437e+01 4.61857442e+01
 8.72981471e+01 4.61909646e+01
 8.73063505e+01 4.63143332e+01
 8.73140060e+01 4.63289322e+01
 8.73222094e+01 4.63341526e+01
 8.73304129e+01 4.63393730e+01
 8.75469216e+01 4.64440468e+01
 8.75624098e+01 4.64527452e+01
 8.75706132e+01 4.64579656e+01
 8.75788167e+01 4.65437373e+01
 8.75845674e+01 4.65743438e+01
 8.75927496e+01 4.65795642e+01
 8.76009530e+01 4.66327462e+01
 8.77378313e+01 4.66942435e+01
 8.77725289e+01 4.66994638e+01
 8.77807323e+01 4.67046842e+01
 8.77901319e+01 4.67769398e+01
 8.77993392e+01 4.68384263e+01
 8.78075427e+01 4.68436467e+01
 8.78157461e+01 4.68810610e+01
 8.78861970e+01 4.69866117e+01
 8.79315670e+01 4.69918321e+01
 8.79397705e+01 4.69970525e+01
 8.79488501e+01 4.70362723e+01
 8.79589254e+01 4.71141251e+01
 8.79671288e+01 4.71193454e+01
 8.79753322e+01 4.71339466e+01
 8.80642587e+01 4.72537758e+01
 8.81938701e+01 4.72589962e+01
 8.82020736e+01 4.72642166e+01
 8.82100658e+01 4.73872315e+01
 8.82168355e+01 4.73924519e+01
 8.82250389e+01 4.73976723e+01
 8.82333857e+01 4.74029852e+01
 8.84268228e+01 4.75278493e+01
 8.84350263e+01 4.75330696e+01
 8.84432297e+01 4.75382900e+01
 8.84514493e+01 4.76679755e+01
 8.84607326e+01 4.76731959e+01
 8.84689360e+01 4.76784163e+01
 8.84771395e+01 4.76836366e+01
 8.85962969e+01 4.78105529e+01
 8.86045004e+01 4.78157732e+01
 8.86127038e+01 4.78209936e+01
 8.86209073e+01 4.79254898e+01
 8.86288367e+01 4.79325714e+01
 8.86370402e+01 4.79377917e+01
 8.86452436e+01 4.80332834e+01
 8.87402321e+01 4.80575262e+01
 8.87484355e+01 4.80627465e+01
 8.87566389e+01 4.80679669e+01
 8.87731711e+01 4.81860198e+01
 8.87821108e+01 4.82012156e+01
 8.87903143e+01 4.82064360e+01
 8.87985177e+01 4.82848007e+01
 8.89031721e+01 4.83216942e+01
 8.89137916e+01 4.83269146e+01
 8.89219951e+01 4.83321349e+01
 8.89335830e+01 4.84414841e+01
 8.89425200e+01 4.84692710e+01
 8.89507234e+01 4.84744913e+01
 8.89589268e+01 4.85366472e+01
 8.91643060e+01 4.85848416e+01
 8.91906497e+01 4.85900620e+01
 8.91988532e+01 4.85952824e+01
 8.92668942e+01 4.86805691e+01
 8.93006741e+01 4.87200123e+01
 8.93088775e+01 4.87252326e+01
 8.93170810e+01 4.87712514e+01
 8.94113026e+01 4.88306730e+01
 8.94386719e+01 4.88358934e+01
 8.94468753e+01 4.88633818e+01
 8.94704019e+01 4.89649364e+01
 8.94904682e+01 4.89701567e+01
 8.94986716e+01 4.89753771e+01
 8.95110740e+01 4.90129506e+01
 8.95293595e+01 4.90958536e+01
 8.95375630e+01 4.91010740e+01
 8.95457664e+01 4.91156549e+01
 8.96134199e+01 4.92387253e+01
 8.97085563e+01 4.92439457e+01
 8.97167598e+01 4.92491660e+01
 8.97245466e+01 4.92710735e+01
 8.97304187e+01 4.93696704e+01
 8.97386221e+01 4.93748908e+01
 8.97468255e+01 4.93805906e+01
 8.97884449e+01 4.95007706e+01
 8.99164824e+01 4.95059910e+01
 8.99246859e+01 4.95112113e+01
 8.99328843e+01 4.96147158e+01
 8.99401582e+01 4.96199362e+01
 8.99470580e+01 4.96251566e+01
 8.99550257e+01 4.96303770e+01
 9.00295789e+01 4.97426541e+01
 9.00392686e+01 4.97502726e+01
 9.00474720e+01 4.97554929e+01
 9.00556754e+01 4.98389821e+01
 9.00663487e+01 4.98642397e+01
 9.00745563e+01 4.98694601e+01
 9.00827598e+01 4.99147654e+01
 9.01203666e+01 4.99591103e+01
 9.01332187e+01 4.99643306e+01
 9.01414221e+01 4.99695510e+01
 9.01510829e+01 5.00333451e+01
 9.01603020e+01 5.00793900e+01
 9.01685055e+01 5.00846104e+01
 9.01767089e+01 5.01221442e+01
 9.03122924e+01 5.02088429e+01
 9.03831598e+01 5.02140633e+01
 9.03913632e+01 5.02192837e+01
 9.03986412e+01 5.02683080e+01
 9.04053021e+01 5.03465382e+01
 9.04135056e+01 5.03517585e+01
 9.04217090e+01 5.03675373e+01
 9.04319222e+01 5.04569044e+01
 9.04425089e+01 5.04621248e+01
 9.04507124e+01 5.04673452e+01
 9.04596699e+01 5.05771602e+01
 9.04715123e+01 5.05823806e+01
 9.04797157e+01 5.05876010e+01
 9.04895896e+01 5.05937049e+01
 9.06853496e+01 5.06981362e+01
 9.06935530e+01 5.07033566e+01
 9.07017565e+01 5.07085770e+01
 9.07099222e+01 5.07986508e+01
 9.07170604e+01 5.08038712e+01
 9.07252638e+01 5.08090916e+01
 9.07334673e+01 5.08143119e+01
 9.08062107e+01 5.09394118e+01
 9.08144142e+01 5.09446322e+01
 9.08226176e+01 5.09498525e+01
 9.08308211e+01 5.10266933e+01
 9.08340835e+01 5.10322731e+01
 9.08422869e+01 5.10374935e+01
 9.08504904e+01 5.11136441e+01
 9.09616788e+01 5.11319501e+01
 9.09698823e+01 5.11371705e+01
 9.09780857e+01 5.11423909e+01
 9.09820800e+01 5.12230044e+01
 9.09898256e+01 5.12364258e+01
 9.09980291e+01 5.12416462e+01
 9.10062325e+01 5.13080149e+01
 9.10670369e+01 5.13468657e+01
 9.10781194e+01 5.13520860e+01
 9.10863228e+01 5.13573064e+01
 9.10931330e+01 5.14292322e+01
 9.11008037e+01 5.14599556e+01
 9.11090072e+01 5.14651759e+01
 9.11172106e+01 5.15043311e+01
 9.11929617e+01 5.15566544e+01
 9.12184835e+01 5.15618748e+01
 9.12266870e+01 5.15764829e+01
 9.12382029e+01 5.16477709e+01
 9.12499539e+01 5.16529913e+01
 9.12581573e+01 5.16582116e+01
 9.12888142e+01 5.16746287e+01
 9.13827762e+01 5.17226139e+01
 9.13909796e+01 5.17278342e+01
 9.13991831e+01 5.17356347e+01
 9.14072969e+01 5.18255655e+01
 9.14153100e+01 5.18307859e+01
 9.14235134e+01 5.18360063e+01
 9.14327337e+01 5.18491403e+01
 9.14495343e+01 5.19212737e+01
 9.14577378e+01 5.19264941e+01
 9.14659412e+01 5.19318806e+01
 9.14731916e+01 5.20199381e+01
 9.14779561e+01 5.20251585e+01
 9.14861595e+01 5.20303789e+01
 9.14944101e+01 5.20981810e+01
 9.15036624e+01 5.21034013e+01
 9.15118659e+01 5.21086217e+01
 9.15200693e+01 5.21138421e+01
 9.15409694e+01 5.21846582e+01
 9.16356232e+01 5.21898785e+01
 9.16438267e+01 5.21950989e+01
 9.16520264e+01 5.22728004e+01
 9.16596846e+01 5.22780208e+01
 9.16678880e+01 5.22832412e+01
 9.16760915e+01 5.22884616e+01
 9.17265849e+01 5.23506833e+01
 9.17347883e+01 5.23559037e+01
 9.17429918e+01 5.23611240e+01
 9.17511952e+01 5.23927940e+01
 9.17640717e+01 5.23982372e+01
 9.17722751e+01 5.24034575e+01
 9.17804786e+01 5.24086779e+01
 9.17565490e+01 5.24833813e+01
 9.17647525e+01 5.24886017e+01
 9.17729559e+01 5.24938221e+01
 9.17811594e+01 5.25515599e+01
 9.17885338e+01 5.25612721e+01
 9.17967372e+01 5.25664925e+01
 9.18049407e+01 5.26042877e+01
 9.19090961e+01 5.26251254e+01
 9.19210426e+01 5.26303458e+01
 9.19292460e+01 5.26355661e+01
 9.19374495e+01 5.26823805e+01
 9.19475575e+01 5.27013013e+01
 9.19557814e+01 5.27065217e+01
 9.19639848e+01 5.27438485e+01
 9.19232007e+01 5.27881823e+01
 9.19207937e+01 5.27934026e+01
 9.19289971e+01 5.27986230e+01
 9.19352924e+01 5.28369594e+01
 9.19418330e+01 5.28710367e+01
 9.19500365e+01 5.28762571e+01
 9.19582399e+01 5.28935549e+01
 9.20286375e+01 5.29381288e+01
 9.20754388e+01 5.29433491e+01
 9.20836423e+01 5.29503541e+01
 9.20927829e+01 5.30101745e+01
 9.21030712e+01 5.30153949e+01
 9.21112746e+01 5.30206152e+01
 9.21194781e+01 5.30288853e+01
 9.21120355e+01 5.30743143e+01
 9.20957889e+01 5.30795347e+01
 9.21039924e+01 5.30847551e+01
 9.21118607e+01 5.31631529e+01
 9.21176513e+01 5.31683733e+01
 9.21258547e+01 5.31735936e+01
 9.21340690e+01 5.32024903e+01
 9.21793356e+01 5.32077107e+01
 9.21875391e+01 5.32129310e+01
 9.21957425e+01 5.32181514e+01
 9.22039115e+01 5.33038763e+01
 9.22094074e+01 5.33090967e+01
 9.22176108e+01 5.33143171e+01
 9.22258143e+01 5.33643677e+01
 9.22035297e+01 5.33719015e+01
 9.22117332e+01 5.33771219e+01
 9.22199366e+01 5.33823423e+01
 9.22281401e+01 5.34442517e+01
 9.22338705e+01 5.34504767e+01
 9.22420740e+01 5.34556971e+01
 9.22502774e+01 5.34971246e+01
 9.22266755e+01 5.35113478e+01
 9.22348313e+01 5.35165681e+01
 9.22430348e+01 5.35217885e+01
 9.22536098e+01 5.35301750e+01
 9.22621836e+01 5.35358898e+01
 9.22703871e+01 5.35411102e+01
 9.22785905e+01 5.35899960e+01
 9.23508990e+01 5.36254008e+01
 9.23647584e+01 5.36306212e+01
 9.23729619e+01 5.36482728e+01
 9.23844865e+01 5.36845550e+01
 9.23943098e+01 5.36897754e+01
 9.24025132e+01 5.36949958e+01
 9.24107167e+01 5.37087737e+01
 9.24191260e+01 5.37289059e+01
 9.24273985e+01 5.37341263e+01
 9.24356020e+01 5.37447432e+01
 9.24337096e+01 5.37953852e+01
 9.24300379e+01 5.38006056e+01
 9.24382413e+01 5.38058261e+01
 9.24434017e+01 5.38750027e+01
 9.24373452e+01 5.38802231e+01
 9.24455487e+01 5.38854435e+01
 9.24537521e+01 5.38911696e+01
 9.24744671e+01 5.39219419e+01
 9.25130030e+01 5.39271623e+01
 9.25212065e+01 5.39323826e+01
 9.25291229e+01 5.39722769e+01
 9.25343173e+01 5.39774973e+01
 9.25425208e+01 5.39827176e+01
 9.25507242e+01 5.39879380e+01
 9.25584777e+01 5.40317097e+01
 9.25646571e+01 5.40369301e+01
 9.25728606e+01 5.40421505e+01
 9.25810283e+01 5.40727839e+01
 9.25878965e+01 5.40780043e+01
 9.25960999e+01 5.40832246e+01
 9.26043034e+01 5.40884450e+01
 9.25726848e+01 5.41544049e+01
 9.25808882e+01 5.41596253e+01
 9.25890917e+01 5.41648456e+01
 9.25972951e+01 5.42165910e+01
 9.26054986e+01 5.42218114e+01
 9.26137020e+01 5.42270317e+01
 9.26219055e+01 5.42322521e+01
 9.27201899e+01 5.42697829e+01
 9.27283934e+01 5.42750033e+01
 9.27365968e+01 5.42802237e+01
 9.27448003e+01 5.43172385e+01
 9.27469597e+01 5.43227620e+01
 9.27551632e+01 5.43279824e+01
 9.27633666e+01 5.43488080e+01
 9.27756950e+01 5.43565170e+01
 9.27838985e+01 5.43617374e+01
 9.27921019e+01 5.43669578e+01
 9.28003054e+01 5.44086435e+01
 9.28101538e+01 5.44157449e+01
 9.28183573e+01 5.44209653e+01
 9.28265607e+01 5.43669025e+01
 9.27965613e+01 5.43514844e+01
 9.28042426e+01 5.43567048e+01
 9.28124461e+01 5.43619252e+01
 9.28173026e+01 5.43939266e+01
 9.28247339e+01 5.44053249e+01
 9.28329374e+01 5.44105453e+01
 9.28411408e+01 5.44347890e+01
 9.28466999e+01 5.44573927e+01
 9.28545257e+01 5.44626131e+01
 9.28627292e+01 5.44791596e+01
 9.28696048e+01 5.45234642e+01
 9.28769431e+01 5.45286846e+01
 9.28851465e+01 5.45339049e+01
 9.28933500e+01 5.45563949e+01
 9.29275413e+01 5.46020851e+01
 9.29476528e+01 5.46073055e+01
 9.29558563e+01 5.46132725e+01
 9.29661408e+01 5.46293805e+01
 9.29777592e+01 5.46346008e+01
 9.29859626e+01 5.46398212e+01
 9.29896273e+01 5.46511316e+01
 9.29625475e+01 5.47036943e+01
 9.29707510e+01 5.47089146e+01
 9.29789544e+01 5.47141355e+01
 9.29870611e+01 5.47633120e+01
 9.29948073e+01 5.47685324e+01
 9.30030108e+01 5.47737527e+01
 9.30115951e+01 5.48354274e+01
 9.30589646e+01 5.48406477e+01
 9.30671681e+01 5.48458681e+01
 9.30753715e+01 5.48510885e+01
 9.30836144e+01 5.48731176e+01
 9.30928814e+01 5.48783380e+01
 9.31010849e+01 5.48835584e+01
 9.31092883e+01 5.49251204e+01
 9.30793148e+01 5.49312792e+01
 9.30875182e+01 5.49364995e+01
 9.30957217e+01 5.49417199e+01
 9.31017418e+01 5.49801954e+01
 9.31099355e+01 5.49855633e+01
 9.31181390e+01 5.49907837e+01
 9.31263424e+01 5.50228387e+01
 9.31795829e+01 5.50329042e+01
 9.31877863e+01 5.50381246e+01
 9.31959898e+01 5.50835477e+01
 9.32168588e+01 5.51194709e+01
 9.32264037e+01 5.51246912e+01
 9.32346071e+01 5.51299116e+01
 9.32428106e+01 5.51424864e+01
 9.32951091e+01 5.51515608e+01
 9.33053575e+01 5.51567812e+01
 9.33135609e+01 5.51742578e+01
 9.32954076e+01 5.52019217e+01
 9.32942648e+01 5.52071421e+01
 9.33024682e+01 5.52123625e+01
 9.32941812e+01 5.52410270e+01
 9.32809721e+01 5.52766891e+01
 9.32891756e+01 5.52819095e+01
 9.32973790e+01 5.52905931e+01
 9.33621220e+01 5.53147692e+01
 9.34228209e+01 5.53199896e+01
 9.34310244e+01 5.53252099e+01
 9.34392884e+01 5.53377285e+01
 9.34477052e+01 5.53686296e+01
 9.34559087e+01 5.53738500e+01
 9.34641121e+01 5.53804820e+01
 9.34698453e+01 5.54388291e+01
 9.34722760e+01 5.54440495e+01
 9.34804795e+01 5.54492699e+01
 9.34886598e+01 5.54805758e+01
 9.34966124e+01 5.54857961e+01
 9.35048158e+01 5.54910165e+01
 9.35130193e+01 5.54962382e+01
 9.35150619e+01 5.55529817e+01
 9.34967442e+01 5.55582020e+01
 9.35049476e+01 5.55634224e+01
 9.35132309e+01 5.55867526e+01
 9.35241025e+01 5.55919730e+01
 9.35323059e+01 5.55971934e+01
 9.35405094e+01 5.56024138e+01
 9.35520088e+01 5.56324285e+01
 9.35602123e+01 5.56376489e+01
 9.35684157e+01 5.56428692e+01
 9.35766151e+01 5.56828013e+01
 9.35826236e+01 5.56880217e+01
 9.35908271e+01 5.56932421e+01
 9.35990305e+01 5.56984624e+01
 9.36893509e+01 5.57465890e+01
 9.36975544e+01 5.57518094e+01
 9.37057578e+01 5.57570297e+01
 9.37139613e+01 5.57954142e+01
 9.37251867e+01 5.58008930e+01
 9.37333902e+01 5.58061134e+01
 9.37415936e+01 5.58199455e+01
 9.37047541e+01 5.58264715e+01
 9.37129575e+01 5.58316919e+01
 9.37211610e+01 5.58369122e+01
 9.37293644e+01 5.58653963e+01
 9.37408639e+01 5.58717196e+01
 9.37490673e+01 5.58769400e+01
 9.37572707e+01 5.59058350e+01
 9.37205523e+01 5.59177853e+01
 9.37286406e+01 5.59230057e+01
 9.37368441e+01 5.59282260e+01
 9.37433790e+01 5.59678390e+01
 9.37513260e+01 5.59783461e+01
 9.37595294e+01 5.59835665e+01
 9.37677329e+01 5.60168319e+01
 9.38136035e+01 5.60412345e+01
 9.38250638e+01 5.60464548e+01
 9.38332672e+01 5.60688300e+01
 9.38414706e+01 5.61164195e+01
 9.38496741e+01 5.61216399e+01
 9.38578775e+01 5.61268603e+01
 9.38660810e+01 5.61441952e+01
 9.38489123e+01 5.61702978e+01
 9.38487039e+01 5.61755182e+01
 9.38569073e+01 5.61835105e+01
 9.38647413e+01 5.62120564e+01
 9.38724922e+01 5.62172768e+01
 9.38806957e+01 5.62224971e+01
 9.39010925e+01 5.62355466e+01
 9.39753756e+01 5.62831951e+01
 9.39835790e+01 5.62884154e+01
 9.39917824e+01 5.62937415e+01
 9.40001690e+01 5.63199939e+01
 9.40090113e+01 5.63252143e+01
 9.40172148e+01 5.63304347e+01
 9.40244289e+01 5.63371521e+01
 9.39962737e+01 5.63973894e+01
 9.40044771e+01 5.64026097e+01
 9.40126806e+01 5.64078301e+01
 9.40209704e+01 5.64622353e+01
 9.40304585e+01 5.64674557e+01
 9.40386619e+01 5.64726761e+01
 9.40468653e+01 5.65283592e+01
 9.40979128e+01 5.65340285e+01
 9.41061162e+01 5.65392489e+01
 9.41143197e+01 5.65444693e+01
 9.41184041e+01 5.65682431e+01
 9.41266076e+01 5.65734635e+01
 9.41348110e+01 5.65786839e+01
 9.41430145e+01 5.66149575e+01
 9.41501149e+01 5.66240731e+01
 9.41583184e+01 5.66292934e+01
 9.41665218e+01 5.66519106e+01
 9.41556702e+01 5.66675664e+01
 9.41626097e+01 5.66727868e+01
 9.41708131e+01 5.66780072e+01
 9.41790166e+01 5.66897622e+01
 9.41700990e+01 5.66977246e+01
 9.41778465e+01 5.67029450e+01
 9.41860499e+01 5.67156417e+01
 9.42772115e+01 5.67321581e+01
 9.43090118e+01 5.67373785e+01
 9.43172153e+01 5.67425988e+01
 9.43239672e+01 5.67597607e+01
 9.43306062e+01 5.67778518e+01
 9.43388096e+01 5.67830722e+01
 9.43470130e+01 5.67874706e+01
 9.43187667e+01 5.67891979e+01
 9.42988799e+01 5.67944183e+01
 9.43070834e+01 5.67996386e+01
 9.43141375e+01 5.67994966e+01
 9.43190973e+01 5.67895822e+01
 9.43273007e+01 5.67948026e+01
 9.43355042e+01 5.68004548e+01
 9.43294373e+01 5.68138735e+01
 9.43112611e+01 5.68190939e+01
 9.43194645e+01 5.68243143e+01
 9.43278521e+01 5.68252196e+01
 9.43377964e+01 5.68304399e+01
 9.43459998e+01 5.68356603e+01
 9.43542033e+01 5.68408807e+01
 9.43220367e+01 5.68424325e+01
 9.43302402e+01 5.68476529e+01
 9.43384436e+01 5.68528733e+01
 9.43466471e+01 5.68766491e+01
 9.43548505e+01 5.68818695e+01
 9.43630540e+01 5.68870899e+01
 9.43712574e+01 5.68923103e+01
 9.44179059e+01 5.69100442e+01
 9.44261093e+01 5.69152646e+01
 9.44343127e+01 5.69204849e+01
 9.44425150e+01 5.68989514e+01
 9.44485256e+01 5.69041717e+01
 9.44567291e+01 5.69093921e+01
 9.44649325e+01 5.69198278e+01
 9.43772860e+01 5.69254431e+01
 9.43854894e+01 5.69306634e+01
 9.43936929e+01 5.69358838e+01
 9.44018963e+01 5.69355584e+01
 9.44073518e+01 5.69407144e+01
 9.44155552e+01 5.69459347e+01
 9.44237586e+01 5.69602041e+01
 9.44360811e+01 5.69669474e+01
 9.44442845e+01 5.69721677e+01
 9.44524880e+01 5.69773881e+01
 9.44580956e+01 5.69801582e+01
 9.44661529e+01 5.69852406e+01
 9.44743563e+01 5.69904610e+01
 9.44825598e+01 5.69696419e+01
 9.44503130e+01 5.69668107e+01
 9.44583167e+01 5.69720311e+01
 9.44665201e+01 5.69772515e+01
 9.44766422e+01 5.69634591e+01
 9.44851260e+01 5.69659019e+01
 9.44933294e+01 5.69711223e+01
 9.45015329e+01 5.69838749e+01
 9.45425110e+01 5.69940766e+01
 9.45533688e+01 5.69992970e+01
 9.45615722e+01 5.69813551e+01
 9.45708982e+01 5.69314236e+01
 9.45796241e+01 5.69366439e+01
 9.45878276e+01 5.69418643e+01
 9.45395743e+01 5.69309800e+01
 9.44537385e+01 5.69093750e+01
 9.44619419e+01 5.69145954e+01
 9.44701453e+01 5.69124022e+01
 9.44792275e+01 5.68585949e+01
 9.44884722e+01 5.68638153e+01
 9.44966757e+01 5.68690356e+01
 9.45042658e+01 5.68667717e+01
 9.45095116e+01 5.68359037e+01
 9.45177150e+01 5.68411241e+01
 9.45259185e+01 5.68433685e+01
 9.45344520e+01 5.65155609e+01
 9.45436964e+01 5.65207813e+01
 9.45518998e+01 5.65260017e+01
 9.45600676e+01 5.68044593e+01
 9.45630947e+01 5.68096796e+01
 9.45582076e+01 5.68149000e+01
 9.45466374e+01 5.68201204e+01
 9.45296154e+01 5.65546918e+01
 9.45083727e+01 5.65599122e+01
 9.44841405e+01 5.65651326e+01
 9.44581498e+01 5.67087510e+01
 9.44316319e+01 5.67146628e+01
 9.44058179e+01 5.67198832e+01
 9.43819390e+01 5.67251035e+01
 9.43612264e+01 5.66490236e+01
 9.43449111e+01 5.66542440e+01
 9.43342244e+01 5.66594643e+01
 9.43303974e+01 5.67553288e+01
 9.43346469e+01 5.67703995e+01
 9.43428504e+01 5.67756199e+01
 9.43510538e+01 5.67051377e+01
 9.43579471e+01 5.66687475e+01
 9.43602048e+01 5.66739679e+01
 9.43590275e+01 5.66791883e+01
 9.43559257e+01 5.68830560e+01
 9.43524103e+01 5.69641713e+01
 9.43499919e+01 5.69693917e+01
 9.43501813e+01 5.69600656e+01
 9.43544890e+01 5.69451068e+01
 9.43625378e+01 5.69503272e+01
 9.43707413e+01 5.69555476e+01
 9.43822559e+01 5.69498273e+01
 9.43937412e+01 5.69442040e+01
 9.44019446e+01 5.69494243e+01
 9.44101481e+01 5.69300167e+01
 9.43453517e+01 5.68412449e+01
 9.43018740e+01 5.68464653e+01
 9.43100774e+01 5.68516965e+01
 9.43156945e+01 5.68575546e+01
 9.43168693e+01 5.68627750e+01
 9.43250727e+01 5.68679954e+01
 9.43376490e+01 5.68745810e+01
 9.44326576e+01 5.69069030e+01
 9.44408611e+01 5.69121233e+01
 9.44490645e+01 5.69173437e+01
 9.44573194e+01 5.67349542e+01
 9.44660254e+01 5.67401746e+01
 9.44742289e+01 5.67453950e+01
 9.44824323e+01 5.67506153e+01
 9.44436678e+01 5.66465201e+01
 9.44518712e+01 5.66517405e+01
 9.44600746e+01 5.66569609e+01
 9.44683208e+01 5.66921501e+01
 9.44795035e+01 5.66973705e+01
 9.44877070e+01 5.67025909e+01
 9.44959104e+01 5.66499445e+01
 9.42769899e+01 5.66533107e+01
 9.42851933e+01 5.66585311e+01
 9.42933968e+01 5.66637515e+01
 9.43016002e+01 5.65318639e+01
 9.43117287e+01 5.65370842e+01
 9.43199321e+01 5.65423046e+01
 9.43281356e+01 5.67656836e+01
 9.43594060e+01 5.67898942e+01
 9.43676094e+01 5.67951146e+01
 9.43758129e+01 5.68003349e+01
 9.43875304e+01 5.67463596e+01
 9.43957908e+01 5.67506211e+01
 9.44039942e+01 5.67558415e+01
 9.44121977e+01 5.66452757e+01
 9.44020011e+01 5.66289534e+01
 9.44102046e+01 5.66341737e+01
 9.44184080e+01 5.66393941e+01
 9.44219756e+01 5.67331888e+01
 9.44298729e+01 5.67442595e+01
 9.44380763e+01 5.67494799e+01
 9.44462798e+01 5.65534463e+01
 9.43711144e+01 5.64911139e+01
 9.43786447e+01 5.64963343e+01
 9.43868481e+01 5.65642281e+01
 9.43921979e+01 5.66333012e+01
 9.43999650e+01 5.66385216e+01
 9.44081685e+01 5.66437420e+01
 9.44163719e+01 5.66003871e+01
 9.43145845e+01 5.65785244e+01
 9.43168768e+01 5.65837448e+01
 9.43250803e+01 5.66475427e+01
 9.43318922e+01 5.67668508e+01
 9.43395681e+01 5.67720711e+01
 9.43477716e+01 5.67772915e+01
 9.43615183e+01 5.67516830e+01
 9.43773575e+01 5.67144374e+01
 9.43855609e+01 5.67196578e+01
 9.43937644e+01 5.67210362e+01
 9.44021089e+01 5.67033685e+01
 9.44104513e+01 5.67085889e+01
 9.44186547e+01 5.67133607e+01
 9.44275460e+01 5.65552174e+01
 9.44383516e+01 5.65604378e+01
 9.44465550e+01 5.65656581e+01
 9.44547585e+01 5.65734375e+01
 9.44574625e+01 5.66976634e+01
 9.44516684e+01 5.67028838e+01
 9.44598718e+01 5.67081042e+01
 9.44665551e+01 5.67463034e+01
 9.44485387e+01 5.67515238e+01
 9.44567422e+01 5.67567442e+01
 9.44649456e+01 5.67619646e+01
 9.44932001e+01 5.67633055e+01
 9.45014035e+01 5.67685259e+01
 9.45096070e+01 5.67737463e+01
 9.45178104e+01 5.68683971e+01
 9.45482588e+01 5.68736460e+01
 9.45564623e+01 5.68788664e+01
 9.45646657e+01 5.67702020e+01
 9.45341442e+01 5.67595382e+01
 9.45423476e+01 5.67647586e+01
 9.45505511e+01 5.67699789e+01
 9.45587545e+01 5.67717963e+01
 9.45677860e+01 5.67767571e+01
 9.45759894e+01 5.67819775e+01
 9.45841929e+01 5.66930099e+01
 9.45299155e+01 5.66557698e+01
 9.45360597e+01 5.66609902e+01
 9.45442632e+01 5.66662106e+01
 9.45524666e+01 5.65068311e+01
 9.45606701e+01 5.64613724e+01
 9.45688735e+01 5.64665927e+01
 9.45770770e+01 5.65935579e+01
 9.45141300e+01 5.67388653e+01
 9.45080709e+01 5.67440856e+01
 9.45162743e+01 5.67441413e+01
 9.45217675e+01 5.67254309e+01
 9.45277402e+01 5.67306512e+01
 9.45359436e+01 5.67358716e+01
 9.45441471e+01 5.67974102e+01
 9.45522640e+01 5.69741447e+01
 9.45597233e+01 5.69793650e+01
 9.45664830e+01 5.69913430e+01
 9.45726192e+01 5.71711171e+01
 9.45782079e+01 5.71763375e+01
 9.45833252e+01 5.71815578e+01
 9.45880470e+01 5.71386978e+01
 9.45924494e+01 5.65787786e+01
 9.45966084e+01 5.65839989e+01
 9.46005999e+01 5.65892193e+01
 9.46045001e+01 5.69002480e+01
 9.46083850e+01 5.69054683e+01
 9.46123304e+01 5.69106887e+01
 9.46164126e+01 5.68223678e+01
 9.46207074e+01 5.68275881e+01
 9.46252910e+01 5.68328085e+01
 9.46302392e+01 5.68380289e+01
 9.46356282e+01 5.65980134e+01
 9.46415339e+01 5.66032337e+01
 9.46480324e+01 5.66084541e+01
 9.46551997e+01 5.66107573e+01
 9.46631049e+01 5.66158789e+01
 9.46713083e+01 5.66210993e+01
 9.46795118e+01 5.66263196e+01
 9.46860647e+01 5.61812219e+01
 9.46942677e+01 5.61863201e+01
 9.47024711e+01 5.61915404e+01
 9.47106746e+01 5.64471855e+01
 9.44887320e+01 5.64772615e+01
 9.44969355e+01 5.64824819e+01
 9.45051389e+01 5.64877023e+01
 9.45109273e+01 5.62015161e+01
 9.45190788e+01 5.62004636e+01
 9.45272823e+01 5.62056840e+01
 9.45354857e+01 5.62253826e+01
 9.44503121e+01 5.62335701e+01
 9.44585156e+01 5.62387905e+01
 9.44667190e+01 5.62759239e+01
 9.44700730e+01 5.63030733e+01
 9.44779049e+01 5.63082937e+01
 9.44861084e+01 5.63135141e+01
 9.44943118e+01 5.61169214e+01
 9.43991159e+01 5.60487381e+01
 9.44060827e+01 5.60539585e+01
 9.44142862e+01 5.61014832e+01
 9.44224896e+01 5.61528994e+01
 9.44306930e+01 5.61581197e+01
 9.44388965e+01 5.61633401e+01
 9.41352578e+01 5.63094151e+01
 9.39565674e+01 5.63990528e+01
 9.39647708e+01 5.64042731e+01
 9.39729743e+01 5.64074531e+01
 9.39813846e+01 5.64091136e+01
 9.39896552e+01 5.64143340e+01
 9.39978586e+01 5.64195544e+01
 9.42045732e+01 5.63940690e+01
 9.44514835e+01 5.63623662e+01
 9.44596870e+01 5.63675866e+01
 9.44678904e+01 5.63597824e+01
 9.44539866e+01 5.63091092e+01
 9.44450233e+01 5.63143296e+01
 9.44532267e+01 5.63220824e+01
 9.44368716e+01 5.65059026e+01
 9.43751606e+01 5.65111230e+01
 9.43833641e+01 5.65163434e+01
 9.43915675e+01 5.65114375e+01
 9.44277311e+01 5.62935366e+01
 9.44909144e+01 5.62987570e+01
 9.44991179e+01 5.63039773e+01
 9.45119706e+01 5.63309482e+01
 9.45690797e+01 5.63361686e+01
 9.45772832e+01 5.63413890e+01
 9.45854866e+01 5.63466093e+01
 9.44528021e+01 5.65695736e+01
 9.44610055e+01 5.65747940e+01
 9.44692090e+01 5.65800143e+01
 9.44774056e+01 5.64592357e+01
 9.44828679e+01 5.64644561e+01
 9.44910713e+01 5.64696765e+01
 9.44992748e+01 5.64748968e+01
 9.46110182e+01 5.64193837e+01
 9.46192217e+01 5.64246041e+01
 9.46274251e+01 5.64298244e+01
 9.46356285e+01 5.64820897e+01
 9.46471280e+01 5.64893685e+01
 9.46553314e+01 5.64945888e+01
 9.46635349e+01 5.73594093e+01
 9.46887531e+01 5.76618095e+01
 9.47658723e+01 5.76670299e+01
 9.48803813e+01 5.76722502e+01
 9.50154243e+01 5.74662378e+01
 9.51541454e+01 5.74231152e+01
 9.52796886e+01 5.74283356e+01
 9.53751981e+01 5.71850985e+01
 9.54238178e+01 5.69646458e+01
 9.54330169e+01 5.69698662e+01
 9.54412203e+01 5.70660992e+01
 9.54554222e+01 5.73830883e+01
 9.54675102e+01 5.73883087e+01
 9.54757137e+01 5.73935291e+01
 9.54839171e+01 5.77817238e+01
 9.54926505e+01 5.86784806e+01
 9.55046665e+01 5.86837010e+01
 9.55192981e+01 5.86291464e+01
 9.55352800e+01 5.77740591e+01
 9.55513468e+01 5.77792794e+01
 9.55662333e+01 5.77844998e+01
 9.55786741e+01 5.77474252e+01
 9.55877217e+01 5.73982648e+01
 9.55959251e+01 5.74034851e+01
 9.56041286e+01 5.74087055e+01
 9.56128334e+01 5.72772834e+01
 9.56235575e+01 5.72825038e+01
 9.56317609e+01 5.72877242e+01
 9.56380798e+01 5.72576002e+01
 9.53913848e+01 5.72628206e+01
 9.53995883e+01 5.72680410e+01
 9.54077917e+01 5.72732613e+01
 9.54159605e+01 5.72319349e+01
 9.54230956e+01 5.72371552e+01
 9.54312990e+01 5.72423756e+01
 9.54395025e+01 5.72324629e+01
 9.53650399e+01 5.72373007e+01
 9.53732434e+01 5.72425211e+01
 9.53814468e+01 5.72477415e+01
 9.53830646e+01 5.71941390e+01
 9.53912677e+01 5.71993566e+01
 9.53994712e+01 5.72045770e+01
 9.54076746e+01 5.69209111e+01
 9.54037900e+01 5.68991787e+01
 9.54119935e+01 5.69043991e+01
 9.54201969e+01 5.69096194e+01
 9.54254464e+01 5.78746142e+01
 9.54335818e+01 5.79019467e+01
 9.54417853e+01 5.79071671e+01
 9.54499887e+01 5.78651674e+01
 9.54719489e+01 5.78604692e+01
 9.55296327e+01 5.78656896e+01
 9.56106568e+01 5.78369179e+01
 9.57015926e+01 5.78183472e+01
 9.57890114e+01 5.78235675e+01
 9.58594843e+01 5.78287879e+01
 9.58995829e+01 5.78349527e+01
 9.59094483e+01 5.78405238e+01
 9.59176517e+01 5.78457442e+01
 9.59258552e+01 5.78271791e+01
 9.59356929e+01 5.78059516e+01
 9.59441811e+01 5.78111720e+01
 9.59523845e+01 5.78163924e+01
 9.59113095e+01 5.77125325e+01
 9.58894224e+01 5.76511460e+01
 9.58976259e+01 5.76563663e+01
 9.59058293e+01 5.76494819e+01
 9.58909308e+01 5.76331816e+01
 9.58914802e+01 5.76384020e+01
 9.58996836e+01 5.76436224e+01
 9.58723457e+01 5.76436258e+01
 9.58441355e+01 5.76435012e+01
 9.58523390e+01 5.76487216e+01
 9.58605424e+01 5.76421275e+01
 9.58715282e+01 5.76046339e+01
 9.58816163e+01 5.76098542e+01
 9.58898198e+01 5.76147020e+01
 9.58977047e+01 5.76047774e+01
 9.59051297e+01 5.76099977e+01
 9.59133331e+01 5.76152181e+01
 9.59144348e+01 5.76188275e+01
 9.58119200e+01 5.75989328e+01
 9.58201234e+01 5.76041532e+01
 9.58283269e+01 5.76093735e+01
 9.58366577e+01 5.75947672e+01
 9.58458308e+01 5.75999875e+01
 9.58540342e+01 5.76052079e+01
 9.58622354e+01 5.76104265e+01
 9.58273231e+01 5.75813826e+01
 9.58355266e+01 5.75866030e+01
 9.58437300e+01 5.75918234e+01
 9.58519931e+01 5.75897166e+01
 9.58659059e+01 5.75949370e+01
 9.58741093e+01 5.76001574e+01
 9.58823128e+01 5.75743655e+01
 9.58885912e+01 5.75776272e+01
 9.58967947e+01 5.75828476e+01
 9.59049981e+01 5.75880680e+01
 9.59145454e+01 5.75514383e+01
 9.59227820e+01 5.75556264e+01
 9.59309855e+01 5.75608468e+01
 9.59391889e+01 5.75340017e+01
 9.58959610e+01 5.75303449e+01
 9.59039608e+01 5.75355653e+01
 9.59121642e+01 5.75407857e+01
 9.59182712e+01 5.68895121e+01
 9.59261031e+01 5.67783959e+01
 9.59343066e+01 5.67836162e+01
 9.59425100e+01 5.70661149e+01
 9.55938174e+01 5.72803450e+01
 9.55650909e+01 5.72855653e+01
 9.55732944e+01 5.72568572e+01
 9.55798857e+01 5.71687040e+01
 9.55872283e+01 5.71739244e+01
 9.55954317e+01 5.71791448e+01
 9.56042969e+01 5.72112728e+01
 9.56225211e+01 5.72677744e+01
 9.56500693e+01 5.72729947e+01
 9.56834148e+01 5.72928172e+01
 9.57190306e+01 5.74434936e+01
 9.57533899e+01 5.74487140e+01
 9.57829659e+01 5.74539344e+01
 9.58042318e+01 5.74484484e+01
 9.58148167e+01 5.73917746e+01
 9.58230202e+01 5.73969950e+01
 9.58312236e+01 5.74019433e+01
 9.58396053e+01 5.73268695e+01
 9.58484535e+01 5.73320899e+01
 9.58566569e+01 5.73373103e+01
 9.58638290e+01 5.74653207e+01
 9.58348928e+01 5.74705410e+01
 9.58430963e+01 5.74757614e+01
 9.58512997e+01 5.74809818e+01
 9.58627992e+01 5.74614277e+01
 9.58710026e+01 5.74666481e+01
 9.58792061e+01 5.74718685e+01
 9.58874095e+01 5.74555155e+01
 9.60809890e+01 5.74605507e+01
 9.60891924e+01 5.74657711e+01
 9.60973958e+01 5.74709915e+01
 9.61058743e+01 5.74339900e+01
 9.61140777e+01 5.74392104e+01
 9.61222812e+01 5.74444308e+01
 9.61304846e+01 5.74119989e+01
 9.60351541e+01 5.74132983e+01
 9.60433575e+01 5.74185187e+01
 9.60515610e+01 5.74022691e+01
 9.60538926e+01 5.73975104e+01
 9.60619239e+01 5.74027308e+01
 9.60701273e+01 5.74079511e+01
 9.60028873e+01 5.72941415e+01
 9.59937062e+01 5.72719335e+01
 9.60019096e+01 5.72771539e+01
 9.60101131e+01 5.72515023e+01
 9.60210862e+01 5.72335397e+01
 9.60295420e+01 5.72387600e+01
 9.60377454e+01 5.72439804e+01
 9.59450324e+01 5.71709926e+01
 9.59127163e+01 5.71448112e+01
 9.59209198e+01 5.71500315e+01
 9.59291232e+01 5.69869115e+01
 9.58820438e+01 5.67914676e+01
 9.58796131e+01 5.67966879e+01
 9.58878165e+01 5.68019083e+01
 9.57790891e+01 5.71958186e+01
 9.57106104e+01 5.74559378e+01
 9.57188139e+01 5.74611582e+01
 9.57270173e+01 5.74576517e+01
 9.58215899e+01 5.74461819e+01
 9.58595932e+01 5.74514023e+01
 9.58677967e+01 5.74566227e+01
 9.59165932e+01 5.74275849e+01
 9.59671436e+01 5.73970671e+01
 9.59753470e+01 5.74022874e+01
 9.59835504e+01 5.74048426e+01
 9.59330328e+01 5.74015297e+01
 9.59076773e+01 5.74067500e+01
 9.59158808e+01 5.74125474e+01
 9.59230413e+01 5.74307587e+01
 9.59292717e+01 5.74359791e+01
 9.59374751e+01 5.74411995e+01
 9.59494043e+01 5.74376746e+01
 9.59942520e+01 5.73568814e+01
 9.60024555e+01 5.73621017e+01
 9.60106589e+01 5.73673221e+01
 9.60189031e+01 5.73372260e+01
 9.60273398e+01 5.73424464e+01
 9.60355432e+01 5.73476668e+01
 9.60431741e+01 5.73530551e+01
 9.59484111e+01 5.73884723e+01
 9.59566146e+01 5.73936927e+01
 9.59648180e+01 5.73989130e+01
 9.59730671e+01 5.73793689e+01
 9.59828759e+01 5.73845893e+01
 9.59910794e+01 5.73898097e+01
 9.59992828e+01 5.73702488e+01
 9.60190203e+01 5.73746245e+01
 9.60272237e+01 5.73798448e+01
 9.60354271e+01 5.73850652e+01
 9.60444361e+01 5.73090455e+01
 9.60526560e+01 5.73126041e+01
 9.60608595e+01 5.73178245e+01
 9.60690629e+01 5.72902131e+01
 9.60657664e+01 5.72867099e+01
 9.60739368e+01 5.72919303e+01
 9.60821403e+01 5.72971507e+01
 9.60884616e+01 5.72773212e+01
 9.60963472e+01 5.72783109e+01
 9.61045506e+01 5.72835313e+01
 9.61127541e+01 5.72759259e+01
 9.60481345e+01 5.72717958e+01
 9.60492429e+01 5.72770161e+01
 9.60574464e+01 5.72764570e+01
 9.60667358e+01 5.72663589e+01
 9.60754993e+01 5.72715793e+01
 9.60837027e+01 5.72767996e+01
 9.60717023e+01 5.72686817e+01
 9.60427156e+01 5.72493496e+01
 9.60509191e+01 5.72545700e+01
 9.60591225e+01 5.72601426e+01
 9.60667286e+01 5.72686693e+01
 9.60741524e+01 5.72738897e+01
 9.60823558e+01 5.72791100e+01
 9.60832216e+01 5.72427810e+01
 9.60509777e+01 5.72480014e+01
 9.60591812e+01 5.72532218e+01
 9.60673846e+01 5.72584392e+01
 9.60747414e+01 5.72630179e+01
 9.60799475e+01 5.72682383e+01
 9.60881510e+01 5.72734587e+01
 9.60965081e+01 5.72496174e+01
 9.61105959e+01 5.72548377e+01
 9.61187993e+01 5.72600581e+01
 9.61270027e+01 5.72652785e+01
 9.61308132e+01 5.72054900e+01
 9.61390166e+01 5.72107104e+01
 9.61472201e+01 5.72159308e+01
 9.61554235e+01 5.73704172e+01
 9.61136420e+01 5.73770614e+01
 9.61218454e+01 5.73822818e+01
 9.61300489e+01 5.73039192e+01
 9.61390813e+01 5.72915418e+01
 9.61472848e+01 5.72967622e+01
 9.61554882e+01 5.73019825e+01
 9.61636917e+01 5.72954593e+01
 9.60249641e+01 5.72995079e+01
 9.60331675e+01 5.73047282e+01
 9.60413710e+01 5.73325405e+01
 9.60490395e+01 5.73478893e+01
 9.60572289e+01 5.73531096e+01
 9.60654323e+01 5.73583300e+01
 9.61112101e+01 5.72965297e+01
 9.61276992e+01 5.72869711e+01
 9.61359027e+01 5.72921915e+01
 9.61441061e+01 5.72679817e+01
 9.61376371e+01 5.72518339e+01
 9.61445870e+01 5.72570543e+01
 9.61527904e+01 5.72622747e+01
 9.61403976e+01 5.72577172e+01
 9.61406343e+01 5.72591554e+01
 9.61488378e+01 5.72643758e+01
 9.61570412e+01 5.72666974e+01
 9.61717413e+01 5.72685757e+01
 9.61811371e+01 5.72737961e+01
 9.61893406e+01 5.72820943e+01
 9.61940161e+01 5.72984414e+01
 9.61999835e+01 5.73036618e+01
 9.62081869e+01 5.73088821e+01
 9.62163904e+01 5.73171273e+01
 9.62283043e+01 5.73279332e+01
 9.62377392e+01 5.73331535e+01
 9.62459427e+01 5.73330105e+01
 9.62526420e+01 5.73016231e+01
 9.62593276e+01 5.73068435e+01
 9.62675310e+01 5.73120639e+01
 9.62702795e+01 5.73169676e+01
 9.62616929e+01 5.73212135e+01
 9.62698964e+01 5.73264339e+01
 9.62780998e+01 5.73301517e+01
 9.62861067e+01 5.73076020e+01
 9.62939587e+01 5.73128224e+01
 9.63021621e+01 5.73180428e+01
 9.63056756e+01 5.73204044e+01
 9.62740800e+01 5.73013655e+01
 9.62822835e+01 5.73065859e+01
 9.62904869e+01 5.73118063e+01
 9.62972058e+01 5.72580578e+01
 9.62983758e+01 5.72632781e+01
 9.63065793e+01 5.72684985e+01
 9.63143002e+01 5.72440226e+01
 9.62724542e+01 5.72492429e+01
 9.62806576e+01 5.72544633e+01
 9.62888611e+01 5.72596837e+01
 9.63006345e+01 5.72332700e+01
 9.63088379e+01 5.72384904e+01
 9.63170414e+01 5.72437108e+01
 9.63252448e+01 5.72260672e+01
 9.62829153e+01 5.72306941e+01
 9.62911187e+01 5.72359144e+01
 9.62993222e+01 5.72411348e+01
 9.63105341e+01 5.72332876e+01
 9.63187511e+01 5.72384493e+01
 9.63269545e+01 5.72436696e+01
 9.63351580e+01 5.72362120e+01
 9.62087924e+01 5.72392632e+01
 9.62169958e+01 5.72444836e+01
 9.62251993e+01 5.72077038e+01
 9.62318975e+01 5.71824114e+01
 9.62399552e+01 5.71876317e+01
 9.62481586e+01 5.71928521e+01
 9.63131459e+01 5.71690779e+01
 9.63505265e+01 5.71593999e+01
 9.63587300e+01 5.71646203e+01
 9.63669334e+01 5.71442575e+01
 9.63745303e+01 5.71025560e+01
 9.63825183e+01 5.71077764e+01
 9.63907218e+01 5.71129968e+01
 9.63155958e+01 5.71184973e+01
 9.62154336e+01 5.71240821e+01
 9.62236371e+01 5.71293025e+01
 9.62318405e+01 5.71160783e+01
 9.62408964e+01 5.70201323e+01
 9.62498924e+01 5.70253527e+01
 9.62580959e+01 5.70306454e+01
 9.62553749e+01 5.70512812e+01
 9.62250668e+01 5.70565016e+01
 9.62332702e+01 5.70617220e+01
 9.62416646e+01 5.70665268e+01
 9.62570921e+01 5.70560304e+01
 9.62652955e+01 5.70612507e+01
 9.62734990e+01 5.70664711e+01
 9.62777061e+01 5.70815850e+01
 9.62253659e+01 5.70868053e+01
 9.62335693e+01 5.70920257e+01
 9.62417728e+01 5.70972461e+01
 9.62488802e+01 5.70757941e+01
 9.62570837e+01 5.70810144e+01
 9.62652871e+01 5.70862348e+01
 9.62734838e+01 5.70673631e+01
 9.62424200e+01 5.70725835e+01
 9.62506234e+01 5.70778039e+01
 9.62588269e+01 5.70568288e+01
 9.62686813e+01 5.70589899e+01
 9.62768848e+01 5.70642103e+01
 9.62850882e+01 5.70694307e+01
 9.62912177e+01 5.70606536e+01
 9.62992961e+01 5.70650302e+01
 9.63074996e+01 5.70702506e+01
 9.63157030e+01 5.70516608e+01
 9.63077403e+01 5.70473504e+01
 9.63156349e+01 5.70525708e+01
 9.63238384e+01 5.70577911e+01
 9.63118547e+01 5.70548410e+01
 9.63158012e+01 5.70583384e+01
 9.63240047e+01 5.70635588e+01
 9.63322081e+01 5.70890580e+01
 9.63580717e+01 5.71092743e+01
 9.63678380e+01 5.71144946e+01
 9.63760415e+01 5.71083841e+01
 9.63950734e+01 5.70890161e+01
 9.64075514e+01 5.70942365e+01
 9.64157548e+01 5.70994568e+01
 9.64239583e+01 5.70952781e+01
 9.63836277e+01 5.70894641e+01
 9.63826921e+01 5.70946845e+01
 9.63908956e+01 5.71149245e+01
 9.63987660e+01 5.71756746e+01
 9.64067545e+01 5.71808950e+01
 9.64149579e+01 5.71861154e+01
 9.64108686e+01 5.71664092e+01
 9.63959358e+01 5.71247156e+01
 9.64041393e+01 5.71299359e+01
 9.64123427e+01 5.71322338e+01
 9.64193289e+01 5.71169332e+01
 9.64262816e+01 5.71221535e+01
 9.64344851e+01 5.71273739e+01
 9.64287065e+01 5.71294290e+01
 9.63929439e+01 5.71246963e+01
 9.64011474e+01 5.71299167e+01
 9.64093508e+01 5.71352662e+01
 9.64197682e+01 5.71429377e+01
 9.64317957e+01 5.71481581e+01
 9.64399992e+01 5.71533785e+01
 9.64525575e+01 5.71114990e+01
 9.64899161e+01 5.71167193e+01
 9.64981195e+01 5.71219397e+01
 9.65063230e+01 5.71271448e+01
 9.65163212e+01 5.71235633e+01
 9.65315158e+01 5.71287836e+01
 9.65397193e+01 5.71340040e+01
 9.65472244e+01 5.71151383e+01
 9.65176752e+01 5.71203587e+01
 9.65258786e+01 5.71255790e+01
 9.65340821e+01 5.71307994e+01
 9.65395435e+01 5.70981688e+01
 9.65477470e+01 5.71033891e+01
 9.65559504e+01 5.71086095e+01
 9.65641539e+01 5.70975199e+01
 9.65295133e+01 5.71024922e+01
 9.65377168e+01 5.71077125e+01
 9.65459202e+01 5.71004244e+01
 9.65585130e+01 5.71026715e+01
 9.65667201e+01 5.71078919e+01
 9.65749235e+01 5.71131122e+01
 9.65831270e+01 5.70804961e+01
 9.65712794e+01 5.70801156e+01
 9.65794829e+01 5.70853360e+01
 9.65876863e+01 5.73484560e+01
 9.65958898e+01 5.75257179e+01
 9.66040932e+01 5.75309383e+01
 9.66122967e+01 5.75361587e+01
 9.67208454e+01 5.73032747e+01
 9.67761835e+01 5.71966515e+01
 9.67843870e+01 5.72018719e+01
 9.67925904e+01 5.72835600e+01
 9.68014156e+01 5.74172764e+01
 9.68098193e+01 5.74224967e+01
 9.68180228e+01 5.73905819e+01
 9.68070873e+01 5.70959428e+01
 9.67924147e+01 5.71011632e+01
 9.68006181e+01 5.71063836e+01
 9.68088216e+01 5.71028158e+01
 9.68174791e+01 5.70680174e+01
 9.68260515e+01 5.70732378e+01
 9.68342549e+01 5.70784510e+01
 9.68156079e+01 5.70830320e+01
 9.67432778e+01 5.70882524e+01
 9.67514812e+01 5.70934728e+01
 9.67596635e+01 5.71309459e+01
 9.67673391e+01 5.71361663e+01
 9.67755426e+01 5.71413866e+01
 9.67837460e+01 5.71466070e+01
 9.67768719e+01 5.70445390e+01
 9.66123029e+01 5.70497594e+01
 9.66205064e+01 5.70549798e+01
 9.66287098e+01 5.71047673e+01
 9.66347142e+01 5.71101411e+01
 9.66429177e+01 5.71153615e+01
 9.66511211e+01 5.71205818e+01
 9.66593721e+01 5.71393463e+01
 9.67021340e+01 5.71445667e+01
 9.67103375e+01 5.71497870e+01
 9.67185409e+01 5.70583225e+01
 9.66910414e+01 5.70538069e+01
 9.66992448e+01 5.70590272e+01
 9.67074483e+01 5.70841167e+01
 9.66753401e+01 5.70997810e+01
 9.66815601e+01 5.71050014e+01
 9.66897636e+01 5.71102218e+01
 9.66979670e+01 5.70757518e+01
 9.67037270e+01 5.70673456e+01
 9.67119059e+01 5.70725660e+01
 9.67201094e+01 5.70960646e+01
 9.67299100e+01 5.71232093e+01
 9.67384353e+01 5.71284297e+01
 9.67466387e+01 5.71336500e+01
 9.67548422e+01 5.71149202e+01
 9.67242049e+01 5.71038882e+01
 9.67295081e+01 5.71091086e+01
 9.67377115e+01 5.70846247e+01
 9.67432873e+01 5.70309836e+01
 9.67505484e+01 5.70362040e+01
 9.67587518e+01 5.70414244e+01
 9.67592907e+01 5.70225504e+01
 9.67592267e+01 5.70017810e+01
 9.67674302e+01 5.70070014e+01
 9.67756336e+01 5.70081047e+01
 9.67829757e+01 5.69996029e+01
 9.67906695e+01 5.70048233e+01
 9.67988730e+01 5.70072298e+01
 9.67756022e+01 5.69593787e+01
 9.67295918e+01 5.69645991e+01
 9.67377953e+01 5.69698195e+01
 9.67459987e+01 5.69660739e+01
 9.67522250e+01 5.69159994e+01
 9.67585616e+01 5.69212198e+01
 9.67667651e+01 5.69296866e+01
 9.66977451e+01 5.72547332e+01
 9.64860190e+01 5.72599535e+01
 9.64942224e+01 5.72651739e+01
 9.65024259e+01 5.73247848e+01
 9.65097498e+01 5.80870980e+01
 9.65166328e+01 5.80923183e+01
 9.65248362e+01 5.80975387e+01
 9.65335743e+01 5.78914889e+01
 9.65593840e+01 5.78967092e+01
 9.66074849e+01 5.79019296e+01
 9.66743358e+01 5.78980565e+01
 9.67563952e+01 5.74267528e+01
 9.68501216e+01 5.74319732e+01
 9.69519736e+01 5.74371936e+01
 9.70584098e+01 5.81819055e+01
 9.71658888e+01 5.81871259e+01
 9.72708691e+01 5.81923463e+01
 9.73698094e+01 5.81480117e+01
 9.74591681e+01 5.81526532e+01
 9.75354039e+01 5.81578736e+01
 9.75949753e+01 5.81630939e+01
 9.76343409e+01 5.81211945e+01
 9.76505473e+01 5.81264149e+01
 9.76587508e+01 5.81316353e+01
 9.76669542e+01 5.81033881e+01
 9.76770767e+01 5.81044239e+01
 9.76852801e+01 5.81096443e+01
 9.76934836e+01 5.81148647e+01
 9.77436822e+01 5.80601472e+01
 9.77546595e+01 5.80614087e+01
 9.77628629e+01 5.80666291e+01
 9.77710663e+01 5.80360646e+01
 9.77781962e+01 5.80263014e+01
 9.77863712e+01 5.80315218e+01
 9.77945747e+01 5.80238753e+01
 9.76896092e+01 5.80096938e+01
 9.76657006e+01 5.80149142e+01
 9.76739040e+01 5.80201346e+01
 9.76821075e+01 5.79853547e+01
 9.76930985e+01 5.79475462e+01
 9.77018104e+01 5.79527666e+01
 9.77100138e+01 5.79428775e+01
 9.76822018e+01 5.78840556e+01
 9.76627037e+01 5.78892760e+01
 9.76709071e+01 5.78944963e+01
 9.76780312e+01 5.78964479e+01
 9.76831950e+01 5.78924633e+01
 9.76913985e+01 5.78976837e+01
 9.76996019e+01 5.79016611e+01
 9.76907498e+01 5.78801649e+01
 9.76657508e+01 5.78853853e+01
 9.76739543e+01 5.78906056e+01
 9.76823034e+01 5.78842117e+01
 9.76920122e+01 5.78894321e+01
 9.77002156e+01 5.78946524e+01
 9.77084190e+01 5.78998728e+01
 9.77057215e+01 5.78969206e+01
 9.76490269e+01 5.79021410e+01
 9.76572304e+01 5.79073613e+01
 9.76654807e+01 5.79046240e+01
 9.76906603e+01 5.79098443e+01
 9.76988637e+01 5.79150647e+01
 9.77070672e+01 5.79202851e+01
 9.77377946e+01 5.79080859e+01
 9.77459981e+01 5.79133063e+01
 9.77542015e+01 5.79185267e+01
 9.77624049e+01 5.79214659e+01
 9.77412234e+01 5.79266020e+01
 9.77494268e+01 5.79318224e+01
 9.77576303e+01 5.79158969e+01
 9.77394455e+01 5.79143056e+01
 9.77473942e+01 5.79195259e+01
 9.77555976e+01 5.79247463e+01
 9.77638011e+01 5.79329858e+01
 9.77709075e+01 5.79388437e+01
 9.77791110e+01 5.79440640e+01
 9.77873144e+01 5.79179839e+01
 9.77957607e+01 5.78964411e+01
 9.78039953e+01 5.79016615e+01
 9.78121987e+01 5.79068818e+01
 9.77927508e+01 5.78990021e+01
 9.77854876e+01 5.78968950e+01
 9.77936911e+01 5.79021154e+01
 9.78018945e+01 5.79116340e+01
 9.78094931e+01 5.79248131e+01
 9.78174794e+01 5.79300335e+01
 9.78256829e+01 5.79324494e+01
 9.78087558e+01 5.79157455e+01
 9.77893578e+01 5.79209659e+01
 9.77975612e+01 5.79261863e+01
 9.78057646e+01 5.79273566e+01
 9.78168797e+01 5.79187798e+01
 9.78268385e+01 5.79240001e+01
 9.78350420e+01 5.79283491e+01
 9.78588948e+01 5.79163788e+01
 9.78945669e+01 5.79215992e+01
 9.79027703e+01 5.79268195e+01
 9.79109738e+01 5.79317175e+01
 9.79190370e+01 5.79348949e+01
 9.79271057e+01 5.79401152e+01
 9.79353091e+01 5.79405505e+01
 9.78950972e+01 5.74230270e+01
 9.77624960e+01 5.74282473e+01
 9.77706994e+01 5.74334677e+01
 9.77788559e+01 5.74233386e+01
 9.77862833e+01 5.71753106e+01
 9.77944868e+01 5.71805310e+01
 9.78026902e+01 5.71857514e+01
 9.77625731e+01 5.70957971e+01
 9.74782721e+01 5.71010175e+01
 9.74864756e+01 5.71062378e+01
 9.74947292e+01 5.70661309e+01
 9.75075495e+01 5.70713513e+01
 9.75157529e+01 5.70765716e+01
 9.75239563e+01 5.70817920e+01
 9.75229800e+01 5.70425465e+01
 9.73722902e+01 5.70477669e+01
 9.73804937e+01 5.70529872e+01
 9.73886971e+01 5.70270301e+01
 9.73914046e+01 5.70318517e+01
 9.73996080e+01 5.70370720e+01
 9.74078115e+01 5.70422924e+01
 9.74160149e+01 5.70103645e+01
 9.73316644e+01 5.70155725e+01
 9.73398678e+01 5.70207928e+01
 9.73480712e+01 5.70115036e+01
 9.73573777e+01 5.70146954e+01
 9.73655811e+01 5.70199158e+01
 9.73737846e+01 5.69866945e+01
 9.74212772e+01 5.69672098e+01
 9.74324865e+01 5.69724302e+01
 9.74406899e+01 5.69776506e+01
 9.74488934e+01 5.69674822e+01
 9.74576273e+01 5.69657539e+01
 9.74658483e+01 5.69709743e+01
 9.74740517e+01 5.69667614e+01
 9.74236918e+01 5.69567162e+01
 9.74138316e+01 5.69619365e+01
 9.74220350e+01 5.69671569e+01
 9.74302385e+01 5.69617017e+01
 9.74368431e+01 5.69546197e+01
 9.74447254e+01 5.69598401e+01
 9.74529288e+01 5.69609119e+01
 9.74290674e+01 5.69468711e+01
 9.74108397e+01 5.69520915e+01
 9.74190432e+01 5.69571893e+01
 9.74269746e+01 5.69507209e+01
 9.74343481e+01 5.69559413e+01
 9.74425515e+01 5.69611617e+01
 9.74507549e+01 5.69650988e+01
 9.74720914e+01 5.69370280e+01
 9.75078118e+01 5.69422484e+01
 9.75160153e+01 5.69474688e+01
 9.75211262e+01 5.69075926e+01
 9.74928742e+01 5.69128130e+01
 9.75010776e+01 5.69180333e+01
 9.75092811e+01 5.69232537e+01
 9.75108018e+01 5.69179520e+01
 9.74748810e+01 5.69231723e+01
 9.74830844e+01 5.69283927e+01
 9.74912586e+01 5.69142877e+01
 9.74725743e+01 5.69195081e+01
 9.74807777e+01 5.69247284e+01
 9.74889812e+01 5.69149637e+01
 9.74881246e+01 5.69186350e+01
 9.74963281e+01 5.69238553e+01
 9.75045315e+01 5.69290757e+01
 9.75127350e+01 5.69142754e+01
 9.75168134e+01 5.69184742e+01
 9.75250169e+01 5.69236946e+01
 9.75332203e+01 5.69099532e+01
 9.75414238e+01 5.69081553e+01
 9.75496272e+01 5.69133756e+01
 9.75578306e+01 5.69185960e+01
 9.75660341e+01 5.69138311e+01
 9.75128056e+01 5.69165829e+01
 9.75209230e+01 5.69218033e+01
 9.75291264e+01 5.69207915e+01
 9.75409243e+01 5.69200050e+01
 9.75496523e+01 5.69252254e+01
 9.75578558e+01 5.69194728e+01
 9.75070875e+01 5.68867140e+01
 9.74767677e+01 5.68919344e+01
 9.74849711e+01 5.68971548e+01
 9.74931745e+01 5.68966707e+01
 9.75025093e+01 5.68884870e+01
 9.75112324e+01 5.68937074e+01
 9.75194359e+01 5.68997583e+01
 9.75426725e+01 5.69146683e+01
 9.75715458e+01 5.69198886e+01
 9.75797492e+01 5.69251090e+01
 9.75879527e+01 5.69248503e+01
 9.75958443e+01 5.69052785e+01
 9.76038116e+01 5.69104989e+01
 9.76120150e+01 5.69153221e+01
 9.76187702e+01 5.69054817e+01
 9.76237489e+01 5.69107021e+01
 9.76319523e+01 5.69159224e+01
 9.76406179e+01 5.69164301e+01
 9.76530322e+01 5.68787042e+01
 9.76612357e+01 5.68839246e+01
 9.76694391e+01 5.68891502e+01
 9.76542242e+01 5.68993032e+01
 9.75732410e+01 5.69045235e+01
 9.75814445e+01 5.69097439e+01
 9.75896660e+01 5.68791126e+01
 9.75984054e+01 5.68843330e+01
 9.76066088e+01 5.68895534e+01
 9.76148122e+01 5.68947738e+01
 9.76235145e+01 5.68819619e+01
 9.76364341e+01 5.68871823e+01
 9.76446376e+01 5.68924026e+01
 9.76528414e+01 5.68896812e+01
 9.76615935e+01 5.68949015e+01
 9.76697969e+01 5.69001219e+01
 9.76780004e+01 5.69053423e+01
 9.76830155e+01 5.68931750e+01
 9.75905933e+01 5.68983954e+01
 9.75987967e+01 5.69036157e+01
 9.76070002e+01 5.69126319e+01
 9.76146556e+01 5.69179200e+01
 9.76228590e+01 5.69231404e+01
 9.76310625e+01 5.69283607e+01
 9.77027040e+01 5.68846428e+01
 9.77109124e+01 5.68898593e+01
 9.77191158e+01 5.68950797e+01
 9.77273193e+01 5.68941789e+01
 9.77390927e+01 5.68986529e+01
 9.77472962e+01 5.69038733e+01
 9.77554996e+01 5.68939680e+01
 9.76196545e+01 5.68902737e+01
 9.76186575e+01 5.68954941e+01
 9.76268609e+01 5.69007144e+01
 9.76350644e+01 5.68901227e+01
 9.76427333e+01 5.68888317e+01
 9.76509233e+01 5.68940521e+01
 9.76591267e+01 5.68943487e+01
 9.77023455e+01 5.68922578e+01
 9.77203026e+01 5.68974782e+01
 9.77285061e+01 5.68993919e+01
 9.77352423e+01 5.68825934e+01
 9.77418910e+01 5.68878138e+01
 9.77500944e+01 5.68930342e+01
 9.77582979e+01 5.68925938e+01
 9.76586801e+01 5.68742859e+01
 9.75852037e+01 5.68795063e+01
 9.75934072e+01 5.68608990e+01
 9.75761716e+01 5.53638739e+01
 9.75139691e+01 5.53690943e+01
 9.75221725e+01 5.53743147e+01
 9.75303760e+01 5.53746110e+01
 9.74168899e+01 5.52780440e+01
 9.71919509e+01 5.52832644e+01
 9.72001543e+01 5.52884848e+01
 9.71743878e+01 5.52277135e+01
 9.68411352e+01 5.52329339e+01
 9.68493386e+01 5.52381543e+01
 9.68575421e+01 5.51984518e+01
 9.65515635e+01 5.52036039e+01
 9.65597670e+01 5.52088243e+01
 9.65679704e+01 5.52140447e+01
 9.65755584e+01 5.51907723e+01
 9.63929573e+01 5.51959927e+01
 9.64011608e+01 5.52012131e+01
 9.64093642e+01 5.51729708e+01
 9.64087757e+01 5.51752332e+01
 9.64169791e+01 5.51804536e+01
 9.64251826e+01 5.51856740e+01
 9.64333860e+01 5.51435606e+01
 9.64457084e+01 5.51468443e+01
 9.64539119e+01 5.51520647e+01
 9.64621153e+01 5.49200158e+01
 9.64651633e+01 5.48455165e+01
 9.64733062e+01 5.48507369e+01
 9.64815097e+01 5.48319534e+01
 9.62457771e+01 5.48074291e+01
 9.61999356e+01 5.48126494e+01
 9.62081390e+01 5.48178698e+01
 9.62163425e+01 5.48093539e+01
 9.62272060e+01 5.48024001e+01
 9.62357713e+01 5.48076205e+01
 9.62439748e+01 5.47997224e+01
 9.62195208e+01 5.47613185e+01
 9.62071007e+01 5.47665389e+01
 9.62153041e+01 5.47717593e+01
 9.62235076e+01 5.47524626e+01
 9.62319009e+01 5.47021232e+01
 9.62401885e+01 5.47073436e+01
 9.62483919e+01 5.47118045e+01
 9.61962964e+01 5.47066515e+01
 9.61107328e+01 5.47118718e+01
 9.61189362e+01 5.47170922e+01
 9.61275875e+01 5.46816365e+01
 9.61383651e+01 5.46868569e+01
 9.61465686e+01 5.46920773e+01
 9.61547720e+01 5.46969358e+01
 9.61334541e+01 5.46802523e+01
 9.60665429e+01 5.46854726e+01
 9.60747464e+01 5.46906930e+01
 9.60832602e+01 5.46745051e+01
 9.60949983e+01 5.46797254e+01
 9.61032017e+01 5.46849458e+01
 9.61114052e+01 5.46901662e+01
 9.61195068e+01 5.46705544e+01
 9.61272570e+01 5.46757748e+01
 9.61354605e+01 5.46809952e+01
 9.61437449e+01 5.46438306e+01
 9.61548894e+01 5.46490510e+01
 9.61630928e+01 5.46542713e+01
 9.61712963e+01 5.46594917e+01
 9.61727977e+01 5.46443761e+01
 9.61212442e+01 5.46495964e+01
 9.61294476e+01 5.46548168e+01
 9.61376511e+01 5.46247167e+01
 9.61458545e+01 5.46299371e+01
 9.61540579e+01 5.46351575e+01
 9.61622614e+01 5.46403778e+01
 9.61204808e+01 5.46314712e+01
 9.61286843e+01 5.46366916e+01
 9.61368877e+01 5.46419120e+01
 9.61450912e+01 5.46581629e+01
 9.61563166e+01 5.46634836e+01
 9.61645201e+01 5.46687040e+01
 9.61727235e+01 5.46532147e+01
 9.61825720e+01 5.46551720e+01
 9.61907754e+01 5.46603924e+01
 9.61989789e+01 5.46656128e+01
 9.62071823e+01 5.46507933e+01
 9.62148377e+01 5.46544343e+01
 9.62230412e+01 5.46596547e+01
 9.62312446e+01 5.46454708e+01
 9.61255408e+01 5.46422712e+01
 9.61303845e+01 5.46474916e+01
 9.61385880e+01 5.46527119e+01
 9.61467914e+01 5.46363179e+01
 9.61604629e+01 5.46355433e+01
 9.61686883e+01 5.46407637e+01
 9.61768918e+01 5.46364064e+01
 9.61885930e+01 5.46315130e+01
 9.61974176e+01 5.46367333e+01
 9.62056211e+01 5.46402458e+01
 9.62074083e+01 5.46383987e+01
 9.62107680e+01 5.46436191e+01
 9.62189714e+01 5.46488394e+01
 9.62271749e+01 5.46489898e+01
 9.62156977e+01 5.46402333e+01
 9.62133748e+01 5.46454537e+01
 9.62215782e+01 5.46508492e+01
 9.62202171e+01 5.46601737e+01
 9.62091481e+01 5.46653941e+01
 9.62173516e+01 5.46706145e+01
 9.62255550e+01 5.46748171e+01
 9.62231034e+01 5.46688580e+01
 9.62161469e+01 5.46740784e+01
 9.62243503e+01 5.46792987e+01
 9.62208065e+01 5.46560542e+01
 9.61556182e+01 5.46612746e+01
 9.61638217e+01 5.46664950e+01
 9.61720267e+01 5.46501001e+01
 9.61810506e+01 5.46553205e+01
 9.61892540e+01 5.46605409e+01
 9.61974575e+01 5.46657613e+01
 9.62055690e+01 5.46450871e+01
 9.62089233e+01 5.46503075e+01
 9.62171268e+01 5.46555279e+01
 9.62253302e+01 5.46231226e+01
 9.62351787e+01 5.46265937e+01
 9.62433821e+01 5.46318141e+01
 9.62515856e+01 5.46370344e+01
 9.62597890e+01 5.46203255e+01
 9.62567335e+01 5.46252213e+01
 9.62649369e+01 5.46304417e+01
 9.62731404e+01 5.46242343e+01
 9.62890272e+01 5.46267595e+01
 9.62972363e+01 5.46319798e+01
 9.63054397e+01 5.46283274e+01
 9.62164024e+01 5.46253015e+01
 9.62103446e+01 5.46305219e+01
 9.62185480e+01 5.46357422e+01
 9.62267515e+01 5.46360733e+01
 9.62382562e+01 5.46380521e+01
 9.62467284e+01 5.46432725e+01
 9.62549318e+01 5.46479244e+01
 9.62313030e+01 5.46517875e+01
 9.62246507e+01 5.46570079e+01
 9.62328542e+01 5.46622282e+01
 9.62410576e+01 5.46547862e+01
 9.62496808e+01 5.46388605e+01
 9.62580185e+01 5.46440809e+01
 9.62662219e+01 5.46478028e+01
 9.62945068e+01 5.46410432e+01
 9.63265688e+01 5.46462636e+01
 9.63347723e+01 5.46514824e+01
 9.63427263e+01 5.46479309e+01
 9.63498032e+01 5.46531513e+01
 9.63580066e+01 5.46583717e+01
 9.63662101e+01 5.46633644e+01
 9.63265058e+01 5.46491289e+01
 9.61920190e+01 5.46543493e+01
 9.62002224e+01 5.46595697e+01
 9.62084885e+01 5.46382589e+01
 9.62180063e+01 5.46434793e+01
 9.62262097e+01 5.46486997e+01
 9.62344132e+01 5.46539200e+01
 9.62408403e+01 5.46659861e+01
 9.62373611e+01 5.46712064e+01
 9.62455645e+01 5.46764268e+01
 9.62537787e+01 5.46692391e+01
 9.62633424e+01 5.46744594e+01
 9.62715459e+01 5.46796798e+01
 9.62797493e+01 5.46849002e+01
 9.63011367e+01 5.46785659e+01
 9.63093402e+01 5.46837863e+01
 9.63175436e+01 5.46890067e+01
 9.63257471e+01 5.46621607e+01
 9.63331285e+01 5.46673558e+01
 9.63413320e+01 5.46725762e+01
 9.63495354e+01 5.46416504e+01
 9.62959469e+01 5.46430113e+01
 9.63041503e+01 5.46482317e+01
 9.63123538e+01 5.46534521e+01
 9.63205572e+01 5.46382168e+01
 9.63306796e+01 5.46429262e+01
 9.63388831e+01 5.46481465e+01
 9.63470865e+01 5.46403408e+01
 9.63706684e+01 5.46425425e+01
 9.63788774e+01 5.46477629e+01
 9.63870809e+01 5.46529832e+01
 9.63952843e+01 5.46526700e+01
 9.64054068e+01 5.46572209e+01
 9.64136102e+01 5.46624413e+01
 9.64218137e+01 5.46501985e+01
 9.63795758e+01 5.46452866e+01
 9.63846656e+01 5.46505069e+01
 9.63928690e+01 5.46557273e+01
 9.63905176e+01 5.46649055e+01
 9.63944469e+01 5.46717285e+01
 9.64026503e+01 5.46769489e+01
 9.64108538e+01 5.46683561e+01
 9.63910198e+01 5.46533783e+01
 9.63915577e+01 5.46585986e+01
 9.63997611e+01 5.46603708e+01
 9.63655024e+01 5.46431548e+01
 9.63293830e+01 5.46483752e+01
 9.63375865e+01 5.46535956e+01
 9.63457899e+01 5.46535914e+01
 9.63162467e+01 5.46375131e+01
 9.62962858e+01 5.46427335e+01
 9.63044892e+01 5.46481392e+01
 9.63276772e+01 5.46642972e+01
 9.63766451e+01 5.46695176e+01
 9.63848486e+01 5.46747380e+01
 9.63931966e+01 5.46793953e+01
 9.64042775e+01 5.46734132e+01
 9.64124809e+01 5.46786336e+01
 9.64206844e+01 5.46838539e+01
 9.64276652e+01 5.46818029e+01
 9.64239123e+01 5.46870233e+01
 9.64321157e+01 5.46922437e+01
 9.64403191e+01 5.46735360e+01
 9.64515386e+01 5.46787276e+01
 9.64597420e+01 5.46839480e+01
 9.64679455e+01 5.46891684e+01
 9.64758459e+01 5.46911798e+01
 9.64027894e+01 5.46964001e+01
 9.64109928e+01 5.47016205e+01
 9.64191963e+01 5.46818246e+01
 9.64243777e+01 5.46848975e+01
 9.64325812e+01 5.46901179e+01
 9.64407846e+01 5.46953383e+01
 9.64479324e+01 5.46698926e+01
 9.64560945e+01 5.46739102e+01
 9.64642979e+01 5.46791306e+01
 9.64725014e+01 5.46861204e+01
 9.64812479e+01 5.46919248e+01
 9.64894573e+01 5.46971452e+01
 9.64976607e+01 5.46929261e+01
 9.64465208e+01 5.46866253e+01
 9.64418386e+01 5.46918456e+01
 9.64500421e+01 5.46970660e+01
 9.64582455e+01 5.46944074e+01
 9.64640231e+01 5.46927491e+01
 9.64719044e+01 5.46979695e+01
 9.64801078e+01 5.46988782e+01
 9.64832324e+01 5.46900179e+01
 9.64882777e+01 5.46952383e+01
 9.64964812e+01 5.47003240e+01
 9.65059599e+01 5.47014017e+01
 9.65170061e+01 5.47066221e+01
 9.65252095e+01 5.47118425e+01
 9.65334130e+01 5.47151099e+01
 9.65134648e+01 5.46944808e+01
 9.64775909e+01 5.46997012e+01
 9.64857943e+01 5.47049216e+01
 9.64938978e+01 5.47022280e+01
 9.65013792e+01 5.47074484e+01
 9.65095826e+01 5.47126687e+01
 9.65177861e+01 5.47178899e+01
 9.65154469e+01 5.47261036e+01
 9.64776160e+01 5.47313240e+01
 9.64858194e+01 5.47365443e+01
 9.64939924e+01 5.47276497e+01
 9.65003013e+01 5.47328700e+01
 9.65085048e+01 5.47380904e+01
 9.65167082e+01 5.47169306e+01
 9.65691327e+01 5.47213714e+01
 9.65773361e+01 5.47265917e+01
 9.65855395e+01 5.47318121e+01
 9.65937430e+01 5.47363921e+01
 9.66005694e+01 5.47416123e+01
 9.66087729e+01 5.47468326e+01
 9.66169763e+01 5.47526309e+01
 9.65318028e+01 5.47579140e+01
 9.65400062e+01 5.47631344e+01
 9.65482097e+01 5.47683547e+01
 9.65564131e+01 5.47442068e+01
 9.65654456e+01 5.47486436e+01
 9.65736490e+01 5.47538640e+01
 9.65818524e+01 5.47298598e+01
 9.65452869e+01 5.47285923e+01
 9.65534903e+01 5.47338127e+01
 9.65616938e+01 5.47390331e+01
 9.65698972e+01 5.47306717e+01
 9.65772777e+01 5.47347202e+01
 9.65854811e+01 5.47399405e+01
 9.65936846e+01 5.47207790e+01
 9.65892276e+01 5.47159541e+01
 9.65971815e+01 5.47211745e+01
 9.66053849e+01 5.47263948e+01
 9.66061198e+01 5.47446595e+01
 9.66127318e+01 5.47526596e+01
 9.66209352e+01 5.47578799e+01
 9.66291387e+01 5.47381546e+01
 9.66104689e+01 5.47266241e+01
 9.66167086e+01 5.47318445e+01
 9.66249120e+01 5.47355442e+01
 9.66248938e+01 5.47373673e+01
 9.66295049e+01 5.47425877e+01
 9.66377084e+01 5.47478081e+01
 9.66459118e+01 5.47500218e+01
 9.66446735e+01 5.47507646e+01
 9.66502377e+01 5.47559849e+01
 9.66584411e+01 5.47614558e+01
 9.66715712e+01 5.47683515e+01
 9.66850100e+01 5.47735718e+01
 9.66932135e+01 5.47787922e+01
 9.67016820e+01 5.47805398e+01
 9.67109914e+01 5.47712723e+01
 9.67191948e+01 5.47764927e+01
 9.67273983e+01 5.47815054e+01
 9.67118973e+01 5.47734630e+01
 9.66542792e+01 5.47786833e+01
 9.66624826e+01 5.47839037e+01
 9.66708494e+01 5.47596188e+01
 9.66824535e+01 5.47648391e+01
 9.66906569e+01 5.47700595e+01
 9.66988604e+01 5.47752799e+01
 9.67072866e+01 5.47618990e+01
 9.67177413e+01 5.47671194e+01
 9.67259447e+01 5.47723398e+01
 9.67341482e+01 5.47677399e+01
 9.67390556e+01 5.47729447e+01
 9.67472591e+01 5.47781651e+01
 9.67554625e+01 5.47833855e+01
 9.66175630e+01 5.47905296e+01
 9.66257664e+01 5.47957500e+01
 9.66339698e+01 5.48009704e+01
 9.66421733e+01 5.47930361e+01
 9.66517477e+01 5.47970872e+01
 9.66599512e+01 5.48023076e+01
 9.66681546e+01 5.47918859e+01
 9.66758308e+01 5.47894461e+01
 9.66840125e+01 5.47946664e+01
 9.66922160e+01 5.47998868e+01
 9.67004194e+01 5.48055863e+01
 9.67121518e+01 5.48109681e+01
 9.67203973e+01 5.48161885e+01
 9.67286007e+01 5.48123529e+01
 9.67336587e+01 5.48063191e+01
 9.67411626e+01 5.48115395e+01
 9.67493661e+01 5.48167599e+01
 9.67581503e+01 5.48112275e+01
 9.67668700e+01 5.48068905e+01
 9.67750734e+01 5.48121108e+01
 9.67832769e+01 5.48157541e+01
 9.67892947e+01 5.48157119e+01
 9.67961138e+01 5.48209323e+01
 9.68043172e+01 5.48257514e+01
 9.68120178e+01 5.48179045e+01
 9.68190781e+01 5.48231249e+01
 9.68272815e+01 5.48283453e+01
 9.68354850e+01 5.48333191e+01
 9.68278117e+01 5.48351513e+01
 9.68106939e+01 5.48403717e+01
 9.68188973e+01 5.48455921e+01
 9.68271658e+01 5.48315726e+01
 9.68358522e+01 5.48367930e+01
 9.68440557e+01 5.48420134e+01
 9.68522557e+01 5.48472295e+01
 9.68340996e+01 5.48199606e+01
 9.68423030e+01 5.48251810e+01
 9.68505064e+01 5.48304014e+01
 9.68587037e+01 5.48041986e+01
 9.68663653e+01 5.48094190e+01
 9.68745688e+01 5.48146394e+01
 9.68827722e+01 5.48174271e+01
 9.68514277e+01 5.48225157e+01
 9.68596311e+01 5.48277361e+01
 9.68678346e+01 5.48329565e+01
 9.68760380e+01 5.48199177e+01
 9.68779235e+01 5.48250148e+01
 9.68861269e+01 5.48302352e+01
 9.68943304e+01 5.48391456e+01
 9.68594158e+01 5.48449512e+01
 9.68676192e+01 5.48501716e+01
 9.68758227e+01 5.48553920e+01
 9.68845475e+01 5.48518664e+01
 9.68927776e+01 5.48566396e+01
 9.69009810e+01 5.48618599e+01
 9.69091845e+01 5.48693928e+01
 9.68599153e+01 5.48752948e+01
 9.68679184e+01 5.48805152e+01
 9.68761218e+01 5.48857355e+01
 9.68699708e+01 5.48953115e+01
 9.68763277e+01 5.49010922e+01
 9.68845311e+01 5.49063126e+01
 9.68927346e+01 5.49045352e+01
 9.68715033e+01 5.49062789e+01
 9.68786595e+01 5.49114993e+01
 9.68868629e+01 5.49135938e+01
 9.68796676e+01 5.49140320e+01
 9.68837678e+01 5.49192524e+01
 9.68919713e+01 5.49244728e+01
 9.69001747e+01 5.49130334e+01
 9.68939422e+01 5.49034924e+01
 9.69003806e+01 5.49087127e+01
 9.69085840e+01 5.49108183e+01
 9.69159013e+01 5.49067553e+01
 9.69236139e+01 5.49119757e+01
 9.69318174e+01 5.49171961e+01
 9.69387297e+01 5.49178940e+01
 9.69443803e+01 5.49141723e+01
 9.69525837e+01 5.49193927e+01
 9.69607872e+01 5.49235464e+01
 9.69531831e+01 5.49174373e+01
 9.69392971e+01 5.49226576e+01
 9.69475005e+01 5.49278780e+01
 9.69552080e+01 5.49117239e+01
 9.69606114e+01 5.49169442e+01
 9.69688148e+01 5.49221646e+01
 9.69770183e+01 5.49273313e+01
 9.69796863e+01 5.49189260e+01
 9.69678842e+01 5.49241464e+01
 9.69760876e+01 5.49293667e+01
 9.69842448e+01 5.49260385e+01
 9.69905695e+01 5.49312589e+01
 9.69987730e+01 5.49364793e+01
 9.70069764e+01 5.49416996e+01
 9.69380099e+01 5.49253346e+01
 9.69462133e+01 5.49305550e+01
 9.69544167e+01 5.49357754e+01
 9.69626202e+01 5.49270370e+01
 9.69675276e+01 5.49321110e+01
 9.69757311e+01 5.49373314e+01
 9.69839345e+01 5.49223294e+01
 9.70319578e+01 5.49231946e+01
 9.70401634e+01 5.49284150e+01
 9.70483669e+01 5.49336354e+01
 9.70565703e+01 5.49284663e+01
 9.70620258e+01 5.49323205e+01
 9.70702292e+01 5.49375409e+01
 9.70784327e+01 5.49423654e+01
 9.69445216e+01 5.49473411e+01
 9.69426925e+01 5.49525614e+01
 9.69508960e+01 5.49577818e+01
 9.69564171e+01 5.49552476e+01
 9.69634589e+01 5.49571096e+01
 9.69716623e+01 5.49623300e+01
 9.69798658e+01 5.49606105e+01
 9.70010072e+01 5.49550329e+01
 9.70130217e+01 5.49602533e+01
 9.70212251e+01 5.49645563e+01
 9.70304712e+01 5.49632157e+01
 9.70398310e+01 5.49684361e+01
 9.70480344e+01 5.49736565e+01
 9.70562379e+01 5.49762708e+01
 9.70361089e+01 5.49699921e+01
 9.70218378e+01 5.49752125e+01
 9.70300412e+01 5.49803626e+01
 9.70385247e+01 5.49800967e+01
 9.70475451e+01 5.49853171e+01
 9.70557486e+01 5.49905375e+01
 9.70638052e+01 5.49952043e+01
 9.70685845e+01 5.49875157e+01
 9.70767879e+01 5.49927361e+01
 9.70849914e+01 5.49979565e+01
 9.70932642e+01 5.49927064e+01
 9.71022272e+01 5.49979268e+01
 9.71104307e+01 5.50031472e+01
 9.71186341e+01 5.49891874e+01
 9.70856386e+01 5.49943560e+01
 9.70938420e+01 5.49995764e+01
 9.71020455e+01 5.50047968e+01
 9.71102515e+01 5.49946309e+01
 9.71198234e+01 5.49998512e+01
 9.71280268e+01 5.50050716e+01
 9.71362303e+01 5.49973237e+01
 9.70713827e+01 5.50014092e+01
 9.70795861e+01 5.50066296e+01
 9.70877896e+01 5.50118500e+01
 9.70957261e+01 5.49961209e+01
 9.71039215e+01 5.50007093e+01
 9.71121249e+01 5.50059297e+01
 9.71203284e+01 5.50111501e+01
 9.70909111e+01 5.50163705e+01
 9.70991133e+01 5.50215908e+01
 9.71073167e+01 5.50268112e+01
 9.71125036e+01 5.50230351e+01
 9.71204276e+01 5.50274221e+01
 9.71286311e+01 5.50326425e+01
 9.71368345e+01 5.50229644e+01
 9.71439551e+01 5.50221444e+01
 9.71521384e+01 5.50273648e+01
 9.71603418e+01 5.50298682e+01
 9.71685453e+01 5.50318213e+01
 9.71767487e+01 5.50370417e+01
 9.71849522e+01 5.50422621e+01
 9.71931556e+01 5.50382255e+01
 9.72013591e+01 5.50373205e+01
 9.72095625e+01 5.50425409e+01
 9.72177660e+01 5.50414328e+01
 9.71954950e+01 5.50337517e+01
 9.71924318e+01 5.50389721e+01
 9.72006353e+01 5.50441925e+01
 9.72046675e+01 5.50549882e+01
 9.72082502e+01 5.50663848e+01
 9.72164536e+01 5.50716052e+01
 9.72246571e+01 5.50683605e+01
 9.72222302e+01 5.50444416e+01
 9.72237670e+01 5.50496620e+01
 9.72319704e+01 5.50545778e+01
 9.72400863e+01 5.50515561e+01
 9.72481033e+01 5.50567765e+01
 9.72563067e+01 5.50619969e+01
 9.72645102e+01 5.50676889e+01
 9.72724919e+01 5.50786327e+01
 9.72803631e+01 5.50838531e+01
 9.72885665e+01 5.50890735e+01
 9.72974787e+01 5.50942939e+01
 9.73104684e+01 5.50995142e+01
 9.73186719e+01 5.51047346e+01
 9.73268353e+01 5.51099301e+01
 9.72867458e+01 5.50850513e+01
 9.72949492e+01 5.50902717e+01
 9.73031527e+01 5.50954921e+01
 9.73113478e+01 5.51105403e+01
 9.73190045e+01 5.51157606e+01
 9.73272080e+01 5.51209810e+01
 9.73354114e+01 5.51022582e+01
 9.73059929e+01 5.51062116e+01
 9.73141963e+01 5.51114320e+01
 9.73223998e+01 5.51166524e+01
 9.73306032e+01 5.51055098e+01
 9.73399037e+01 5.51104276e+01
 9.73481071e+01 5.51156480e+01
 9.73563106e+01 5.51144730e+01
 9.73549120e+01 5.51181847e+01
 9.73631084e+01 5.51234051e+01
 9.73713119e+01 5.51286254e+01
 9.73857427e+01 5.51113023e+01
 9.73948598e+01 5.51132154e+01
 9.74030632e+01 5.51184358e+01
 9.74112667e+01 5.51225007e+01
 9.73237267e+01 5.51269548e+01
 9.73241346e+01 5.51321752e+01
 9.73323380e+01 5.51334232e+01
 9.73446621e+01 5.51291574e+01
 9.73547889e+01 5.51343777e+01
 9.73629924e+01 5.51395981e+01
 9.73711958e+01 5.51374585e+01
 9.73752353e+01 5.51303852e+01
 9.73821067e+01 5.51356056e+01
 9.73903101e+01 5.51386888e+01
 9.73980123e+01 5.51268184e+01
 9.74056200e+01 5.51320388e+01
 9.74138235e+01 5.51372592e+01
 9.74139846e+01 5.51432114e+01
 9.73832684e+01 5.51519732e+01
 9.73914718e+01 5.51571936e+01
 9.73996753e+01 5.51622761e+01
 9.74086031e+01 5.51518263e+01
 9.74190981e+01 5.51570467e+01
 9.74273016e+01 5.51622670e+01
 9.74318772e+01 5.51550972e+01
 9.73371535e+01 5.51603176e+01
 9.73453569e+01 5.51655380e+01
 9.73535604e+01 5.51707583e+01
 9.73619466e+01 5.51691430e+01
 9.73724403e+01 5.51743634e+01
 9.73806437e+01 5.51795838e+01
 9.73888472e+01 5.51743908e+01
 9.74011696e+01 5.51795581e+01
 9.74093731e+01 5.51847784e+01
 9.74175765e+01 5.51899988e+01
 9.74312699e+01 5.51787705e+01
 9.74394734e+01 5.51839909e+01
 9.74476768e+01 5.51892113e+01
 9.74558803e+01 5.51859586e+01
 9.74945707e+01 5.51902539e+01
 9.75027742e+01 5.51954743e+01
 9.75109776e+01 5.51987306e+01
 9.75063453e+01 5.52029249e+01
 9.75139265e+01 5.52081453e+01
 9.75221300e+01 5.52133657e+01
 9.75303334e+01 5.51997047e+01
 9.74243697e+01 5.51979597e+01
 9.74311193e+01 5.52031800e+01
 9.74393227e+01 5.52130669e+01
 9.74660256e+01 5.52234466e+01
 9.74774256e+01 5.52286670e+01
 9.74856291e+01 5.52338874e+01
 9.75084026e+01 5.52289483e+01
 9.75259310e+01 5.52276666e+01
 9.75341344e+01 5.52328870e+01
 9.75423379e+01 5.52359458e+01
 9.75196951e+01 5.52371346e+01
 9.75175458e+01 5.52423550e+01
 9.75257492e+01 5.52475753e+01
 9.75301439e+01 5.52433785e+01
 9.75344671e+01 5.52390050e+01
 9.75426705e+01 5.52442254e+01
 9.75508740e+01 5.52431617e+01
 9.75220478e+01 5.52288214e+01
 9.75096079e+01 5.52340418e+01
 9.75178113e+01 5.52394456e+01
 9.75254922e+01 5.52476875e+01
 9.75328472e+01 5.52529079e+01
 9.75410507e+01 5.52581282e+01
 9.75492541e+01 5.52610964e+01
 9.75305406e+01 5.52525481e+01
 9.75134770e+01 5.52577684e+01
 9.75216804e+01 5.52627273e+01
 9.75311759e+01 5.52430070e+01
 9.75430343e+01 5.52482274e+01
 9.75512378e+01 5.52534477e+01
 9.75570373e+01 5.52580256e+01
 9.75236987e+01 5.52521429e+01
 9.75319021e+01 5.52573632e+01
 9.75401056e+01 5.52625836e+01
 9.75483393e+01 5.52616089e+01
 9.75567864e+01 5.52668292e+01
 9.75649899e+01 5.52720496e+01
 9.75731920e+01 5.52772688e+01
 9.75654708e+01 5.52683952e+01
 9.75736742e+01 5.52736156e+01
 9.75818777e+01 5.52788360e+01
 9.75900899e+01 5.52755137e+01
 9.75991066e+01 5.52807341e+01
 9.76073100e+01 5.52859544e+01
 9.76155135e+01 5.52887607e+01
 9.76253679e+01 5.52938308e+01
 9.76335714e+01 5.52990512e+01
 9.76417748e+01 5.53042716e+01
 9.76462247e+01 5.52957285e+01
 9.76543377e+01 5.53006171e+01
 9.76625411e+01 5.53058375e+01
 9.76707446e+01 5.53077070e+01
 9.76327067e+01 5.53120070e+01
 9.76407375e+01 5.53172273e+01
 9.76489409e+01 5.53224477e+01
 9.76594811e+01 5.53187665e+01
 9.76680948e+01 5.53224240e+01
 9.76762983e+01 5.53276444e+01
 9.76845017e+01 5.53278585e+01
 9.76929546e+01 5.53293296e+01
 9.77011836e+01 5.53345500e+01
 9.77093870e+01 5.53391408e+01
 9.77166907e+01 5.53426412e+01
 9.77244169e+01 5.53478616e+01
 9.77326204e+01 5.53530820e+01
 9.77412998e+01 5.53525445e+01
 9.77504043e+01 5.53468652e+01
 9.77586077e+01 5.53520855e+01
 9.77668112e+01 5.53548479e+01
 9.77735643e+01 5.53379667e+01
 9.77799211e+01 5.53431871e+01
 9.77881245e+01 5.53484074e+01
 9.77735314e+01 5.53488672e+01
 9.76603484e+01 5.53287381e+01
 9.76685518e+01 5.53339584e+01
 9.76767553e+01 5.53391318e+01
 9.76853295e+01 5.53358566e+01
 9.76948072e+01 5.53410769e+01
 9.77030106e+01 5.53462973e+01
 9.77109565e+01 5.53459671e+01
 9.77100835e+01 5.53511875e+01
 9.77182870e+01 5.53564079e+01
 9.77264904e+01 5.53616283e+01
 9.77418338e+01 5.53514723e+01
 9.77500373e+01 5.53566927e+01
 9.77582407e+01 5.53619130e+01
 9.77664442e+01 5.53480727e+01
 9.77771156e+01 5.53531358e+01
 9.77853191e+01 5.53583562e+01
 9.77935225e+01 5.53635766e+01
 9.77973330e+01 5.53670880e+01
 9.78055364e+01 5.53723084e+01
 9.78137399e+01 5.53775288e+01
 9.78219433e+01 5.53700085e+01
 9.77848298e+01 5.53736635e+01
 9.77930332e+01 5.53788839e+01
 9.78012366e+01 5.53875916e+01
 9.77851900e+01 5.53948771e+01
 9.77918285e+01 5.54000975e+01
 9.78000320e+01 5.54053179e+01
 9.77829006e+01 5.53878902e+01
 9.77815639e+01 5.53845822e+01
 9.77897673e+01 5.53898025e+01
 9.77979708e+01 5.53950229e+01
 9.78117491e+01 5.54002433e+01
 9.78212387e+01 5.54054637e+01
 9.78294421e+01 5.54106840e+01
 9.78362452e+01 5.54077873e+01
 9.78433810e+01 5.54068187e+01
 9.78515844e+01 5.54120391e+01
 9.78597879e+01 5.54140330e+01
 9.78662540e+01 5.54120174e+01
 9.78737218e+01 5.54172378e+01
 9.78819252e+01 5.54221317e+01
 9.78910956e+01 5.54240498e+01
 9.79005311e+01 5.54292702e+01
 9.79087346e+01 5.54344906e+01
 9.79169380e+01 5.54350917e+01
 9.78727153e+01 5.54210163e+01
 9.78421619e+01 5.54262367e+01
 9.78503653e+01 5.54315045e+01
 9.78609967e+01 5.54383863e+01
 9.78744672e+01 5.54436067e+01
 9.78826707e+01 5.54488271e+01
 9.78861374e+01 5.54523597e+01
 9.78529376e+01 5.54428271e+01
 9.78611410e+01 5.54480475e+01
 9.78693445e+01 5.54532668e+01
 9.78777553e+01 5.54480258e+01
 9.78868484e+01 5.54532462e+01
 9.78950518e+01 5.54584666e+01
 9.79048022e+01 5.54489551e+01
 9.79985167e+01 5.54541755e+01
 9.80067201e+01 5.54593959e+01
 9.80149236e+01 5.54646163e+01
 9.80239878e+01 5.54587336e+01
 9.80425895e+01 5.54639540e+01
 9.80507929e+01 5.54691743e+01
 9.80589964e+01 5.54712011e+01
 9.80067848e+01 5.54764121e+01
 9.80149883e+01 5.54816325e+01
 9.80231917e+01 5.54868529e+01
 9.80300181e+01 5.54668810e+01
 9.80382216e+01 5.54721014e+01
 9.80464250e+01 5.54773217e+01
 9.80546285e+01 5.54765134e+01
 9.79636919e+01 5.54811436e+01
 9.79718954e+01 5.54863640e+01
 9.79800988e+01 5.54955249e+01
 9.79864642e+01 5.55027830e+01
 9.79945807e+01 5.55080034e+01
 9.80027842e+01 5.55132238e+01
 9.80109876e+01 5.54922609e+01
 9.80525770e+01 5.54886524e+01
 9.80611785e+01 5.54938728e+01
 9.80693819e+01 5.54958566e+01
 9.80787069e+01 5.54970541e+01
 9.80871598e+01 5.55022745e+01
 9.80953633e+01 5.55074948e+01
 9.80579152e+01 5.55006228e+01
 9.80255342e+01 5.54950929e+01
 9.80337376e+01 5.55003132e+01
 9.80419411e+01 5.55039586e+01
 9.80474552e+01 5.55039223e+01
 9.80539550e+01 5.55091426e+01
 9.80621584e+01 5.55144965e+01
 9.80545893e+01 5.55240656e+01
 9.80269293e+01 5.55292860e+01
 9.80351327e+01 5.55345063e+01
 9.80433362e+01 5.55373094e+01
 9.80496357e+01 5.55092964e+01
 9.80548021e+01 5.55145168e+01
 9.80630055e+01 5.55197371e+01
 9.80672042e+01 5.55243169e+01
 9.80456344e+01 5.55295373e+01
 9.80538379e+01 5.55347577e+01
 9.80620412e+01 5.55399768e+01
 9.80691418e+01 5.55353785e+01
 9.80773452e+01 5.55405989e+01
 9.80855486e+01 5.55458193e+01
 9.80937030e+01 5.55435693e+01
 9.80975625e+01 5.55487897e+01
 9.81057660e+01 5.55540101e+01
 9.81139694e+01 5.55580231e+01
 9.81218989e+01 5.55631696e+01
 9.81301023e+01 5.55683900e+01
 9.81383058e+01 5.55736104e+01
 9.81465092e+01 5.55560945e+01
 9.80695737e+01 5.55607827e+01
 9.80777771e+01 5.55660031e+01
 9.80859805e+01 5.55678668e+01
 9.80887129e+01 5.55721745e+01
 9.80968974e+01 5.55773948e+01
 9.81051009e+01 5.55826152e+01
 9.81212632e+01 5.55736479e+01
 9.81308478e+01 5.55764064e+01
 9.81390512e+01 5.55816268e+01
 9.81472547e+01 5.55843974e+01
 9.81394906e+01 5.55877982e+01
 9.81460846e+01 5.55930185e+01
 9.81542880e+01 5.55947567e+01
 9.81555252e+01 5.55910790e+01
 9.81602579e+01 5.55962994e+01
 9.81684613e+01 5.56015198e+01
 9.81766648e+01 5.56067402e+01
 9.81538315e+01 5.56119605e+01
 9.81529757e+01 5.56171809e+01
 9.81611791e+01 5.56215619e+01
 9.81693826e+01 5.56214305e+01
 9.81775860e+01 5.56266509e+01
 9.81857895e+01 5.56318713e+01
 9.81935237e+01 5.56313534e+01
 9.81999974e+01 5.56154168e+01
 9.82082008e+01 5.56206372e+01
 9.82164042e+01 5.56252698e+01
 9.82247981e+01 5.56167779e+01
 9.82333591e+01 5.56219983e+01
 9.82415626e+01 5.56272186e+01
 9.82315995e+01 5.56321455e+01
 9.81126895e+01 5.56353118e+01
 9.81208929e+01 5.56405322e+01
 9.81290964e+01 5.56455688e+01
 9.81362377e+01 5.56202362e+01
 9.81411103e+01 5.56254565e+01
 9.81493137e+01 5.56306769e+01
 9.81601721e+01 5.56198903e+01
 9.82135056e+01 5.56251107e+01
 9.82217090e+01 5.56303310e+01
 9.82299125e+01 5.56355514e+01
 9.82381159e+01 5.56476015e+01
 9.82463194e+01 5.56528219e+01
 9.82545228e+01 5.56580423e+01
 9.82624671e+01 5.56397853e+01
 9.82357747e+01 5.56450057e+01
 9.82439782e+01 5.56502260e+01
 9.82521816e+01 5.56554464e+01
 9.82573631e+01 5.56662153e+01
 9.82655665e+01 5.56714357e+01
 9.82737699e+01 5.56766561e+01
 9.82819734e+01 5.56600142e+01
 9.82006448e+01 5.56651136e+01
 9.82088483e+01 5.56703339e+01
 9.82170517e+01 5.56755543e+01
 9.82280032e+01 5.56720231e+01
 9.82362066e+01 5.56772435e+01
 9.82444101e+01 5.56824639e+01
 9.82526135e+01 5.56705852e+01
 9.82470840e+01 5.56739115e+01
 9.82552874e+01 5.56791319e+01
 9.82634908e+01 5.56851744e+01
 9.82737765e+01 5.56908518e+01
 9.82820967e+01 5.56960722e+01
 9.82903002e+01 5.57012926e+01
 9.82539466e+01 5.57105139e+01
 9.82449151e+01 5.57172819e+01
 9.82531185e+01 5.57225022e+01
 9.82613220e+01 5.57220383e+01
 9.82703962e+01 5.57192855e+01
 9.82788259e+01 5.57245059e+01
 9.82870293e+01 5.57297263e+01
 9.83144387e+01 5.57331341e+01
 9.83418872e+01 5.57365383e+01
 9.83500906e+01 5.57417586e+01
 9.83582941e+01 5.57434291e+01
 9.83656985e+01 5.57349132e+01
 9.83733300e+01 5.57401335e+01
 9.83815334e+01 5.57454169e+01
 9.83656873e+01 5.57537753e+01
 9.83114303e+01 5.57589957e+01
 9.83196338e+01 5.57642161e+01
 9.83277647e+01 5.57679759e+01
 9.83346637e+01 5.57469121e+01
 9.83428671e+01 5.57521325e+01
 9.83510705e+01 5.57573529e+01
 9.83677102e+01 5.57553178e+01
 9.84526164e+01 5.57605381e+01
 9.84608199e+01 5.57657585e+01
 9.84690233e+01 5.57714044e+01
 9.84838188e+01 5.57766250e+01
 9.84920222e+01 5.57818454e+01
 9.85002257e+01 5.57870658e+01
 9.85077476e+01 5.57905792e+01
 9.83867306e+01 5.57957996e+01
 9.83949340e+01 5.58010199e+01
 9.84031375e+01 5.57880460e+01
 9.83885419e+01 5.57918269e+01
 9.83967453e+01 5.57970473e+01
 9.84049488e+01 5.58022677e+01
 9.83842260e+01 5.58027452e+01
 9.83914227e+01 5.58078005e+01
 9.83996261e+01 5.58130209e+01
 9.84078296e+01 5.58003845e+01
 9.84116774e+01 5.57999883e+01
 9.84198435e+01 5.58052086e+01
 9.84280469e+01 5.58059086e+01
 9.84392119e+01 5.58058335e+01
 9.84480238e+01 5.58110539e+01
 9.84562272e+01 5.58162742e+01
 9.84644307e+01 5.58124382e+01
 9.84672578e+01 5.58100694e+01
 9.84747936e+01 5.58152898e+01
 9.84829970e+01 5.58213246e+01
 9.84933067e+01 5.58289315e+01
 9.85027009e+01 5.58341519e+01
 9.85109044e+01 5.58393723e+01
 9.85195616e+01 5.58388677e+01
 9.85286813e+01 5.58325288e+01
 9.85368847e+01 5.58377491e+01
 9.85450882e+01 5.58430286e+01
 9.85508585e+01 5.58488305e+01
 9.85560060e+01 5.58540509e+01
 9.85642095e+01 5.58592708e+01
 9.85736872e+01 5.58497678e+01
 9.85877574e+01 5.58549882e+01
 9.85959608e+01 5.58602085e+01
 9.86041643e+01 5.58646107e+01
 9.86104284e+01 5.58373601e+01
 9.86142522e+01 5.58425804e+01
 9.86224556e+01 5.58478008e+01
 9.86262968e+01 5.58660381e+01
 9.85938255e+01 5.58712584e+01
 9.86020289e+01 5.58764788e+01
 9.86102324e+01 5.58817002e+01
 9.86186048e+01 5.58881988e+01
 9.86274623e+01 5.58934191e+01
 9.86356657e+01 5.58986395e+01
 9.86423127e+01 5.58742014e+01
 9.86100506e+01 5.58794217e+01
 9.86182541e+01 5.58846421e+01
 9.86264575e+01 5.58898625e+01
 9.86335650e+01 5.58989225e+01
 9.86417684e+01 5.59041429e+01
 9.86499719e+01 5.59093632e+01
 9.86581433e+01 5.59071172e+01
 9.86435797e+01 5.59123376e+01
 9.86517832e+01 5.59175580e+01
 9.86599866e+01 5.59227784e+01
 9.86692931e+01 5.59181829e+01
 9.86774965e+01 5.59234032e+01
 9.86857000e+01 5.59286236e+01
 9.86939034e+01 5.59137510e+01
 9.86603599e+01 5.59187940e+01
 9.86685633e+01 5.59240144e+01
 9.86767668e+01 5.59356933e+01
 9.86822222e+01 5.59419235e+01
 9.86904256e+01 5.59471438e+01
 9.86986291e+01 5.59523642e+01
 9.87068325e+01 5.59454343e+01
 9.87197090e+01 5.59497881e+01
 9.87279124e+01 5.59550084e+01
 9.87361159e+01 5.59468210e+01
 9.87432425e+01 5.59464600e+01
 9.87514198e+01 5.59516804e+01
 9.87596232e+01 5.59569008e+01
 9.87267085e+01 5.59634592e+01
 9.87235781e+01 5.59690485e+01
 9.87317815e+01 5.59742688e+01
 9.87399850e+01 5.59657560e+01
 9.87481884e+01 5.59565471e+01
 9.87563919e+01 5.59617675e+01
 9.87645953e+01 5.59660276e+01
 9.87756205e+01 5.59673003e+01
 9.87859432e+01 5.59725207e+01
 9.87941467e+01 5.59777410e+01
 9.88023501e+01 5.59824482e+01
 9.88085810e+01 5.59862620e+01
 9.88157350e+01 5.59914824e+01
 9.88239385e+01 5.59964113e+01
 9.88324279e+01 5.59957360e+01
 9.88411743e+01 5.60009563e+01
 9.88493778e+01 5.60061767e+01
 9.88578837e+01 5.60096545e+01
 9.88690807e+01 5.59976283e+01
 9.88772841e+01 5.60028487e+01
 9.88854876e+01 5.60080690e+01
 9.88792912e+01 5.60120102e+01
 9.88046735e+01 5.60172306e+01
 9.88128769e+01 5.60224510e+01
 9.88209048e+01 5.60223376e+01
 9.87790248e+01 5.60275580e+01
 9.87872282e+01 5.60327784e+01
 9.87954317e+01 5.60379988e+01
 9.88019879e+01 5.60327647e+01
 9.87401586e+01 5.60379850e+01
 9.87483620e+01 5.60432054e+01
 9.87565655e+01 5.60359109e+01
 9.88435899e+01 5.60406313e+01
 9.88517934e+01 5.60458516e+01
 9.88599968e+01 5.60510720e+01
 9.89056755e+01 5.60495424e+01
 9.89142997e+01 5.60546870e+01
 9.89225032e+01 5.60599074e+01
 9.89307066e+01 5.60717779e+01
 9.87829379e+01 5.60784551e+01
 9.87911225e+01 5.60836755e+01
 9.87993259e+01 5.60852617e+01
 9.88046234e+01 5.60872885e+01
 9.88124368e+01 5.60925088e+01
 9.88206403e+01 5.60977292e+01
 9.88288437e+01 5.60832697e+01
 9.88373042e+01 5.60761699e+01
 9.88455246e+01 5.60813902e+01
 9.88537281e+01 5.60831285e+01
 9.88625130e+01 5.60809508e+01
 9.88709579e+01 5.60861711e+01
 9.88791614e+01 5.60913915e+01
 9.88871449e+01 5.60734518e+01
 9.88950193e+01 5.60440192e+01
 9.89032227e+01 5.60492396e+01
 9.89114262e+01 5.59941131e+01
 9.89168394e+01 5.55928351e+01
 9.89220641e+01 5.55980555e+01
 9.89302675e+01 5.56029192e+01
 9.88454635e+01 5.51917431e+01
 9.84633164e+01 5.51969634e+01
 9.84715199e+01 5.52021838e+01
 9.84797233e+01 5.51962233e+01
 9.84878402e+01 5.48056375e+01
 9.84958552e+01 5.48108579e+01
 9.85040586e+01 5.48160783e+01
 9.84283445e+01 5.44453607e+01
 9.77600005e+01 5.44505811e+01
 9.77682040e+01 5.44558015e+01
 9.77764059e+01 5.44600039e+01
 9.77840619e+01 5.41002436e+01
 9.77922653e+01 5.41054639e+01
 9.78004688e+01 5.41106843e+01
 9.77706124e+01 5.38179249e+01
 9.69918696e+01 5.38231452e+01
 9.70000731e+01 5.38283656e+01
 9.70082765e+01 5.38335860e+01
 9.70200510e+01 5.35294330e+01
 9.70282544e+01 5.35346534e+01
 9.70364579e+01 5.35398738e+01
 9.70400189e+01 5.32466627e+01
 9.64808028e+01 5.32518831e+01
 9.64890062e+01 5.32571035e+01
 9.64972097e+01 5.32623238e+01
 9.65070581e+01 5.29638925e+01
 9.65152616e+01 5.29691129e+01
 9.65234650e+01 5.29743332e+01
 9.65316684e+01 5.26983597e+01
 9.57972579e+01 5.27031075e+01
 9.58054613e+01 5.27083279e+01
 9.58136648e+01 5.24123882e+01
 9.58224162e+01 5.23827906e+01
 9.58306197e+01 5.23880110e+01
 9.58388231e+01 5.23932313e+01
 9.58470266e+01 5.20711631e+01
 9.51491450e+01 5.20635620e+01
 9.51573485e+01 5.20687823e+01
 9.51655519e+01 5.18325725e+01
 9.51713078e+01 5.17581300e+01
 9.51794848e+01 5.17633503e+01
 9.51876882e+01 5.17685707e+01
 9.44967960e+01 5.15628914e+01
 9.43532751e+01 5.15223403e+01
 9.43614786e+01 5.15275607e+01
 9.43696820e+01 5.13855600e+01
 9.43827340e+01 5.12623013e+01
 9.43915809e+01 5.12675217e+01
 9.43997844e+01 5.12053678e+01
 9.40025276e+01 5.09906698e+01
 9.37587132e+01 5.09958902e+01
 9.37669167e+01 5.10011106e+01
 9.37751201e+01 5.09189427e+01
 9.37712746e+01 5.07294373e+01
 9.37742270e+01 5.07346576e+01
 9.37824305e+01 5.07194409e+01
 9.34548752e+01 5.04543721e+01
 9.29375804e+01 5.04595924e+01
 9.29457838e+01 5.04648128e+01
 9.29117397e+01 5.04365965e+01
 9.26150497e+01 5.02005103e+01
 9.26232532e+01 5.02057307e+01
 9.26314566e+01 5.02108812e+01
 9.25759165e+01 4.99652418e+01
 9.23007265e+01 4.99704622e+01
 9.23089299e+01 4.99756826e+01
 9.23093121e+01 4.97325814e+01
 9.16887318e+01 4.97378018e+01
 9.16969353e+01 4.97430222e+01
 9.17051387e+01 4.97482426e+01
 9.17084472e+01 4.95327369e+01
 9.16007036e+01 4.95379573e+01
 9.16089071e+01 4.95431777e+01
 9.16171105e+01 4.93204234e+01
 9.08107479e+01 4.93206633e+01
 9.08189514e+01 4.93258837e+01
 9.08271548e+01 4.93311041e+01
 9.08328914e+01 4.91344886e+01
 9.08410877e+01 4.91391296e+01
 9.08492912e+01 4.91443499e+01
 9.08574946e+01 4.89945483e+01
 9.01659281e+01 4.89735868e+01
 9.01741315e+01 4.89788072e+01
 9.01823350e+01 4.88853655e+01
 9.01960431e+01 4.88186577e+01
 9.02047829e+01 4.88238781e+01
 9.02129863e+01 4.88290985e+01
 9.02211897e+01 4.86875883e+01
 8.96460063e+01 4.86171401e+01
 8.96268066e+01 4.86223605e+01
 8.96350101e+01 4.85634584e+01
 8.96472625e+01 4.84506464e+01
 8.96569100e+01 4.84558668e+01
 8.96651134e+01 4.84610871e+01
 8.93773474e+01 4.83909651e+01
 8.89993273e+01 4.82978680e+01
 8.90075308e+01 4.83030883e+01
 8.90157342e+01 4.82860616e+01
 8.90260680e+01 4.81686603e+01
 8.90362591e+01 4.81738807e+01
 8.90444625e+01 4.81791010e+01
 8.89282969e+01 4.81453850e+01
 8.84962204e+01 4.80127664e+01
 8.85044239e+01 4.80179868e+01
 8.85126273e+01 4.80173444e+01
 8.85210823e+01 4.78330827e+01
 8.85298562e+01 4.78383031e+01
 8.85380597e+01 4.78435235e+01
 8.84925710e+01 4.77098712e+01
 8.79024846e+01 4.77150916e+01
 8.79106880e+01 4.77203120e+01
 8.79188914e+01 4.77255323e+01
 8.79314879e+01 4.76206394e+01
 8.79396913e+01 4.76258598e+01
 8.79478948e+01 4.76310801e+01
 8.79440852e+01 4.74361870e+01
 8.73631227e+01 4.74414074e+01
 8.73713261e+01 4.74466278e+01
 8.73795296e+01 4.74518482e+01
 8.73935030e+01 4.72610095e+01
 8.74017065e+01 4.72662299e+01
 8.74099099e+01 4.72714503e+01
 8.74180430e+01 4.70607989e+01
 8.69728928e+01 4.70660192e+01
 8.69810962e+01 4.70712396e+01
 8.69892997e+01 4.69066327e+01
 8.69991511e+01 4.68979519e+01
 8.70073546e+01 4.69031723e+01
 8.70155580e+01 4.69083927e+01
 8.70237615e+01 4.65833392e+01
 8.63360389e+01 4.65827240e+01
 8.63442424e+01 4.65879444e+01
 8.63524458e+01 4.70652008e+01
 8.63642193e+01 4.71674337e+01
 8.63724227e+01 4.71726541e+01
 8.63806261e+01 4.71778744e+01
 8.63788261e+01 4.70726075e+01
 8.63390062e+01 4.70685650e+01
 8.62706301e+01 4.70737854e+01
 8.61861516e+01 4.70085868e+01
 8.60980247e+01 4.69839187e+01
 8.60187035e+01 4.69891391e+01
 8.59606419e+01 4.69943595e+01
 8.59362939e+01 4.69212220e+01
 8.59430852e+01 4.69038702e+01
 8.59512886e+01 4.69090905e+01
 8.59594920e+01 4.68668079e+01
 8.59266942e+01 4.68202982e+01
 8.59272879e+01 4.68255185e+01
 8.59354914e+01 4.68114871e+01
 8.56910998e+01 4.67337838e+01
 8.55025963e+01 4.67390042e+01
 8.55107997e+01 4.67442246e+01
 8.54751322e+01 4.67225132e+01
 8.53580306e+01 4.66508107e+01
 8.53662341e+01 4.66560311e+01
 8.53744375e+01 4.66577123e+01
 8.53249834e+01 4.65843678e+01
 8.52194714e+01 4.65895882e+01
 8.52276748e+01 4.65948086e+01
 8.51970359e+01 4.65918419e+01
 8.47945017e+01 4.65104884e+01
 8.48027052e+01 4.65157088e+01
 8.48109086e+01 4.65209292e+01
 8.48134737e+01 4.64252811e+01
 8.47874945e+01 4.64305015e+01
 8.47956980e+01 4.64357219e+01
 8.48032529e+01 4.63601274e+01
 8.45418629e+01 4.63653477e+01
 8.45500663e+01 4.63705681e+01
 8.45582697e+01 4.63757885e+01
 8.45670242e+01 4.63189762e+01
 8.45752276e+01 4.63241966e+01
 8.45834311e+01 4.63294170e+01
 8.45916345e+01 4.62327995e+01
 8.41151070e+01 4.62335303e+01
 8.41233104e+01 4.62387507e+01
 8.41315139e+01 4.62439711e+01
 8.41370058e+01 4.61981942e+01
 8.41451728e+01 4.62027282e+01
 8.41533762e+01 4.62079486e+01
 8.41615796e+01 4.61658239e+01
 8.39993132e+01 4.61601685e+01
 8.40074395e+01 4.61653889e+01
 8.40156430e+01 4.61420206e+01
 8.40252894e+01 4.61211997e+01
 8.40336979e+01 4.61264200e+01
 8.40419013e+01 4.61316404e+01
 8.38384871e+01 4.60955596e+01
 8.37092452e+01 4.60739549e+01
 8.37174487e+01 4.60791753e+01
 8.37256521e+01 4.60707371e+01
 8.37359302e+01 4.60440619e+01
 8.37450810e+01 4.60492823e+01
 8.37532844e+01 4.60545026e+01
 8.36632251e+01 4.60397185e+01
 8.35107093e+01 4.60122193e+01
 8.35189128e+01 4.60174397e+01
 8.35271162e+01 4.60171548e+01
 8.35372228e+01 4.59797998e+01
 8.35476421e+01 4.59850201e+01
 8.35558456e+01 4.59902394e+01
 8.35042902e+01 4.59389489e+01
 8.32311555e+01 4.59441693e+01
 8.32393589e+01 4.59493897e+01
 8.32475166e+01 4.59539920e+01
 8.32510958e+01 4.58967832e+01
 8.32592992e+01 4.59020036e+01
 8.32675027e+01 4.59072239e+01
 8.32635341e+01 4.58740701e+01
 8.29944456e+01 4.58792904e+01
 8.30026490e+01 4.58845108e+01
 8.30108525e+01 4.58897312e+01
 8.30176849e+01 4.58458284e+01
 8.30258884e+01 4.58510488e+01
 8.30340918e+01 4.58562691e+01
 8.30422805e+01 4.58184799e+01
 8.27536177e+01 4.58237003e+01
 8.27618211e+01 4.58289206e+01
 8.27700246e+01 4.57910069e+01
 8.27853680e+01 4.57925619e+01
 8.27935715e+01 4.57977822e+01
 8.28017749e+01 4.58030026e+01
 8.25538257e+01 4.57639993e+01
 8.25581028e+01 4.57685418e+01
 8.25663063e+01 4.57737622e+01
 8.25745097e+01 4.57394183e+01
 8.25827132e+01 4.57374054e+01
 8.25909166e+01 4.57426258e+01
 8.25991200e+01 4.57478461e+01
 8.23613979e+01 4.57239521e+01
 8.23537969e+01 4.57273014e+01
 8.23620004e+01 4.57325218e+01
 8.23702038e+01 4.57103429e+01
 8.23778633e+01 4.57064981e+01
 8.23860627e+01 4.57117185e+01
 8.23942662e+01 4.57169389e+01
 8.22271871e+01 4.56816560e+01
 8.22090901e+01 4.56807990e+01
 8.22172935e+01 4.56860193e+01
 8.22254970e+01 4.56796032e+01
 8.22323800e+01 4.56787561e+01
 8.22405298e+01 4.56839765e+01
 8.22487333e+01 4.56734347e+01
 8.21078702e+01 4.56514215e+01
 8.20685022e+01 4.56566419e+01
 8.20767056e+01 4.56618623e+01
 8.20269821e+01 4.56486018e+01
 8.19676055e+01 4.56322616e+01
 8.19758090e+01 4.56374820e+01
 8.19840124e+01 4.56358870e+01
 8.19230522e+01 4.56089357e+01
 8.18735363e+01 4.56141561e+01
 8.18817397e+01 4.56193765e+01
 8.18420447e+01 4.56193237e+01
 8.17105706e+01 4.56091669e+01
 8.17187741e+01 4.56143873e+01
 8.17269775e+01 4.56184105e+01
 8.17185774e+01 4.55957464e+01
 8.16934024e+01 4.56009668e+01
 8.17016059e+01 4.56061872e+01
 8.16886235e+01 4.55639953e+01
 8.14650718e+01 4.55692157e+01
 8.14732752e+01 4.55744360e+01
 8.14814786e+01 4.55796564e+01
 8.14916041e+01 4.55600148e+01
 8.14998075e+01 4.55652352e+01
 8.15080110e+01 4.55704555e+01
 8.15159180e+01 4.55752542e+01
 8.13706239e+01 4.55804745e+01
 8.13788273e+01 4.55856949e+01
 8.13870308e+01 4.55909153e+01
 8.13938602e+01 4.55571546e+01
 8.14020637e+01 4.55623750e+01
 8.14102671e+01 4.55675954e+01
 8.14184706e+01 4.55485953e+01
 8.11902130e+01 4.55525415e+01
 8.11984164e+01 4.55577619e+01
 8.12066199e+01 4.55364811e+01
 8.12145543e+01 4.55317542e+01
 8.12227528e+01 4.55369745e+01
 8.12309562e+01 4.55421949e+01
 8.11902087e+01 4.55339438e+01
 8.11861191e+01 4.55357811e+01
 8.11943226e+01 4.55410015e+01
 8.12025260e+01 4.55308663e+01
 8.12133391e+01 4.55211034e+01
 8.12219549e+01 4.55263237e+01
 8.12301583e+01 4.55315441e+01
 8.11189094e+01 4.55224859e+01
 8.10438822e+01 4.55177575e+01
 8.10520857e+01 4.55229779e+01
 8.10602891e+01 4.55221548e+01
 8.10707027e+01 4.55121416e+01
 8.10799930e+01 4.55173620e+01
 8.10881965e+01 4.55198637e+01
 8.10422047e+01 4.54791411e+01
 8.09552014e+01 4.54843615e+01
 8.09634048e+01 4.54895818e+01
 8.09718351e+01 4.54914296e+01
 8.09820077e+01 4.54673720e+01
 8.09902111e+01 4.54725923e+01
 8.09984146e+01 4.54778127e+01
 8.09813122e+01 4.54617580e+01
 8.08585565e+01 4.54669784e+01
 8.08667599e+01 4.54721988e+01
 8.08749231e+01 4.54769207e+01
 8.08768478e+01 4.54044945e+01
 8.08850513e+01 4.54097148e+01
 8.08932547e+01 4.54149352e+01
 8.08984842e+01 4.54195229e+01
 8.08085966e+01 4.54247433e+01
 8.08168000e+01 4.54299637e+01
 8.08250035e+01 4.53239670e+01
 8.08310099e+01 4.53256199e+01
 8.08392134e+01 4.53308403e+01
 8.08474168e+01 4.53360607e+01
 8.06679107e+01 4.52244948e+01
 8.06759707e+01 4.52296260e+01
 8.06841742e+01 4.52348463e+01
 8.06923776e+01 4.53058226e+01
 8.07008591e+01 4.53185700e+01
 8.07090625e+01 4.53237904e+01
 8.07172660e+01 4.53290107e+01
 8.05126086e+01 4.55228319e+01
 8.05145118e+01 4.55336344e+01
 8.05227153e+01 4.55388548e+01
 8.05309187e+01 4.54523897e+01
 8.05366522e+01 4.54364030e+01
 8.05448556e+01 4.54416234e+01
 8.05530591e+01 4.55263796e+01
 8.04472928e+01 4.55914978e+01
 8.04450560e+01 4.55967181e+01
 8.04532594e+01 4.56019385e+01
 8.04614629e+01 4.55622636e+01
 8.04693942e+01 4.55493997e+01
 8.04775927e+01 4.55546200e+01
 8.04857962e+01 4.55686675e+01
 8.04486544e+01 4.55844399e+01
 8.04481001e+01 4.55896603e+01
 8.04563035e+01 4.55948806e+01
 8.04216838e+01 4.55926361e+01
 8.04002064e+01 4.55926825e+01
 8.04084099e+01 4.55979029e+01
 8.04166133e+01 4.56046656e+01
 8.03696636e+01 4.56131879e+01
 8.03563992e+01 4.56184083e+01
 8.03646027e+01 4.56236287e+01
 8.03372300e+01 4.56393085e+01
 8.02986175e+01 4.56582928e+01
 8.03068210e+01 4.56635132e+01
 8.03150244e+01 4.56612724e+01
 8.03189822e+01 4.56248765e+01
 8.03231913e+01 4.56300969e+01
 8.03313948e+01 4.56354992e+01
 8.03269944e+01 4.56689726e+01
 8.02953467e+01 4.56741930e+01
 8.03035501e+01 4.56794134e+01
 8.03117536e+01 4.56856344e+01
 8.03187859e+01 4.57153408e+01
 8.03245894e+01 4.57205612e+01
 8.03327929e+01 4.57257816e+01
 8.03366056e+01 4.57545927e+01
 8.02950968e+01 4.57598130e+01
 8.03033002e+01 4.57650334e+01
 8.03115037e+01 4.57702538e+01
 8.03172371e+01 4.57331370e+01
 8.03254406e+01 4.57383573e+01
 8.03336440e+01 4.57435777e+01
 8.03416947e+01 4.56971961e+01
 8.02487109e+01 4.57024165e+01
 8.02569144e+01 4.57076368e+01
 8.02651178e+01 4.57210931e+01
 8.02727702e+01 4.57271335e+01
 8.02809737e+01 4.57323539e+01
 8.02891771e+01 4.57375742e+01
 8.02973806e+01 4.57855863e+01
 8.01177340e+01 4.57928788e+01
 8.01259375e+01 4.57980992e+01
 8.01341409e+01 4.58059497e+01
 8.01407212e+01 4.58121209e+01
 8.01488988e+01 4.58173413e+01
 8.01571023e+01 4.58225616e+01
 8.01278990e+01 4.58469658e+01
 8.01270981e+01 4.58568040e+01
 8.01353016e+01 4.58620244e+01
 8.01435050e+01 4.58737448e+01
 8.01505140e+01 4.58851020e+01
 8.01585379e+01 4.58903224e+01
 8.01667414e+01 4.58943501e+01
 8.01147265e+01 4.58952862e+01
 8.00823573e+01 4.59005066e+01
 8.00905607e+01 4.59057270e+01
 8.00987642e+01 4.59070783e+01
 8.01047325e+01 4.59028982e+01
 8.01118750e+01 4.59081186e+01
 8.01200785e+01 4.59137685e+01
 8.00895936e+01 4.59257213e+01
 8.00321234e+01 4.59309417e+01
 8.00403268e+01 4.59361620e+01
 8.00484111e+01 4.59410622e+01
 8.00556367e+01 4.59436544e+01
 8.00638402e+01 4.59488748e+01
 8.00720436e+01 4.59540952e+01
 8.00721145e+01 4.59532060e+01
 8.00401145e+01 4.59584264e+01
 8.00483180e+01 4.59636468e+01
 8.00564887e+01 4.59579153e+01
 8.00606028e+01 4.59631357e+01
 8.00688063e+01 4.59683560e+01
 8.00770097e+01 4.59735764e+01
 8.00840785e+01 4.59745832e+01
 8.00585396e+01 4.59798035e+01
 8.00667431e+01 4.59850239e+01
 8.00749465e+01 4.59843080e+01
 8.00793050e+01 4.59893571e+01
 8.00875084e+01 4.59945775e+01
 8.00957119e+01 4.60050116e+01
 8.00419286e+01 4.60117584e+01
 8.00497757e+01 4.60169788e+01
 8.00579792e+01 4.60221992e+01
 8.00661826e+01 4.60174856e+01
 8.00754851e+01 4.60210554e+01
 8.00836885e+01 4.60262758e+01
 8.00918920e+01 4.60219614e+01
 8.00136828e+01 4.60215511e+01
 8.00171189e+01 4.60267715e+01
 8.00253223e+01 4.60319918e+01
 8.00335258e+01 4.60512432e+01
 8.00362624e+01 4.60607573e+01
 8.00444407e+01 4.60659777e+01
 8.00526441e+01 4.60677280e+01
 8.00182708e+01 4.60696782e+01
 8.00207140e+01 4.60748986e+01
 8.00289174e+01 4.60801189e+01
 8.00371209e+01 4.60821386e+01
 8.00154547e+01 4.60857154e+01
 8.00224948e+01 4.60909358e+01
 8.00306982e+01 4.60995283e+01
 8.00249514e+01 4.61098018e+01
 8.00295311e+01 4.61150222e+01
 8.00377346e+01 4.61202425e+01
 8.00238116e+01 4.61222302e+01
 8.00137674e+01 4.61247846e+01
 8.00219709e+01 4.61300050e+01
 8.00301743e+01 4.61343079e+01
 8.00364787e+01 4.61372865e+01
 8.00438372e+01 4.61425069e+01
 8.00520407e+01 4.61450644e+01
 8.00350095e+01 4.61219860e+01
 8.00093996e+01 4.61272064e+01
 8.00176030e+01 4.61324268e+01
 8.00258065e+01 4.61362328e+01
 8.00335676e+01 4.61344423e+01
 8.00413884e+01 4.61396626e+01
 8.00495918e+01 4.61449787e+01
 8.00500693e+01 4.61623205e+01
 8.00333167e+01 4.61675409e+01
 8.00415201e+01 4.61727613e+01
 8.00494927e+01 4.61784721e+01
 8.00507870e+01 4.61983655e+01
 8.00589905e+01 4.62035859e+01
 8.00671939e+01 4.62088063e+01
 8.00714119e+01 4.62030748e+01
 8.00278498e+01 4.62082952e+01
 8.00360533e+01 4.62135155e+01
 8.00442567e+01 4.62216671e+01
 8.00552071e+01 4.62269046e+01
 8.00634106e+01 4.62321250e+01
 8.00716140e+01 4.62373454e+01
 8.00798154e+01 4.62408807e+01
 8.00822549e+01 4.62461011e+01
 8.00904584e+01 4.62513214e+01
 8.00986618e+01 4.62296607e+01
 8.01016463e+01 4.62318550e+01
 8.01098497e+01 4.62370754e+01
 8.01180532e+01 4.62422957e+01
 8.00833890e+01 4.62429055e+01
 8.00894201e+01 4.62478922e+01
 8.00976235e+01 4.62531126e+01
 8.01058269e+01 4.62654102e+01
 8.01126796e+01 4.62732419e+01
 8.01208598e+01 4.62784623e+01
 8.01290633e+01 4.62836826e+01
 8.01421137e+01 4.62899166e+01
 8.01515112e+01 4.62953867e+01
 8.01597146e+01 4.63006071e+01
 8.01679181e+01 4.63040015e+01
 8.01697500e+01 4.63074668e+01
 8.01769100e+01 4.63126872e+01
 8.01851134e+01 4.63104948e+01
 8.01960278e+01 4.62866934e+01
 8.02061903e+01 4.62919138e+01
 8.02143937e+01 4.62971341e+01
 8.02222181e+01 4.63045628e+01
 8.02294266e+01 4.63155784e+01
 8.02376301e+01 4.63207988e+01
