 -1.55937752e-01 5.03494269e+02
 -2.01710720e-01 5.03494269e+02
 -2.41827077e-01 5.03494269e+02
 -2.42552000e-01 5.03480376e+02
 -2.42552000e-01 5.03453815e+02
 -2.42552000e-01 5.03448158e+02
 -2.42552000e-01 5.03448158e+02
 -2.42552000e-01 5.03448158e+02
 -2.42552000e-01 5.03448158e+02
 -2.42552000e-01 5.03448158e+02
 -2.42552000e-01 5.03448158e+02
 -2.42552000e-01 5.03448158e+02
 -2.42572897e-01 5.03449939e+02
 -2.42855180e-01 5.03473996e+02
 -2.43098200e-01 5.03494707e+02
 -2.43102000e-01 5.03495031e+02
 -2.43102000e-01 5.03495031e+02
 -2.43102000e-01 5.03495031e+02
 -2.43102000e-01 5.03495031e+02
 -2.43102000e-01 5.03495031e+02
 -2.43102000e-01 5.03495031e+02
 -2.43102000e-01 5.03495031e+02
 -2.41453354e-01 5.03495031e+02
 -2.36598900e-01 5.03495031e+02
 -2.34863000e-01 5.03490331e+02
 -2.34863000e-01 5.03430409e+02
 -2.34863000e-01 5.03379738e+02
 -2.34863000e-01 5.03379062e+02
 -2.34863000e-01 5.03379062e+02
 -2.34863000e-01 5.03379062e+02
 -2.34863000e-01 5.03379062e+02
 -2.34856392e-01 5.03379062e+02
 -2.34255892e-01 5.03379062e+02
 -2.33542117e-01 5.03379062e+02
 -2.33489000e-01 5.03367531e+02
 -2.33489000e-01 5.03336035e+02
 -2.33489000e-01 5.03325594e+02
 -2.33489000e-01 5.03325594e+02
 -2.33489000e-01 5.03325594e+02
 -2.33489000e-01 5.03325594e+02
 -2.33489000e-01 5.03325594e+02
 -2.33489000e-01 5.03325594e+02
 -2.33489000e-01 5.03325594e+02
 -2.34703384e-01 5.03325621e+02
 -3.01809006e-01 5.03327115e+02
 -3.77173772e-01 5.03328793e+02
 -3.81792000e-01 5.03328896e+02
 -3.81792000e-01 5.03328896e+02
 -3.81792000e-01 5.03328896e+02
 -3.81792000e-01 5.03328896e+02
 -3.81792000e-01 5.03328896e+02
 -3.81792000e-01 5.03328896e+02
 -3.81792000e-01 5.03328896e+02
 -3.82052924e-01 5.03328896e+02
 -3.83168572e-01 5.03328896e+02
 -3.83715000e-01 5.03329549e+02
 -3.83715000e-01 5.03354206e+02
 -3.83715000e-01 5.03380845e+02
 -3.83715000e-01 5.03382364e+02
 -3.83715000e-01 5.03382364e+02
 -3.83715000e-01 5.03382364e+02
 -3.83715000e-01 5.03382364e+02
 -3.83715000e-01 5.03382364e+02
 -3.83715000e-01 5.03382364e+02
 -3.83715000e-01 5.03382364e+02
 -4.17802072e-01 5.03380419e+02
 -5.42675074e-01 5.03373295e+02
 -5.95183000e-01 5.03370299e+02
 -5.95183000e-01 5.03370299e+02
 -5.95183000e-01 5.03370299e+02
 -5.95183000e-01 5.03370299e+02
 -5.95183000e-01 5.03370299e+02
 -5.95183000e-01 5.03370299e+02
 -5.95183000e-01 5.03370299e+02
 -5.95180503e-01 5.03370299e+02
 -5.94941346e-01 5.03370299e+02
 -5.94655612e-01 5.03370299e+02
 -5.94634000e-01 5.03373807e+02
 -5.94634000e-01 5.03383376e+02
 -5.94634000e-01 5.03386428e+02
 -5.94634000e-01 5.03386428e+02
 -5.94634000e-01 5.03386428e+02
 -5.94634000e-01 5.03386428e+02
 -5.94634000e-01 5.03386428e+02
 -6.08135677e-01 5.03386428e+02
 -6.60836913e-01 5.03386428e+02
 -6.84165000e-01 5.03386302e+02
 -6.84165000e-01 5.03383382e+02
 -6.84165000e-01 5.03380549e+02
 -6.84165000e-01 5.03380459e+02
 -6.84165000e-01 5.03380459e+02
 -6.84165000e-01 5.03380459e+02
 -6.84165000e-01 5.03380459e+02
 -6.84165000e-01 5.03380459e+02
 -6.84165000e-01 5.03380459e+02
 -6.84165000e-01 5.03380459e+02
 -6.83599613e-01 5.03380459e+02
 -6.81969473e-01 5.03380459e+02
 -6.81419000e-01 5.03381983e+02
 -6.81419000e-01 5.03398732e+02
 -6.81419000e-01 5.03411896e+02
 -6.81419000e-01 5.03411958e+02
 -6.81419000e-01 5.03411958e+02
 -6.81419000e-01 5.03411958e+02
 -6.81419000e-01 5.03411958e+02
 -6.86625747e-01 5.03411958e+02
 -8.34509098e-01 5.03411958e+02
 -9.83973585e-01 5.03411958e+02
 -9.89834000e-01 5.03413515e+02
 -9.89834000e-01 5.03416947e+02
 -9.89834000e-01 5.03417800e+02
 -9.89834000e-01 5.03417800e+02
 -9.89834000e-01 5.03417800e+02
 -9.89834000e-01 5.03417800e+02
 -9.89834000e-01 5.03417800e+02
 -9.89834000e-01 5.03417800e+02
 -9.89834000e-01 5.03417800e+02
 -9.89683339e-01 5.03417864e+02
 -9.87811435e-01 5.03418664e+02
 -9.86275861e-01 5.03419320e+02
 -9.86263000e-01 5.03419325e+02
 -9.86263000e-01 5.03419325e+02
 -9.86263000e-01 5.03419325e+02
 -9.86263000e-01 5.03419325e+02
 -9.86263000e-01 5.03419325e+02
 -9.86263000e-01 5.03419325e+02
 -9.86263000e-01 5.03419325e+02
 -9.88496498e-01 5.03419325e+02
 -9.93679108e-01 5.03419325e+02
 -9.95052000e-01 5.03418214e+02
 -9.95052000e-01 5.03410207e+02
 -9.95052000e-01 5.03404972e+02
 -9.95052000e-01 5.03404972e+02
 -9.95052000e-01 5.03404972e+02
 -9.95052000e-01 5.03404972e+02
 -9.95052000e-01 5.03404972e+02
 -9.95052000e-01 5.03404972e+02
 -9.95052000e-01 5.03404972e+02
 -9.95052000e-01 5.03404972e+02
 -1.03423649e+00 5.03411390e+02
 -1.10196147e+00 5.03422483e+02
 -1.11369400e+00 5.03424405e+02
 -1.11369400e+00 5.03424405e+02
 -1.11369400e+00 5.03424405e+02
 -1.11369400e+00 5.03424405e+02
 -1.11369400e+00 5.03424405e+02
 -1.11369400e+00 5.03424405e+02
 -1.11369400e+00 5.03424405e+02
 -1.12269181e+00 5.03424405e+02
 -1.19395310e+00 5.03424405e+02
 -1.24277200e+00 5.03424406e+02
 -1.24277200e+00 5.03437234e+02
 -1.24277200e+00 5.03455498e+02
 -1.24277200e+00 5.03457685e+02
 -1.24277200e+00 5.03457685e+02
 -1.24277200e+00 5.03457685e+02
 -1.24277200e+00 5.03457685e+02
 -1.24277200e+00 5.03457685e+02
 -1.24202815e+00 5.03457685e+02
 -1.24060396e+00 5.03457685e+02
 -1.24030000e+00 5.03455105e+02
 -1.24030000e+00 5.03440835e+02
 -1.24030000e+00 5.03432788e+02
 -1.24030000e+00 5.03432788e+02
 -1.24030000e+00 5.03432788e+02
 -1.24030000e+00 5.03432788e+02
 -1.24030000e+00 5.03432788e+02
 -1.24030000e+00 5.03432788e+02
 -1.24030000e+00 5.03432788e+02
 -1.24030000e+00 5.03432788e+02
 -1.24039550e+00 5.03432788e+02
 -1.24055081e+00 5.03432788e+02
 -1.24057500e+00 5.03431536e+02
 -1.24057500e+00 5.03426393e+02
 -1.24057500e+00 5.03424024e+02
 -1.24057500e+00 5.03424024e+02
 -1.24057500e+00 5.03424024e+02
 -1.24057500e+00 5.03424024e+02
 -1.24057500e+00 5.03424024e+02
 -1.25461785e+00 5.03424024e+02
 -1.36255441e+00 5.03424024e+02
 -1.43748380e+00 5.03424024e+02
 -1.43748800e+00 5.03430558e+02
 -1.43748800e+00 5.03440225e+02
 -1.43748800e+00 5.03441553e+02
 -1.43748800e+00 5.03441553e+02
 -1.43748800e+00 5.03441553e+02
 -1.43748800e+00 5.03441553e+02
 -1.43748800e+00 5.03441553e+02
 -1.43748800e+00 5.03441553e+02
 -1.43748800e+00 5.03441553e+02
 -1.43775448e+00 5.03442406e+02
 -1.43972042e+00 5.03448702e+02
 -1.44105800e+00 5.03452985e+02
 -1.44105800e+00 5.03452985e+02
 -1.44105800e+00 5.03452985e+02
 -1.44105800e+00 5.03452985e+02
 -1.44105800e+00 5.03452985e+02
 -1.44105800e+00 5.03452985e+02
 -1.44105800e+00 5.03452985e+02
 -1.44105800e+00 5.03452985e+02
 -1.47863594e+00 5.03452985e+02
 -1.56155304e+00 5.03452985e+02
 -1.58304400e+00 5.03452301e+02
 -1.58304400e+00 5.03447453e+02
 -1.58304400e+00 5.03444220e+02
 -1.58304400e+00 5.03444220e+02
 -1.58304400e+00 5.03444220e+02
 -1.58304400e+00 5.03444220e+02
 -1.58304400e+00 5.03444220e+02
 -1.58313890e+00 5.03444220e+02
 -1.58514968e+00 5.03444220e+02
 -1.58709691e+00 5.03444220e+02
 -1.58716400e+00 5.03443500e+02
 -1.58716400e+00 5.03441945e+02
 -1.58716400e+00 5.03441553e+02
 -1.58716400e+00 5.03441553e+02
 -1.58716400e+00 5.03441553e+02
 -1.58716400e+00 5.03441553e+02
 -1.58716400e+00 5.03441553e+02
 -1.58716400e+00 5.03441553e+02
 -1.58716400e+00 5.03441553e+02
 -1.58891890e+00 5.03441553e+02
 -1.62337925e+00 5.03441553e+02
 -1.65617098e+00 5.03441553e+02
 -1.65719600e+00 5.03448028e+02
 -1.65719600e+00 5.03461703e+02
 -1.65719600e+00 5.03465052e+02
 -1.65719600e+00 5.03465052e+02
 -1.65719600e+00 5.03465052e+02
 -1.65719600e+00 5.03465052e+02
 -1.65719600e+00 5.03465052e+02
 -1.65638923e+00 5.03465052e+02
 -1.65364660e+00 5.03465052e+02
 -1.65252700e+00 5.03465311e+02
 -1.65252700e+00 5.03470036e+02
 -1.65252700e+00 5.03474454e+02
 -1.65252700e+00 5.03474579e+02
 -1.65252700e+00 5.03474579e+02
 -1.65252700e+00 5.03474579e+02
 -1.65252700e+00 5.03474579e+02
 -1.65252700e+00 5.03474579e+02
 -1.65252700e+00 5.03474579e+02
 -1.65252700e+00 5.03474579e+02
 -1.67919499e+00 5.03477037e+02
 -1.76751496e+00 5.03485177e+02
 -1.80275200e+00 5.03488425e+02
 -1.80275200e+00 5.03488425e+02
 -1.80275200e+00 5.03488425e+02
 -1.80275200e+00 5.03488425e+02
 -1.80275200e+00 5.03488425e+02
 -1.80275200e+00 5.03488425e+02
 -1.80275200e+00 5.03488425e+02
 -1.80274713e+00 5.03488425e+02
 -1.80129476e+00 5.03488425e+02
 -1.79938412e+00 5.03488425e+02
 -1.79918200e+00 5.03491227e+02
 -1.79918200e+00 5.03500270e+02
 -1.79918200e+00 5.03503796e+02
 -1.79918200e+00 5.03503796e+02
 -1.79918200e+00 5.03503796e+02
 -1.79918200e+00 5.03503796e+02
 -1.79918200e+00 5.03503796e+02
 -1.78892884e+00 5.03503796e+02
 -1.72865077e+00 5.03503796e+02
 -1.69234900e+00 5.03503802e+02
 -1.69234900e+00 5.03505164e+02
 -1.69234900e+00 5.03506922e+02
 -1.69234900e+00 5.03507099e+02
 -1.69234900e+00 5.03507099e+02
 -1.69234900e+00 5.03507099e+02
 -1.69234900e+00 5.03507099e+02
 -1.69234900e+00 5.03507099e+02
 -1.69234900e+00 5.03507099e+02
 -1.69234900e+00 5.03507099e+02
 -1.69254080e+00 5.03507099e+02
 -1.69362960e+00 5.03507099e+02
 -1.69427200e+00 5.03507118e+02
 -1.69427200e+00 5.03510141e+02
 -1.69427200e+00 5.03513972e+02
 -1.69427200e+00 5.03514340e+02
 -1.69427200e+00 5.03514340e+02
 -1.69427200e+00 5.03514340e+02
 -1.69427200e+00 5.03514340e+02
 -1.69427200e+00 5.03514340e+02
 -1.73948386e+00 5.03514340e+02
 -1.82531001e+00 5.03514340e+02
 -1.84339800e+00 5.03515866e+02
 -1.84339800e+00 5.03524238e+02
 -1.84339800e+00 5.03529077e+02
 -1.84339800e+00 5.03529077e+02
 -1.84339800e+00 5.03529077e+02
 -1.84339800e+00 5.03529077e+02
 -1.84339800e+00 5.03529077e+02
 -1.84339800e+00 5.03529077e+02
 -1.84339800e+00 5.03529077e+02
 -1.84339800e+00 5.03529077e+02
 -1.84255007e+00 5.03519231e+02
 -1.84097387e+00 5.03500928e+02
 -1.84065200e+00 5.03497191e+02
 -1.84065200e+00 5.03497191e+02
 -1.84065200e+00 5.03497191e+02
 -1.84065200e+00 5.03497191e+02
 -1.84065200e+00 5.03497191e+02
 -1.84065200e+00 5.03497191e+02
 -1.84065200e+00 5.03497191e+02
 -1.84222097e+00 5.03497191e+02
 -1.86184755e+00 5.03497191e+02
 -1.87834301e+00 5.03497191e+02
 -1.87855100e+00 5.03509973e+02
 -1.87855100e+00 5.03533242e+02
 -1.87855100e+00 5.03537843e+02
 -1.87855100e+00 5.03537843e+02
 -1.87855100e+00 5.03537843e+02
 -1.87855100e+00 5.03537843e+02
 -1.87855100e+00 5.03537843e+02
 -1.87900544e+00 5.03537843e+02
 -1.88030059e+00 5.03537843e+02
 -1.88074900e+00 5.03537809e+02
 -1.88074900e+00 5.03537412e+02
 -1.88074900e+00 5.03537083e+02
 -1.88074900e+00 5.03537080e+02
 -1.88074900e+00 5.03537080e+02
 -1.88074900e+00 5.03537080e+02
 -1.88074900e+00 5.03537080e+02
 -1.88074900e+00 5.03537080e+02
 -1.88074900e+00 5.03537080e+02
 -1.88074900e+00 5.03537080e+02
 -1.90662973e+00 5.03537080e+02
 -1.97863509e+00 5.03537080e+02
 -2.00296100e+00 5.03537864e+02
 -2.00296100e+00 5.03546660e+02
 -2.00296100e+00 5.03553789e+02
 -2.00296100e+00 5.03553850e+02
 -2.00296100e+00 5.03553850e+02
 -2.00296100e+00 5.03553850e+02
 -2.00296100e+00 5.03553850e+02
 -2.00295013e+00 5.03553850e+02
 -2.00200000e+00 5.03553850e+02
 -2.00085814e+00 5.03553850e+02
 -2.00076400e+00 5.03551309e+02
 -2.00076400e+00 5.03544047e+02
 -2.00076400e+00 5.03541527e+02
 -2.00076400e+00 5.03541527e+02
 -2.00076400e+00 5.03541527e+02
 -2.00076400e+00 5.03541527e+02
 -2.00076400e+00 5.03541527e+02
 -2.00076400e+00 5.03541527e+02
 -2.00076400e+00 5.03541527e+02
 -2.00072481e+00 5.03541634e+02
 -1.99784144e+00 5.03549470e+02
 -1.99443827e+00 5.03558719e+02
 -1.99417300e+00 5.03559440e+02
 -1.99417300e+00 5.03559440e+02
 -1.99417300e+00 5.03559440e+02
 -1.99417300e+00 5.03559440e+02
 -1.99417300e+00 5.03559440e+02
 -1.99417300e+00 5.03559440e+02
 -1.99417300e+00 5.03559440e+02
 -1.99427261e+00 5.03559440e+02
 -1.99475081e+00 5.03559440e+02
 -1.99499700e+00 5.03559521e+02
 -1.99499700e+00 5.03563315e+02
 -1.99499700e+00 5.03567551e+02
 -1.99499700e+00 5.03567825e+02
 -1.99499700e+00 5.03567825e+02
 -1.99499700e+00 5.03567825e+02
 -1.99499700e+00 5.03567825e+02
 -1.99499700e+00 5.03567825e+02
 -2.01199947e+00 5.03567825e+02
 -2.03959826e+00 5.03567825e+02
 -2.04388200e+00 5.03564623e+02
 -2.04388200e+00 5.03551499e+02
 -2.04388200e+00 5.03545465e+02
 -2.04388200e+00 5.03545465e+02
 -2.04388200e+00 5.03545465e+02
 -2.04388200e+00 5.03545465e+02
 -2.04388200e+00 5.03545465e+02
 -2.04388200e+00 5.03545465e+02
 -2.04388200e+00 5.03545465e+02
 -2.04388271e+00 5.03545465e+02
 -2.04432508e+00 5.03545465e+02
 -2.04491816e+00 5.03545465e+02
 -2.04498000e+00 5.03552665e+02
 -2.04498000e+00 5.03575501e+02
 -2.04498000e+00 5.03583961e+02
 -2.04498000e+00 5.03583961e+02
 -2.04498000e+00 5.03583961e+02
 -2.04498000e+00 5.03583961e+02
 -2.04498000e+00 5.03583961e+02
 -2.06277106e+00 5.03583961e+02
 -2.14598100e+00 5.03583961e+02
 -2.18806500e+00 5.03583677e+02
 -2.18806500e+00 5.03571637e+02
 -2.18806500e+00 5.03558608e+02
 -2.18806500e+00 5.03557916e+02
 -2.18806500e+00 5.03557916e+02
 -2.18806500e+00 5.03557916e+02
 -2.18806500e+00 5.03557916e+02
 -2.18806500e+00 5.03557916e+02
 -2.18806500e+00 5.03557916e+02
 -2.18806500e+00 5.03557916e+02
 -2.18830672e+00 5.03557916e+02
 -2.18912006e+00 5.03557916e+02
 -2.18943800e+00 5.03558584e+02
 -2.18943800e+00 5.03569030e+02
 -2.18943800e+00 5.03578220e+02
 -2.18943800e+00 5.03578371e+02
 -2.18943800e+00 5.03578371e+02
 -2.18943800e+00 5.03578371e+02
 -2.18943800e+00 5.03578371e+02
 -2.18979922e+00 5.03578371e+02
 -2.21037958e+00 5.03578371e+02
 -2.23358439e+00 5.03578371e+02
 -2.23502700e+00 5.03580273e+02
 -2.23502700e+00 5.03585088e+02
 -2.23502700e+00 5.03586502e+02
 -2.23502700e+00 5.03586502e+02
 -2.23502700e+00 5.03586502e+02
 -2.23502700e+00 5.03586502e+02
 -2.23502700e+00 5.03586502e+02
 -2.23502700e+00 5.03586502e+02
 -2.23502700e+00 5.03586502e+02
 -2.23520085e+00 5.03587278e+02
 -2.23837184e+00 5.03601437e+02
 -2.24127902e+00 5.03614418e+02
 -2.24134400e+00 5.03614708e+02
 -2.24134400e+00 5.03614708e+02
 -2.24134400e+00 5.03614708e+02
 -2.24134400e+00 5.03614708e+02
 -2.24134400e+00 5.03614708e+02
 -2.24134400e+00 5.03614708e+02
 -2.24134400e+00 5.03614708e+02
 -2.23969760e+00 5.03614708e+02
 -2.23529990e+00 5.03614708e+02
 -2.23392900e+00 5.03613668e+02
 -2.23392900e+00 5.03603899e+02
 -2.23392900e+00 5.03596675e+02
 -2.23392900e+00 5.03596666e+02
 -2.23392900e+00 5.03596666e+02
 -2.23392900e+00 5.03596666e+02
 -2.23392900e+00 5.03596666e+02
 -2.23386646e+00 5.03596666e+02
 -2.23251303e+00 5.03596666e+02
 -2.23122042e+00 5.03596666e+02
 -2.23118300e+00 5.03603519e+02
 -2.23118300e+00 5.03617618e+02
 -2.23118300e+00 5.03620807e+02
 -2.23118300e+00 5.03620807e+02
 -2.23118300e+00 5.03620807e+02
 -2.23118300e+00 5.03620807e+02
 -2.23118300e+00 5.03620807e+02
 -2.23118300e+00 5.03620807e+02
 -2.23118300e+00 5.03620807e+02
 -2.23100117e+00 5.03620807e+02
 -2.22909233e+00 5.03620807e+02
 -2.22761721e+00 5.03620807e+02
 -2.22761200e+00 5.03626715e+02
 -2.22761200e+00 5.03636244e+02
 -2.22761200e+00 5.03637706e+02
 -2.22761200e+00 5.03637706e+02
 -2.22761200e+00 5.03637706e+02
 -2.22761200e+00 5.03637706e+02
 -2.22761200e+00 5.03637706e+02
 -2.27202265e+00 5.03637706e+02
 -2.36805081e+00 5.03637706e+02
 -2.39129500e+00 5.03637289e+02
 -2.39129500e+00 5.03634633e+02
 -2.39129500e+00 5.03633005e+02
 -2.39129500e+00 5.03633005e+02
 -2.39129500e+00 5.03633005e+02
 -2.39129500e+00 5.03633005e+02
 -2.39129500e+00 5.03633005e+02
 -2.39129500e+00 5.03633005e+02
 -2.39129500e+00 5.03633005e+02
 -2.39129500e+00 5.03633005e+02
 -2.38815373e+00 5.03633005e+02
 -2.38284296e+00 5.03633005e+02
 -2.38195700e+00 5.03633826e+02
 -2.38195700e+00 5.03637392e+02
 -2.38195700e+00 5.03639104e+02
 -2.38195700e+00 5.03639104e+02
 -2.38195700e+00 5.03639104e+02
 -2.38195700e+00 5.03639104e+02
 -2.38195700e+00 5.03639104e+02
 -2.37970415e+00 5.03639104e+02
 -2.36263839e+00 5.03639104e+02
 -2.35119800e+00 5.03639102e+02
 -2.35119800e+00 5.03634734e+02
 -2.35119800e+00 5.03628565e+02
 -2.35119800e+00 5.03627796e+02
 -2.35119800e+00 5.03627796e+02
 -2.35119800e+00 5.03627796e+02
 -2.35119800e+00 5.03627796e+02
 -2.35119800e+00 5.03627796e+02
 -2.35119800e+00 5.03627796e+02
 -2.35119800e+00 5.03627796e+02
 -2.35090185e+00 5.03634971e+02
 -2.34919403e+00 5.03676348e+02
 -2.34817700e+00 5.03700988e+02
 -2.34817700e+00 5.03700988e+02
 -2.34817700e+00 5.03700988e+02
 -2.34817700e+00 5.03700988e+02
 -2.34817700e+00 5.03700988e+02
 -2.34817700e+00 5.03700988e+02
 -2.34817700e+00 5.03700988e+02
 -2.34817700e+00 5.03700988e+02
 -2.34619538e+00 5.03700988e+02
 -2.34239767e+00 5.03700988e+02
 -2.34158600e+00 5.03695889e+02
 -2.34158600e+00 5.03667489e+02
 -2.34158600e+00 5.03650921e+02
 -2.34158600e+00 5.03650921e+02
 -2.34158600e+00 5.03650921e+02
 -2.34158600e+00 5.03650921e+02
 -2.34158600e+00 5.03650921e+02
 -2.34165847e+00 5.03650921e+02
 -2.34264414e+00 5.03650921e+02
 -2.34349447e+00 5.03650921e+02
 -2.34350800e+00 5.03658432e+02
 -2.34350800e+00 5.03672526e+02
 -2.34350800e+00 5.03675446e+02
 -2.34350800e+00 5.03675446e+02
 -2.34350800e+00 5.03675446e+02
 -2.34350800e+00 5.03675446e+02
 -2.34350800e+00 5.03675446e+02
 -2.34350800e+00 5.03675446e+02
 -2.34350800e+00 5.03675446e+02
 -2.34937513e+00 5.03675446e+02
 -2.42467059e+00 5.03675446e+02
 -2.48847129e+00 5.03675446e+02
 -2.48933900e+00 5.03667084e+02
 -2.48933900e+00 5.03651717e+02
 -2.48933900e+00 5.03648634e+02
 -2.48933900e+00 5.03648634e+02
 -2.48933900e+00 5.03648634e+02
 -2.48933900e+00 5.03648634e+02
 -2.48933900e+00 5.03648634e+02
 -2.48883349e+00 5.03648634e+02
 -2.48737687e+00 5.03648634e+02
 -2.48686700e+00 5.03648873e+02
 -2.48686700e+00 5.03651779e+02
 -2.48686700e+00 5.03654197e+02
 -2.48686700e+00 5.03654225e+02
 -2.48686700e+00 5.03654225e+02
 -2.48686700e+00 5.03654225e+02
 -2.48686700e+00 5.03654225e+02
 -2.48686700e+00 5.03654225e+02
 -2.48686700e+00 5.03654225e+02
 -2.48686700e+00 5.03654225e+02
 -2.51931791e+00 5.03664794e+02
 -2.61058424e+00 5.03694519e+02
 -2.64176100e+00 5.03704673e+02
 -2.64176100e+00 5.03704673e+02
 -2.64176100e+00 5.03704673e+02
 -2.64176100e+00 5.03704673e+02
 -2.64176100e+00 5.03704673e+02
 -2.64176100e+00 5.03704673e+02
 -2.64176100e+00 5.03704673e+02
 -2.64176465e+00 5.03704673e+02
 -2.64200704e+00 5.03704673e+02
 -2.64228978e+00 5.03704673e+02
 -2.64231100e+00 5.03699329e+02
 -2.64231100e+00 5.03684656e+02
 -2.64231100e+00 5.03679766e+02
 -2.64231100e+00 5.03679766e+02
 -2.64231100e+00 5.03679766e+02
 -2.64231100e+00 5.03679766e+02
 -2.64231100e+00 5.03679766e+02
 -2.62847393e+00 5.03679766e+02
 -2.56301976e+00 5.03679766e+02
 -2.52861200e+00 5.03679963e+02
 -2.52861200e+00 5.03691230e+02
 -2.52861200e+00 5.03704141e+02
 -2.52861200e+00 5.03705054e+02
 -2.52861200e+00 5.03705054e+02
 -2.52861200e+00 5.03705054e+02
 -2.52861200e+00 5.03705054e+02
 -2.52861200e+00 5.03705054e+02
 -2.52861200e+00 5.03705054e+02
 -2.52861200e+00 5.03705054e+02
 -2.52875018e+00 5.03705054e+02
 -2.52938385e+00 5.03705054e+02
 -2.52971000e+00 5.03705040e+02
 -2.52971000e+00 5.03704353e+02
 -2.52971000e+00 5.03703580e+02
 -2.52971000e+00 5.03703529e+02
 -2.52971000e+00 5.03703529e+02
 -2.52971000e+00 5.03703529e+02
 -2.52971000e+00 5.03703529e+02
 -2.52971000e+00 5.03703529e+02
 -2.58131074e+00 5.03703529e+02
 -2.66681631e+00 5.03703529e+02
 -2.68130900e+00 5.03705297e+02
 -2.68130900e+00 5.03713163e+02
 -2.68130900e+00 5.03717127e+02
 -2.68130900e+00 5.03717127e+02
 -2.68130900e+00 5.03717127e+02
 -2.68130900e+00 5.03717127e+02
 -2.68130900e+00 5.03717127e+02
 -2.68130900e+00 5.03717127e+02
 -2.68130900e+00 5.03717127e+02
 -2.68130900e+00 5.03717127e+02
 -2.68235468e+00 5.03713564e+02
 -2.68405238e+00 5.03707779e+02
 -2.68433000e+00 5.03706833e+02
 -2.68433000e+00 5.03706833e+02
 -2.68433000e+00 5.03706833e+02
 -2.68433000e+00 5.03706833e+02
 -2.68433000e+00 5.03706833e+02
 -2.68433000e+00 5.03706833e+02
 -2.68433000e+00 5.03706833e+02
 -2.68408304e+00 5.03706833e+02
 -2.68186484e+00 5.03706833e+02
 -2.68021355e+00 5.03706833e+02
 -2.68021000e+00 5.03699230e+02
 -2.68021000e+00 5.03687137e+02
 -2.68021000e+00 5.03685230e+02
 -2.68021000e+00 5.03685230e+02
 -2.68021000e+00 5.03685230e+02
 -2.68021000e+00 5.03685230e+02
 -2.68021000e+00 5.03685230e+02
 -2.67994614e+00 5.03685230e+02
 -2.67930122e+00 5.03685230e+02
 -2.67911200e+00 5.03686824e+02
 -2.67911200e+00 5.03700511e+02
 -2.67911200e+00 5.03710506e+02
 -2.67911200e+00 5.03710519e+02
 -2.67911200e+00 5.03710519e+02
 -2.67911200e+00 5.03710519e+02
 -2.67911200e+00 5.03710519e+02
 -2.67911200e+00 5.03710519e+02
 -2.67911200e+00 5.03710519e+02
 -2.67911200e+00 5.03710519e+02
 -2.70588681e+00 5.03710519e+02
 -2.76986224e+00 5.03710519e+02
 -2.78814200e+00 5.03711680e+02
 -2.78814200e+00 5.03721220e+02
 -2.78814200e+00 5.03728052e+02
 -2.78814200e+00 5.03728056e+02
 -2.78814200e+00 5.03728056e+02
 -2.78814200e+00 5.03728056e+02
 -2.78814200e+00 5.03728056e+02
 -2.78812392e+00 5.03728056e+02
 -2.78760403e+00 5.03728056e+02
 -2.78706810e+00 5.03728056e+02
 -2.78704300e+00 5.03717504e+02
 -2.78704300e+00 5.03692851e+02
 -2.78704300e+00 5.03685993e+02
 -2.78704300e+00 5.03685993e+02
 -2.78704300e+00 5.03685993e+02
 -2.78704300e+00 5.03685993e+02
 -2.78704300e+00 5.03685993e+02
 -2.80009204e+00 5.03685993e+02
 -2.85029982e+00 5.03685993e+02
 -2.87300400e+00 5.03686846e+02
 -2.87300400e+00 5.03709230e+02
 -2.87300400e+00 5.03731905e+02
 -2.87300400e+00 5.03732885e+02
 -2.87300400e+00 5.03732885e+02
 -2.87300400e+00 5.03732885e+02
 -2.87300400e+00 5.03732885e+02
 -2.87300400e+00 5.03732885e+02
 -2.87300400e+00 5.03732885e+02
 -2.87300400e+00 5.03732885e+02
 -2.87334740e+00 5.03732885e+02
 -2.87463254e+00 5.03732885e+02
 -2.87520100e+00 5.03733251e+02
 -2.87520100e+00 5.03742065e+02
 -2.87520100e+00 5.03750837e+02
 -2.87520100e+00 5.03751186e+02
 -2.87520100e+00 5.03751186e+02
 -2.87520100e+00 5.03751186e+02
 -2.87520100e+00 5.03751186e+02
 -2.87520268e+00 5.03751186e+02
 -2.89791450e+00 5.03751186e+02
 -2.93056656e+00 5.03751186e+02
 -2.93479700e+00 5.03748937e+02
 -2.93479700e+00 5.03740749e+02
 -2.93479700e+00 5.03737206e+02
 -2.93479700e+00 5.03737206e+02
 -2.93479700e+00 5.03737206e+02
 -2.93479700e+00 5.03737206e+02
 -2.93479700e+00 5.03737206e+02
 -2.93479700e+00 5.03737206e+02
 -2.93479700e+00 5.03737206e+02
 -2.93479658e+00 5.03737206e+02
 -2.93371925e+00 5.03737206e+02
 -2.93222050e+00 5.03737206e+02
 -2.93205000e+00 5.03737998e+02
 -2.93205000e+00 5.03740633e+02
 -2.93205000e+00 5.03741654e+02
 -2.93205000e+00 5.03741654e+02
 -2.93205000e+00 5.03741654e+02
 -2.93205000e+00 5.03741654e+02
 -2.93205000e+00 5.03741654e+02
 -2.92052245e+00 5.03741654e+02
 -2.86330396e+00 5.03741654e+02
 -2.83318200e+00 5.03742128e+02
 -2.83318200e+00 5.03767655e+02
 -2.83318200e+00 5.03796227e+02
 -2.83318200e+00 5.03797956e+02
 -2.83318200e+00 5.03797956e+02
 -2.83318200e+00 5.03797956e+02
 -2.83318200e+00 5.03797956e+02
 -2.83318200e+00 5.03797956e+02
 -2.83318200e+00 5.03797956e+02
 -2.83318200e+00 5.03797956e+02
 -2.83364111e+00 5.03790243e+02
 -2.83526502e+00 5.03762960e+02
 -2.83592800e+00 5.03751821e+02
 -2.83592800e+00 5.03751821e+02
 -2.83592800e+00 5.03751821e+02
 -2.83592800e+00 5.03751821e+02
 -2.83592800e+00 5.03751821e+02
 -2.83592800e+00 5.03751821e+02
 -2.83592800e+00 5.03751821e+02
 -2.83592800e+00 5.03751821e+02
 -2.83592800e+00 5.03751821e+02
 -2.83592800e+00 5.03751821e+02
 -2.83592800e+00 5.03752419e+02
 -2.83592800e+00 5.03754002e+02
 -2.83592800e+00 5.03754490e+02
 -2.83592800e+00 5.03754490e+02
 -2.83592800e+00 5.03754490e+02
 -2.83592800e+00 5.03754490e+02
 -2.83592800e+00 5.03754490e+02
 -2.84117710e+00 5.03754490e+02
 -2.86093714e+00 5.03754490e+02
 -2.86943400e+00 5.03755284e+02
 -2.86943400e+00 5.03771939e+02
 -2.86943400e+00 5.03787732e+02
 -2.86943400e+00 5.03788170e+02
 -2.86943400e+00 5.03788170e+02
 -2.86943400e+00 5.03788170e+02
 -2.86943400e+00 5.03788170e+02
 -2.86943400e+00 5.03788170e+02
 -2.86943400e+00 5.03788170e+02
 -2.86943400e+00 5.03788170e+02
 -2.86978388e+00 5.03788170e+02
 -2.87076140e+00 5.03788170e+02
 -2.87108100e+00 5.03787005e+02
 -2.87108100e+00 5.03775020e+02
 -2.87108100e+00 5.03765829e+02
 -2.87108100e+00 5.03765801e+02
 -2.87108100e+00 5.03765801e+02
 -2.87108100e+00 5.03765801e+02
 -2.87108100e+00 5.03765801e+02
 -2.87326240e+00 5.03765801e+02
 -2.92841189e+00 5.03765801e+02
 -2.98288020e+00 5.03765801e+02
 -2.98478000e+00 5.03763298e+02
 -2.98478000e+00 5.03757934e+02
 -2.98478000e+00 5.03756651e+02
 -2.98478000e+00 5.03756651e+02
 -2.98478000e+00 5.03756651e+02
 -2.98478000e+00 5.03756651e+02
 -2.98478000e+00 5.03756651e+02
 -2.98478000e+00 5.03756651e+02
 -2.98478000e+00 5.03756651e+02
 -2.98484269e+00 5.03756651e+02
 -2.98556834e+00 5.03756651e+02
 -2.98614941e+00 5.03756651e+02
 -2.98615300e+00 5.03758631e+02
 -2.98615300e+00 5.03761951e+02
 -2.98615300e+00 5.03762497e+02
 -2.98615300e+00 5.03762497e+02
 -2.98615300e+00 5.03762497e+02
 -2.98615300e+00 5.03762497e+02
 -2.98615300e+00 5.03762497e+02
 -2.97374775e+00 5.03762497e+02
 -2.94578540e+00 5.03762497e+02
 -2.93864200e+00 5.03765765e+02
 -2.93864200e+00 5.03788151e+02
 -2.93864200e+00 5.03802405e+02
 -2.93864200e+00 5.03802405e+02
 -2.93864200e+00 5.03802405e+02
 -2.93864200e+00 5.03802405e+02
 -2.93864200e+00 5.03802405e+02
 -2.93864200e+00 5.03802405e+02
 -2.93864200e+00 5.03802405e+02
 -2.93864200e+00 5.03802405e+02
 -2.93882075e+00 5.03802405e+02
 -2.93913499e+00 5.03802405e+02
 -2.93919100e+00 5.03798044e+02
 -2.93919100e+00 5.03777987e+02
 -2.93919100e+00 5.03767962e+02
 -2.93919100e+00 5.03767962e+02
 -2.93919100e+00 5.03767962e+02
 -2.93919100e+00 5.03767962e+02
 -2.93919100e+00 5.03767962e+02
 -2.94513840e+00 5.03767962e+02
 -2.99391968e+00 5.03767962e+02
 -3.02789783e+00 5.03767962e+02
 -3.02789800e+00 5.03779797e+02
 -3.02789800e+00 5.03797143e+02
 -3.02789800e+00 5.03799481e+02
 -3.02789800e+00 5.03799481e+02
 -3.02789800e+00 5.03799481e+02
 -3.02789800e+00 5.03799481e+02
 -3.02789800e+00 5.03799481e+02
 -3.02752294e+00 5.03799481e+02
 -3.02672327e+00 5.03799481e+02
 -3.02652500e+00 5.03806231e+02
 -3.02652500e+00 5.03851246e+02
 -3.02652500e+00 5.03880322e+02
 -3.02652500e+00 5.03880322e+02
 -3.02652500e+00 5.03880322e+02
 -3.02652500e+00 5.03880322e+02
 -3.02652500e+00 5.03880322e+02
 -3.02652500e+00 5.03880322e+02
 -3.02652500e+00 5.03880322e+02
 -3.02652500e+00 5.03880322e+02
 -2.98188930e+00 5.03880322e+02
 -2.89287577e+00 5.03880322e+02
 -2.87272900e+00 5.03879358e+02
 -2.87272900e+00 5.03873628e+02
 -2.87272900e+00 5.03870153e+02
 -2.87272900e+00 5.03870153e+02
 -2.87272900e+00 5.03870153e+02
 -2.87272900e+00 5.03870153e+02
 -2.87272900e+00 5.03870153e+02
 -2.87280188e+00 5.03870153e+02
 -2.87391378e+00 5.03870153e+02
 -2.87490555e+00 5.03870153e+02
 -2.87492600e+00 5.03862784e+02
 -2.87492600e+00 5.03848398e+02
 -2.87492600e+00 5.03845239e+02
 -2.87492600e+00 5.03845239e+02
 -2.87492600e+00 5.03845239e+02
 -2.87492600e+00 5.03845239e+02
 -2.87492600e+00 5.03845239e+02
 -2.87492600e+00 5.03845239e+02
 -2.87492600e+00 5.03845239e+02
 -2.87187922e+00 5.03845239e+02
 -2.82820261e+00 5.03845239e+02
 -2.78993067e+00 5.03845239e+02
 -2.78924000e+00 5.03842902e+02
 -2.78924000e+00 5.03838436e+02
 -2.78924000e+00 5.03837485e+02
 -2.78924000e+00 5.03837485e+02
 -2.78924000e+00 5.03837485e+02
 -2.78924000e+00 5.03837485e+02
 -2.78924000e+00 5.03837485e+02
 -2.78891825e+00 5.03837485e+02
 -2.78794745e+00 5.03837485e+02
 -2.78759200e+00 5.03837711e+02
 -2.78759200e+00 5.03840748e+02
 -2.78759200e+00 5.03843304e+02
 -2.78759200e+00 5.03843332e+02
 -2.78759200e+00 5.03843332e+02
 -2.78759200e+00 5.03843332e+02
 -2.78759200e+00 5.03843332e+02
 -2.78758240e+00 5.03843332e+02
 -2.78686284e+00 5.03843332e+02
 -2.78601178e+00 5.03843332e+02
 -2.78594500e+00 5.03846974e+02
 -2.78594500e+00 5.03857160e+02
 -2.78594500e+00 5.03860620e+02
 -2.78594500e+00 5.03860620e+02
 -2.78594500e+00 5.03860620e+02
 -2.78594500e+00 5.03860620e+02
 -2.78594500e+00 5.03860620e+02
 -2.78594500e+00 5.03860620e+02
 -2.78594500e+00 5.03860620e+02
 -2.78593173e+00 5.03860620e+02
 -2.78508209e+00 5.03860620e+02
 -2.78409508e+00 5.03860620e+02
 -2.78402200e+00 5.03853518e+02
 -2.78402200e+00 5.03834125e+02
 -2.78402200e+00 5.03827698e+02
 -2.78402200e+00 5.03827698e+02
 -2.78402200e+00 5.03827698e+02
 -2.78402200e+00 5.03827698e+02
 -2.78402200e+00 5.03827698e+02
 -2.79507053e+00 5.03827698e+02
 -2.84695799e+00 5.03827698e+02
 -2.87410200e+00 5.03827571e+02
 -2.87410200e+00 5.03820531e+02
 -2.87410200e+00 5.03812497e+02
 -2.87410200e+00 5.03811937e+02
 -2.87410200e+00 5.03811937e+02
 -2.87410200e+00 5.03811937e+02
 -2.87410200e+00 5.03811937e+02
 -2.87410200e+00 5.03811937e+02
 -2.87410200e+00 5.03811937e+02
 -2.87410200e+00 5.03811937e+02
 -2.87375377e+00 5.03811937e+02
 -2.87216812e+00 5.03811937e+02
 -2.87135600e+00 5.03812070e+02
 -2.87135600e+00 5.03818496e+02
 -2.87135600e+00 5.03825701e+02
 -2.87135600e+00 5.03826173e+02
 -2.87135600e+00 5.03826173e+02
 -2.87135600e+00 5.03826173e+02
 -2.87135600e+00 5.03826173e+02
 -2.87135600e+00 5.03826173e+02
 -2.86863467e+00 5.03826173e+02
 -2.86414648e+00 5.03826173e+02
 -2.86339200e+00 5.03828288e+02
 -2.86339200e+00 5.03837631e+02
 -2.86339200e+00 5.03842316e+02
 -2.86339200e+00 5.03842316e+02
 -2.86339200e+00 5.03842316e+02
 -2.86339200e+00 5.03842316e+02
 -2.86339200e+00 5.03842316e+02
 -2.86348688e+00 5.03842316e+02
 -2.86436995e+00 5.03842316e+02
 -2.86503702e+00 5.03842316e+02
 -2.86503900e+00 5.03843685e+02
 -2.86503900e+00 5.03845897e+02
 -2.86503900e+00 5.03846256e+02
 -2.86503900e+00 5.03846256e+02
 -2.86503900e+00 5.03846256e+02
 -2.86503900e+00 5.03846256e+02
 -2.86503900e+00 5.03846256e+02
 -2.86503900e+00 5.03846256e+02
 -2.86503900e+00 5.03846256e+02
 -2.86612179e+00 5.03846256e+02
 -2.87574511e+00 5.03846256e+02
 -2.88287723e+00 5.03846256e+02
 -2.88289100e+00 5.03837634e+02
 -2.88289100e+00 5.03823984e+02
 -2.88289100e+00 5.03821851e+02
 -2.88289100e+00 5.03821851e+02
 -2.88289100e+00 5.03821851e+02
 -2.88289100e+00 5.03821851e+02
 -2.88289100e+00 5.03821851e+02
 -2.88262556e+00 5.03821851e+02
 -2.88198020e+00 5.03821851e+02
 -2.88179200e+00 5.03821754e+02
 -2.88179200e+00 5.03820927e+02
 -2.88179200e+00 5.03820327e+02
 -2.88179200e+00 5.03820326e+02
 -2.88179200e+00 5.03820326e+02
 -2.88179200e+00 5.03820326e+02
 -2.88179200e+00 5.03820326e+02
 -2.88179200e+00 5.03820326e+02
 -2.88179200e+00 5.03820326e+02
 -2.88179200e+00 5.03820326e+02
 -2.88294428e+00 5.03820326e+02
 -2.88568319e+00 5.03820326e+02
 -2.88646100e+00 5.03820666e+02
 -2.88646100e+00 5.03823435e+02
 -2.88646100e+00 5.03825409e+02
 -2.88646100e+00 5.03825410e+02
 -2.88646100e+00 5.03825410e+02
 -2.88646100e+00 5.03825410e+02
 -2.88646100e+00 5.03825410e+02
 -2.88649338e+00 5.03825410e+02
 -2.88740452e+00 5.03825410e+02
 -2.88833998e+00 5.03825410e+02
 -2.88838300e+00 5.03830409e+02
 -2.88838300e+00 5.03842027e+02
 -2.88838300e+00 5.03845239e+02
 -2.88838300e+00 5.03845239e+02
 -2.88838300e+00 5.03845239e+02
 -2.88838300e+00 5.03845239e+02
 -2.88838300e+00 5.03845239e+02
 -2.88058024e+00 5.03845239e+02
 -2.84892126e+00 5.03845239e+02
 -2.83400600e+00 5.03845289e+02
 -2.83400600e+00 5.03846839e+02
 -2.83400600e+00 5.03848463e+02
 -2.83400600e+00 5.03848544e+02
 -2.83400600e+00 5.03848544e+02
 -2.83400600e+00 5.03848544e+02
 -2.83400600e+00 5.03848544e+02
 -2.83400600e+00 5.03848544e+02
 -2.83400600e+00 5.03848544e+02
 -2.83400600e+00 5.03848544e+02
 -2.83437147e+00 5.03848544e+02
 -2.83581265e+00 5.03848544e+02
 -2.83647700e+00 5.03848300e+02
 -2.83647700e+00 5.03841377e+02
 -2.83647700e+00 5.03834256e+02
 -2.83647700e+00 5.03833926e+02
 -2.83647700e+00 5.03833926e+02
 -2.83647700e+00 5.03833926e+02
 -2.83647700e+00 5.03833926e+02
 -2.83647884e+00 5.03833926e+02
 -2.85118310e+00 5.03833926e+02
 -2.87222574e+00 5.03833926e+02
 -2.87492600e+00 5.03830592e+02
 -2.87492600e+00 5.03818528e+02
 -2.87492600e+00 5.03813336e+02
 -2.87492600e+00 5.03813336e+02
 -2.87492600e+00 5.03813336e+02
 -2.87492600e+00 5.03813336e+02
 -2.87492600e+00 5.03813336e+02
 -2.87492600e+00 5.03813336e+02
 -2.87492600e+00 5.03813336e+02
 -2.87493012e+00 5.03813335e+02
 -2.88324601e+00 5.03812052e+02
 -2.89491317e+00 5.03810252e+02
 -2.89634800e+00 5.03810031e+02
 -2.89634800e+00 5.03810031e+02
 -2.89634800e+00 5.03810031e+02
 -2.89634800e+00 5.03810031e+02
 -2.89634800e+00 5.03810031e+02
 -2.89634800e+00 5.03810031e+02
 -2.89634800e+00 5.03810031e+02
 -2.89917758e+00 5.03810031e+02
 -2.91788796e+00 5.03810031e+02
 -2.92957900e+00 5.03810063e+02
 -2.92957900e+00 5.03820460e+02
 -2.92957900e+00 5.03834010e+02
 -2.92957900e+00 5.03835325e+02
 -2.92957900e+00 5.03835325e+02
 -2.92957900e+00 5.03835325e+02
 -2.92957900e+00 5.03835325e+02
 -2.92957900e+00 5.03835325e+02
 -2.94148259e+00 5.03835325e+02
 -2.96201231e+00 5.03835325e+02
 -2.96555600e+00 5.03834900e+02
 -2.96555600e+00 5.03832990e+02
 -2.96555600e+00 5.03832020e+02
 -2.96555600e+00 5.03832020e+02
 -2.96555600e+00 5.03832020e+02
 -2.96555600e+00 5.03832020e+02
 -2.96555600e+00 5.03832020e+02
 -2.96555600e+00 5.03832020e+02
 -2.96555600e+00 5.03832020e+02
 -2.96555654e+00 5.03832020e+02
 -2.97382684e+00 5.03832020e+02
 -2.98557648e+00 5.03832020e+02
 -2.98697700e+00 5.03832724e+02
 -2.98697700e+00 5.03835132e+02
 -2.98697700e+00 5.03836087e+02
 -2.98697700e+00 5.03836087e+02
 -2.98697700e+00 5.03836087e+02
 -2.98697700e+00 5.03836087e+02
 -2.98697700e+00 5.03836087e+02
 -2.97630001e+00 5.03836087e+02
 -2.92146802e+00 5.03836087e+02
 -2.89195400e+00 5.03835875e+02
 -2.89195400e+00 5.03822599e+02
 -2.89195400e+00 5.03807454e+02
 -2.89195400e+00 5.03806472e+02
 -2.89195400e+00 5.03806472e+02
 -2.89195400e+00 5.03806472e+02
 -2.89195400e+00 5.03806472e+02
 -2.89195400e+00 5.03806472e+02
 -2.89195400e+00 5.03806472e+02
 -2.89195400e+00 5.03806472e+02
 -2.89164185e+00 5.03806472e+02
 -2.89050598e+00 5.03806472e+02
 -2.89003100e+00 5.03806223e+02
 -2.89003100e+00 5.03801462e+02
 -2.89003100e+00 5.03797047e+02
 -2.89003100e+00 5.03796940e+02
 -2.89003100e+00 5.03796940e+02
 -2.89003100e+00 5.03796940e+02
 -2.89003100e+00 5.03796940e+02
 -2.89068972e+00 5.03796940e+02
 -2.95092024e+00 5.03796940e+02
 -3.02255649e+00 5.03796940e+02
 -3.02789800e+00 5.03792437e+02
 -3.02789800e+00 5.03780221e+02
 -3.02789800e+00 5.03776350e+02
 -3.02789800e+00 5.03776350e+02
 -3.02789800e+00 5.03776350e+02
 -3.02789800e+00 5.03776350e+02
 -3.02789800e+00 5.03776350e+02
 -3.02789800e+00 5.03776350e+02
 -3.02789800e+00 5.03776350e+02
 -3.02788056e+00 5.03776753e+02
 -3.02748165e+00 5.03785983e+02
 -3.02708879e+00 5.03795072e+02
 -3.02707400e+00 5.03795414e+02
 -3.02707400e+00 5.03795414e+02
 -3.02707400e+00 5.03795414e+02
 -3.02707400e+00 5.03795414e+02
 -3.02707400e+00 5.03795414e+02
 -3.02707400e+00 5.03795414e+02
 -3.02707400e+00 5.03795414e+02
 -3.01827542e+00 5.03795414e+02
 -2.99025601e+00 5.03795414e+02
 -2.97983700e+00 5.03795789e+02
 -2.97983700e+00 5.03800928e+02
 -2.97983700e+00 5.03805277e+02
 -2.97983700e+00 5.03805328e+02
 -2.97983700e+00 5.03805328e+02
 -2.97983700e+00 5.03805328e+02
 -2.97983700e+00 5.03805328e+02
 -2.97988393e+00 5.03805328e+02
 -2.98191199e+00 5.03805328e+02
 -2.98411278e+00 5.03805328e+02
 -2.98423100e+00 5.03807571e+02
 -2.98423100e+00 5.03812978e+02
 -2.98423100e+00 5.03814479e+02
 -2.98423100e+00 5.03814479e+02
 -2.98423100e+00 5.03814479e+02
 -2.98423100e+00 5.03814479e+02
 -2.98423100e+00 5.03814479e+02
 -2.98423100e+00 5.03814479e+02
 -2.98423100e+00 5.03814479e+02
 -2.98567722e+00 5.03814479e+02
 -3.00851029e+00 5.03814479e+02
 -3.02865653e+00 5.03814479e+02
 -3.02899600e+00 5.03809969e+02
 -3.02899600e+00 5.03801526e+02
 -3.02899600e+00 5.03799863e+02
 -3.02899600e+00 5.03799863e+02
 -3.02899600e+00 5.03799863e+02
 -3.02899600e+00 5.03799863e+02
 -3.02899600e+00 5.03799863e+02
 -3.02925213e+00 5.03799863e+02
 -3.02990301e+00 5.03799863e+02
 -3.03009500e+00 5.03799389e+02
 -3.03009500e+00 5.03795353e+02
 -3.03009500e+00 5.03792491e+02
 -3.03009500e+00 5.03792491e+02
 -3.03009500e+00 5.03792491e+02
 -3.03009500e+00 5.03792491e+02
 -3.03009500e+00 5.03792491e+02
 -3.03009500e+00 5.03792491e+02
 -3.03009500e+00 5.03792491e+02
 -3.03009500e+00 5.03792491e+02
 -3.02913677e+00 5.03792491e+02
 -3.02705430e+00 5.03792491e+02
 -3.02652500e+00 5.03790756e+02
 -3.02652500e+00 5.03778853e+02
 -3.02652500e+00 5.03771266e+02
 -3.02652500e+00 5.03771266e+02
 -3.02652500e+00 5.03771266e+02
 -3.02652500e+00 5.03771266e+02
 -3.02652500e+00 5.03771266e+02
 -3.02665199e+00 5.03771266e+02
 -3.02884493e+00 5.03771266e+02
 -3.03086678e+00 5.03771266e+02
 -3.03091900e+00 5.03794772e+02
 -3.03091900e+00 5.03842532e+02
 -3.03091900e+00 5.03853628e+02
 -3.03091900e+00 5.03853628e+02
 -3.03091900e+00 5.03853628e+02
 -3.03091900e+00 5.03853628e+02
 -3.03091900e+00 5.03853628e+02
 -3.03091900e+00 5.03853628e+02
 -3.03091900e+00 5.03853628e+02
 -3.02942224e+00 5.03852361e+02
 -3.00525442e+00 5.03831908e+02
 -2.98336140e+00 5.03813380e+02
 -2.98285800e+00 5.03812954e+02
 -2.98285800e+00 5.03812954e+02
 -2.98285800e+00 5.03812954e+02
 -2.98285800e+00 5.03812954e+02
 -2.98285800e+00 5.03812954e+02
 -2.98285800e+00 5.03812954e+02
 -2.98285800e+00 5.03812954e+02
 -2.98331810e+00 5.03812954e+02
 -2.98477317e+00 5.03812954e+02
 -2.98533000e+00 5.03812797e+02
 -2.98533000e+00 5.03810414e+02
 -2.98533000e+00 5.03808294e+02
 -2.98533000e+00 5.03808251e+02
 -2.98533000e+00 5.03808251e+02
 -2.98533000e+00 5.03808251e+02
 -2.98533000e+00 5.03808251e+02
 -2.98487260e+00 5.03808251e+02
 -2.90640778e+00 5.03808251e+02
 -2.80660594e+00 5.03808251e+02
 -2.79693000e+00 5.03808251e+02
 -2.79693000e+00 5.03808251e+02
 -2.79693000e+00 5.03808251e+02
 -2.79693000e+00 5.03808251e+02
 -2.79693000e+00 5.03808251e+02
 -2.79693000e+00 5.03808251e+02
 -2.79693000e+00 5.03808251e+02
 -2.79693000e+00 5.03808251e+02
 -2.79693000e+00 5.03808251e+02
 -2.79690235e+00 5.03808251e+02
 -2.79319620e+00 5.03808251e+02
 -2.78856853e+00 5.03808251e+02
 -2.78814200e+00 5.03812109e+02
 -2.78814200e+00 5.03823715e+02
 -2.78814200e+00 5.03827952e+02
 -2.78814200e+00 5.03827952e+02
 -2.78814200e+00 5.03827952e+02
 -2.78814200e+00 5.03827952e+02
 -2.78814200e+00 5.03827952e+02
 -2.77674616e+00 5.03827952e+02
 -2.71589985e+00 5.03827952e+02
 -2.68130900e+00 5.03827836e+02
 -2.68130900e+00 5.03815357e+02
 -2.68130900e+00 5.03800057e+02
 -2.68130900e+00 5.03798719e+02
 -2.68130900e+00 5.03798719e+02
 -2.68130900e+00 5.03798719e+02
 -2.68130900e+00 5.03798719e+02
 -2.68130900e+00 5.03798719e+02
 -2.68130900e+00 5.03798719e+02
 -2.68130900e+00 5.03798719e+02
 -2.68124828e+00 5.03799858e+02
 -2.68093464e+00 5.03805739e+02
 -2.68076000e+00 5.03809014e+02
 -2.68076000e+00 5.03809014e+02
 -2.68076000e+00 5.03809014e+02
 -2.68076000e+00 5.03809014e+02
 -2.68076000e+00 5.03809014e+02
 -2.68076000e+00 5.03809014e+02
 -2.68076000e+00 5.03809014e+02
 -2.68076000e+00 5.03809014e+02
 -2.66921700e+00 5.03809014e+02
 -2.64943226e+00 5.03809014e+02
 -2.64588100e+00 5.03807887e+02
 -2.64588100e+00 5.03802614e+02
 -2.64588100e+00 5.03799863e+02
 -2.64588100e+00 5.03799863e+02
 -2.64588100e+00 5.03799863e+02
 -2.64588100e+00 5.03799863e+02
 -2.64588100e+00 5.03799863e+02
 -2.64585240e+00 5.03799863e+02
 -2.64556114e+00 5.03799863e+02
 -2.64533324e+00 5.03799863e+02
 -2.64533200e+00 5.03803672e+02
 -2.64533200e+00 5.03810066e+02
 -2.64533200e+00 5.03811175e+02
 -2.64533200e+00 5.03811175e+02
 -2.64533200e+00 5.03811175e+02
 -2.64533200e+00 5.03811175e+02
 -2.64533200e+00 5.03811175e+02
 -2.64533200e+00 5.03811175e+02
 -2.64533200e+00 5.03811175e+02
 -2.63906311e+00 5.03811175e+02
 -2.57825023e+00 5.03811175e+02
 -2.53154660e+00 5.03811175e+02
 -2.53135800e+00 5.03810435e+02
 -2.53135800e+00 5.03809218e+02
 -2.53135800e+00 5.03809014e+02
 -2.53135800e+00 5.03809014e+02
 -2.53135800e+00 5.03809014e+02
 -2.53135800e+00 5.03809014e+02
 -2.53135800e+00 5.03809014e+02
 -2.53078515e+00 5.03809014e+02
 -2.52933121e+00 5.03809014e+02
 -2.52888600e+00 5.03812368e+02
 -2.52888600e+00 5.03843398e+02
 -2.52888600e+00 5.03866782e+02
 -2.52888600e+00 5.03866848e+02
 -2.52888600e+00 5.03866848e+02
 -2.52888600e+00 5.03866848e+02
 -2.52888600e+00 5.03866848e+02
 -2.52888600e+00 5.03866848e+02
 -2.52888600e+00 5.03866848e+02
 -2.52888600e+00 5.03866848e+02
 -2.51919017e+00 5.03856518e+02
 -2.49514160e+00 5.03830895e+02
 -2.48796600e+00 5.03823250e+02
 -2.48796600e+00 5.03823250e+02
 -2.48796600e+00 5.03823250e+02
 -2.48796600e+00 5.03823250e+02
 -2.48796600e+00 5.03823250e+02
 -2.48796600e+00 5.03823250e+02
 -2.48796600e+00 5.03823250e+02
 -2.48793573e+00 5.03823250e+02
 -2.48691232e+00 5.03823250e+02
 -2.48582655e+00 5.03823250e+02
 -2.48576900e+00 5.03819895e+02
 -2.48576900e+00 5.03811759e+02
 -2.48576900e+00 5.03809395e+02
 -2.48576900e+00 5.03809395e+02
 -2.48576900e+00 5.03809395e+02
 -2.48576900e+00 5.03809395e+02
 -2.48576900e+00 5.03809395e+02
 -2.45044675e+00 5.03809395e+02
 -2.30807946e+00 5.03809395e+02
 -2.24134400e+00 5.03809495e+02
 -2.24134400e+00 5.03812543e+02
 -2.24134400e+00 5.03815722e+02
 -2.24134400e+00 5.03815878e+02
 -2.24134400e+00 5.03815878e+02
 -2.24134400e+00 5.03815878e+02
 -2.24134400e+00 5.03815878e+02
 -2.24134400e+00 5.03815878e+02
 -2.24134400e+00 5.03815878e+02
 -2.24134400e+00 5.03815878e+02
 -2.23181387e+00 5.03815878e+02
 -2.19447789e+00 5.03815878e+02
 -2.17735400e+00 5.03815861e+02
 -2.17735400e+00 5.03815378e+02
 -2.17735400e+00 5.03814884e+02
 -2.17735400e+00 5.03814861e+02
 -2.17735400e+00 5.03814861e+02
 -2.17735400e+00 5.03814861e+02
 -2.17735400e+00 5.03814861e+02
 -2.17735400e+00 5.03814861e+02
 -2.14225865e+00 5.03814861e+02
 -2.09010601e+00 5.03814861e+02
 -2.08288000e+00 5.03817279e+02
 -2.08288000e+00 5.03826489e+02
 -2.08288000e+00 5.03830622e+02
 -2.08288000e+00 5.03830622e+02
 -2.08288000e+00 5.03830622e+02
 -2.08288000e+00 5.03830622e+02
 -2.08288000e+00 5.03830622e+02
 -2.07786598e+00 5.03830622e+02
 -2.04054744e+00 5.03830622e+02
 -2.01504500e+00 5.03830622e+02
 -2.01504500e+00 5.03820502e+02
 -2.01504500e+00 5.03805764e+02
 -2.01504500e+00 5.03803803e+02
 -2.01504500e+00 5.03803803e+02
 -2.01504500e+00 5.03803803e+02
 -2.01504500e+00 5.03803803e+02
 -2.01504500e+00 5.03803803e+02
 -2.01504500e+00 5.03803803e+02
 -2.01504500e+00 5.03803803e+02
 -2.01094792e+00 5.03803803e+02
 -1.98165667e+00 5.03803803e+02
 -1.96204000e+00 5.03803802e+02
 -1.96204000e+00 5.03796545e+02
 -1.96204000e+00 5.03786187e+02
 -1.96204000e+00 5.03784865e+02
 -1.96204000e+00 5.03784865e+02
 -1.96204000e+00 5.03784865e+02
 -1.96204000e+00 5.03784865e+02
 -1.96204000e+00 5.03784865e+02
 -1.94091097e+00 5.03784865e+02
 -1.89549805e+00 5.03784865e+02
 -1.88459300e+00 5.03785321e+02
 -1.88459300e+00 5.03788197e+02
 -1.88459300e+00 5.03789949e+02
 -1.88459300e+00 5.03789949e+02
 -1.88459300e+00 5.03789949e+02
 -1.88459300e+00 5.03789949e+02
 -1.88459300e+00 5.03789949e+02
 -1.88459300e+00 5.03789949e+02
 -1.88459300e+00 5.03789949e+02
 -1.88459300e+00 5.03789949e+02
 -1.88304200e+00 5.03789949e+02
 -1.88019433e+00 5.03789949e+02
 -1.87965000e+00 5.03790819e+02
 -1.87965000e+00 5.03795090e+02
 -1.87965000e+00 5.03797321e+02
 -1.87965000e+00 5.03797321e+02
 -1.87965000e+00 5.03797321e+02
 -1.87965000e+00 5.03797321e+02
 -1.87965000e+00 5.03797321e+02
 -1.85745305e+00 5.03797321e+02
 -1.67573240e+00 5.03797321e+02
 -1.54926441e+00 5.03797321e+02
 -1.54926400e+00 5.03798822e+02
 -1.54926400e+00 5.03800992e+02
 -1.54926400e+00 5.03801261e+02
 -1.54926400e+00 5.03801261e+02
 -1.54926400e+00 5.03801261e+02
 -1.54926400e+00 5.03801261e+02
 -1.54926400e+00 5.03801261e+02
 -1.54926400e+00 5.03801261e+02
 -1.54926400e+00 5.03801261e+02
 -1.54932387e+00 5.03800431e+02
 -1.54964043e+00 5.03796042e+02
 -1.54981400e+00 5.03793635e+02
 -1.54981400e+00 5.03793635e+02
 -1.54981400e+00 5.03793635e+02
 -1.54981400e+00 5.03793635e+02
 -1.54981400e+00 5.03793635e+02
 -1.54981400e+00 5.03793635e+02
 -1.54981400e+00 5.03793635e+02
 -1.54981400e+00 5.03793635e+02
 -1.43517471e+00 5.03793635e+02
 -1.26148354e+00 5.03793635e+02
 -1.23782900e+00 5.03794560e+02
 -1.23782900e+00 5.03798010e+02
 -1.23782900e+00 5.03799481e+02
 -1.23782900e+00 5.03799481e+02
 -1.23782900e+00 5.03799481e+02
 -1.23782900e+00 5.03799481e+02
 -1.23782900e+00 5.03799481e+02
 -1.23785639e+00 5.03799481e+02
 -1.23801295e+00 5.03799481e+02
 -1.23810300e+00 5.03799484e+02
 -1.23810300e+00 5.03799814e+02
 -1.23810300e+00 5.03800213e+02
 -1.23810300e+00 5.03800244e+02
 -1.23810300e+00 5.03800244e+02
 -1.23810300e+00 5.03800244e+02
 -1.23810300e+00 5.03800244e+02
 -1.23810300e+00 5.03800244e+02
 -1.23810300e+00 5.03800244e+02
 -1.23810300e+00 5.03800244e+02
 -1.20254455e+00 5.03800244e+02
 -1.06123462e+00 5.03800244e+02
 -9.97798000e-01 5.03800128e+02
 -9.97798000e-01 5.03797284e+02
 -9.97798000e-01 5.03794492e+02
 -9.97798000e-01 5.03794398e+02
 -9.97798000e-01 5.03794398e+02
 -9.97798000e-01 5.03794398e+02
 -9.97798000e-01 5.03794398e+02
 -9.97789331e-01 5.03794398e+02
 -9.96172987e-01 5.03794398e+02
 -9.94134189e-01 5.03794398e+02
 -9.93953000e-01 5.03791873e+02
 -9.93953000e-01 5.03784478e+02
 -9.93953000e-01 5.03781942e+02
 -9.93953000e-01 5.03781942e+02
 -9.93953000e-01 5.03781942e+02
 -9.93953000e-01 5.03781942e+02
 -9.93953000e-01 5.03781942e+02
 -9.93953000e-01 5.03781942e+02
 -9.93953000e-01 5.03781942e+02
 -9.93844469e-01 5.03781942e+02
 -9.90571241e-01 5.03781942e+02
 -9.87225505e-01 5.03781942e+02
 -9.87087000e-01 5.03773551e+02
 -9.87087000e-01 5.03754787e+02
 -9.87087000e-01 5.03750042e+02
 -9.87087000e-01 5.03750042e+02
 -9.87087000e-01 5.03750042e+02
 -9.87087000e-01 5.03750042e+02
 -9.87087000e-01 5.03750042e+02
 -9.86792878e-01 5.03750042e+02
 -9.85823838e-01 5.03750042e+02
 -9.85439000e-01 5.03749057e+02
 -9.85439000e-01 5.03732569e+02
 -9.85439000e-01 5.03717789e+02
 -9.85439000e-01 5.03717508e+02
 -9.85439000e-01 5.03717508e+02
 -9.85439000e-01 5.03717508e+02
 -9.85439000e-01 5.03717508e+02
 -9.85439000e-01 5.03717508e+02
 -9.85439000e-01 5.03717508e+02
 -9.85439000e-01 5.03717508e+02
 -9.51254308e-01 5.03719333e+02
 -8.58049595e-01 5.03724310e+02
 -8.28348000e-01 5.03725896e+02
 -8.28348000e-01 5.03725896e+02
 -8.28348000e-01 5.03725896e+02
 -8.28348000e-01 5.03725896e+02
 -8.28348000e-01 5.03725896e+02
 -8.28348000e-01 5.03725896e+02
 -8.28348000e-01 5.03725896e+02
 -8.28464925e-01 5.03725896e+02
 -8.32475302e-01 5.03725896e+02
 -8.36669227e-01 5.03725896e+02
 -8.36862000e-01 5.03723260e+02
 -8.36862000e-01 5.03717193e+02
 -8.36862000e-01 5.03715602e+02
 -8.36862000e-01 5.03715602e+02
 -8.36862000e-01 5.03715602e+02
 -8.36862000e-01 5.03715602e+02
 -8.36862000e-01 5.03715602e+02
 -7.80660675e-01 5.03715602e+02
 -5.79529189e-01 5.03715602e+02
 -4.96590000e-01 5.03715702e+02
 -4.96590000e-01 5.03717528e+02
 -4.96590000e-01 5.03719238e+02
 -4.96590000e-01 5.03719287e+02
 -4.96590000e-01 5.03719287e+02
 -4.96590000e-01 5.03719287e+02
 -4.96590000e-01 5.03719287e+02
 -4.96590000e-01 5.03719287e+02
 -4.96590000e-01 5.03719287e+02
 -4.96590000e-01 5.03719287e+02
 -4.95616860e-01 5.03719287e+02
 -4.92387596e-01 5.03719287e+02
 -4.91097000e-01 5.03718968e+02
 -4.91097000e-01 5.03713508e+02
 -4.91097000e-01 5.03708486e+02
 -4.91097000e-01 5.03708358e+02
 -4.91097000e-01 5.03708358e+02
 -4.91097000e-01 5.03708358e+02
 -4.91097000e-01 5.03708358e+02
 -4.90770793e-01 5.03708358e+02
 -3.90873231e-01 5.03708358e+02
 -2.59270170e-01 5.03708358e+02
 -2.45299000e-01 5.03703226e+02
 -2.45299000e-01 5.03686629e+02
 -2.45299000e-01 5.03680147e+02
 -2.45299000e-01 5.03680147e+02
 -2.45299000e-01 5.03680147e+02
 -2.45299000e-01 5.03680147e+02
 -2.45299000e-01 5.03680147e+02
 -2.45299000e-01 5.03680147e+02
 -2.45299000e-01 5.03680147e+02
 -2.45290766e-01 5.03680107e+02
 -2.43481221e-01 5.03671210e+02
 -2.41141774e-01 5.03659709e+02
 -2.40905000e-01 5.03658545e+02
 -2.40905000e-01 5.03658545e+02
 -2.40905000e-01 5.03658545e+02
 -2.40905000e-01 5.03658545e+02
 -2.40905000e-01 5.03658545e+02
 -2.40905000e-01 5.03658545e+02
 -2.40905000e-01 5.03658545e+02
 -2.16021406e-01 5.03658545e+02
 -7.43983481e-02 5.03658545e+02
 9.28800000e-03 5.03658481e+02
 9.28800000e-03 5.03647934e+02
 9.28800000e-03 5.03634549e+02
 9.28800000e-03 5.03633259e+02
 9.28800000e-03 5.03633259e+02
 9.28800000e-03 5.03633259e+02
 9.28800000e-03 5.03633259e+02
 9.28800000e-03 5.03633259e+02
 8.53959060e-03 5.03633259e+02
 7.11659843e-03 5.03633259e+02
 6.81600000e-03 5.03634506e+02
 6.81600000e-03 5.03641361e+02
 6.81600000e-03 5.03645330e+02
 6.81600000e-03 5.03645330e+02
 6.81600000e-03 5.03645330e+02
 6.81600000e-03 5.03645330e+02
 6.81600000e-03 5.03645330e+02
 6.81600000e-03 5.03645330e+02
 6.81600000e-03 5.03645330e+02
 6.81600000e-03 5.03645330e+02
 4.77210219e-02 5.03645330e+02
 1.23876622e-01 5.03645330e+02
 1.39465000e-01 5.03644009e+02
 1.39465000e-01 5.03636987e+02
 1.39465000e-01 5.03633005e+02
 1.39465000e-01 5.03633005e+02
 1.39465000e-01 5.03633005e+02
 1.39465000e-01 5.03633005e+02
 1.39465000e-01 5.03633005e+02
 1.39668675e-01 5.03633005e+02
 1.42227200e-01 5.03633005e+02
 1.44380493e-01 5.03633005e+02
 1.44408000e-01 5.03618642e+02
 1.44408000e-01 5.03592455e+02
 1.44408000e-01 5.03587264e+02
 1.44408000e-01 5.03587264e+02
 1.44408000e-01 5.03587264e+02
 1.44408000e-01 5.03587264e+02
 1.44408000e-01 5.03587264e+02
 1.44408000e-01 5.03587264e+02
 1.44408000e-01 5.03587264e+02
 1.57565268e-01 5.03586044e+02
 3.13948844e-01 5.03571549e+02
 4.43204031e-01 5.03559568e+02
 4.44585000e-01 5.03559440e+02
 4.44585000e-01 5.03559440e+02
 4.44585000e-01 5.03559440e+02
 4.44585000e-01 5.03559440e+02
 4.44585000e-01 5.03559440e+02
 4.44585000e-01 5.03559440e+02
 4.44585000e-01 5.03559440e+02
 4.45165480e-01 5.03559440e+02
 4.46783388e-01 5.03559440e+02
 4.47331000e-01 5.03559541e+02
 4.47331000e-01 5.03560673e+02
 4.47331000e-01 5.03561592e+02
 4.47331000e-01 5.03561600e+02
 4.47331000e-01 5.03561600e+02
 4.47331000e-01 5.03561600e+02
 4.47331000e-01 5.03561600e+02
 4.48404043e-01 5.03561600e+02
 5.15613561e-01 5.03561600e+02
 5.93487421e-01 5.03561600e+02
 5.99205000e-01 5.03560885e+02
 5.99205000e-01 5.03558939e+02
 5.99205000e-01 5.03558297e+02
 5.99205000e-01 5.03558297e+02
 5.99205000e-01 5.03558297e+02
 5.99205000e-01 5.03558297e+02
 5.99205000e-01 5.03558297e+02
 5.99205000e-01 5.03558297e+02
 5.99205000e-01 5.03558297e+02
 6.00280601e-01 5.03558297e+02
 6.44990061e-01 5.03558297e+02
 6.94014554e-01 5.03558297e+02
 6.96975000e-01 5.03548259e+02
 6.96975000e-01 5.03522856e+02
 6.96975000e-01 5.03515103e+02
 6.96975000e-01 5.03515103e+02
 6.96975000e-01 5.03515103e+02
 6.96975000e-01 5.03515103e+02
 6.96975000e-01 5.03515103e+02
 7.18282931e-01 5.03515103e+02
 8.08973546e-01 5.03515103e+02
 8.53243000e-01 5.03514858e+02
 8.53243000e-01 5.03505763e+02
 8.53243000e-01 5.03495965e+02
 8.53243000e-01 5.03495412e+02
 8.53243000e-01 5.03495412e+02
 8.53243000e-01 5.03495412e+02
 8.53243000e-01 5.03495412e+02
 8.53243000e-01 5.03495412e+02
 8.53243000e-01 5.03495412e+02
 8.53243000e-01 5.03495412e+02
 8.72367522e-01 5.03494375e+02
 9.51420709e-01 5.03490091e+02
 9.89187000e-01 5.03488044e+02
 9.89187000e-01 5.03488044e+02
 9.89187000e-01 5.03488044e+02
 9.89187000e-01 5.03488044e+02
 9.89187000e-01 5.03488044e+02
 9.89187000e-01 5.03488044e+02
 9.89187000e-01 5.03488044e+02
 9.89187000e-01 5.03488044e+02
 1.02041065e+00 5.03488044e+02
 1.06802940e+00 5.03488044e+02
 1.07459900e+00 5.03486239e+02
 1.07459900e+00 5.03479408e+02
 1.07459900e+00 5.03476358e+02
 1.07459900e+00 5.03476358e+02
 1.07459900e+00 5.03476358e+02
 1.07459900e+00 5.03476358e+02
 1.07459900e+00 5.03476358e+02
 1.09180977e+00 5.03476358e+02
 1.21870573e+00 5.03476358e+02
 1.30501800e+00 5.03476358e+02
 1.30501800e+00 5.03454904e+02
 1.30501800e+00 5.03423805e+02
 1.30501800e+00 5.03419706e+02
 1.30501800e+00 5.03419706e+02
 1.30501800e+00 5.03419706e+02
 1.30501800e+00 5.03419706e+02
 1.30501800e+00 5.03419706e+02
 1.30501800e+00 5.03419706e+02
 1.30501800e+00 5.03419706e+02
 1.30480357e+00 5.03419706e+02
 1.30328455e+00 5.03419706e+02
 1.30227200e+00 5.03419704e+02
 1.30227200e+00 5.03412672e+02
 1.30227200e+00 5.03402679e+02
 1.30227200e+00 5.03401416e+02
 1.30227200e+00 5.03401416e+02
 1.30227200e+00 5.03401416e+02
 1.30227200e+00 5.03401416e+02
 1.30227200e+00 5.03401416e+02
 1.39561376e+00 5.03401416e+02
 1.59521473e+00 5.03401416e+02
 1.64282000e+00 5.03403599e+02
 1.64282000e+00 5.03417334e+02
 1.64282000e+00 5.03425930e+02
 1.64282000e+00 5.03425930e+02
 1.64282000e+00 5.03425930e+02
 1.64282000e+00 5.03425930e+02
 1.64282000e+00 5.03425930e+02
 1.64282000e+00 5.03425930e+02
 1.64282000e+00 5.03425930e+02
 1.64282000e+00 5.03425930e+02
 1.64481020e+00 5.03410681e+02
 1.64844631e+00 5.03382822e+02
 1.64913600e+00 5.03377538e+02
 1.64913600e+00 5.03377538e+02
 1.64913600e+00 5.03377538e+02
 1.64913600e+00 5.03377538e+02
 1.64913600e+00 5.03377538e+02
 1.64913600e+00 5.03377538e+02
 1.64913600e+00 5.03377538e+02
 1.65942586e+00 5.03377538e+02
 1.77180042e+00 5.03377538e+02
 1.85993073e+00 5.03377538e+02
 1.86033100e+00 5.03365046e+02
 1.86033100e+00 5.03344574e+02
 1.86033100e+00 5.03341342e+02
 1.86033100e+00 5.03341342e+02
 1.86033100e+00 5.03341342e+02
 1.86033100e+00 5.03341342e+02
 1.86033100e+00 5.03341342e+02
 1.86069773e+00 5.03341342e+02
 1.86150433e+00 5.03341342e+02
 1.86170400e+00 5.03344143e+02
 1.86170400e+00 5.03362534e+02
 1.86170400e+00 5.03373982e+02
 1.86170400e+00 5.03373982e+02
 1.86170400e+00 5.03373982e+02
 1.86170400e+00 5.03373982e+02
 1.86170400e+00 5.03373982e+02
 1.86170400e+00 5.03373982e+02
 1.86170400e+00 5.03373982e+02
 1.86170400e+00 5.03373982e+02
 1.95723952e+00 5.03373982e+02
 2.12137418e+00 5.03373982e+02
 2.14952200e+00 5.03368746e+02
 2.14952200e+00 5.03345466e+02
 2.14952200e+00 5.03334103e+02
 2.14952200e+00 5.03334103e+02
 2.14952200e+00 5.03334103e+02
 2.14952200e+00 5.03334103e+02
 2.14952200e+00 5.03334103e+02
 2.14937249e+00 5.03334103e+02
 2.14829975e+00 5.03334103e+02
 2.14760000e+00 5.03334084e+02
 2.14760000e+00 5.03317299e+02
 2.14760000e+00 5.03294516e+02
 2.14760000e+00 5.03292069e+02
 2.14760000e+00 5.03292069e+02
 2.14760000e+00 5.03292069e+02
 2.14760000e+00 5.03292069e+02
 2.14760000e+00 5.03292069e+02
 2.14760000e+00 5.03292069e+02
 2.14760000e+00 5.03292069e+02
 2.17905567e+00 5.03292069e+02
 2.32910841e+00 5.03292069e+02
 2.40603200e+00 5.03292484e+02
 2.40603200e+00 5.03311543e+02
 2.40603200e+00 5.03332750e+02
 2.40603200e+00 5.03334103e+02
 2.40603200e+00 5.03334103e+02
 2.40603200e+00 5.03334103e+02
 2.40603200e+00 5.03334103e+02
 2.40603200e+00 5.03334103e+02
 2.40562130e+00 5.03334103e+02
 2.40501239e+00 5.03334103e+02
 2.40493300e+00 5.03325565e+02
 2.40493300e+00 5.03294654e+02
 2.40493300e+00 5.03281783e+02
 2.40493300e+00 5.03281783e+02
 2.40493300e+00 5.03281783e+02
 2.40493300e+00 5.03281783e+02
 2.40493300e+00 5.03281783e+02
 2.40493300e+00 5.03281783e+02
 2.40493300e+00 5.03281783e+02
 2.40779119e+00 5.03281529e+02
 2.66030003e+00 5.03259125e+02
 2.95959566e+00 5.03232568e+02
 2.98166800e+00 5.03230610e+02
 2.98166800e+00 5.03230610e+02
 2.98166800e+00 5.03230610e+02
 2.98166800e+00 5.03230610e+02
 2.98166800e+00 5.03230610e+02
 2.98166800e+00 5.03230610e+02
 2.98166800e+00 5.03230610e+02
 2.98162599e+00 5.03230610e+02
 2.98146401e+00 5.03230610e+02
 2.98139300e+00 5.03231210e+02
 2.98139300e+00 5.03244676e+02
 2.98139300e+00 5.03257643e+02
 2.98139300e+00 5.03258037e+02
 2.98139300e+00 5.03258037e+02
 2.98139300e+00 5.03258037e+02
 2.98139300e+00 5.03258037e+02
 2.98139300e+00 5.03258037e+02
 2.98139300e+00 5.03258037e+02
 2.98139300e+00 5.03258037e+02
 3.01962268e+00 5.03233917e+02
 3.12868805e+00 5.03165104e+02
 3.16512400e+00 5.03142115e+02
 3.16512400e+00 5.03142115e+02
 3.16512400e+00 5.03142115e+02
 3.16512400e+00 5.03142115e+02
 3.16512400e+00 5.03142115e+02
 3.16512400e+00 5.03142115e+02
 3.16512400e+00 5.03142115e+02
 3.16511915e+00 5.03142115e+02
 3.16498678e+00 5.03142115e+02
 3.16485401e+00 5.03142115e+02
 3.16484900e+00 5.03117026e+02
 3.16484900e+00 5.03061726e+02
 3.16484900e+00 5.03047414e+02
 3.16484900e+00 5.03047414e+02
 3.16484900e+00 5.03047414e+02
 3.16484900e+00 5.03047414e+02
 3.16484900e+00 5.03047414e+02
 3.15774804e+00 5.03047414e+02
 3.13370765e+00 5.03047414e+02
 3.12392900e+00 5.03046238e+02
 3.12392900e+00 5.03024996e+02
 3.12392900e+00 5.03005188e+02
 3.12392900e+00 5.03004639e+02
 3.12392900e+00 5.03004639e+02
 3.12392900e+00 5.03004639e+02
 3.12392900e+00 5.03004639e+02
 3.12392900e+00 5.03004639e+02
 3.12392900e+00 5.03004639e+02
 3.12392900e+00 5.03004639e+02
 3.12377143e+00 5.03004639e+02
 3.12328246e+00 5.03004639e+02
 3.12310500e+00 5.03001545e+02
 3.12310500e+00 5.02961423e+02
 3.12310500e+00 5.02927317e+02
 3.12310500e+00 5.02926839e+02
 3.12310500e+00 5.02926839e+02
 3.12310500e+00 5.02926839e+02
 3.12310500e+00 5.02926839e+02
 3.12168026e+00 5.02926839e+02
 2.98428425e+00 5.02926839e+02
 2.81757526e+00 5.02926839e+02
 2.80342900e+00 5.02913507e+02
 2.80342900e+00 5.02874923e+02
 2.80342900e+00 5.02861358e+02
 2.80342900e+00 5.02861358e+02
 2.80342900e+00 5.02861358e+02
 2.80342900e+00 5.02861358e+02
 2.80342900e+00 5.02861358e+02
 2.80342900e+00 5.02861358e+02
 2.80342900e+00 5.02861358e+02
 2.80341860e+00 5.02861070e+02
 2.80258282e+00 5.02837896e+02
 2.80158697e+00 5.02810283e+02
 2.80150700e+00 5.02808066e+02
 2.80150700e+00 5.02808066e+02
 2.80150700e+00 5.02808066e+02
 2.80150700e+00 5.02808066e+02
 2.80150700e+00 5.02808066e+02
 2.80150700e+00 5.02808066e+02
 2.80150700e+00 5.02808066e+02
 2.74918495e+00 5.02808066e+02
 2.49228776e+00 5.02808066e+02
 2.35385100e+00 5.02807839e+02
 2.35385100e+00 5.02792382e+02
 2.35385100e+00 5.02774292e+02
 2.35385100e+00 5.02772920e+02
 2.35385100e+00 5.02772920e+02
 2.35385100e+00 5.02772920e+02
 2.35385100e+00 5.02772920e+02
 2.35385100e+00 5.02772920e+02
 2.35394084e+00 5.02772920e+02
 2.35409654e+00 5.02772920e+02
 2.35412500e+00 5.02770495e+02
 2.35412500e+00 5.02758961e+02
 2.35412500e+00 5.02752875e+02
 2.35412500e+00 5.02752875e+02
 2.35412500e+00 5.02752875e+02
 2.35412500e+00 5.02752875e+02
 2.35412500e+00 5.02752875e+02
 2.35412500e+00 5.02752875e+02
 2.35412500e+00 5.02752875e+02
 2.35412500e+00 5.02752875e+02
 2.15513139e+00 5.02752875e+02
 1.81729596e+00 5.02752875e+02
 1.75761700e+00 5.02746479e+02
 1.75761700e+00 5.02716986e+02
 1.75761700e+00 5.02701748e+02
 1.75761700e+00 5.02701748e+02
 1.75761700e+00 5.02701748e+02
 1.75761700e+00 5.02701748e+02
 1.75761700e+00 5.02701748e+02
 1.75757297e+00 5.02701748e+02
 1.75713465e+00 5.02701748e+02
 1.75679462e+00 5.02701748e+02
 1.75679300e+00 5.02687457e+02
 1.75679300e+00 5.02663688e+02
 1.75679300e+00 5.02659633e+02
 1.75679300e+00 5.02659633e+02
 1.75679300e+00 5.02659633e+02
 1.75679300e+00 5.02659633e+02
 1.75679300e+00 5.02659633e+02
 1.75679300e+00 5.02659633e+02
 1.75679300e+00 5.02659633e+02
 1.71670744e+00 5.02657123e+02
 1.33634004e+00 5.02633306e+02
 1.04676169e+00 5.02615174e+02
 1.04576200e+00 5.02615111e+02
 1.04576200e+00 5.02615111e+02
 1.04576200e+00 5.02615111e+02
 1.04576200e+00 5.02615111e+02
 1.04576200e+00 5.02615111e+02
 1.04576200e+00 5.02615111e+02
 1.04576200e+00 5.02615111e+02
 9.36831724e-01 5.02615111e+02
 6.63295607e-01 5.02615111e+02
 5.80529000e-01 5.02611209e+02
 5.80529000e-01 5.02575871e+02
 5.80529000e-01 5.02549473e+02
 5.80529000e-01 5.02549411e+02
 5.80529000e-01 5.02549411e+02
 5.80529000e-01 5.02549411e+02
 5.80529000e-01 5.02549411e+02
 5.73799264e-01 5.02549411e+02
 3.33011146e-01 5.02549411e+02
 7.51244676e-02 5.02549411e+02
 6.09190000e-02 5.02533232e+02
 6.09190000e-02 5.02493524e+02
 6.09190000e-02 5.02481818e+02
 6.09190000e-02 5.02481818e+02
 6.09190000e-02 5.02481818e+02
 6.09190000e-02 5.02481818e+02
 6.09190000e-02 5.02481818e+02
 6.09190000e-02 5.02481818e+02
 6.09190000e-02 5.02481818e+02
 5.00344873e-02 5.02481229e+02
 -3.01013266e-01 5.02462244e+02
 -6.70453245e-01 5.02442264e+02
 -6.89383000e-01 5.02441240e+02
 -6.89383000e-01 5.02441240e+02
 -6.89383000e-01 5.02441240e+02
 -6.89383000e-01 5.02441240e+02
 -6.89383000e-01 5.02441240e+02
 -6.89383000e-01 5.02441240e+02
 -6.89383000e-01 5.02441240e+02
 -7.25846438e-01 5.02441240e+02
 -8.70891345e-01 5.02441240e+02
 -9.38202000e-01 5.02440521e+02
 -9.38202000e-01 5.02419502e+02
 -9.38202000e-01 5.02397766e+02
 -9.38202000e-01 5.02396734e+02
 -9.38202000e-01 5.02396734e+02
 -9.38202000e-01 5.02396734e+02
 -9.38202000e-01 5.02396734e+02
 -9.38202000e-01 5.02396734e+02
 -9.38202000e-01 5.02396734e+02
 -9.38202000e-01 5.02396734e+02
 -1.09902049e+00 5.02397672e+02
 -1.72090010e+00 5.02401300e+02
 -2.00323600e+00 5.02402947e+02
 -2.00323600e+00 5.02402947e+02
 -2.00323600e+00 5.02402947e+02
 -2.00323600e+00 5.02402947e+02
 -2.00323600e+00 5.02402947e+02
 -2.00323600e+00 5.02402947e+02
 -2.00323600e+00 5.02402947e+02
 -2.00323600e+00 5.02402947e+02
 -2.00405810e+00 5.02402947e+02
 -2.00526840e+00 5.02402947e+02
 -2.00543300e+00 5.02402375e+02
 -2.00543300e+00 5.02400225e+02
 -2.00543300e+00 5.02399270e+02
 -2.00543300e+00 5.02399270e+02
 -2.00543300e+00 5.02399270e+02
 -2.00543300e+00 5.02399270e+02
 -2.00543300e+00 5.02399270e+02
 -2.06737127e+00 5.02399270e+02
 -2.52204188e+00 5.02399270e+02
 -2.83913194e+00 5.02399270e+02
 -2.83922400e+00 5.02389852e+02
 -2.83922400e+00 5.02375674e+02
 -2.83922400e+00 5.02373659e+02
 -2.83922400e+00 5.02373659e+02
 -2.83922400e+00 5.02373659e+02
 -2.83922400e+00 5.02373659e+02
 -2.83922400e+00 5.02373659e+02
 -2.83922400e+00 5.02373659e+02
 -2.83922400e+00 5.02373659e+02
 -2.83892831e+00 5.02373377e+02
 -2.83666848e+00 5.02371221e+02
 -2.83510405e+00 5.02369728e+02
 -2.83510400e+00 5.02369728e+02
 -2.83510400e+00 5.02369728e+02
 -2.83510400e+00 5.02369728e+02
 -2.83510400e+00 5.02369728e+02
 -2.83510400e+00 5.02369728e+02
 -2.83510400e+00 5.02369728e+02
 -2.83510400e+00 5.02369728e+02
 -3.00756581e+00 5.02369728e+02
 -3.39539410e+00 5.02369728e+02
 -3.49834700e+00 5.02371042e+02
 -3.49834700e+00 5.02380684e+02
 -3.49834700e+00 5.02387225e+02
 -3.49834700e+00 5.02387225e+02
 -3.49834700e+00 5.02387225e+02
 -3.49834700e+00 5.02387225e+02
 -3.49834700e+00 5.02387225e+02
 -3.49834700e+00 5.02387225e+02
 -3.49834700e+00 5.02387225e+02
 -3.49834700e+00 5.02387225e+02
 -3.49637897e+00 5.02395167e+02
 -3.49204971e+00 5.02412638e+02
 -3.49093200e+00 5.02417148e+02
 -3.49093200e+00 5.02417148e+02
 -3.49093200e+00 5.02417148e+02
 -3.49093200e+00 5.02417148e+02
 -3.49093200e+00 5.02417148e+02
 -3.49093200e+00 5.02417148e+02
 -3.49093200e+00 5.02417148e+02
 -3.50621387e+00 5.02417148e+02
 -3.82524153e+00 5.02417148e+02
 -4.12744353e+00 5.02417148e+02
 -4.13577400e+00 5.02417475e+02
 -4.13577400e+00 5.02418141e+02
 -4.13577400e+00 5.02418289e+02
 -4.13577400e+00 5.02418289e+02
 -4.13577400e+00 5.02418289e+02
 -4.13577400e+00 5.02418289e+02
 -4.13577400e+00 5.02418289e+02
 -4.13719531e+00 5.02418289e+02
 -4.14159622e+00 5.02418289e+02
 -4.14319000e+00 5.02419356e+02
 -4.14319000e+00 5.02433063e+02
 -4.14319000e+00 5.02444429e+02
 -4.14319000e+00 5.02444537e+02
 -4.14319000e+00 5.02444537e+02
 -4.14319000e+00 5.02444537e+02
 -4.14319000e+00 5.02444537e+02
 -4.14319000e+00 5.02444537e+02
 -4.14319000e+00 5.02444537e+02
 -4.14319000e+00 5.02444537e+02
 -4.29392890e+00 5.02449947e+02
 -4.64837882e+00 5.02462668e+02
 -4.74381600e+00 5.02466093e+02
 -4.74381600e+00 5.02466093e+02
 -4.74381600e+00 5.02466093e+02
 -4.74381600e+00 5.02466093e+02
 -4.74381600e+00 5.02466093e+02
 -4.74381600e+00 5.02466093e+02
 -4.74381600e+00 5.02466093e+02
 -4.74369125e+00 5.02466093e+02
 -4.74185532e+00 5.02466093e+02
 -4.74026762e+00 5.02466093e+02
 -4.74024500e+00 5.02467251e+02
 -4.74024500e+00 5.02469369e+02
 -4.74024500e+00 5.02469771e+02
 -4.74024500e+00 5.02469771e+02
 -4.74024500e+00 5.02469771e+02
 -4.74024500e+00 5.02469771e+02
 -4.74024500e+00 5.02469771e+02
 -4.74024500e+00 5.02469771e+02
 -4.74024500e+00 5.02469771e+02
 -4.77101755e+00 5.02472960e+02
 -5.02094121e+00 5.02498861e+02
 -5.19421700e+00 5.02516818e+02
 -5.19421700e+00 5.02516818e+02
 -5.19421700e+00 5.02516818e+02
 -5.19421700e+00 5.02516818e+02
 -5.19421700e+00 5.02516818e+02
 -5.19421700e+00 5.02516818e+02
 -5.19421700e+00 5.02516818e+02
 -5.19421700e+00 5.02516818e+02
 -5.19197793e+00 5.02516818e+02
 -5.18768044e+00 5.02516818e+02
 -5.18680100e+00 5.02513580e+02
 -5.18680100e+00 5.02496564e+02
 -5.18680100e+00 5.02487271e+02
 -5.18680100e+00 5.02487271e+02
 -5.18680100e+00 5.02487271e+02
 -5.18680100e+00 5.02487271e+02
 -5.18680100e+00 5.02487271e+02
 -5.18680100e+00 5.02487271e+02
 -5.18680100e+00 5.02487271e+02
 -5.18680100e+00 5.02487271e+02
 -5.37445332e+00 5.02498581e+02
 -5.65769192e+00 5.02515653e+02
 -5.69597400e+00 5.02517960e+02
 -5.69597400e+00 5.02517960e+02
 -5.69597400e+00 5.02517960e+02
 -5.69597400e+00 5.02517960e+02
 -5.69597400e+00 5.02517960e+02
 -5.69597400e+00 5.02517960e+02
 -5.69597400e+00 5.02517960e+02
 -5.69611234e+00 5.02517960e+02
 -5.69689791e+00 5.02517960e+02
 -5.69734800e+00 5.02518046e+02
 -5.69734800e+00 5.02527059e+02
 -5.69734800e+00 5.02537915e+02
 -5.69734800e+00 5.02538758e+02
 -5.69734800e+00 5.02538758e+02
 -5.69734800e+00 5.02538758e+02
 -5.69734800e+00 5.02538758e+02
 -5.69734800e+00 5.02538758e+02
 -5.85243649e+00 5.02538758e+02
 -6.09772674e+00 5.02538758e+02
 -6.13401700e+00 5.02547779e+02
 -6.13401700e+00 5.02583440e+02
 -6.13401700e+00 5.02599383e+02
 -6.13401700e+00 5.02599383e+02
 -6.13401700e+00 5.02599383e+02
 -6.13401700e+00 5.02599383e+02
 -6.13401700e+00 5.02599383e+02
 -6.13401700e+00 5.02599383e+02
 -6.13401700e+00 5.02599383e+02
 -6.13401961e+00 5.02599383e+02
 -6.13448227e+00 5.02599383e+02
 -6.13506382e+00 5.02599383e+02
 -6.13511500e+00 5.02604007e+02
 -6.13511500e+00 5.02617485e+02
 -6.13511500e+00 5.02622087e+02
 -6.13511500e+00 5.02622087e+02
 -6.13511500e+00 5.02622087e+02
 -6.13511500e+00 5.02622087e+02
 -6.13511500e+00 5.02622087e+02
 -6.18274183e+00 5.02622087e+02
 -6.38385869e+00 5.02622087e+02
 -6.47840900e+00 5.02622441e+02
 -6.47840900e+00 5.02632920e+02
 -6.47840900e+00 5.02643596e+02
 -6.47840900e+00 5.02644031e+02
 -6.47840900e+00 5.02644031e+02
 -6.47840900e+00 5.02644031e+02
 -6.47840900e+00 5.02644031e+02
 -6.47840900e+00 5.02644031e+02
 -6.47840900e+00 5.02644031e+02
 -6.47840900e+00 5.02644031e+02
 -6.47781783e+00 5.02644600e+02
 -6.47587948e+00 5.02646465e+02
 -6.47511300e+00 5.02647202e+02
 -6.47511300e+00 5.02647202e+02
 -6.47511300e+00 5.02647202e+02
 -6.47511300e+00 5.02647202e+02
 -6.47511300e+00 5.02647202e+02
 -6.47511300e+00 5.02647202e+02
 -6.47511300e+00 5.02647202e+02
 -6.47586199e+00 5.02647202e+02
 -6.58374441e+00 5.02647202e+02
 -6.71921367e+00 5.02647202e+02
 -6.73189700e+00 5.02639905e+02
 -6.73189700e+00 5.02617789e+02
 -6.73189700e+00 5.02609657e+02
 -6.73189700e+00 5.02609657e+02
 -6.73189700e+00 5.02609657e+02
 -6.73189700e+00 5.02609657e+02
 -6.73189700e+00 5.02609657e+02
 -6.73189700e+00 5.02609657e+02
 -6.73189700e+00 5.02609657e+02
 -6.73187973e+00 5.02609695e+02
 -6.72989390e+00 5.02614010e+02
 -6.72744567e+00 5.02619331e+02
 -6.72722800e+00 5.02619804e+02
 -6.72722800e+00 5.02619804e+02
 -6.72722800e+00 5.02619804e+02
 -6.72722800e+00 5.02619804e+02
 -6.72722800e+00 5.02619804e+02
 -6.72722800e+00 5.02619804e+02
 -6.72722800e+00 5.02619804e+02
 -6.75558779e+00 5.02619804e+02
 -6.90356155e+00 5.02619804e+02
 -6.98648300e+00 5.02619995e+02
 -6.98648300e+00 5.02637958e+02
 -6.98648300e+00 5.02659703e+02
 -6.98648300e+00 5.02661536e+02
 -6.98648300e+00 5.02661536e+02
 -6.98648300e+00 5.02661536e+02
 -6.98648300e+00 5.02661536e+02
 -6.98648300e+00 5.02661536e+02
 -6.98578607e+00 5.02661536e+02
 -6.98453036e+00 5.02661536e+02
 -6.98428600e+00 5.02661033e+02
 -6.98428600e+00 5.02658491e+02
 -6.98428600e+00 5.02657096e+02
 -6.98428600e+00 5.02657096e+02
 -6.98428600e+00 5.02657096e+02
 -6.98428600e+00 5.02657096e+02
 -6.98428600e+00 5.02657096e+02
 -6.98428600e+00 5.02657096e+02
 -6.98428600e+00 5.02657096e+02
 -6.98428600e+00 5.02657096e+02
 -7.00140082e+00 5.02658407e+02
 -7.03160358e+00 5.02660720e+02
 -7.03729000e+00 5.02661155e+02
 -7.03729000e+00 5.02661155e+02
 -7.03729000e+00 5.02661155e+02
 -7.03729000e+00 5.02661155e+02
 -7.03729000e+00 5.02661155e+02
 -7.03729000e+00 5.02661155e+02
 -7.03729000e+00 5.02661155e+02
 -7.04151709e+00 5.02661155e+02
 -7.08775222e+00 5.02661155e+02
 -7.12488691e+00 5.02661155e+02
 -7.12517400e+00 5.02674827e+02
 -7.12517400e+00 5.02698461e+02
 -7.12517400e+00 5.02702763e+02
 -7.12517400e+00 5.02702763e+02
 -7.12517400e+00 5.02702763e+02
 -7.12517400e+00 5.02702763e+02
 -7.12517400e+00 5.02702763e+02
 -7.12517400e+00 5.02702763e+02
 -7.12517400e+00 5.02702763e+02
 -7.13101894e+00 5.02702130e+02
 -7.19177533e+00 5.02695550e+02
 -7.23968016e+00 5.02690362e+02
 -7.23997100e+00 5.02690331e+02
 -7.23997100e+00 5.02690331e+02
 -7.23997100e+00 5.02690331e+02
 -7.23997100e+00 5.02690331e+02
 -7.23997100e+00 5.02690331e+02
 -7.23997100e+00 5.02690331e+02
 -7.23997100e+00 5.02690331e+02
 -7.26123723e+00 5.02690331e+02
 -7.31701355e+00 5.02690331e+02
 -7.33472000e+00 5.02690235e+02
 -7.33472000e+00 5.02689290e+02
 -7.33472000e+00 5.02688558e+02
 -7.33472000e+00 5.02688555e+02
 -7.33472000e+00 5.02688555e+02
 -7.33472000e+00 5.02688555e+02
 -7.33472000e+00 5.02688555e+02
 -7.33514559e+00 5.02688555e+02
 -7.35400599e+00 5.02688555e+02
 -7.37488360e+00 5.02688555e+02
 -7.37619000e+00 5.02698196e+02
 -7.37619000e+00 5.02722901e+02
 -7.37619000e+00 5.02730546e+02
 -7.37619000e+00 5.02730546e+02
 -7.37619000e+00 5.02730546e+02
 -7.37619000e+00 5.02730546e+02
 -7.37619000e+00 5.02730546e+02
 -7.37619000e+00 5.02730546e+02
 -7.37619000e+00 5.02730546e+02
 -7.37700654e+00 5.02730576e+02
 -7.40918030e+00 5.02731741e+02
 -7.44417275e+00 5.02733009e+02
 -7.44622100e+00 5.02733083e+02
 -7.44622100e+00 5.02733083e+02
 -7.44622100e+00 5.02733083e+02
 -7.44622100e+00 5.02733083e+02
 -7.44622100e+00 5.02733083e+02
 -7.44622100e+00 5.02733083e+02
 -7.44622100e+00 5.02733083e+02
 -7.44614504e+00 5.02733083e+02
 -7.44582613e+00 5.02733083e+02
 -7.44567200e+00 5.02732748e+02
 -7.44567200e+00 5.02720917e+02
 -7.44567200e+00 5.02708274e+02
 -7.44567200e+00 5.02707584e+02
 -7.44567200e+00 5.02707584e+02
 -7.44567200e+00 5.02707584e+02
 -7.44567200e+00 5.02707584e+02
 -7.44567200e+00 5.02707584e+02
 -7.44567200e+00 5.02707584e+02
 -7.44567200e+00 5.02707584e+02
 -7.47181254e+00 5.02714301e+02
 -7.57842873e+00 5.02741695e+02
 -7.62885400e+00 5.02754651e+02
 -7.62885400e+00 5.02754651e+02
 -7.62885400e+00 5.02754651e+02
 -7.62885400e+00 5.02754651e+02
 -7.62885400e+00 5.02754651e+02
 -7.62885400e+00 5.02754651e+02
 -7.62885400e+00 5.02754651e+02
 -7.62885400e+00 5.02754651e+02
 -7.62915330e+00 5.02757462e+02
 -7.62961097e+00 5.02761760e+02
 -7.62967800e+00 5.02762390e+02
 -7.62967800e+00 5.02762390e+02
 -7.62967800e+00 5.02762390e+02
 -7.62967800e+00 5.02762390e+02
 -7.62967800e+00 5.02762390e+02
 -7.62967800e+00 5.02762390e+02
 -7.62967800e+00 5.02762390e+02
 -7.63420423e+00 5.02762390e+02
 -7.66992511e+00 5.02762390e+02
 -7.69503570e+00 5.02762390e+02
 -7.69504100e+00 5.02756022e+02
 -7.69504100e+00 5.02746480e+02
 -7.69504100e+00 5.02745136e+02
 -7.69504100e+00 5.02745136e+02
 -7.69504100e+00 5.02745136e+02
 -7.69504100e+00 5.02745136e+02
 -7.69504100e+00 5.02745136e+02
 -7.69504100e+00 5.02745136e+02
 -7.69504100e+00 5.02745136e+02
 -7.69492145e+00 5.02749278e+02
 -7.69401655e+00 5.02780627e+02
 -7.69339301e+00 5.02802229e+02
 -7.69339300e+00 5.02802229e+02
 -7.69339300e+00 5.02802229e+02
 -7.69339300e+00 5.02802229e+02
 -7.69339300e+00 5.02802229e+02
 -7.69339300e+00 5.02802229e+02
 -7.69339300e+00 5.02802229e+02
 -7.69339300e+00 5.02802229e+02
 -7.73429214e+00 5.02802229e+02
 -7.82579883e+00 5.02802229e+02
 -7.84993500e+00 5.02801420e+02
 -7.84993500e+00 5.02795541e+02
 -7.84993500e+00 5.02791571e+02
 -7.84993500e+00 5.02791571e+02
 -7.84993500e+00 5.02791571e+02
 -7.84993500e+00 5.02791571e+02
 -7.84993500e+00 5.02791571e+02
 -7.84989908e+00 5.02791571e+02
 -7.84909899e+00 5.02791571e+02
 -7.84831561e+00 5.02791571e+02
 -7.84828700e+00 5.02788357e+02
 -7.84828700e+00 5.02781322e+02
 -7.84828700e+00 5.02779518e+02
 -7.84828700e+00 5.02779518e+02
 -7.84828700e+00 5.02779518e+02
 -7.84828700e+00 5.02779518e+02
 -7.84828700e+00 5.02779518e+02
 -7.84828700e+00 5.02779518e+02
 -7.84828700e+00 5.02779518e+02
 -7.85458623e+00 5.02781241e+02
 -7.95126026e+00 5.02807679e+02
 -8.03763047e+00 5.02831300e+02
 -8.03943300e+00 5.02831793e+02
 -8.03943300e+00 5.02831793e+02
 -8.03943300e+00 5.02831793e+02
 -8.03943300e+00 5.02831793e+02
 -8.03943300e+00 5.02831793e+02
 -8.03943300e+00 5.02831793e+02
 -8.03943300e+00 5.02831793e+02
 -8.03964792e+00 5.02831793e+02
 -8.04030461e+00 5.02831793e+02
 -8.04053100e+00 5.02830983e+02
 -8.04053100e+00 5.02821837e+02
 -8.04053100e+00 5.02814577e+02
 -8.04053100e+00 5.02814537e+02
 -8.04053100e+00 5.02814537e+02
 -8.04053100e+00 5.02814537e+02
 -8.04053100e+00 5.02814537e+02
 -8.04053100e+00 5.02814537e+02
 -8.04053100e+00 5.02814537e+02
 -8.04053100e+00 5.02814537e+02
 -8.02902047e+00 5.02816477e+02
 -8.00333936e+00 5.02820805e+02
 -7.99686400e+00 5.02821896e+02
 -7.99686400e+00 5.02821896e+02
 -7.99686400e+00 5.02821896e+02
 -7.99686400e+00 5.02821896e+02
 -7.99686400e+00 5.02821896e+02
 -7.99686400e+00 5.02821896e+02
 -7.99686400e+00 5.02821896e+02
 -7.99694247e+00 5.02821896e+02
 -7.99794704e+00 5.02821896e+02
 -7.99877922e+00 5.02821896e+02
 -7.99878700e+00 5.02829351e+02
 -7.99878700e+00 5.02842332e+02
 -7.99878700e+00 5.02844609e+02
 -7.99878700e+00 5.02844609e+02
 -7.99878700e+00 5.02844609e+02
 -7.99878700e+00 5.02844609e+02
 -7.99878700e+00 5.02844609e+02
 -7.99878700e+00 5.02844609e+02
 -7.99878700e+00 5.02844609e+02
 -8.00922733e+00 5.02842509e+02
 -8.08611015e+00 5.02827043e+02
 -8.13692800e+00 5.02816821e+02
 -8.13692800e+00 5.02816821e+02
 -8.13692800e+00 5.02816821e+02
 -8.13692800e+00 5.02816821e+02
 -8.13692800e+00 5.02816821e+02
 -8.13692800e+00 5.02816821e+02
 -8.13692800e+00 5.02816821e+02
 -8.13692800e+00 5.02816821e+02
 -8.13701436e+00 5.02816821e+02
 -8.13717209e+00 5.02816821e+02
 -8.13720200e+00 5.02821127e+02
 -8.13720200e+00 5.02842089e+02
 -8.13720200e+00 5.02852984e+02
 -8.13720200e+00 5.02852984e+02
 -8.13720200e+00 5.02852984e+02
 -8.13720200e+00 5.02852984e+02
 -8.13720200e+00 5.02852984e+02
 -8.15103707e+00 5.02852984e+02
 -8.26310414e+00 5.02852984e+02
 -8.34070700e+00 5.02852984e+02
 -8.34070700e+00 5.02856332e+02
 -8.34070700e+00 5.02861149e+02
 -8.34070700e+00 5.02861739e+02
 -8.34070700e+00 5.02861739e+02
 -8.34070700e+00 5.02861739e+02
 -8.34070700e+00 5.02861739e+02
 -8.34070700e+00 5.02861739e+02
 -8.34070700e+00 5.02861739e+02
 -8.34070700e+00 5.02861739e+02
 -8.34022426e+00 5.02860568e+02
 -8.33769286e+00 5.02854429e+02
 -8.33631200e+00 5.02851080e+02
 -8.33631200e+00 5.02851080e+02
 -8.33631200e+00 5.02851080e+02
 -8.33631200e+00 5.02851080e+02
 -8.33631200e+00 5.02851080e+02
 -8.33631200e+00 5.02851080e+02
 -8.33631200e+00 5.02851080e+02
 -8.33631200e+00 5.02851080e+02
 -8.33894623e+00 5.02851080e+02
 -8.34291750e+00 5.02851080e+02
 -8.34345300e+00 5.02857270e+02
 -8.34345300e+00 5.02880188e+02
 -8.34345300e+00 5.02889910e+02
 -8.34345300e+00 5.02889910e+02
 -8.34345300e+00 5.02889910e+02
 -8.34345300e+00 5.02889910e+02
 -8.34345300e+00 5.02889910e+02
 -8.34345300e+00 5.02889910e+02
 -8.34345300e+00 5.02889910e+02
 -8.34345762e+00 5.02889787e+02
 -8.34393420e+00 5.02877075e+02
 -8.34450765e+00 5.02861780e+02
 -8.34455200e+00 5.02860597e+02
 -8.34455200e+00 5.02860597e+02
 -8.34455200e+00 5.02860597e+02
 -8.34455200e+00 5.02860597e+02
 -8.34455200e+00 5.02860597e+02
 -8.34455200e+00 5.02860597e+02
 -8.34455200e+00 5.02860597e+02
 -8.37144986e+00 5.02860597e+02
 -8.47759537e+00 5.02860597e+02
 -8.52498600e+00 5.02860687e+02
 -8.52498600e+00 5.02862853e+02
 -8.52498600e+00 5.02864968e+02
 -8.52498600e+00 5.02865038e+02
 -8.52498600e+00 5.02865038e+02
 -8.52498600e+00 5.02865038e+02
 -8.52498600e+00 5.02865038e+02
 -8.52498600e+00 5.02865038e+02
 -8.52498600e+00 5.02865038e+02
 -8.52498600e+00 5.02865038e+02
 -8.52521016e+00 5.02873450e+02
 -8.52586259e+00 5.02897934e+02
 -8.52608500e+00 5.02906280e+02
 -8.52608500e+00 5.02906280e+02
 -8.52608500e+00 5.02906280e+02
 -8.52608500e+00 5.02906280e+02
 -8.52608500e+00 5.02906280e+02
 -8.52608500e+00 5.02906280e+02
 -8.52608500e+00 5.02906280e+02
 -8.52720709e+00 5.02906280e+02
 -8.57979518e+00 5.02906280e+02
 -8.63847499e+00 5.02906280e+02
 -8.64225600e+00 5.02895003e+02
 -8.64225600e+00 5.02865804e+02
 -8.64225600e+00 5.02856663e+02
 -8.64225600e+00 5.02856663e+02
 -8.64225600e+00 5.02856663e+02
 -8.64225600e+00 5.02856663e+02
 -8.64225600e+00 5.02856663e+02
 -8.64261883e+00 5.02856663e+02
 -8.64420910e+00 5.02856663e+02
 -8.64500200e+00 5.02857081e+02
 -8.64500200e+00 5.02874433e+02
 -8.64500200e+00 5.02893457e+02
 -8.64500200e+00 5.02894605e+02
 -8.64500200e+00 5.02894605e+02
 -8.64500200e+00 5.02894605e+02
 -8.64500200e+00 5.02894605e+02
 -8.64500200e+00 5.02894605e+02
 -8.64500200e+00 5.02894605e+02
 -8.64500200e+00 5.02894605e+02
 -8.64485223e+00 5.02895211e+02
 -8.64421499e+00 5.02897789e+02
 -8.64390400e+00 5.02899047e+02
 -8.64390400e+00 5.02899047e+02
 -8.64390400e+00 5.02899047e+02
 -8.64390400e+00 5.02899047e+02
 -8.64390400e+00 5.02899047e+02
 -8.64390400e+00 5.02899047e+02
 -8.64390400e+00 5.02899047e+02
 -8.64390400e+00 5.02899047e+02
 -8.66056536e+00 5.02899047e+02
 -8.68680457e+00 5.02899047e+02
 -8.69086600e+00 5.02901101e+02
 -8.69086600e+00 5.02909588e+02
 -8.69086600e+00 5.02913641e+02
 -8.69086600e+00 5.02913641e+02
 -8.69086600e+00 5.02913641e+02
 -8.69086600e+00 5.02913641e+02
 -8.69086600e+00 5.02913641e+02
 -8.69086600e+00 5.02913641e+02
 -8.69086600e+00 5.02913641e+02
 -8.69086600e+00 5.02913641e+02
 -8.72800368e+00 5.02925219e+02
 -8.78531276e+00 5.02943086e+02
 -8.79385400e+00 5.02945749e+02
 -8.79385400e+00 5.02945749e+02
 -8.79385400e+00 5.02945749e+02
 -8.79385400e+00 5.02945749e+02
 -8.79385400e+00 5.02945749e+02
 -8.79385400e+00 5.02945749e+02
 -8.79385400e+00 5.02945749e+02
 -8.79534326e+00 5.02945749e+02
 -8.80732423e+00 5.02945749e+02
 -8.81582177e+00 5.02945749e+02
 -8.81582500e+00 5.02928357e+02
 -8.81582500e+00 5.02902057e+02
 -8.81582500e+00 5.02898286e+02
 -8.81582500e+00 5.02898286e+02
 -8.81582500e+00 5.02898286e+02
 -8.81582500e+00 5.02898286e+02
 -8.81582500e+00 5.02898286e+02
 -8.82076790e+00 5.02898286e+02
 -8.83218908e+00 5.02898286e+02
 -8.83532400e+00 5.02901739e+02
 -8.83532400e+00 5.02928372e+02
 -8.83532400e+00 5.02946890e+02
 -8.83532400e+00 5.02946891e+02
 -8.83532400e+00 5.02946891e+02
 -8.83532400e+00 5.02946891e+02
 -8.83532400e+00 5.02946891e+02
 -8.83532400e+00 5.02946891e+02
 -8.83532400e+00 5.02946891e+02
 -8.83532400e+00 5.02946891e+02
 -8.86155477e+00 5.02943015e+02
 -8.92083224e+00 5.02934255e+02
 -8.93666400e+00 5.02931916e+02
 -8.93666400e+00 5.02931916e+02
 -8.93666400e+00 5.02931916e+02
 -8.93666400e+00 5.02931916e+02
 -8.93666400e+00 5.02931916e+02
 -8.93666400e+00 5.02931916e+02
 -8.93666400e+00 5.02931916e+02
 -8.93663525e+00 5.02931916e+02
 -8.93597123e+00 5.02931916e+02
 -8.93531593e+00 5.02931916e+02
 -8.93529100e+00 5.02938388e+02
 -8.93529100e+00 5.02952693e+02
 -8.93529100e+00 5.02956409e+02
 -8.93529100e+00 5.02956409e+02
 -8.93529100e+00 5.02956409e+02
 -8.93529100e+00 5.02956409e+02
 -8.93529100e+00 5.02956409e+02
 -8.93529100e+00 5.02956409e+02
 -8.93529100e+00 5.02956409e+02
 -8.93607627e+00 5.02958798e+02
 -8.95281986e+00 5.03009746e+02
 -8.96905725e+00 5.03059154e+02
 -8.96962100e+00 5.03060869e+02
 -8.96962100e+00 5.03060869e+02
 -8.96962100e+00 5.03060869e+02
 -8.96962100e+00 5.03060869e+02
 -8.96962100e+00 5.03060869e+02
 -8.96962100e+00 5.03060869e+02
 -8.96962100e+00 5.03060869e+02
 -8.97035791e+00 5.03060869e+02
 -8.97293562e+00 5.03060869e+02
 -8.97401400e+00 5.03061217e+02
 -8.97401400e+00 5.03068083e+02
 -8.97401400e+00 5.03074627e+02
 -8.97401400e+00 5.03074833e+02
 -8.97401400e+00 5.03074833e+02
 -8.97401400e+00 5.03074833e+02
 -8.97401400e+00 5.03074833e+02
 -8.97391990e+00 5.03074833e+02
 -8.90106884e+00 5.03074833e+02
 -8.80134109e+00 5.03074833e+02
 -8.78973500e+00 5.03084923e+02
 -8.78973500e+00 5.03119297e+02
 -8.78973500e+00 5.03133355e+02
 -8.78973500e+00 5.03133355e+02
 -8.78973500e+00 5.03133355e+02
 -8.78973500e+00 5.03133355e+02
 -8.78973500e+00 5.03133355e+02
 -8.78973500e+00 5.03133355e+02
 -8.78973500e+00 5.03133355e+02
 -8.78973213e+00 5.03133362e+02
 -8.78841079e+00 5.03136415e+02
 -8.78663639e+00 5.03140516e+02
 -8.78643900e+00 5.03140972e+02
 -8.78643900e+00 5.03140972e+02
 -8.78643900e+00 5.03140972e+02
 -8.78643900e+00 5.03140972e+02
 -8.78643900e+00 5.03140972e+02
 -8.78643900e+00 5.03140972e+02
 -8.78643900e+00 5.03140972e+02
 -8.76714336e+00 5.03140972e+02
 -8.64922397e+00 5.03140972e+02
 -8.57661800e+00 5.03140971e+02
 -8.57661800e+00 5.03140662e+02
 -8.57661800e+00 5.03140254e+02
 -8.57661800e+00 5.03140211e+02
 -8.57661800e+00 5.03140211e+02
 -8.57661800e+00 5.03140211e+02
 -8.57661800e+00 5.03140211e+02
 -8.57661800e+00 5.03140211e+02
 -8.57661800e+00 5.03140211e+02
 -8.57661800e+00 5.03140211e+02
 -8.57667052e+00 5.03140952e+02
 -8.57698019e+00 5.03145320e+02
 -8.57716700e+00 5.03147955e+02
 -8.57716700e+00 5.03147955e+02
 -8.57716700e+00 5.03147955e+02
 -8.57716700e+00 5.03147955e+02
 -8.57716700e+00 5.03147955e+02
 -8.57716700e+00 5.03147955e+02
 -8.57716700e+00 5.03147955e+02
 -8.57716700e+00 5.03147955e+02
 -8.59577284e+00 5.03147955e+02
 -8.63190891e+00 5.03147955e+02
 -8.63978400e+00 5.03150758e+02
 -8.63978400e+00 5.03166711e+02
 -8.63978400e+00 5.03176140e+02
 -8.63978400e+00 5.03176140e+02
 -8.63978400e+00 5.03176140e+02
 -8.63978400e+00 5.03176140e+02
 -8.63978400e+00 5.03176140e+02
 -8.63963509e+00 5.03176140e+02
 -8.63753190e+00 5.03176140e+02
 -8.63569699e+00 5.03176140e+02
 -8.63566500e+00 5.03181982e+02
 -8.63566500e+00 5.03193092e+02
 -8.63566500e+00 5.03195439e+02
 -8.63566500e+00 5.03195439e+02
 -8.63566500e+00 5.03195439e+02
 -8.63566500e+00 5.03195439e+02
 -8.63566500e+00 5.03195439e+02
 -8.63566500e+00 5.03195439e+02
 -8.63566500e+00 5.03195439e+02
 -8.62801569e+00 5.03196641e+02
 -8.52621058e+00 5.03212634e+02
 -8.43896482e+00 5.03226340e+02
 -8.43765300e+00 5.03226546e+02
 -8.43765300e+00 5.03226546e+02
 -8.43765300e+00 5.03226546e+02
 -8.43765300e+00 5.03226546e+02
 -8.43765300e+00 5.03226546e+02
 -8.43765300e+00 5.03226546e+02
 -8.43765300e+00 5.03226546e+02
 -8.43809542e+00 5.03226546e+02
 -8.43938994e+00 5.03226546e+02
 -8.43985000e+00 5.03227602e+02
 -8.43985000e+00 5.03240879e+02
 -8.43985000e+00 5.03252053e+02
 -8.43985000e+00 5.03252196e+02
 -8.43985000e+00 5.03252196e+02
 -8.43985000e+00 5.03252196e+02
 -8.43985000e+00 5.03252196e+02
 -8.43985000e+00 5.03252196e+02
 -8.43985000e+00 5.03252196e+02
 -8.43985000e+00 5.03252196e+02
 -8.41816346e+00 5.03255334e+02
 -8.35670442e+00 5.03264228e+02
 -8.33631200e+00 5.03267179e+02
 -8.33631200e+00 5.03267179e+02
 -8.33631200e+00 5.03267179e+02
 -8.33631200e+00 5.03267179e+02
 -8.33631200e+00 5.03267179e+02
 -8.33631200e+00 5.03267179e+02
 -8.33631200e+00 5.03267179e+02
 -8.33633379e+00 5.03267179e+02
 -8.33722548e+00 5.03267179e+02
 -8.33818515e+00 5.03267179e+02
 -8.33823500e+00 5.03263470e+02
 -8.33823500e+00 5.03254621e+02
 -8.33823500e+00 5.03252196e+02
 -8.33823500e+00 5.03252196e+02
 -8.33823500e+00 5.03252196e+02
 -8.33823500e+00 5.03252196e+02
 -8.33823500e+00 5.03252196e+02
 -8.29441296e+00 5.03252196e+02
 -8.14812426e+00 5.03252196e+02
 -8.09133900e+00 5.03251365e+02
 -8.09133900e+00 5.03238628e+02
 -8.09133900e+00 5.03227483e+02
 -8.09133900e+00 5.03227308e+02
 -8.09133900e+00 5.03227308e+02
 -8.09133900e+00 5.03227308e+02
 -8.09133900e+00 5.03227308e+02
 -8.09133900e+00 5.03227308e+02
 -8.09133900e+00 5.03227308e+02
 -8.09133900e+00 5.03227308e+02
 -8.09030411e+00 5.03227308e+02
 -8.08770222e+00 5.03227308e+02
 -8.08694400e+00 5.03226607e+02
 -8.08694400e+00 5.03220754e+02
