 1.39214020e+00 0.00000000e+00
 1.10578243e+00 8.20344580e-03
 1.00007983e+00 1.64068916e-02
 1.00010460e+00 -1.99856629e-02
 1.00030948e+00 -1.22232168e-02
 1.00079292e+00 -4.01977102e-03
 1.00071690e+00 4.18367477e-03
 1.00202984e+00 1.48551206e-02
 1.00150363e+00 2.30585664e-02
 1.00408785e+00 3.12620122e-02
 1.00469951e+00 -3.31225768e-02
 1.00948292e+00 -3.14270963e-02
 1.01207279e+00 -2.32236505e-02
 1.00853680e+00 -1.57547590e-02
 1.01272358e+00 -7.91275887e-03
 1.01599413e+00 2.90686927e-04
 1.02451389e+00 8.49413272e-03
 1.04603439e+00 4.52208202e-02
 1.02937727e+00 6.25290243e-02
 1.09374856e+00 7.07324701e-02
 1.04405022e+00 8.48390742e-02
 1.08383649e+00 1.00044362e-01
 1.13257304e+00 1.08247807e-01
 1.12090920e+00 1.16451253e-01
 1.13702518e+00 1.34757095e-01
 1.12080117e+00 1.51532145e-01
 1.23095955e+00 1.59735591e-01
 1.24370268e+00 1.60341396e-01
 1.09531919e+00 1.44563482e-01
 1.22374394e+00 1.52766928e-01
 1.22894597e+00 1.60923243e-01
 1.20408628e+00 1.67796820e-01
 1.07159168e+00 1.76000265e-01
 2.37903824e+00 1.84203711e-01
 1.10307940e+00 1.98028400e-01
 1.23310069e+00 2.76410603e-01
 1.15483779e+00 2.84614049e-01
 1.31264969e+00 2.92817494e-01
 1.27255580e+00 3.00745940e-01
 1.17238296e+00 3.08949386e-01
 1.08987419e+00 3.17152832e-01
 1.48304489e+00 3.25338458e-01
 1.54182394e+00 3.04448723e-01
 1.76900089e+00 3.12652169e-01
 1.86721538e+00 3.20855615e-01
 1.67468969e+00 3.30710061e-01
 1.48732426e+00 3.38913507e-01
 1.75414361e+00 3.47116952e-01
 2.02381731e+00 3.59746034e-01
 1.56237830e+00 3.68191844e-01
 2.73028438e+00 3.76395290e-01
 2.22641498e+00 3.84598736e-01
 1.84294454e+00 3.86067065e-01
 2.01342785e+00 3.94138627e-01
 2.10038828e+00 4.02342073e-01
 1.97840789e+00 4.85517331e-01
 2.09944995e+00 5.12947965e-01
 2.21674783e+00 5.21151410e-01
 2.20722363e+00 5.29354856e-01
 2.98917020e+00 5.36615091e-01
 2.10985065e+00 5.44665748e-01
 1.81229423e+00 5.52869194e-01
 2.52272752e+00 5.90648408e-01
 1.91916139e+00 6.19808085e-01
 1.78168305e+00 6.28011531e-01
 3.27546143e+00 6.37138815e-01
 2.68379768e+00 6.47714422e-01
 2.92455898e+00 6.55917868e-01
 2.76843953e+00 6.64121314e-01
 2.76535062e+00 6.87005723e-01
 3.07028583e+00 7.21447206e-01
 3.01992133e+00 7.29650651e-01
 3.10081187e+00 7.37936955e-01
 3.08903327e+00 7.46880543e-01
 3.14790487e+00 7.55083989e-01
 3.20291803e+00 7.63287435e-01
 3.41517688e+00 7.94256665e-01
 3.43142140e+00 9.20855326e-01
 3.47054694e+00 9.29058772e-01
 3.87857996e+00 9.37362066e-01
 3.74425949e+00 9.51235664e-01
 3.88020662e+00 9.59439109e-01
 3.83232554e+00 9.67642555e-01
 3.76662531e+00 1.04313400e+00
 4.01622420e+00 1.05133745e+00
 3.98519930e+00 1.05954089e+00
 4.25271801e+00 1.06774434e+00
 4.11003349e+00 1.07237678e+00
 4.38992268e+00 1.08058023e+00
 4.37428573e+00 1.08878368e+00
 4.69495458e+00 1.20574212e+00
 4.90908706e+00 1.21394557e+00
 4.95949704e+00 1.22214901e+00
 5.03028503e+00 1.23035246e+00
 4.78969047e+00 1.24157790e+00
 5.15888699e+00 1.24978135e+00
 5.50599369e+00 1.25798480e+00
 5.20358930e+00 1.34745240e+00
 5.64171998e+00 1.35568069e+00
 5.56957407e+00 1.36388413e+00
 5.69654793e+00 1.37208758e+00
 5.58633343e+00 1.38935703e+00
 5.96048645e+00 1.39756047e+00
 6.14197587e+00 1.40576392e+00
 6.23586111e+00 1.52022032e+00
 6.18387075e+00 1.53229581e+00
 6.43683683e+00 1.54049925e+00
 6.46975543e+00 1.54870270e+00
 6.67425318e+00 1.55690615e+00
 6.48451991e+00 1.56510959e+00
 6.69975096e+00 1.57331304e+00
 7.01591159e+00 1.71132228e+00
 6.74751268e+00 1.73885093e+00
 7.16917694e+00 1.74705437e+00
 7.15355621e+00 1.76554944e+00
 7.18756975e+00 1.78048427e+00
 7.18678888e+00 1.78868771e+00
 7.90246271e+00 1.79689116e+00
 7.95185546e+00 1.81969497e+00
 7.69651099e+00 1.83499405e+00
 8.41925788e+00 1.84319750e+00
 8.05471706e+00 1.90067799e+00
 8.34852927e+00 1.99445439e+00
 8.32029701e+00 2.00265783e+00
 8.37057267e+00 2.01547790e+00
 8.55755857e+00 2.06300472e+00
 8.91470822e+00 2.07120817e+00
 8.91209514e+00 2.07941162e+00
 9.12702071e+00 2.14258067e+00
 9.12976982e+00 2.43087451e+00
 9.26338536e+00 2.43907795e+00
 9.46682706e+00 2.44726815e+00
 9.53336452e+00 2.45355984e+00
 9.55837434e+00 2.46176329e+00
 9.65682853e+00 2.46996674e+00
 9.95175818e+00 2.48525425e+00
 1.00159228e+01 2.71899263e+00
 1.00201315e+01 2.72719607e+00
 1.02884830e+01 2.73539952e+00
 1.05786557e+01 2.74580197e+00
 1.06385104e+01 2.75400541e+00
 1.05144126e+01 2.76220886e+00
 1.08655372e+01 3.02820963e+00
 1.11036291e+01 3.03814675e+00
 1.12152565e+01 3.04635019e+00
 1.11498748e+01 3.05455364e+00
 1.13398972e+01 3.06303109e+00
 1.16833800e+01 3.07123453e+00
 1.16899656e+01 3.07943798e+00
 1.18107469e+01 3.21309021e+00
 1.19342280e+01 3.23590987e+00
 1.24119473e+01 3.24411332e+00
 1.24511404e+01 3.25231676e+00
 1.22957395e+01 3.25662903e+00
 1.26944420e+01 3.26459865e+00
 1.29489813e+01 3.27280210e+00
 1.28479297e+01 3.32064292e+00
 1.29016450e+01 3.34468899e+00
 1.32546167e+01 3.35289244e+00
 1.34244746e+01 3.36098381e+00
 1.34145534e+01 3.36902533e+00
 1.34369735e+01 3.37722877e+00
 1.38972547e+01 3.38543222e+00
 1.38818102e+01 3.51651018e+00
 1.40075512e+01 3.65148111e+00
 1.42734261e+01 3.65968456e+00
 1.46106184e+01 3.66766930e+00
 1.44935441e+01 3.67499445e+00
 1.45812479e+01 3.68319789e+00
 1.49360728e+01 3.69140134e+00
 1.49526461e+01 3.75058997e+00
 1.49432219e+01 3.89565823e+00
 1.54577817e+01 3.90386168e+00
 1.55103677e+01 3.91205164e+00
 1.53608444e+01 3.91999457e+00
 1.58060820e+01 3.92819801e+00
 1.61740876e+01 3.93640146e+00
 1.58754882e+01 3.99760591e+00
 1.61129099e+01 4.00580935e+00
 1.65492623e+01 4.01401280e+00
 1.64202849e+01 4.02221624e+00
 1.62869403e+01 4.03289269e+00
 1.68810436e+01 4.04109613e+00
 1.70693011e+01 4.04929958e+00
 1.69579329e+01 4.30440403e+00
 1.72971156e+01 4.31260747e+00
 1.74983740e+01 4.32081092e+00
 1.74482355e+01 4.32901436e+00
 1.76229945e+01 4.33392081e+00
 1.79865096e+01 4.34212426e+00
 1.78993918e+01 4.35032770e+00
 1.81982927e+01 4.47439168e+00
 1.85796070e+01 4.48290459e+00
 1.84316054e+01 4.49110804e+00
 1.86783670e+01 4.49810970e+00
 1.90363137e+01 4.50613793e+00
 1.90241101e+01 4.51434138e+00
 1.90694224e+01 4.52254482e+00
 1.95816770e+01 4.63922808e+00
 1.93473835e+01 4.65292771e+00
 1.95814705e+01 4.66113116e+00
 1.99176335e+01 4.66763450e+00
 1.99441196e+01 4.67533905e+00
 2.02591763e+01 4.68354250e+00
 2.04481493e+01 4.69174594e+00
 2.03457054e+01 4.86107257e+00
 2.06047343e+01 4.89353483e+00
 2.10151704e+01 4.90173828e+00
 2.07488561e+01 4.97122113e+00
 2.12109635e+01 5.01509217e+00
 2.14474985e+01 5.02329562e+00
 2.14135501e+01 5.03149906e+00
 2.16691434e+01 5.11185406e+00
 2.18041272e+01 5.14457895e+00
 2.17541076e+01 5.15278240e+00
 2.21688081e+01 5.24163952e+00
 2.21020110e+01 5.33946129e+00
 2.22527829e+01 5.34766474e+00
 2.28487962e+01 5.35928668e+00
 2.29251686e+01 5.38137463e+00
 2.29004288e+01 5.38957807e+00
 2.35546380e+01 5.39778152e+00
 2.30914697e+01 5.44906552e+00
 2.34937331e+01 5.56935741e+00
 2.37501775e+01 5.57756086e+00
 2.35226285e+01 5.58563459e+00
 2.40850099e+01 5.59149475e+00
 2.41793281e+01 5.59969820e+00
 2.41010923e+01 5.60790164e+00
 2.47543989e+01 5.63309724e+00
 2.45332249e+01 5.79623153e+00
 2.48164132e+01 5.80443498e+00
 2.49507312e+01 5.81263842e+00
 2.47304566e+01 5.81973987e+00
 2.53882899e+01 5.82794332e+00
 2.54918427e+01 5.83614676e+00
 2.54969302e+01 5.96574021e+00
 2.60162029e+01 5.97394365e+00
 2.59207118e+01 5.98214710e+00
 2.62646272e+01 5.99035055e+00
 2.61370279e+01 5.99800599e+00
 2.63611633e+01 6.00620944e+00
 2.68920103e+01 6.01441288e+00
 2.65953037e+01 6.23092157e+00
 2.72465416e+01 6.24640977e+00
 2.72356857e+01 6.25461322e+00
 2.69977973e+01 6.26281667e+00
 2.77366401e+01 6.26856735e+00
 2.74971187e+01 6.27674956e+00
 2.77121127e+01 6.28495300e+00
 2.82112543e+01 6.42183133e+00
 2.78895047e+01 6.45652889e+00
 2.85031269e+01 6.46473234e+00
 2.83421424e+01 6.47413186e+00
 2.88494636e+01 6.48333923e+00
 2.88225704e+01 6.49154268e+00
 2.86332875e+01 6.49974612e+00
 2.94074939e+01 6.57019699e+00
 2.92283214e+01 6.61556702e+00
 2.95831848e+01 6.62377046e+00
 2.96358309e+01 6.63285010e+00
 2.96041088e+01 6.64292535e+00
 3.01913119e+01 6.65112880e+00
 2.98397711e+01 6.65933224e+00
 3.03679959e+01 6.74825873e+00
 3.05350388e+01 6.87787014e+00
 3.05161368e+01 6.88607358e+00
 3.10669123e+01 6.89406584e+00
 3.05849180e+01 6.90083547e+00
 3.13562261e+01 6.90903892e+00
 3.09067600e+01 6.91738573e+00
 3.15593617e+01 7.11082281e+00
 3.15488893e+01 7.11902626e+00
 3.17424241e+01 7.12722970e+00
 3.22513788e+01 7.13544933e+00
 3.16758316e+01 7.14473259e+00
 3.22384380e+01 7.15293604e+00
 3.19619872e+01 7.16113949e+00
 3.26518065e+01 7.28029693e+00
 3.28836807e+01 7.28850038e+00
 3.29630497e+01 7.29670382e+00
 3.31716994e+01 7.30490727e+00
 3.29514951e+01 7.31283671e+00
 3.34690250e+01 7.32104016e+00
 3.33578594e+01 7.32924361e+00
 3.39481390e+01 7.42423205e+00
 3.38031582e+01 7.43243550e+00
 3.42612257e+01 7.44063894e+00
 3.44234129e+01 7.45717106e+00
 3.39350906e+01 7.46611083e+00
 3.44579541e+01 7.47431428e+00
 3.43437963e+01 7.48251773e+00
 3.53025736e+01 7.58717205e+00
 3.50487248e+01 7.59779162e+00
 3.55693643e+01 7.60599506e+00
 3.50210086e+01 7.61758303e+00
 3.55647638e+01 7.62651996e+00
 3.57886660e+01 7.63472340e+00
 3.60104800e+01 7.64292685e+00
 3.64015407e+01 7.84830597e+00
 3.60646537e+01 7.87464974e+00
 3.67510725e+01 7.88285318e+00
 3.61446686e+01 7.95089424e+00
 3.71011177e+01 7.98467408e+00
 3.65197961e+01 7.99287752e+00
 3.72776714e+01 8.00108097e+00
 3.70805099e+01 8.09530260e+00
 3.76078320e+01 8.12267186e+00
 3.75624838e+01 8.13087530e+00
 3.77360432e+01 8.15440188e+00
 3.76472400e+01 8.17446820e+00
 3.77081336e+01 8.18267164e+00
 3.83945700e+01 8.19507404e+00
 3.81818981e+01 8.21335953e+00
 3.86905619e+01 8.22156298e+00
 3.83226689e+01 8.22976643e+00
 3.89510234e+01 8.29741990e+00
 3.86856531e+01 8.39255632e+00
 3.96498555e+01 8.40075976e+00
 3.92428994e+01 8.40854658e+00
 3.98386219e+01 8.41441865e+00
 3.93226811e+01 8.42262210e+00
 3.99589516e+01 8.43082555e+00
 3.94812205e+01 8.47244492e+00
 4.00894785e+01 8.60048244e+00
 3.98824954e+01 8.60868588e+00
 4.01277803e+01 8.61688428e+00
 4.07079115e+01 8.62415817e+00
 4.12534532e+01 8.63105798e+00
 4.08248274e+01 8.63902567e+00
 4.12859451e+01 8.71357889e+00
 4.15447971e+01 8.72326856e+00
 4.14307920e+01 8.73147200e+00
 4.15283612e+01 8.73967545e+00
 4.15111483e+01 8.75034874e+00
 4.18286431e+01 8.75855634e+00
 4.17511665e+01 8.76675979e+00
 4.19207332e+01 8.80436663e+00
 4.21255755e+01 8.81721868e+00
 4.26702496e+01 8.82542212e+00
 4.23836750e+01 8.83508287e+00
 4.28237179e+01 8.84430202e+00
 4.27151062e+01 8.85250546e+00
 4.33809501e+01 8.86070891e+00
 4.33662955e+01 8.99629237e+00
 4.35226770e+01 9.06715980e+00
 4.31451931e+01 9.07536325e+00
 4.37502211e+01 9.08264122e+00
 4.35775132e+01 9.08930214e+00
 4.43288824e+01 9.09750558e+00
 4.40763420e+01 9.10570903e+00
 4.41620385e+01 9.11592224e+00
 4.41939480e+01 9.12650892e+00
 4.45231815e+01 9.13471237e+00
 4.40794011e+01 9.14366986e+00
 4.47167027e+01 9.15551226e+00
 4.50002417e+01 9.16371570e+00
 4.50696560e+01 9.17358961e+00
 4.47758389e+01 9.36934959e+00
 4.52965262e+01 9.37755304e+00
 4.55333747e+01 9.38575649e+00
 4.63052684e+01 9.39392216e+00
 4.60234710e+01 9.40106038e+00
 4.59465814e+01 9.40926382e+00
 4.63234614e+01 9.41746727e+00
 4.64047244e+01 9.49021072e+00
 4.64941243e+01 9.49841416e+00
 4.67059420e+01 9.50661761e+00
 4.75323807e+01 9.51482105e+00
 4.69632357e+01 9.51808350e+00
 4.70640020e+01 9.52628694e+00
 4.67515030e+01 9.53449039e+00
 4.80539404e+01 9.64567884e+00
 4.75892223e+01 9.65388228e+00
 4.77765557e+01 9.66208573e+00
 4.74975493e+01 9.66608003e+00
 4.82607688e+01 9.67382562e+00
 4.79168637e+01 9.68202906e+00
 4.86243367e+01 9.69023251e+00
 4.82541794e+01 9.75103687e+00
 4.90751234e+01 9.76211940e+00
 4.84927072e+01 9.77032285e+00
 4.86919035e+01 9.77713299e+00
 4.90656919e+01 9.78480374e+00
 4.96003186e+01 9.79300719e+00
 4.94196984e+01 9.80121063e+00
 4.91885880e+01 9.87696172e+00
 4.98478797e+01 9.90248352e+00
 4.91442013e+01 9.91068697e+00
 4.99717040e+01 9.92220286e+00
 4.96372956e+01 9.93395386e+00
 5.07733374e+01 9.94215731e+00
 4.97702114e+01 9.97281418e+00
 5.00106504e+01 1.00667762e+01
 4.99534446e+01 1.00749796e+01
 5.08836182e+01 1.00831831e+01
 5.05727655e+01 1.00912969e+01
 5.05976909e+01 1.00993100e+01
 5.05772871e+01 1.01075134e+01
 5.09752696e+01 1.01167337e+01
 5.12609703e+01 1.01335343e+01
 5.11064102e+01 1.01417378e+01
 5.23681921e+01 1.01499412e+01
 5.16010311e+01 1.01571916e+01
 5.19217913e+01 1.01619561e+01
 5.14406538e+01 1.01701595e+01
 5.26893673e+01 1.01784101e+01
 5.22785889e+01 1.01876624e+01
 5.23120041e+01 1.01958659e+01
 5.27167188e+01 1.02040693e+01
 5.27273825e+01 1.02249694e+01
 5.30708759e+01 1.03196232e+01
 5.28669146e+01 1.03278267e+01
 5.37951082e+01 1.03360264e+01
 5.25955303e+01 1.03436846e+01
 5.32382514e+01 1.03518880e+01
 5.31659769e+01 1.03600915e+01
 5.40138286e+01 1.04105849e+01
 5.36199636e+01 1.04187883e+01
 5.35038161e+01 1.04269918e+01
 5.43317784e+01 1.04351952e+01
 5.36052485e+01 1.04480717e+01
 5.43827725e+01 1.04562751e+01
 5.45217200e+01 1.04644786e+01
 5.52826302e+01 1.04405490e+01
 5.43239621e+01 1.04487525e+01
 5.47538724e+01 1.04569559e+01
 5.51747780e+01 1.04651594e+01
 5.47149407e+01 1.04725338e+01
 5.50310537e+01 1.04807372e+01
 5.48710135e+01 1.04889407e+01
 5.55908234e+01 1.05930961e+01
 5.49459455e+01 1.06050426e+01
 5.60423927e+01 1.06132460e+01
 5.60971962e+01 1.06214495e+01
 5.60036669e+01 1.06315575e+01
 5.60479377e+01 1.06397814e+01
 5.61378429e+01 1.06479848e+01
 5.64039504e+01 1.06072007e+01
 5.58632344e+01 1.06047937e+01
 5.69885458e+01 1.06129971e+01
 5.64988579e+01 1.06192924e+01
 5.63967035e+01 1.06258330e+01
 5.72995272e+01 1.06340365e+01
 5.73714423e+01 1.06422399e+01
 5.74215471e+01 1.07126375e+01
 5.66154081e+01 1.07594388e+01
 5.78592348e+01 1.07676423e+01
 5.72428592e+01 1.07767829e+01
 5.77234289e+01 1.07870712e+01
 5.83406375e+01 1.07952746e+01
 5.74314536e+01 1.08034781e+01
 5.81391971e+01 1.07960355e+01
 5.83265423e+01 1.07797889e+01
 5.89903361e+01 1.07879924e+01
 5.81258645e+01 1.07958607e+01
 5.83543572e+01 1.08016513e+01
 5.89940207e+01 1.08098547e+01
 5.80063815e+01 1.08180690e+01
 5.97068213e+01 1.08633356e+01
 5.95073218e+01 1.08715391e+01
 5.84372307e+01 1.08797425e+01
 5.89937914e+01 1.08879115e+01
 5.90647581e+01 1.08934074e+01
 5.98687270e+01 1.09016108e+01
 5.93993564e+01 1.09098143e+01
 6.03312428e+01 1.08875297e+01
 5.96737145e+01 1.08957332e+01
 5.94804640e+01 1.09039366e+01
 6.06682048e+01 1.09121401e+01
 5.99764486e+01 1.09178705e+01
 6.03734680e+01 1.09260740e+01
 6.02697774e+01 1.09342774e+01
 6.05397283e+01 1.09106755e+01
 6.08611593e+01 1.09188313e+01
 6.08085831e+01 1.09270348e+01
 6.09631486e+01 1.09376098e+01
 6.05844656e+01 1.09461836e+01
 6.13285409e+01 1.09543871e+01
 6.16853728e+01 1.09625905e+01
 6.09777969e+01 1.10348990e+01
 6.18939159e+01 1.10487584e+01
 6.10843074e+01 1.10569619e+01
 6.14351520e+01 1.10684865e+01
 6.27717763e+01 1.10783098e+01
 6.19200704e+01 1.10865132e+01
 6.23041444e+01 1.10947167e+01
 6.14927570e+01 1.11031260e+01
 6.24245087e+01 1.11113985e+01
 6.22605530e+01 1.11196020e+01
 6.28899632e+01 1.11177096e+01
 6.29982026e+01 1.11140379e+01
 6.21140578e+01 1.11222413e+01
 6.29654687e+01 1.11274017e+01
 6.30562091e+01 1.11213452e+01
 6.25202265e+01 1.11295487e+01
 6.42892086e+01 1.11377521e+01
 6.29321174e+01 1.11584671e+01
 6.29443120e+01 1.11970030e+01
 6.32389467e+01 1.12052065e+01
 6.35277418e+01 1.12131229e+01
 6.41716179e+01 1.12183173e+01
 6.36058718e+01 1.12265208e+01
 6.35395869e+01 1.12347242e+01
 6.33503798e+01 1.12424777e+01
 6.42806596e+01 1.12486571e+01
 6.47908128e+01 1.12568606e+01
 6.39589971e+01 1.12650283e+01
 6.39126239e+01 1.12718965e+01
 6.47720354e+01 1.12800999e+01
 6.41026328e+01 1.12883034e+01
 6.53881771e+01 1.12566848e+01
 6.47729223e+01 1.12648882e+01
 6.44958051e+01 1.12730917e+01
 6.57483554e+01 1.12812951e+01
 6.49387511e+01 1.12894986e+01
 6.52214046e+01 1.12977020e+01
 6.51058712e+01 1.13059055e+01
 6.51195667e+01 1.14041899e+01
 6.57355752e+01 1.14123934e+01
 6.57014140e+01 1.14205968e+01
 6.59653107e+01 1.14288003e+01
 6.53514118e+01 1.14309597e+01
 6.59297479e+01 1.14391632e+01
 6.65028713e+01 1.14473666e+01
 6.58849291e+01 1.14596950e+01
 6.65058014e+01 1.14678985e+01
 6.64554970e+01 1.14761019e+01
 6.57210330e+01 1.14843054e+01
 6.72146163e+01 1.14941538e+01
 6.67138854e+01 1.15023573e+01
 6.65668574e+01 1.15105607e+01
 6.74661048e+01 1.14805613e+01
 6.63472494e+01 1.14882426e+01
 6.72285506e+01 1.14964461e+01
 6.80139579e+01 1.15013026e+01
 6.63034487e+01 1.15087339e+01
 6.73781336e+01 1.15169374e+01
 6.73899186e+01 1.15251408e+01
 6.72827879e+01 1.15306999e+01
 6.85341519e+01 1.15385257e+01
 6.70498579e+01 1.15467292e+01
 6.74592331e+01 1.15536048e+01
 6.89911561e+01 1.15609431e+01
 6.80038701e+01 1.15691465e+01
 6.82113218e+01 1.15773500e+01
 6.79884066e+01 1.16115413e+01
 6.75792141e+01 1.16316528e+01
 6.91278839e+01 1.16398563e+01
 6.82475405e+01 1.16501408e+01
 6.79640303e+01 1.16617592e+01
 6.93721431e+01 1.16699626e+01
 6.83615842e+01 1.16736273e+01
 6.88286214e+01 1.16465475e+01
 6.92145217e+01 1.16547510e+01
 6.83766697e+01 1.16629544e+01
 6.92610511e+01 1.16710611e+01
 6.91520999e+01 1.16788073e+01
 6.88784081e+01 1.16870108e+01
 6.97079301e+01 1.16955951e+01
 6.92347945e+01 1.17429646e+01
 6.91260996e+01 1.17511681e+01
 6.98726644e+01 1.17593715e+01
 6.95466678e+01 1.17676144e+01
 7.00469847e+01 1.17768814e+01
 6.97723505e+01 1.17850849e+01
 6.91122328e+01 1.17932883e+01
 7.00794577e+01 1.17633148e+01
 7.01273294e+01 1.17715182e+01
 7.01766724e+01 1.17797217e+01
 7.04171998e+01 1.17857418e+01
 6.98360699e+01 1.17939355e+01
 7.04975847e+01 1.18021390e+01
 7.11158839e+01 1.18103424e+01
 6.99869670e+01 1.18635829e+01
 7.07615093e+01 1.18717863e+01
 7.09042258e+01 1.18799898e+01
 7.06635816e+01 1.19008588e+01
 7.18917270e+01 1.19104037e+01
 7.02640157e+01 1.19186071e+01
 7.05259651e+01 1.19268106e+01
 7.22755300e+01 1.19791091e+01
 7.13359478e+01 1.19893575e+01
 7.14761072e+01 1.19975609e+01
 7.13948684e+01 1.19794076e+01
 7.06961997e+01 1.19782648e+01
 7.22378844e+01 1.19864682e+01
 7.16477953e+01 1.19781812e+01
 7.14198374e+01 1.19649721e+01
 7.21911782e+01 1.19731756e+01
 7.11590160e+01 1.19813790e+01
 7.22875017e+01 1.20461220e+01
 7.29748403e+01 1.21068209e+01
 7.13470843e+01 1.21150244e+01
 7.22795271e+01 1.21232884e+01
 7.25628103e+01 1.21317052e+01
 7.19824061e+01 1.21399087e+01
 7.32524044e+01 1.21481121e+01
 7.21519085e+01 1.21538453e+01
 7.21568268e+01 1.21562760e+01
 7.34326458e+01 1.21644795e+01
 7.26434847e+01 1.21726598e+01
 7.30775737e+01 1.21806124e+01
 7.27455010e+01 1.21888158e+01
 7.20566842e+01 1.21970193e+01
 7.35112549e+01 1.21990619e+01
 7.36055315e+01 1.21807442e+01
 7.23712805e+01 1.21889476e+01
 7.31362330e+01 1.21972309e+01
 7.30877234e+01 1.22081025e+01
 7.37036066e+01 1.22163059e+01
 7.36123054e+01 1.22245094e+01
 7.32485351e+01 1.22360088e+01
 7.33581629e+01 1.22442123e+01
 7.36290213e+01 1.22524157e+01
 7.45969709e+01 1.22606151e+01
 7.38591973e+01 1.22666236e+01
 7.36235448e+01 1.22748271e+01
 7.42987282e+01 1.22830305e+01
 7.37937624e+01 1.23733509e+01
 7.42955154e+01 1.23815544e+01
 7.45297957e+01 1.23897578e+01
 7.34378957e+01 1.23979613e+01
 7.50137673e+01 1.24091867e+01
 7.42425624e+01 1.24173902e+01
 7.37790851e+01 1.24255936e+01
 7.54979371e+01 1.23887541e+01
 7.43327862e+01 1.23969575e+01
 7.44623070e+01 1.24051610e+01
 7.56675206e+01 1.24133644e+01
 7.41402106e+01 1.24248639e+01
 7.48463776e+01 1.24330673e+01
 7.54192092e+01 1.24412707e+01
 7.46016325e+01 1.24045523e+01
 7.55086491e+01 1.24126406e+01
 7.49938186e+01 1.24208441e+01
 7.48080871e+01 1.24273790e+01
 7.55555161e+01 1.24353260e+01
 7.53631901e+01 1.24435294e+01
 7.52049519e+01 1.24517329e+01
 7.50968167e+01 1.24976035e+01
 7.59612461e+01 1.25090638e+01
 7.56006315e+01 1.25172672e+01
 7.52104749e+01 1.25254706e+01
 7.58048154e+01 1.25336741e+01
 7.51593751e+01 1.25418775e+01
 7.61021650e+01 1.25500810e+01
 7.64999506e+01 1.25329123e+01
 7.52369566e+01 1.25327039e+01
 7.65574328e+01 1.25409073e+01
 7.59495701e+01 1.25487413e+01
 7.59478501e+01 1.25564922e+01
 7.67294244e+01 1.25646957e+01
 7.55218954e+01 1.25850925e+01
 7.60289229e+01 1.26593756e+01
 7.64104958e+01 1.26675790e+01
 7.68774490e+01 1.26757824e+01
 7.64549486e+01 1.26841690e+01
 7.60189167e+01 1.26930113e+01
 7.66721917e+01 1.27012148e+01
 7.65975792e+01 1.27084289e+01
 7.68325948e+01 1.26802737e+01
 7.68473709e+01 1.26884771e+01
 7.60183254e+01 1.26966806e+01
 7.76442276e+01 1.27049704e+01
 7.70463823e+01 1.27144585e+01
 7.66578967e+01 1.27226619e+01
 7.75658595e+01 1.27308653e+01
 7.67212498e+01 1.27819128e+01
 7.74069362e+01 1.27901162e+01
 7.74225042e+01 1.27983197e+01
 7.73682407e+01 1.28024041e+01
 7.74606748e+01 1.28106076e+01
 7.71967075e+01 1.28188110e+01
 7.84821036e+01 1.28270145e+01
 7.70380061e+01 1.28341149e+01
 7.78039774e+01 1.28423184e+01
 7.80845553e+01 1.28505218e+01
 7.70038493e+01 1.28396702e+01
 7.86868467e+01 1.28466097e+01
 7.74156232e+01 1.28548131e+01
 7.76974327e+01 1.28630166e+01
 7.89118148e+01 1.28540990e+01
 7.78298315e+01 1.28618465e+01
 7.74809611e+01 1.28700499e+01
 7.77294933e+01 1.29612115e+01
 7.84720433e+01 1.29930118e+01
 7.82105939e+01 1.30012153e+01
 7.84291484e+01 1.30079672e+01
 7.86336799e+01 1.30146062e+01
 7.73787731e+01 1.30228096e+01
 7.91083907e+01 1.30310130e+01
 7.86370260e+01 1.30027667e+01
 7.80896969e+01 1.29828799e+01
 7.89267737e+01 1.29910834e+01
 7.83753833e+01 1.29981375e+01
 7.88825432e+01 1.30030973e+01
 7.91037173e+01 1.30113007e+01
 7.82923086e+01 1.30195042e+01
 7.85071013e+01 1.30134373e+01
 7.87165769e+01 1.29952611e+01
 7.98725727e+01 1.30034645e+01
 7.82237067e+01 1.30118521e+01
 7.88036068e+01 1.30217964e+01
 7.96595942e+01 1.30299998e+01
 7.84407737e+01 1.30382033e+01
 7.97980362e+01 1.30060367e+01
 7.93883506e+01 1.30142402e+01
 7.90473944e+01 1.30224436e+01
 7.94686837e+01 1.30306471e+01
 7.93007797e+01 1.30388505e+01
 7.95237564e+01 1.30470540e+01
 7.89667144e+01 1.30552574e+01
 8.01470021e+01 1.31019059e+01
 8.00024615e+01 1.31101093e+01
 7.92247045e+01 1.31183127e+01
 8.02223495e+01 1.31265150e+01
 7.92944148e+01 1.31325256e+01
 7.97556761e+01 1.31407291e+01
 8.05931953e+01 1.31489325e+01
 7.88489632e+01 1.30612860e+01
 7.98930800e+01 1.30694894e+01
 7.99329610e+01 1.30776929e+01
 7.98435777e+01 1.30858963e+01
 8.03271149e+01 1.30913518e+01
 8.02825823e+01 1.30995552e+01
 8.07396993e+01 1.31077586e+01
 7.97506413e+01 1.31200811e+01
 8.09016561e+01 1.31282845e+01
 8.03207422e+01 1.31364880e+01
 7.93596579e+01 1.31420956e+01
 8.11524917e+01 1.31501529e+01
 8.07943367e+01 1.31583563e+01
 8.04222333e+01 1.31665598e+01
 8.05776258e+01 1.31343130e+01
 8.03992183e+01 1.31423167e+01
 8.11311250e+01 1.31505201e+01
 8.06366014e+01 1.31606422e+01
 8.13818228e+01 1.31691260e+01
 8.01507981e+01 1.31773294e+01
 8.07238611e+01 1.31855329e+01
 8.14334442e+01 1.32265110e+01
 7.98798636e+01 1.32373688e+01
 8.11973252e+01 1.32455722e+01
 8.16207968e+01 1.32548982e+01
 8.10977034e+01 1.32636241e+01
 8.10590255e+01 1.32718276e+01
 8.08538906e+01 1.32235743e+01
 8.18534910e+01 1.31377385e+01
 8.03857411e+01 1.31459419e+01
 8.18838344e+01 1.31541453e+01
 8.10859916e+01 1.31632275e+01
 8.07289535e+01 1.31724722e+01
 8.22316126e+01 1.31806757e+01
 8.17603293e+01 1.31882658e+01
 8.18027428e+01 1.31935116e+01
 8.11474121e+01 1.32017150e+01
 8.22241378e+01 1.32099185e+01
 8.17700753e+01 1.32184520e+01
 8.15775301e+01 1.32276964e+01
 8.20906592e+01 1.32358998e+01
 8.13667403e+01 1.32440676e+01
 8.20669706e+01 1.32470947e+01
 8.19405033e+01 1.32422076e+01
 8.22014820e+01 1.32306374e+01
 8.18755102e+01 1.32136154e+01
 8.23241303e+01 1.31923727e+01
 8.28291149e+01 1.31681405e+01
 8.11249883e+01 1.31421498e+01
 8.28895910e+01 1.31156319e+01
 8.22065163e+01 1.30898179e+01
 8.21724798e+01 1.30659390e+01
 8.32376562e+01 1.30452264e+01
 8.13803973e+01 1.30289111e+01
 8.27183732e+01 1.30182244e+01
 8.21304558e+01 1.30143974e+01
 8.34183393e+01 1.30186469e+01
 8.20726510e+01 1.30268504e+01
 8.21439812e+01 1.30350538e+01
 8.37571034e+01 1.30419471e+01
 8.22951275e+01 1.30442048e+01
 8.29360352e+01 1.30430275e+01
 8.28525421e+01 1.30399257e+01
 8.29405684e+01 1.30364103e+01
 8.27012239e+01 1.30339919e+01
 8.29379810e+01 1.30341813e+01
 8.31739235e+01 1.30384890e+01
 8.20851963e+01 1.30465378e+01
 8.34726071e+01 1.30547413e+01
 8.29104783e+01 1.30662559e+01
 8.22216285e+01 1.30777412e+01
 8.27574815e+01 1.30859446e+01
 8.35694705e+01 1.30941481e+01
 8.36006469e+01 1.30293517e+01
 8.27199887e+01 1.29858740e+01
 8.39002527e+01 1.29940774e+01
 8.28094002e+01 1.29996945e+01
 8.36006410e+01 1.30008693e+01
 8.35743170e+01 1.30090727e+01
 8.33011553e+01 1.30216490e+01
 8.26505195e+01 1.31166576e+01
 8.31818633e+01 1.31248611e+01
 8.42963991e+01 1.31330645e+01
 8.23429498e+01 1.31413194e+01
 8.35469418e+01 1.31500254e+01
 8.38100519e+01 1.31582289e+01
 8.33924224e+01 1.31664323e+01
 8.32914194e+01 1.31276678e+01
 8.28690397e+01 1.31358712e+01
 8.43486328e+01 1.31440746e+01
 8.32613446e+01 1.31523208e+01
 8.43540086e+01 1.31635035e+01
 8.40398345e+01 1.31717070e+01
 8.31843309e+01 1.31799104e+01
 8.46924590e+01 1.29609899e+01
 8.37894150e+01 1.29691933e+01
 8.42493618e+01 1.29773968e+01
 8.39550431e+01 1.29856002e+01
 8.44632997e+01 1.29957287e+01
 8.45874191e+01 1.30039321e+01
 8.32552247e+01 1.30121356e+01
 8.47957153e+01 1.30434060e+01
 8.39483338e+01 1.30516094e+01
 8.46629899e+01 1.30598129e+01
 8.48931046e+01 1.30715304e+01
 8.41079444e+01 1.30797908e+01
 8.46368759e+01 1.30879942e+01
 8.37151895e+01 1.30961977e+01
 8.53594659e+01 1.30860011e+01
 8.38169234e+01 1.30942046e+01
 8.37797844e+01 1.31024080e+01
 8.53788090e+01 1.31059756e+01
 8.41313320e+01 1.31138729e+01
 8.46050163e+01 1.31220763e+01
 8.36906157e+01 1.31302798e+01
 8.46188078e+01 1.30551144e+01
 8.43136065e+01 1.30626447e+01
 8.44449172e+01 1.30708481e+01
 8.50663956e+01 1.30761979e+01
 8.37595201e+01 1.30839650e+01
 8.52144835e+01 1.30921685e+01
 8.44151750e+01 1.31003719e+01
 8.41848656e+01 1.29985845e+01
 8.40160046e+01 1.30008768e+01
 8.53405282e+01 1.30090803e+01
 8.57157190e+01 1.30158922e+01
 8.41496243e+01 1.30235681e+01
 8.52838640e+01 1.30317716e+01
 8.46188113e+01 1.30455183e+01
 8.57499004e+01 1.30613575e+01
 8.49959314e+01 1.30695609e+01
 8.53175186e+01 1.30777644e+01
 8.51934742e+01 1.30861089e+01
 8.48535581e+01 1.30944513e+01
 8.55706056e+01 1.31026547e+01
 8.45347130e+01 1.31115460e+01
 8.53625354e+01 1.31223516e+01
 8.54441917e+01 1.31305550e+01
 8.63833614e+01 1.31387585e+01
 8.47597076e+01 1.31414625e+01
 8.50467575e+01 1.31356684e+01
 8.63540061e+01 1.31438718e+01
 8.57005259e+01 1.31505551e+01
 8.58621681e+01 1.31325387e+01
 8.49274739e+01 1.31407422e+01
 8.60903546e+01 1.31489456e+01
 8.52163241e+01 1.31772001e+01
 8.61420317e+01 1.31854035e+01
 8.60023523e+01 1.31936070e+01
 8.53628239e+01 1.32018104e+01
 8.67697721e+01 1.32322588e+01
 8.57332225e+01 1.32404623e+01
 8.58732840e+01 1.32486657e+01
 8.50604314e+01 1.32181442e+01
 8.68100140e+01 1.32263476e+01
 8.61940561e+01 1.32345511e+01
 8.54758343e+01 1.32427545e+01
 8.55149009e+01 1.32517860e+01
 8.54837030e+01 1.32599894e+01
 8.66529745e+01 1.32681929e+01
 8.54083943e+01 1.32139155e+01
 8.68667382e+01 1.32200597e+01
 8.55721029e+01 1.32282632e+01
 8.61540580e+01 1.32364666e+01
 8.60516211e+01 1.32446701e+01
 8.52853385e+01 1.32528735e+01
 8.64439948e+01 1.32610770e+01
 8.57521913e+01 1.31981300e+01
 8.75683859e+01 1.31920709e+01
 8.55597475e+01 1.32002743e+01
 8.60683975e+01 1.32057675e+01
 8.64577381e+01 1.32117402e+01
 8.71812522e+01 1.32199436e+01
 8.65701237e+01 1.32281471e+01
 8.57194650e+01 1.32362640e+01
 8.74372500e+01 1.32437233e+01
 8.55909231e+01 1.32504830e+01
 8.69312910e+01 1.32566192e+01
 8.62469206e+01 1.32622079e+01
 8.70138706e+01 1.32673252e+01
 8.60108549e+01 1.32720470e+01
 8.66945668e+01 1.32764494e+01
 8.67254742e+01 1.32806084e+01
 8.53689319e+01 1.32845999e+01
 8.75607045e+01 1.32885001e+01
 8.65946976e+01 1.32923850e+01
 8.68857625e+01 1.32963304e+01
 8.55229516e+01 1.33004126e+01
 8.70059965e+01 1.33047074e+01
 8.71022870e+01 1.33092910e+01
 8.58709794e+01 1.33142392e+01
 8.73848311e+01 1.33196282e+01
 8.67032737e+01 1.33255339e+01
 8.74042237e+01 1.33320324e+01
 8.58803324e+01 1.33391997e+01
 8.69046684e+01 1.33471049e+01
 8.68422348e+01 1.33553083e+01
 8.64570495e+01 1.33635118e+01
 8.77328396e+01 1.33700647e+01
 8.63841735e+01 1.33782677e+01
 8.71447055e+01 1.33864711e+01
 8.66433830e+01 1.33946746e+01
 8.78542165e+01 1.31727320e+01
 8.64333155e+01 1.31809355e+01
 8.63887874e+01 1.31891389e+01
 8.80723242e+01 1.31949273e+01
 8.70734137e+01 1.32030788e+01
 8.73759428e+01 1.32112823e+01
 8.63533933e+01 1.32194857e+01
 8.77326861e+01 1.31343121e+01
 8.68527531e+01 1.31425156e+01
 8.71088872e+01 1.31507190e+01
 8.71203358e+01 1.31540730e+01
 8.72104801e+01 1.31619049e+01
 8.78707827e+01 1.31701084e+01
 8.66344419e+01 1.31783118e+01
 8.77158817e+01 1.30831159e+01
 8.63604986e+01 1.30900827e+01
 8.76056543e+01 1.30982862e+01
 8.75984224e+01 1.31064896e+01
 8.64317829e+01 1.31146930e+01
 8.76486026e+01 1.31228965e+01
 8.74932561e+01 1.28192578e+01
 8.86567854e+01 1.26405674e+01
 8.65104365e+01 1.26487708e+01
 8.76397216e+01 1.26569743e+01
 8.80897901e+01 1.26653846e+01
 8.71989055e+01 1.26736552e+01
 8.79415571e+01 1.26818586e+01
 8.72645797e+01 1.28885732e+01
 8.82208251e+01 1.31354835e+01
 8.70234369e+01 1.31436870e+01
 8.80604597e+01 1.31518904e+01
 8.71979542e+01 1.31379866e+01
 8.78797204e+01 1.31290233e+01
 8.75816266e+01 1.31372267e+01
 8.80216902e+01 1.31208716e+01
 8.75938885e+01 1.30591606e+01
 8.66689509e+01 1.30673641e+01
 8.86108332e+01 1.30755675e+01
 8.74257914e+01 1.31117311e+01
 8.78985102e+01 1.31749144e+01
 8.68267590e+01 1.31831179e+01
 8.85826642e+01 1.31959706e+01
 8.77124230e+01 1.32530797e+01
 8.74893254e+01 1.32612832e+01
 8.77206570e+01 1.32694866e+01
 8.81195403e+01 1.31368021e+01
 8.85105514e+01 1.31450055e+01
 8.72835466e+01 1.31532090e+01
 8.86711191e+01 1.31614056e+01
 8.73068024e+01 1.31668679e+01
 8.83559078e+01 1.31750713e+01
 8.82080210e+01 1.31832748e+01
 8.84234356e+01 1.32950182e+01
 8.75306754e+01 1.33032217e+01
 8.79932148e+01 1.33114251e+01
 8.88437427e+01 1.33196285e+01
 8.73939955e+01 1.33311280e+01
 8.84193401e+01 1.33393314e+01
 8.82193461e+01 1.33475349e+01
 8.90558230e+01 1.33727531e+01
 8.71363948e+01 1.34498723e+01
 8.80023197e+01 1.35643813e+01
 8.87161843e+01 1.36994243e+01
 8.77338399e+01 1.38381454e+01
 8.81880799e+01 1.39636886e+01
 8.78140985e+01 1.40591981e+01
 8.88338814e+01 1.41078178e+01
 8.74122700e+01 1.41170169e+01
 8.85173888e+01 1.41252203e+01
 8.77676246e+01 1.41394222e+01
 8.84916823e+01 1.41515102e+01
 8.83185170e+01 1.41597137e+01
 8.87759486e+01 1.41679171e+01
 8.84772500e+01 1.41766505e+01
 8.76174615e+01 1.41886665e+01
 8.92172247e+01 1.42032981e+01
 8.84156950e+01 1.42192800e+01
 8.88997489e+01 1.42353468e+01
 8.77456162e+01 1.42502333e+01
 8.93018202e+01 1.42626741e+01
 8.85302404e+01 1.42717217e+01
 8.80009967e+01 1.42799251e+01
 8.87288842e+01 1.42881286e+01
 8.89474891e+01 1.42968334e+01
 8.90297472e+01 1.43075575e+01
 8.78097463e+01 1.43157609e+01
 8.90588567e+01 1.43220798e+01
 8.80872287e+01 1.40753848e+01
 8.83804996e+01 1.40835883e+01
 8.85891122e+01 1.40917917e+01
 8.88509156e+01 1.40999605e+01
 8.81316064e+01 1.41070956e+01
 8.85252422e+01 1.41152990e+01
 8.90407162e+01 1.41235025e+01
 8.81471863e+01 1.40490399e+01
 8.90955839e+01 1.40572434e+01
 8.90065844e+01 1.40654468e+01
 9.00323820e+01 1.40670646e+01
 8.84473028e+01 1.40752677e+01
 8.89646193e+01 1.40834712e+01
 8.97522421e+01 1.40916746e+01
 8.86757779e+01 1.40877900e+01
 8.89153368e+01 1.40959935e+01
 8.82525319e+01 1.41041969e+01
 9.01481824e+01 1.41094464e+01
 8.82558336e+01 1.41175818e+01
 8.89652791e+01 1.41257853e+01
 8.88568010e+01 1.41339887e+01
 8.85083737e+01 1.41559489e+01
 8.89851828e+01 1.42136327e+01
 8.87740117e+01 1.42946568e+01
 8.96631611e+01 1.43855926e+01
 8.81875807e+01 1.44730114e+01
 8.99858311e+01 1.45434843e+01
 8.93184427e+01 1.45835829e+01
 8.94612092e+01 1.45934483e+01
 8.84543372e+01 1.46016517e+01
 8.90836375e+01 1.46098552e+01
 8.96265418e+01 1.46196929e+01
 8.79566257e+01 1.46281811e+01
 8.91741453e+01 1.46363845e+01
 8.89098104e+01 1.45953095e+01
 8.99559161e+01 1.45734224e+01
 8.79899600e+01 1.45816259e+01
 8.93125701e+01 1.45898293e+01
 8.93111031e+01 1.45749308e+01
 8.89058194e+01 1.45754802e+01
 8.95215720e+01 1.45836836e+01
 8.90492773e+01 1.45563457e+01
 9.03024248e+01 1.45281355e+01
 8.89073039e+01 1.45363390e+01
 9.02943167e+01 1.45445424e+01
 8.88749669e+01 1.45555282e+01
 8.90426114e+01 1.45656163e+01
 8.89364337e+01 1.45738198e+01
 8.98238379e+01 1.45817047e+01
 8.93686737e+01 1.45891297e+01
 8.87196611e+01 1.45973331e+01
 9.03570817e+01 1.45984348e+01
 8.89614832e+01 1.44959200e+01
 8.94602093e+01 1.45041234e+01
 8.84617273e+01 1.45123269e+01
 9.04785466e+01 1.45206577e+01
 8.97013223e+01 1.45298308e+01
 8.93511409e+01 1.45380342e+01
 8.88437385e+01 1.45462354e+01
 8.98612942e+01 1.45113231e+01
 9.01310711e+01 1.45195266e+01
 8.89471576e+01 1.45277300e+01
 8.96308069e+01 1.45359931e+01
 8.96312634e+01 1.45499059e+01
 9.01576342e+01 1.45581093e+01
 8.85693156e+01 1.45663128e+01
 8.99144646e+01 1.45725912e+01
 8.90699219e+01 1.45807947e+01
 8.98754666e+01 1.45889981e+01
 9.00214539e+01 1.45985454e+01
 8.97644832e+01 1.46067820e+01
 8.93968904e+01 1.46149855e+01
 8.93707548e+01 1.46231889e+01
 9.06583429e+01 1.45799610e+01
 8.91763098e+01 1.45879608e+01
 9.00379714e+01 1.45961642e+01
 9.00661912e+01 1.46022712e+01
 9.06050216e+01 1.46101031e+01
 8.92270884e+01 1.46183066e+01
 8.94733501e+01 1.46265100e+01
 9.01991421e+01 1.42778174e+01
 9.01805222e+01 1.42490909e+01
 8.99195768e+01 1.42572944e+01
 8.91763500e+01 1.42638857e+01
 9.11112184e+01 1.42712283e+01
 8.96601556e+01 1.42794317e+01
 8.98124809e+01 1.42882969e+01
 8.92320039e+01 1.43065211e+01
 9.10449971e+01 1.43340693e+01
 8.99658756e+01 1.43674148e+01
 9.02787648e+01 1.44030306e+01
 9.05308857e+01 1.44373899e+01
 8.90707669e+01 1.44669659e+01
 9.02172406e+01 1.44882318e+01
 8.98171995e+01 1.44988167e+01
 9.06984076e+01 1.45070202e+01
 8.90748131e+01 1.45152236e+01
 9.08002371e+01 1.45236053e+01
 8.98845733e+01 1.45324535e+01
 9.00728748e+01 1.45406569e+01
 8.92959420e+01 1.45478290e+01
 9.08853975e+01 1.45188928e+01
 9.04579873e+01 1.45270963e+01
 8.96739434e+01 1.45352997e+01
 9.03590944e+01 1.45467992e+01
 8.99353166e+01 1.45550026e+01
 9.08466602e+01 1.45632061e+01
 8.89188418e+01 1.45714095e+01
 9.06611782e+01 1.47649890e+01
 9.01775618e+01 1.47731924e+01
 9.12085175e+01 1.47813958e+01
 8.91249576e+01 1.47898743e+01
 9.01780755e+01 1.47980777e+01
 9.02714336e+01 1.48062812e+01
 9.00892178e+01 1.48144846e+01
 9.04572865e+01 1.47191541e+01
 9.05350579e+01 1.47273575e+01
 9.07555157e+01 1.47355610e+01
 8.96726797e+01 1.47378926e+01
 9.14959442e+01 1.47459239e+01
 8.98155854e+01 1.47541273e+01
 9.00237772e+01 1.46868873e+01
 9.00984592e+01 1.46777062e+01
 9.13547161e+01 1.46859096e+01
 9.04228009e+01 1.46941131e+01
 8.97736190e+01 1.47050862e+01
 9.11736034e+01 1.47135420e+01
 9.00702858e+01 1.47217454e+01
 8.99180689e+01 1.46290324e+01
 8.96405632e+01 1.45967163e+01
 9.13185338e+01 1.46049198e+01
 9.03226570e+01 1.46131232e+01
 8.99206306e+01 1.45660438e+01
 9.06217553e+01 1.45636131e+01
 9.09803699e+01 1.45718165e+01
 9.09377866e+01 1.44630891e+01
 8.95900295e+01 1.43946104e+01
 9.09647518e+01 1.44028139e+01
 9.00793916e+01 1.44110173e+01
 9.00733880e+01 1.45055899e+01
 9.06193520e+01 1.45435932e+01
 9.04897667e+01 1.45517967e+01
 9.09074094e+01 1.46005932e+01
 9.03832602e+01 1.46511436e+01
 9.15886825e+01 1.46593470e+01
 8.99191980e+01 1.46675504e+01
 9.04277923e+01 1.46170328e+01
 9.00728551e+01 1.45916773e+01
 9.19066964e+01 1.45998808e+01
 8.99894327e+01 1.46070413e+01
 9.04819170e+01 1.46132717e+01
 9.18077177e+01 1.46214751e+01
 9.10420715e+01 1.46334043e+01
 9.06136985e+01 1.46782520e+01
 8.99640110e+01 1.46864555e+01
 9.18530885e+01 1.46946589e+01
 9.08143687e+01 1.47029031e+01
 9.09003141e+01 1.47113398e+01
 8.98043423e+01 1.47195432e+01
 9.17606036e+01 1.47271741e+01
 8.99826987e+01 1.46324111e+01
 9.04859118e+01 1.46406146e+01
 9.03329867e+01 1.46488180e+01
 9.18325458e+01 1.46570671e+01
 9.12576742e+01 1.46668759e+01
 9.08706446e+01 1.46750794e+01
 9.16524229e+01 1.46832828e+01
 9.02356792e+01 1.47030203e+01
 9.13950915e+01 1.47112237e+01
 9.04149305e+01 1.47194271e+01
 9.15636005e+01 1.47284361e+01
 9.02005972e+01 1.47366560e+01
 9.13007971e+01 1.47448595e+01
 9.04526441e+01 1.47530629e+01
 9.11857026e+01 1.47497664e+01
 9.01614599e+01 1.47579368e+01
 9.15218760e+01 1.47661403e+01
 9.15366112e+01 1.47724616e+01
 9.05924754e+01 1.47803472e+01
 9.04488147e+01 1.47885506e+01
 9.07160450e+01 1.47967541e+01
 9.20089841e+01 1.47321345e+01
 9.00602265e+01 1.47332429e+01
 9.07838370e+01 1.47414464e+01
 9.13144013e+01 1.47507358e+01
 9.18276407e+01 1.47594993e+01
 9.01240936e+01 1.47677027e+01
 9.11613304e+01 1.47557023e+01
 9.16156365e+01 1.47267156e+01
 9.17395779e+01 1.47349191e+01
 9.10291347e+01 1.47431225e+01
 9.05857339e+01 1.47507286e+01
 9.19183750e+01 1.47581524e+01
 9.00343181e+01 1.47663558e+01
 9.11837333e+01 1.47672216e+01
 9.02709520e+01 1.47349777e+01
 9.20272349e+01 1.47431812e+01
 9.11925089e+01 1.47513846e+01
 9.20216040e+01 1.47587414e+01
 9.12002097e+01 1.47639475e+01
 9.06506191e+01 1.47721510e+01
 9.10937344e+01 1.47805081e+01
 9.16351301e+01 1.47945959e+01
 9.11508441e+01 1.48027993e+01
 9.04750335e+01 1.48110027e+01
 9.21240630e+01 1.48148132e+01
 9.06559644e+01 1.48230166e+01
 9.14460807e+01 1.48312201e+01
 9.02757893e+01 1.48394235e+01
 9.21995428e+01 1.47976420e+01
 9.10285271e+01 1.48058454e+01
 9.14669473e+01 1.48140489e+01
 9.08382539e+01 1.48230813e+01
 9.16918577e+01 1.48312848e+01
 9.12689749e+01 1.48394882e+01
 9.05815913e+01 1.48476917e+01
 9.08335121e+01 1.47089641e+01
 9.07942400e+01 1.47171675e+01
 9.20519243e+01 1.47253710e+01
 9.04610908e+01 1.47330395e+01
 9.20813898e+01 1.47412289e+01
 9.11876114e+01 1.47494323e+01
 9.11761401e+01 1.47952101e+01
 9.10127129e+01 1.48116992e+01
 9.11568912e+01 1.48199027e+01
 9.13794553e+01 1.48281061e+01
 9.09044685e+01 1.48216371e+01
 9.19910007e+01 1.48285870e+01
 9.14580731e+01 1.48367904e+01
 9.18000136e+01 1.48243976e+01
 9.06259400e+01 1.48246343e+01
 9.20478676e+01 1.48328378e+01
 9.08621782e+01 1.48410412e+01
 9.05708252e+01 1.48557413e+01
 9.16137029e+01 1.48651371e+01
 9.17916111e+01 1.48733406e+01
 9.17841219e+01 1.48780161e+01
 9.05541792e+01 1.48839835e+01
 9.23157146e+01 1.48921869e+01
 9.13684539e+01 1.49003904e+01
 9.13744831e+01 1.49123043e+01
 9.02101741e+01 1.49217392e+01
 9.17255542e+01 1.49299427e+01
 9.14196970e+01 1.49366420e+01
 9.07898190e+01 1.49433276e+01
 9.16046325e+01 1.49515310e+01
 9.16545080e+01 1.49542795e+01
 9.23360886e+01 1.49456929e+01
 9.07038038e+01 1.49538964e+01
 9.21928357e+01 1.49620998e+01
 9.09496157e+01 1.49701067e+01
 9.14212850e+01 1.49779587e+01
 9.09459655e+01 1.49861621e+01
 9.22145622e+01 1.49896756e+01
 9.11843921e+01 1.49580800e+01
 9.15122651e+01 1.49662835e+01
 9.14204614e+01 1.49744869e+01
 9.08879051e+01 1.49812058e+01
 9.17072005e+01 1.49823758e+01
 9.11885012e+01 1.49905793e+01
 9.24369293e+01 1.49983002e+01
 9.10823503e+01 1.49564542e+01
 9.19026679e+01 1.49646576e+01
 9.13905506e+01 1.49728611e+01
 9.27038816e+01 1.49846345e+01
 9.10870491e+01 1.49928379e+01
 9.10363239e+01 1.50010414e+01
 9.19881668e+01 1.50092448e+01
 9.22941278e+01 1.49669153e+01
 9.11178563e+01 1.49751187e+01
 9.08547437e+01 1.49833222e+01
 9.24440017e+01 1.49945341e+01
 9.16023560e+01 1.50027511e+01
 9.19765177e+01 1.50109545e+01
 9.09962859e+01 1.50191580e+01
 9.28327411e+01 1.48927924e+01
 9.14520921e+01 1.49009958e+01
 9.15549708e+01 1.49091993e+01
 9.07804965e+01 1.49158975e+01
 9.15306229e+01 1.49239552e+01
 9.18586975e+01 1.49321586e+01
 9.16915766e+01 1.49971459e+01
 9.21334150e+01 1.50345265e+01
 9.14263534e+01 1.50427300e+01
 9.20426958e+01 1.50509334e+01
 9.09997308e+01 1.50585303e+01
 9.23939526e+01 1.50665183e+01
 9.06256514e+01 1.50747218e+01
 9.22427286e+01 1.49995958e+01
 9.20083165e+01 1.48994336e+01
 9.24228797e+01 1.49076371e+01
 9.08030859e+01 1.49158405e+01
 9.19819832e+01 1.49248964e+01
 9.19587728e+01 1.49338924e+01
 9.20673045e+01 1.49420959e+01
 9.14385386e+01 1.49393749e+01
 9.16976181e+01 1.49090668e+01
 9.27861047e+01 1.49172702e+01
 9.07952916e+01 1.49256646e+01
 9.13490703e+01 1.49410921e+01
 9.14379744e+01 1.49492955e+01
 9.32081307e+01 1.49574990e+01
 9.07694173e+01 1.49617061e+01
 9.18566024e+01 1.49093659e+01
 9.23506669e+01 1.49175693e+01
 9.20656922e+01 1.49257728e+01
 9.08110683e+01 1.49328802e+01
 9.16071960e+01 1.49410837e+01
 9.25837499e+01 1.49492871e+01
 9.19099778e+01 1.49574838e+01
 9.20723395e+01 1.49264200e+01
 9.13565876e+01 1.49346234e+01
 9.25707903e+01 1.49428269e+01
 9.10237871e+01 1.49526813e+01
 9.16990232e+01 1.49608848e+01
 9.09483832e+01 1.49690882e+01
 9.25325264e+01 1.49752177e+01
 9.18290545e+01 1.49832961e+01
 9.25952837e+01 1.49914996e+01
 9.17020385e+01 1.49997030e+01
 9.13282475e+01 1.49917403e+01
 9.17069984e+01 1.49996349e+01
 9.16245208e+01 1.50078384e+01
 9.21360225e+01 1.49958547e+01
 9.06069201e+01 1.49998012e+01
 9.28654060e+01 1.50080047e+01
 9.23222213e+01 1.50162081e+01
 9.24231863e+01 1.50420717e+01
 9.10678157e+01 1.50518380e+01
 9.24310301e+01 1.50600415e+01
 9.18942451e+01 1.50790734e+01
 9.09650241e+01 1.50915514e+01
 9.18560724e+01 1.50997548e+01
 9.25543533e+01 1.51079583e+01
 9.32144865e+01 1.50676277e+01
 9.13636245e+01 1.50666921e+01
 9.22092546e+01 1.50748956e+01
 9.15303958e+01 1.50827660e+01
 9.24129948e+01 1.50907545e+01
 9.09027503e+01 1.50989579e+01
 9.18531793e+01 1.50948686e+01
 9.26313256e+01 1.50799358e+01
 9.24356050e+01 1.50881393e+01
 9.23711564e+01 1.50963427e+01
 9.18123960e+01 1.51033289e+01
 9.31383539e+01 1.51102816e+01
 9.13246653e+01 1.51184851e+01
 9.21170635e+01 1.51127065e+01
 9.11682087e+01 1.50769439e+01
 9.29352774e+01 1.50851474e+01
 9.20327096e+01 1.50933508e+01
 9.28130767e+01 1.51037682e+01
 9.23142389e+01 1.51157957e+01
 9.18367094e+01 1.51239992e+01
 9.26071910e+01 1.51365575e+01
 9.16151716e+01 1.51739161e+01
 9.21927471e+01 1.51821195e+01
 9.10161986e+01 1.51903230e+01
 9.30411592e+01 1.52003212e+01
 9.23154289e+01 1.52155158e+01
 9.26085491e+01 1.52237193e+01
 9.11970391e+01 1.52312244e+01
 9.27909963e+01 1.52016752e+01
 9.20609218e+01 1.52098786e+01
 9.12723129e+01 1.52180821e+01
 9.11200034e+01 1.52235435e+01
 9.27582231e+01 1.52317470e+01
 9.31452882e+01 1.52399504e+01
 9.16254040e+01 1.52481539e+01
 9.20564002e+01 1.52135133e+01
 9.20321153e+01 1.52217168e+01
 9.32214575e+01 1.52299202e+01
 9.07826050e+01 1.52425130e+01
 9.22662906e+01 1.52507201e+01
 9.23026008e+01 1.52589235e+01
 9.29083134e+01 1.52671270e+01
 9.10201890e+01 1.52552794e+01
 9.23907723e+01 1.52634829e+01
 9.24331593e+01 1.52716863e+01
 9.16731854e+01 1.52798898e+01
 9.25961110e+01 1.52880932e+01
 9.18052332e+01 1.52962967e+01
 9.28416885e+01 1.54048454e+01
 9.16067981e+01 1.54601835e+01
 9.25461444e+01 1.54683870e+01
 9.17583931e+01 1.54765904e+01
 9.32663123e+01 1.54854156e+01
 9.18484281e+01 1.54938193e+01
 9.34360808e+01 1.55020228e+01
 9.16724571e+01 1.54910873e+01
 9.21529333e+01 1.54764147e+01
 9.15962381e+01 1.54846181e+01
 9.30343159e+01 1.54928216e+01
 9.21854810e+01 1.55014791e+01
 9.21700150e+01 1.55100515e+01
 9.31767199e+01 1.55182549e+01
 9.27551983e+01 1.54996079e+01
 9.19911839e+01 1.54272778e+01
 9.12578120e+01 1.54354812e+01
 9.29501104e+01 1.54436635e+01
 9.19899778e+01 1.54513391e+01
 9.25178911e+01 1.54595426e+01
 9.16129183e+01 1.54677460e+01
 9.37048783e+01 1.54608719e+01
 9.26355896e+01 1.52963029e+01
 9.17370608e+01 1.53045064e+01
 9.19744522e+01 1.53127098e+01
 9.30089506e+01 1.53187142e+01
 9.26439050e+01 1.53269177e+01
 9.15844976e+01 1.53351211e+01
 9.27804085e+01 1.53433721e+01
 9.21727745e+01 1.53861340e+01
 9.28257498e+01 1.53943375e+01
 9.13871116e+01 1.54025409e+01
 9.31707117e+01 1.53750414e+01
 9.17226949e+01 1.53832448e+01
 9.32573532e+01 1.53914483e+01
 9.24966286e+01 1.53593401e+01
 9.27707227e+01 1.53655601e+01
 9.21457136e+01 1.53737636e+01
 9.25061524e+01 1.53819670e+01
 9.22790762e+01 1.53877270e+01
 9.28640496e+01 1.53959059e+01
 9.24333540e+01 1.54041094e+01
 9.23014307e+01 1.54139100e+01
 9.37187768e+01 1.54224353e+01
 9.16027481e+01 1.54306387e+01
 9.23029184e+01 1.54388422e+01
 9.22022610e+01 1.54082049e+01
 9.34651364e+01 1.54135081e+01
 9.17449096e+01 1.54217115e+01
 9.21445753e+01 1.54272873e+01
 9.27173935e+01 1.54345484e+01
 9.35767525e+01 1.54427518e+01
 9.25183876e+01 1.54432907e+01
 9.16453542e+01 1.54432267e+01
 9.34388220e+01 1.54514302e+01
 9.23536335e+01 1.54596336e+01
 9.20203257e+01 1.54669757e+01
 9.16046952e+01 1.54746695e+01
 9.33580449e+01 1.54828730e+01
 9.24044033e+01 1.54596022e+01
 9.23569106e+01 1.54135918e+01
 9.25810079e+01 1.54217953e+01
 9.28881250e+01 1.54299987e+01
 9.29180820e+01 1.54362250e+01
 9.14878154e+01 1.54425616e+01
 9.27732461e+01 1.54507651e+01
 9.21056414e+01 1.53817451e+01
 9.35180501e+01 1.51700190e+01
 9.16813124e+01 1.51782224e+01
 9.32618271e+01 1.51864259e+01
 9.23100897e+01 1.51937498e+01
 9.28820571e+01 1.52006328e+01
 9.17730253e+01 1.52088362e+01
 9.24880613e+01 1.52175743e+01
 9.27475302e+01 1.52433840e+01
 9.19352318e+01 1.52914849e+01
 9.29906492e+01 1.53583358e+01
 9.17011804e+01 1.54403952e+01
 9.30540839e+01 1.55341216e+01
 9.20535741e+01 1.56359736e+01
 9.38578142e+01 1.57424098e+01
 9.21766995e+01 1.58498888e+01
 9.23102100e+01 1.59548691e+01
 9.23873516e+01 1.60538094e+01
 9.36513584e+01 1.61431681e+01
 9.24032734e+01 1.62194039e+01
 9.19419049e+01 1.62789753e+01
 9.34424880e+01 1.63183409e+01
 9.28366094e+01 1.63345473e+01
 9.23953730e+01 1.63427508e+01
 9.19631759e+01 1.63509542e+01
 9.35479010e+01 1.63610767e+01
 9.27299573e+01 1.63692801e+01
 9.28637698e+01 1.63774836e+01
 9.13000047e+01 1.64276822e+01
 9.33469543e+01 1.64386595e+01
 9.24154516e+01 1.64468629e+01
 9.20142225e+01 1.64550663e+01
 9.24458717e+01 1.64621962e+01
 9.35289096e+01 1.64703712e+01
 9.29919506e+01 1.64785747e+01
 9.21582974e+01 1.63736092e+01
 9.32538363e+01 1.63497006e+01
 9.18948703e+01 1.63579040e+01
 9.32383480e+01 1.63661075e+01
 9.19168578e+01 1.63770985e+01
 9.37747041e+01 1.63858104e+01
 9.24594828e+01 1.63940138e+01
 9.35008240e+01 1.63662018e+01
 9.15800131e+01 1.63467037e+01
 9.33011183e+01 1.63549071e+01
 9.18905971e+01 1.63620312e+01
 9.31119290e+01 1.63671950e+01
 9.31367814e+01 1.63753985e+01
 9.35519824e+01 1.63836019e+01
 9.27192362e+01 1.63747498e+01
 9.27558987e+01 1.63497508e+01
 9.31488623e+01 1.63579543e+01
 9.19492837e+01 1.63663034e+01
 9.26246461e+01 1.63760122e+01
 9.30849820e+01 1.63842156e+01
 9.39411734e+01 1.63924190e+01
 9.25090049e+01 1.63897215e+01
 9.28476725e+01 1.63330269e+01
 9.23839119e+01 1.63412304e+01
 9.34373835e+01 1.63494807e+01
 9.18092739e+01 1.63746603e+01
 9.20568121e+01 1.63828637e+01
 9.38696125e+01 1.63910672e+01
 9.36991901e+01 1.64217946e+01
 9.25541161e+01 1.64299981e+01
 9.21843310e+01 1.64382015e+01
 9.33764005e+01 1.64464049e+01
 9.20429483e+01 1.64252234e+01
 9.27656730e+01 1.64334268e+01
 9.19716364e+01 1.64416303e+01
 9.44519231e+01 1.64234455e+01
 9.25921349e+01 1.64313942e+01
 9.31979758e+01 1.64395976e+01
 9.18328526e+01 1.64478011e+01
 9.32011266e+01 1.64549075e+01
 9.21760941e+01 1.64631110e+01
 9.26925365e+01 1.64713144e+01
 9.25327166e+01 1.64797607e+01
 9.36123803e+01 1.64879953e+01
 9.26478667e+01 1.64961987e+01
 9.27000670e+01 1.64767508e+01
 9.29547216e+01 1.64694876e+01
 9.20192572e+01 1.64776911e+01
 9.29325332e+01 1.64858945e+01
 9.27615580e+01 1.64934931e+01
 9.35399902e+01 1.65014794e+01
 9.26069636e+01 1.65096829e+01
 9.34070072e+01 1.64927558e+01
 9.24364489e+01 1.64733578e+01
 9.24207309e+01 1.64815612e+01
 9.20485985e+01 1.64897646e+01
 9.23679493e+01 1.65008797e+01
 9.36689918e+01 1.65108385e+01
 9.28267457e+01 1.65190420e+01
 9.31744816e+01 1.65428948e+01
 9.27478474e+01 1.65785669e+01
 9.40410649e+01 1.65867703e+01
 9.18141613e+01 1.65949738e+01
 9.29398575e+01 1.66030370e+01
 9.24360438e+01 1.66111057e+01
 9.36678798e+01 1.66193091e+01
 9.23346830e+01 1.65790972e+01
 9.25084727e+01 1.64464960e+01
 9.34765978e+01 1.64546994e+01
 9.32473222e+01 1.64628559e+01
 9.32085755e+01 1.64702833e+01
 9.22890596e+01 1.64784868e+01
 9.46522118e+01 1.64866902e+01
 9.27336040e+01 1.64465731e+01
 9.27911282e+01 1.61622721e+01
 9.22514626e+01 1.61704756e+01
 9.40279006e+01 1.61787292e+01
 9.26021198e+01 1.61915495e+01
 9.26702574e+01 1.61997529e+01
 9.29414199e+01 1.62079563e+01
 9.31553067e+01 1.62069800e+01
 9.29695199e+01 1.60562902e+01
 9.23511695e+01 1.60644937e+01
 9.32425087e+01 1.60726971e+01
 9.23096808e+01 1.60754046e+01
 9.38413890e+01 1.60836080e+01
 9.20992778e+01 1.60918115e+01
 9.36234312e+01 1.61000149e+01
 9.24663539e+01 1.60156644e+01
 9.33128431e+01 1.60238678e+01
 9.24535145e+01 1.60320712e+01
 9.36144889e+01 1.60413777e+01
 9.24342389e+01 1.60495811e+01
 9.33593289e+01 1.60577846e+01
 9.39766437e+01 1.61052772e+01
 9.26979516e+01 1.61164865e+01
 9.25465009e+01 1.61246899e+01
 9.27038458e+01 1.61328934e+01
 9.37609868e+01 1.61416273e+01
 9.26552675e+01 1.61498483e+01
 9.35020050e+01 1.61580517e+01
 9.28537366e+01 1.61076918e+01
 9.43222360e+01 1.60978316e+01
 9.23518380e+01 1.61060350e+01
 9.27329628e+01 1.61142385e+01
 9.27719255e+01 1.61208431e+01
 9.38872884e+01 1.61287254e+01
 9.22226113e+01 1.61369288e+01
 9.30829170e+01 1.61130674e+01
 9.37145216e+01 1.60948397e+01
 9.31441270e+01 1.61030432e+01
 9.25585844e+01 1.61109746e+01
 9.27600865e+01 1.61183481e+01
 9.39856093e+01 1.61265515e+01
 9.28609507e+01 1.61347549e+01
 9.35056945e+01 1.61560914e+01
 9.24557181e+01 1.61918118e+01
 9.41796003e+01 1.62000153e+01
 9.25301191e+01 1.62051262e+01
 9.28620675e+01 1.61768742e+01
 9.23493850e+01 1.61850776e+01
 9.40453651e+01 1.61932811e+01
 9.32038415e+01 1.61948018e+01
 9.35603747e+01 1.61588810e+01
 9.28096374e+01 1.61670844e+01
 9.27810267e+01 1.61752586e+01
 9.30752743e+01 1.61565743e+01
 9.29872372e+01 1.61647777e+01
 9.34721331e+01 1.61729812e+01
 9.28581464e+01 1.61721246e+01
 9.41708120e+01 1.61803281e+01
 9.26841703e+01 1.61885315e+01
 9.37272716e+01 1.61967350e+01
 9.18868475e+01 1.62008134e+01
 9.37321151e+01 1.62090169e+01
 9.30143154e+01 1.62172203e+01
 9.34395457e+01 1.62254238e+01
 9.23962893e+01 1.62336272e+01
 9.38711915e+01 1.62418306e+01
 9.34477134e+01 1.62500341e+01
 9.24000232e+01 1.61968056e+01
 9.27356605e+01 1.62049230e+01
 9.34417217e+01 1.62131264e+01
 9.40552314e+01 1.62249243e+01
 9.22404160e+01 1.62336523e+01
 9.36302674e+01 1.62418558e+01
 9.31007654e+01 1.61910875e+01
 9.41133771e+01 1.61607677e+01
 9.22602570e+01 1.61689711e+01
 9.32358388e+01 1.61771745e+01
 9.31960393e+01 1.61865093e+01
 9.44402067e+01 1.61952324e+01
 9.24326888e+01 1.62034359e+01
 9.34740971e+01 1.62266725e+01
 9.37754454e+01 1.62555458e+01
 9.31687317e+01 1.62637492e+01
 9.25746213e+01 1.62719527e+01
 9.27839612e+01 1.62798443e+01
 9.38557614e+01 1.62878116e+01
 9.26472224e+01 1.62960150e+01
 9.37110453e+01 1.63027702e+01
 9.30794683e+01 1.63077489e+01
 9.40307906e+01 1.63159523e+01
 9.28181430e+01 1.63246179e+01
 9.35342448e+01 1.63370322e+01
 9.30353250e+01 1.63452357e+01
 9.32009298e+01 1.63534391e+01
 9.33453030e+01 1.63382242e+01
 9.30797094e+01 1.62572410e+01
 9.38011523e+01 1.62654445e+01
 9.26437286e+01 1.62736660e+01
 9.40909551e+01 1.62824054e+01
 9.28065052e+01 1.62906088e+01
 9.40140841e+01 1.62988122e+01
 9.23903288e+01 1.63075145e+01
 9.37351128e+01 1.63204341e+01
 9.30118672e+01 1.63286376e+01
 9.37192934e+01 1.63368414e+01
 9.29010430e+01 1.63455935e+01
 9.37683801e+01 1.63537969e+01
 9.43879845e+01 1.63620004e+01
 9.27720904e+01 1.63670155e+01
 9.27972982e+01 1.62745933e+01
 9.30611193e+01 1.62827967e+01
 9.40286392e+01 1.62910002e+01
 9.24953623e+01 1.62986556e+01
 9.39715208e+01 1.63068590e+01
 9.35050666e+01 1.63150625e+01
 9.44786636e+01 1.63867040e+01
 9.27276220e+01 1.63949124e+01
 9.31640783e+01 1.64031158e+01
 9.31370953e+01 1.64113193e+01
 9.38544765e+01 1.64230927e+01
 9.30724592e+01 1.64312962e+01
 9.31827933e+01 1.64394996e+01
 9.43787645e+01 1.63036545e+01
 9.31285896e+01 1.63026575e+01
 9.29580674e+01 1.63108609e+01
 9.23933610e+01 1.63190644e+01
 9.44178628e+01 1.63267333e+01
 9.30919999e+01 1.63349233e+01
 9.39130281e+01 1.63431267e+01
 9.31768420e+01 1.63863455e+01
 9.44982268e+01 1.64043026e+01
 9.28272927e+01 1.64125061e+01
 9.33755662e+01 1.64192423e+01
 9.26932346e+01 1.64258910e+01
 9.33870918e+01 1.64340944e+01
 9.36755139e+01 1.64422979e+01
 9.36231474e+01 1.63426801e+01
 9.34689212e+01 1.62692037e+01
 9.31818018e+01 1.62774072e+01
 9.32504264e+01 1.62601716e+01
 9.27977745e+01 1.61979691e+01
 9.36444194e+01 1.62061725e+01
 9.25031999e+01 1.62143760e+01
 9.43998375e+01 1.61008899e+01
 9.37231357e+01 1.58759509e+01
 9.35514795e+01 1.58841543e+01
 9.24086084e+01 1.58583878e+01
 9.38621261e+01 1.55251352e+01
 9.33436849e+01 1.55333386e+01
 9.38060795e+01 1.55415421e+01
 9.29632737e+01 1.52355635e+01
 9.39521423e+01 1.52437670e+01
 9.41331250e+01 1.52519704e+01
 9.25899624e+01 1.52595584e+01
 9.27724890e+01 1.50769573e+01
 9.33466456e+01 1.50851608e+01
 9.43638068e+01 1.50933642e+01
 9.28027207e+01 1.50927757e+01
 9.37932741e+01 1.51009791e+01
 9.32780751e+01 1.51091826e+01
 9.44458249e+01 1.51173860e+01
 9.20955923e+01 1.51297084e+01
 9.33591405e+01 1.51379119e+01
 9.33127957e+01 1.51461153e+01
 9.46532311e+01 1.51491633e+01
 9.27995332e+01 1.51573062e+01
 9.37327680e+01 1.51655097e+01
 9.37319104e+01 1.49297771e+01
 9.34481951e+01 1.48839356e+01
 9.23493564e+01 1.48921390e+01
 9.31525501e+01 1.49003425e+01
 9.42754857e+01 1.49112060e+01
 9.30250762e+01 1.49197713e+01
 9.37627291e+01 1.49279748e+01
 9.28751496e+01 1.49035208e+01
 9.41418067e+01 1.48911007e+01
 9.28081261e+01 1.48993041e+01
 9.34076094e+01 1.49075076e+01
 9.28762180e+01 1.49159009e+01
 9.46164084e+01 1.49241885e+01
 9.35297051e+01 1.49323919e+01
 9.38912147e+01 1.48802964e+01
 9.34721982e+01 1.47947328e+01
 9.28435039e+01 1.48029362e+01
 9.34366554e+01 1.48115875e+01
 9.33748285e+01 1.48223651e+01
 9.36448011e+01 1.48305686e+01
 9.22151587e+01 1.48387720e+01
 9.42124112e+01 1.48174541e+01
 9.34091135e+01 1.47505429e+01
 9.40203865e+01 1.47587464e+01
 9.23854019e+01 1.47672602e+01
 9.40477107e+01 1.47789983e+01
 9.33974579e+01 1.47872017e+01
 9.34424883e+01 1.47954052e+01
 9.25450495e+01 1.48035068e+01
 9.36185253e+01 1.48112570e+01
 9.37817967e+01 1.48194605e+01
 9.27911645e+01 1.48277449e+01
 9.37552127e+01 1.48388894e+01
 9.36680026e+01 1.48470928e+01
 9.42798350e+01 1.48552963e+01
 9.29372007e+01 1.48567977e+01
 9.36231825e+01 1.48052442e+01
 9.33904447e+01 1.48134476e+01
 9.37185021e+01 1.48216511e+01
 9.28028920e+01 1.48298545e+01
 9.28842069e+01 1.48380579e+01
 9.45534563e+01 1.48462614e+01
 9.36276648e+01 1.48044808e+01
 9.38984719e+01 1.48126843e+01
 9.28377090e+01 1.48208877e+01
 9.48776712e+01 1.48290912e+01
 9.31169899e+01 1.48403166e+01
 9.35021358e+01 1.48485201e+01
 9.25030101e+01 1.48567235e+01
 9.50897203e+01 1.48665720e+01
 9.35283873e+01 1.48747754e+01
 9.35582442e+01 1.48829789e+01
 9.32880221e+01 1.48911823e+01
 9.38323820e+01 1.48988377e+01
 9.33068217e+01 1.49070412e+01
 9.32931576e+01 1.49152446e+01
 9.36588213e+01 1.48095408e+01
 9.28287886e+01 1.48143845e+01
 9.41373118e+01 1.48225880e+01
 9.33206715e+01 1.48307914e+01
 9.40457697e+01 1.48444629e+01
 9.29153397e+01 1.48526883e+01
 9.33504117e+01 1.48608918e+01
 9.30385810e+01 1.48725930e+01
 9.41093066e+01 1.48814176e+01
 9.28454857e+01 1.48896211e+01
 9.38559236e+01 1.48914083e+01
 9.39875642e+01 1.48947680e+01
 9.33287211e+01 1.49029714e+01
 9.32135869e+01 1.49111749e+01
 9.35203384e+01 1.48996977e+01
 9.40459477e+01 1.48973748e+01
 9.35918925e+01 1.49055782e+01
 9.37940213e+01 1.49042171e+01
 9.34380885e+01 1.48931481e+01
 9.48603612e+01 1.49013516e+01
 9.23538585e+01 1.49095550e+01
 9.35054338e+01 1.49071034e+01
 9.32006242e+01 1.49001469e+01
 9.49056529e+01 1.49083503e+01
 9.24680091e+01 1.49048065e+01
 9.33276343e+01 1.48396182e+01
 9.36528138e+01 1.48478217e+01
 9.46587324e+01 1.48560267e+01
 9.26477621e+01 1.48650506e+01
 9.33891054e+01 1.48732540e+01
 9.40322201e+01 1.48814575e+01
 9.44766501e+01 1.48895690e+01
 9.33030388e+01 1.48929233e+01
 9.26985523e+01 1.49011268e+01
 9.43683002e+01 1.49093302e+01
 9.35534195e+01 1.49191787e+01
 9.34656551e+01 1.49273821e+01
 9.25795653e+01 1.49355856e+01
 9.44738476e+01 1.49437890e+01
 9.29635766e+01 1.49407335e+01
 9.37399644e+01 1.49489369e+01
 9.23335683e+01 1.49571404e+01
 9.41096738e+01 1.49730272e+01
 9.34770421e+01 1.49812363e+01
 9.37165716e+01 1.49894397e+01
 9.33832625e+01 1.49004024e+01
 9.40468600e+01 1.48943446e+01
 9.35738744e+01 1.49025480e+01
 9.33586887e+01 1.49107515e+01
 9.45305588e+01 1.49222562e+01
 9.30362856e+01 1.49307284e+01
 9.36241150e+01 1.49389318e+01
 9.29265153e+01 1.49153030e+01
 9.39990760e+01 1.49086507e+01
 9.31033687e+01 1.49168542e+01
 9.43252085e+01 1.49250576e+01
 9.30503751e+01 1.49336808e+01
 9.42215827e+01 1.49420185e+01
 9.26191436e+01 1.49502219e+01
 9.38063305e+01 1.49785068e+01
 9.35572281e+01 1.50105688e+01
 9.31968152e+01 1.50187723e+01
 9.30570850e+01 1.50267263e+01
 9.38589693e+01 1.50338032e+01
 9.46332116e+01 1.50420066e+01
 9.28337102e+01 1.50502101e+01
 9.32523925e+01 1.50105058e+01
 9.33507420e+01 1.48760190e+01
 9.46038625e+01 1.48842224e+01
 9.23407446e+01 1.48924885e+01
 9.38688616e+01 1.49020063e+01
 9.39692710e+01 1.49102097e+01
 9.46587755e+01 1.49184132e+01
 9.26051352e+01 1.49248403e+01
 9.31985956e+01 1.49213611e+01
 9.31250597e+01 1.49295645e+01
 9.32020558e+01 1.49377787e+01
 9.37221260e+01 1.49473424e+01
 9.31094745e+01 1.49555459e+01
 9.45696399e+01 1.49637493e+01
 9.34277799e+01 1.49851367e+01
 9.37568315e+01 1.49933402e+01
 9.28275485e+01 1.50015436e+01
 9.50945572e+01 1.50097471e+01
 9.30287417e+01 1.50171285e+01
 9.34541419e+01 1.50253320e+01
 9.32883125e+01 1.50335354e+01
 9.42097935e+01 1.49799469e+01
 9.36333751e+01 1.49881503e+01
 9.32474426e+01 1.49963538e+01
 9.39060428e+01 1.50045572e+01
 9.33822157e+01 1.50146796e+01
 9.37881982e+01 1.50228831e+01
 9.24960360e+01 1.50310865e+01
 9.40492481e+01 1.50546684e+01
 9.28295562e+01 1.50628774e+01
 9.43964019e+01 1.50710809e+01
 9.38019001e+01 1.50792843e+01
 9.40318557e+01 1.50894068e+01
 9.28686938e+01 1.50976102e+01
 9.35796285e+01 1.51058137e+01
 9.32558438e+01 1.50635758e+01
 9.32522149e+01 1.50686656e+01
 9.35569075e+01 1.50768690e+01
 9.33637393e+01 1.50745176e+01
 9.46207458e+01 1.50784469e+01
 9.32415668e+01 1.50866503e+01
 9.31844295e+01 1.50948538e+01
 9.30412235e+01 1.50750198e+01
 9.40456163e+01 1.50755577e+01
 9.27720428e+01 1.50837611e+01
 9.40205298e+01 1.50495024e+01
 9.36873678e+01 1.50133830e+01
 9.46607898e+01 1.50215865e+01
 9.29760647e+01 1.50297899e+01
 9.32857318e+01 1.50002467e+01
 9.32541009e+01 1.49802858e+01
 9.40232555e+01 1.49884892e+01
 9.31103069e+01 1.50116772e+01
 9.35504665e+01 1.50606451e+01
 9.45762878e+01 1.50688486e+01
 9.34057684e+01 1.50771966e+01
 9.30393478e+01 1.50882775e+01
 9.26348751e+01 1.50964809e+01
 9.48552753e+01 1.51046844e+01
 9.34121287e+01 1.51116652e+01
 9.38107713e+01 1.51079123e+01
 9.28495014e+01 1.51161157e+01
 9.48973713e+01 1.51243191e+01
 9.28930567e+01 1.51355386e+01
 9.36481421e+01 1.51437420e+01
 9.27810267e+01 1.51519455e+01
 9.50891811e+01 1.51598459e+01
 9.35272414e+01 1.50867894e+01
 9.36489709e+01 1.50949928e+01
 9.31259381e+01 1.51031963e+01
 9.36098994e+01 1.51083777e+01
 9.34409911e+01 1.51165812e+01
 9.32088381e+01 1.51247846e+01
 9.35854326e+01 1.51319324e+01
 9.28842373e+01 1.51400945e+01
 9.42925737e+01 1.51482979e+01
 9.36109141e+01 1.51565014e+01
 9.43239500e+01 1.51652479e+01
 9.29582990e+01 1.51734573e+01
 9.37590250e+01 1.51816607e+01
 9.31964699e+01 1.51305208e+01
 9.42332890e+01 1.51258386e+01
 9.29165425e+01 1.51340421e+01
 9.39366943e+01 1.51422455e+01
 9.42305859e+01 1.51480231e+01
 9.34029981e+01 1.51559044e+01
 9.32206101e+01 1.51641078e+01
 9.35005001e+01 1.51672324e+01
 9.39650031e+01 1.51722777e+01
 9.26198192e+01 1.51804812e+01
 9.38246028e+01 1.51899599e+01
 9.32764379e+01 1.52010061e+01
 9.50053945e+01 1.52092095e+01
 9.29063931e+01 1.52174130e+01
 9.35379456e+01 1.51974648e+01
 9.31829462e+01 1.51615909e+01
 9.48999652e+01 1.51697943e+01
 9.25956909e+01 1.51778978e+01
 9.36834611e+01 1.51853792e+01
 9.40488714e+01 1.51935826e+01
 9.46627971e+01 1.52017861e+01
 9.27494850e+01 1.51994469e+01
 9.31230073e+01 1.51616160e+01
 9.44501750e+01 1.51698194e+01
 9.40856703e+01 1.51779924e+01
 9.39512598e+01 1.51843013e+01
 9.31081556e+01 1.51925048e+01
 9.46043506e+01 1.52007082e+01
 9.33027946e+01 1.52531327e+01
 9.39223185e+01 1.52613361e+01
 9.26434867e+01 1.52695395e+01
 9.42328020e+01 1.52777430e+01
 9.34538109e+01 1.52845694e+01
 9.35151585e+01 1.52927729e+01
 9.33775782e+01 1.53009763e+01
 9.40423092e+01 1.52158028e+01
 9.39224725e+01 1.52240062e+01
 9.33638984e+01 1.52322097e+01
 9.46242558e+01 1.52404131e+01
 9.29220092e+01 1.52494456e+01
 9.38062719e+01 1.52576490e+01
 9.28322920e+01 1.52658524e+01
 9.44786965e+01 1.52292869e+01
 9.26497861e+01 1.52374903e+01
 9.40209260e+01 1.52456938e+01
 9.38023581e+01 1.52538972e+01
 9.41933313e+01 1.52612777e+01
 9.32876643e+01 1.52694811e+01
 9.33819579e+01 1.52776846e+01
 9.39207045e+01 1.52732276e+01
 9.27831308e+01 1.52811815e+01
 9.38292954e+01 1.52893849e+01
 9.35281769e+01 1.52901198e+01
 9.48984477e+01 1.52967318e+01
 9.29731131e+01 1.53049352e+01
 9.36858549e+01 1.53131387e+01
 9.30395729e+01 1.52944689e+01
 9.45117484e+01 1.53007086e+01
 9.33245405e+01 1.53089120e+01
 9.33331055e+01 1.53088938e+01
 9.38380864e+01 1.53135049e+01
 9.47626948e+01 1.53217084e+01
 9.34949459e+01 1.53299118e+01
 9.30973486e+01 1.53286735e+01
 9.50247766e+01 1.53342377e+01
 9.35110504e+01 1.53424411e+01
 9.35305202e+01 1.53555712e+01
 9.28074936e+01 1.53690100e+01
 9.45033694e+01 1.53772135e+01
 9.35392057e+01 1.53856820e+01
 9.37429659e+01 1.53949914e+01
 9.26767978e+01 1.54031948e+01
 9.48747745e+01 1.54113983e+01
 9.35829504e+01 1.53958973e+01
 9.32565995e+01 1.53382792e+01
 9.32660236e+01 1.53464826e+01
 9.41843385e+01 1.53548494e+01
 9.38244923e+01 1.53664535e+01
 9.32880173e+01 1.53746569e+01
 9.43853126e+01 1.53828604e+01
 9.33890953e+01 1.53912866e+01
 9.41452960e+01 1.54017413e+01
 9.26164974e+01 1.54099447e+01
 9.39401642e+01 1.54181482e+01
 9.30527990e+01 1.54230556e+01
 9.47410218e+01 1.54312591e+01
 9.29181967e+01 1.54394625e+01
 9.44985781e+01 1.53015630e+01
 9.30318285e+01 1.53097664e+01
 9.35560828e+01 1.53179698e+01
 9.31393569e+01 1.53261733e+01
 9.38443012e+01 1.53357477e+01
 9.34772279e+01 1.53439512e+01
 9.39472845e+01 1.53521546e+01
 9.37069841e+01 1.53598308e+01
 9.32229954e+01 1.53680125e+01
 9.33816980e+01 1.53762160e+01
 9.35354476e+01 1.53844194e+01
 9.43199713e+01 1.53961518e+01
 9.30948748e+01 1.54043973e+01
 9.41075921e+01 1.54126007e+01
 9.32243922e+01 1.54176587e+01
 9.45040571e+01 1.54251626e+01
 9.29386161e+01 1.54333661e+01
 9.30919986e+01 1.54421503e+01
 9.32485473e+01 1.54508700e+01
 9.46627983e+01 1.54590734e+01
 9.34123514e+01 1.54672769e+01
 9.37690437e+01 1.54732947e+01
 9.32939952e+01 1.54801138e+01
 9.36885620e+01 1.54883172e+01
 9.31031601e+01 1.54960178e+01
 9.30650551e+01 1.55030781e+01
 9.48291616e+01 1.55112815e+01
 9.40232947e+01 1.55194850e+01
 9.39160236e+01 1.55118117e+01
 9.30658209e+01 1.54946939e+01
 9.48293149e+01 1.55028973e+01
 9.27514514e+01 1.55111658e+01
 9.37674165e+01 1.55198522e+01
 9.30889264e+01 1.55280557e+01
 9.51271763e+01 1.55362557e+01
 9.35408710e+01 1.55180996e+01
 9.37161185e+01 1.55263030e+01
 9.30346150e+01 1.55345064e+01
 9.37122146e+01 1.55427037e+01
 9.35607218e+01 1.55503653e+01
 9.35969667e+01 1.55585688e+01
 9.38633610e+01 1.55667722e+01
 9.40352011e+01 1.55354277e+01
 9.40768445e+01 1.55436311e+01
 9.28504311e+01 1.55518346e+01
 9.42808084e+01 1.55600380e+01
 9.29128048e+01 1.55619235e+01
 9.37516112e+01 1.55701269e+01
 9.30916632e+01 1.55783304e+01
 9.46628618e+01 1.55434158e+01
 9.30000892e+01 1.55516192e+01
 9.37298048e+01 1.55598227e+01
 9.40203801e+01 1.55685475e+01
 9.36656586e+01 1.55767776e+01
 9.33136152e+01 1.55849810e+01
 9.34970251e+01 1.55931845e+01
 9.40470203e+01 1.55439153e+01
 9.25237570e+01 1.55519184e+01
 9.39383274e+01 1.55601218e+01
 9.36307932e+01 1.55539708e+01
 9.50685222e+01 1.55603277e+01
 9.31680472e+01 1.55685311e+01
 9.37046283e+01 1.55767346e+01
 9.38741236e+01 1.55555033e+01
 9.44754136e+01 1.55626595e+01
 9.28366317e+01 1.55708629e+01
 9.30600747e+01 1.55636676e+01
 9.44765679e+01 1.55677678e+01
 9.34066268e+01 1.55759713e+01
 9.39193976e+01 1.55841747e+01
 9.29680086e+01 1.55779422e+01
 9.46606351e+01 1.55843806e+01
 9.34424883e+01 1.55925840e+01
 9.35593581e+01 1.55999013e+01
 9.28253491e+01 1.56076139e+01
 9.50132789e+01 1.56158174e+01
 9.34624550e+01 1.56227297e+01
 9.35711967e+01 1.56283803e+01
 9.38285445e+01 1.56365837e+01
 9.41287297e+01 1.56447872e+01
 9.37041795e+01 1.56371831e+01
 9.32138318e+01 1.56232971e+01
 9.35518174e+01 1.56315005e+01
 9.30396686e+01 1.56392080e+01
 9.40169284e+01 1.56446114e+01
 9.26842208e+01 1.56528148e+01
 9.47244326e+01 1.56610183e+01
 9.32746263e+01 1.56636863e+01
 9.38019418e+01 1.56518842e+01
 9.27146609e+01 1.56600876e+01
 9.41204184e+01 1.56682448e+01
 9.30082235e+01 1.56745695e+01
 9.43831170e+01 1.56827730e+01
 9.38108136e+01 1.56909764e+01
 9.41793321e+01 1.56220099e+01
 9.35937619e+01 1.56302133e+01
 9.35804205e+01 1.56384167e+01
 9.40392702e+01 1.56466202e+01
 9.35353568e+01 1.56515276e+01
 9.38447263e+01 1.56597311e+01
 9.36289544e+01 1.56679345e+01
 9.49103730e+01 1.57159578e+01
 9.30021076e+01 1.57241634e+01
 9.38183544e+01 1.57323669e+01
 9.30334222e+01 1.57405703e+01
 9.50187945e+01 1.57460258e+01
 9.32032774e+01 1.57542292e+01
 9.42125852e+01 1.57624327e+01
 9.36022046e+01 1.56285216e+01
 9.47761687e+01 1.56266925e+01
 9.30181128e+01 1.56348960e+01
 9.34391184e+01 1.56404171e+01
 9.34044075e+01 1.56474589e+01
 9.49370498e+01 1.56556623e+01
 9.37099406e+01 1.56638658e+01
 9.35434897e+01 1.56850072e+01
 9.44409684e+01 1.56970217e+01
 9.35464157e+01 1.57052251e+01
 9.30858351e+01 1.57144712e+01
 9.31003304e+01 1.57238310e+01
 9.44782567e+01 1.57320344e+01
 9.32104767e+01 1.57402379e+01
 9.40169184e+01 1.57201089e+01
 9.27316232e+01 1.57058378e+01
 9.44878366e+01 1.57140412e+01
 9.33090203e+01 1.57225247e+01
 9.29694944e+01 1.57315451e+01
 9.33868264e+01 1.57397486e+01
 9.47882880e+01 1.57478052e+01
 9.39530316e+01 1.57525845e+01
 9.33119469e+01 1.57607879e+01
 9.40198709e+01 1.57689914e+01
 9.33435681e+01 1.57772642e+01
 9.42875786e+01 1.57862272e+01
 9.31144583e+01 1.57944307e+01
 9.41069714e+01 1.58026341e+01
 9.35172823e+01 1.57696386e+01
 9.43158395e+01 1.57778420e+01
 9.28611866e+01 1.57860455e+01
 9.46594618e+01 1.57942515e+01
 9.30424748e+01 1.58038234e+01
 9.41531550e+01 1.58120268e+01
 9.32768626e+01 1.58202303e+01
 9.42314932e+01 1.57553827e+01
 9.29714382e+01 1.57635861e+01
 9.37344475e+01 1.57717896e+01
 9.40843419e+01 1.57797261e+01
 9.39357802e+01 1.57879215e+01
 9.35046099e+01 1.57961249e+01
 9.31501317e+01 1.58043284e+01
 9.42333299e+01 1.57749111e+01
 9.28077822e+01 1.57831133e+01
 9.41396423e+01 1.57913167e+01
 9.40193920e+01 1.57965036e+01
 9.48579045e+01 1.58044276e+01
 9.34865410e+01 1.58126311e+01
 9.34030499e+01 1.58208345e+01
 9.31660224e+01 1.58279551e+01
 9.38102250e+01 1.58361384e+01
 9.31477318e+01 1.58443418e+01
 9.27976225e+01 1.58525453e+01
 9.47284237e+01 1.58607487e+01
 9.30945703e+01 1.58689522e+01
 9.37641617e+01 1.58771556e+01
 9.23427187e+01 1.58853591e+01
 9.50232013e+01 1.58935625e+01
 9.36574835e+01 1.59017660e+01
 9.40044259e+01 1.58794950e+01
 9.26096817e+01 1.58764318e+01
 9.42474122e+01 1.58846353e+01
 9.34875252e+01 1.58886675e+01
 9.34692894e+01 1.58922502e+01
 9.36292648e+01 1.59004536e+01
 9.46272193e+01 1.59086571e+01
 9.43560990e+01 1.59062302e+01
 9.31037085e+01 1.59077670e+01
 9.38304413e+01 1.59159704e+01
 9.28712184e+01 1.59240863e+01
 9.37723913e+01 1.59321033e+01
 9.32225449e+01 1.59403067e+01
 9.45796690e+01 1.59485102e+01
 9.39301308e+01 1.59564919e+01
 9.43152534e+01 1.59643631e+01
 9.24587274e+01 1.59725665e+01
 9.34919597e+01 1.59814787e+01
 9.35064709e+01 1.59944684e+01
 9.35496171e+01 1.60026719e+01
 9.42333381e+01 1.60108353e+01
 9.38223643e+01 1.59707458e+01
 9.38454488e+01 1.59789492e+01
 9.33954551e+01 1.59871527e+01
 9.50623735e+01 1.59953478e+01
 9.29144390e+01 1.60030045e+01
 9.43855561e+01 1.60112080e+01
 9.34554910e+01 1.60194114e+01
 9.50088853e+01 1.59899929e+01
 9.33839469e+01 1.59981963e+01
 9.37484060e+01 1.60063998e+01
 9.30315731e+01 1.60146032e+01
 9.50747847e+01 1.60239037e+01
 9.35477128e+01 1.60321071e+01
 9.34333968e+01 1.60403106e+01
 9.39317359e+01 1.60389120e+01
 9.43439001e+01 1.60471084e+01
 9.36674188e+01 1.60553119e+01
 9.30207973e+01 1.60697427e+01
 9.38795196e+01 1.60788598e+01
 9.38620095e+01 1.60870632e+01
 9.42208749e+01 1.60952667e+01
 9.27739082e+01 1.60077267e+01
 9.46355711e+01 1.60081346e+01
 9.33255082e+01 1.60163380e+01
 9.41776472e+01 1.60286621e+01
 9.24645265e+01 1.60387889e+01
 9.46363698e+01 1.60469924e+01
 9.35311450e+01 1.60551958e+01
 9.30877854e+01 1.60592353e+01
 9.29974341e+01 1.60661067e+01
 9.44489623e+01 1.60743101e+01
 9.36554586e+01 1.60820123e+01
 9.35456613e+01 1.60896200e+01
 9.32212173e+01 1.60978235e+01
 9.36916176e+01 1.60979846e+01
 9.43858747e+01 1.60672684e+01
 9.28815528e+01 1.60754718e+01
 9.36330888e+01 1.60836753e+01
 9.39017116e+01 1.60926031e+01
 9.44872541e+01 1.61030981e+01
 9.28895652e+01 1.61113016e+01
 9.43634258e+01 1.61158772e+01
 9.31688662e+01 1.60211535e+01
 9.46114528e+01 1.60293569e+01
 9.35845570e+01 1.60375604e+01
 9.41256647e+01 1.60459466e+01
 9.35976347e+01 1.60564403e+01
 9.38849045e+01 1.60646437e+01
 9.36231088e+01 1.60728472e+01
 9.35477591e+01 1.60851696e+01
 9.35112134e+01 1.60933731e+01
 9.30996270e+01 1.61015765e+01
 9.45039050e+01 1.61152699e+01
 9.36569490e+01 1.61234734e+01
 9.42082600e+01 1.61316768e+01
 9.31141008e+01 1.61398803e+01
 9.43914628e+01 1.61785707e+01
 9.28172556e+01 1.61867742e+01
 9.41294954e+01 1.61949776e+01
 9.34810954e+01 1.61903453e+01
 9.49622200e+01 1.61979265e+01
 9.33911711e+01 1.62061300e+01
 9.35886770e+01 1.62143334e+01
 9.35227285e+01 1.61083697e+01
 9.44483205e+01 1.61151193e+01
 9.33844370e+01 1.61233227e+01
 9.29041609e+01 1.61500256e+01
 9.46630832e+01 1.61614256e+01
 9.42140912e+01 1.61696291e+01
 9.38836704e+01 1.61924026e+01
 9.23007119e+01 1.62099310e+01
 9.48488950e+01 1.62181344e+01
 9.35587793e+01 1.62263379e+01
 9.34009561e+01 1.62036951e+01
 9.26641056e+01 1.62015458e+01
 9.46405257e+01 1.62097492e+01
 9.35897836e+01 1.62141439e+01
 9.34142750e+01 1.62184671e+01
 9.41208382e+01 1.62266705e+01
 9.40678200e+01 1.62348740e+01
 9.44236007e+01 1.62060478e+01
 9.29305679e+01 1.61936079e+01
 9.45582921e+01 1.62018113e+01
 9.30596288e+01 1.62094922e+01
 9.42255070e+01 1.62168472e+01
 9.26687790e+01 1.62250507e+01
 9.42019565e+01 1.62332541e+01
 9.36677551e+01 1.62145406e+01
 9.39567243e+01 1.61974770e+01
 9.37255053e+01 1.62056804e+01
 9.38098055e+01 1.62151759e+01
 9.41244426e+01 1.62270343e+01
 9.34501271e+01 1.62352378e+01
 9.37533340e+01 1.62410373e+01
 9.28408689e+01 1.62076987e+01
 9.45634756e+01 1.62159021e+01
 9.35691418e+01 1.62241056e+01
 9.47244649e+01 1.62323393e+01
 9.31934005e+01 1.62407864e+01
 9.36744121e+01 1.62489899e+01
 9.30008875e+01 1.62571920e+01
 9.45288671e+01 1.62494708e+01
 9.31621983e+01 1.62576742e+01
 9.40792814e+01 1.62658777e+01
 9.38179543e+01 1.62740899e+01
 9.44320136e+01 1.62831066e+01
 9.39020671e+01 1.62913100e+01
 9.29328890e+01 1.62995135e+01
 9.35534195e+01 1.63093679e+01
 9.34276354e+01 1.63175714e+01
 9.42730619e+01 1.63257748e+01
 9.29874180e+01 1.63302247e+01
 9.48421329e+01 1.63383377e+01
 9.31938700e+01 1.63465411e+01
 9.34421253e+01 1.63547446e+01
 9.26056402e+01 1.63167067e+01
 9.41847336e+01 1.63247375e+01
 9.37542582e+01 1.63329409e+01
 9.41510658e+01 1.63434811e+01
 9.32630633e+01 1.63520948e+01
 9.43795348e+01 1.63602983e+01
 9.41500119e+01 1.63685017e+01
 9.26469303e+01 1.63769546e+01
 9.34698927e+01 1.63851836e+01
 9.43093137e+01 1.63933870e+01
 9.45679700e+01 1.64006907e+01
 9.31183683e+01 1.64084169e+01
 9.40096266e+01 1.64166204e+01
 9.32861466e+01 1.64252998e+01
 9.44388534e+01 1.64344043e+01
 9.26438920e+01 1.64426077e+01
 9.41116615e+01 1.64508112e+01
 9.34729805e+01 1.64575643e+01
 9.46763517e+01 1.64639211e+01
 9.30215078e+01 1.64721245e+01
 9.40223631e+01 1.64575314e+01
 9.35638121e+01 1.63443484e+01
 9.39881604e+01 1.63525518e+01
 9.33954490e+01 1.63607553e+01
 9.44283686e+01 1.63693295e+01
 9.40692357e+01 1.63788072e+01
 9.34456828e+01 1.63870106e+01
 9.38030821e+01 1.63949565e+01
 9.30795160e+01 1.63940835e+01
 9.38833031e+01 1.64022870e+01
 9.32492436e+01 1.64104904e+01
 9.45664139e+01 1.64258338e+01
 9.31556254e+01 1.64340373e+01
 9.42568448e+01 1.64422407e+01
 9.28487647e+01 1.64504442e+01
 9.44722184e+01 1.64611156e+01
 9.32885330e+01 1.64693191e+01
 9.36241150e+01 1.64775225e+01
 9.38682070e+01 1.64813330e+01
 9.48230753e+01 1.64895364e+01
 9.35152817e+01 1.64977399e+01
 9.33188141e+01 1.65059433e+01
 9.47291525e+01 1.64688298e+01
 9.40122995e+01 1.64770332e+01
 9.37142481e+01 1.64852366e+01
 9.28687449e+01 1.64691900e+01
 9.46028910e+01 1.64758285e+01
 9.31989675e+01 1.64840320e+01
 9.37531367e+01 1.64669006e+01
 9.26216517e+01 1.64655639e+01
 9.51418672e+01 1.64737673e+01
 9.37841956e+01 1.64819708e+01
 9.36159118e+01 1.64957491e+01
 9.30007478e+01 1.65052387e+01
 9.45260394e+01 1.65134421e+01
 9.39862780e+01 1.65202452e+01
 9.31636734e+01 1.65273810e+01
 9.39400271e+01 1.65355844e+01
 9.41014986e+01 1.65437879e+01
 9.45124968e+01 1.65502540e+01
 9.26576051e+01 1.65577218e+01
 9.41959774e+01 1.65659252e+01
 9.32446084e+01 1.65750956e+01
 9.48152001e+01 1.65845311e+01
 9.27814988e+01 1.65927346e+01
 9.43100003e+01 1.66009380e+01
 9.37808257e+01 1.65567153e+01
 9.41533874e+01 1.65261619e+01
 9.40516735e+01 1.65343653e+01
 9.36903817e+01 1.65449967e+01
 9.44383204e+01 1.65584672e+01
 9.34696771e+01 1.65666707e+01
 9.37565591e+01 1.65701374e+01
 9.27031000e+01 1.65369376e+01
 9.44055140e+01 1.65451410e+01
 9.30209459e+01 1.65533445e+01
 9.47300106e+01 1.65617553e+01
 9.37039274e+01 1.65708484e+01
 9.40691639e+01 1.65790518e+01
 9.34673826e+01 1.65888022e+01
 9.41493689e+01 1.66825167e+01
 9.34685403e+01 1.66907201e+01
 9.31895982e+01 1.66989236e+01
 9.40447833e+01 1.67079878e+01
 9.40568061e+01 1.67265895e+01
 9.44648838e+01 1.67347929e+01
 9.28468901e+01 1.67429964e+01
 9.44522691e+01 1.66907848e+01
 9.31341777e+01 1.66989883e+01
 9.43719444e+01 1.67071917e+01
 9.26751863e+01 1.67140181e+01
 9.45649383e+01 1.67222216e+01
 9.35483048e+01 1.67304250e+01
 9.39271020e+01 1.67386285e+01
 9.22887869e+01 1.66476919e+01
 9.42699998e+01 1.66558954e+01
 9.37602161e+01 1.66640988e+01
 9.28381341e+01 1.66704642e+01
 9.33872388e+01 1.66785807e+01
 9.42680747e+01 1.66867842e+01
 9.41869529e+01 1.66949876e+01
 9.30202350e+01 1.67365770e+01
 9.33515602e+01 1.67451785e+01
 9.35963253e+01 1.67533819e+01
 9.46340515e+01 1.67627069e+01
 9.26023155e+01 1.67711598e+01
 9.39011739e+01 1.67793633e+01
 9.39725160e+01 1.67419152e+01
 9.46399703e+01 1.67095342e+01
 9.27920953e+01 1.67177376e+01
 9.40443749e+01 1.67259411e+01
 9.35989459e+01 1.67314552e+01
 9.32723589e+01 1.67379550e+01
 9.36761883e+01 1.67461584e+01
 9.37037810e+01 1.67385893e+01
 9.43806092e+01 1.67109293e+01
 9.33175008e+01 1.67191327e+01
 9.34919408e+01 1.67273362e+01
 9.31075160e+01 1.67336357e+01
 9.42376806e+01 1.67388021e+01
 9.26162325e+01 1.67470055e+01
 9.43052922e+01 1.67512042e+01
 9.31786594e+01 1.67296344e+01
 9.47242830e+01 1.67378379e+01
 9.30210106e+01 1.67460412e+01
 9.46477374e+01 1.67531418e+01
 9.32076561e+01 1.67613452e+01
 9.40946310e+01 1.67695486e+01
 9.30435375e+01 1.67777030e+01
 9.44053848e+01 1.67815625e+01
 9.35267230e+01 1.67897660e+01
 9.30865754e+01 1.67979694e+01
 9.36527516e+01 1.68058989e+01
 9.37071428e+01 1.68141023e+01
 9.37843786e+01 1.68223058e+01
 9.28781679e+01 1.68305092e+01
 9.44867893e+01 1.67535737e+01
 9.37272944e+01 1.67617771e+01
 9.37394526e+01 1.67699805e+01
 9.22413872e+01 1.67727129e+01
 9.44933265e+01 1.67808974e+01
 9.33617472e+01 1.67891009e+01
 9.42119961e+01 1.68052632e+01
 9.30232910e+01 1.68148478e+01
 9.45987768e+01 1.68230512e+01
 9.40252034e+01 1.68312547e+01
 9.32350665e+01 1.68234906e+01
 9.26407711e+01 1.68300846e+01
 9.36820438e+01 1.68382880e+01
 9.41335124e+01 1.68395252e+01
 9.29082718e+01 1.68442579e+01
 9.40990256e+01 1.68524613e+01
 9.36717065e+01 1.68606648e+01
 9.40795336e+01 1.68378315e+01
 9.26247626e+01 1.68369757e+01
 9.43825925e+01 1.68451791e+01
 9.30935210e+01 1.68533826e+01
 9.44394773e+01 1.68615860e+01
 9.27837418e+01 1.68697895e+01
 9.41353487e+01 1.68775237e+01
 9.39236192e+01 1.68839974e+01
 9.34150648e+01 1.68922008e+01
 9.36923154e+01 1.69004042e+01
 9.37520984e+01 1.69087981e+01
 9.41555340e+01 1.69173591e+01
 9.29748360e+01 1.69255626e+01
 9.38044095e+01 1.69155995e+01
 9.28371096e+01 1.67966895e+01
 9.44768404e+01 1.68048929e+01
 9.38719219e+01 1.68130964e+01
 9.42727261e+01 1.68202377e+01
 9.34684551e+01 1.68251103e+01
 9.34827517e+01 1.68333137e+01
 9.32277036e+01 1.68441721e+01
 9.37277618e+01 1.68975056e+01
 9.34257815e+01 1.69057090e+01
 9.26066106e+01 1.69139125e+01
 9.46325094e+01 1.69221159e+01
 9.40769073e+01 1.69303194e+01
 9.41173762e+01 1.69385228e+01
 9.26322125e+01 1.69464671e+01
 9.42952089e+01 1.69197747e+01
 9.32132350e+01 1.69279782e+01
 9.40307454e+01 1.69361816e+01
 9.27497583e+01 1.69413631e+01
 9.41298327e+01 1.69495665e+01
 9.38508722e+01 1.69577699e+01
 9.31819885e+01 1.69659734e+01
 9.32052216e+01 1.68846448e+01
 9.35083711e+01 1.68928483e+01
 9.43244746e+01 1.69010517e+01
 9.30210234e+01 1.69120032e+01
 9.35384265e+01 1.69202066e+01
 9.32056045e+01 1.69284101e+01
 9.47393014e+01 1.69366135e+01
 9.24750604e+01 1.69310840e+01
 9.39594271e+01 1.69392874e+01
 9.32984036e+01 1.69474908e+01
 9.41816101e+01 1.69577765e+01
 9.24759228e+01 1.69660967e+01
 9.36249954e+01 1.69743002e+01
 9.35625622e+01 1.69379466e+01
 9.41601941e+01 1.69289151e+01
 9.42125844e+01 1.69371185e+01
 9.33227577e+01 1.69453220e+01
 9.46290867e+01 1.69543962e+01
 9.31705256e+01 1.69628259e+01
 9.39671031e+01 1.69710293e+01
 9.34734769e+01 1.69984387e+01
 9.42117012e+01 1.70258872e+01
 9.32054232e+01 1.70340906e+01
 9.46928787e+01 1.70422941e+01
 9.30718367e+01 1.70496985e+01
 9.38827653e+01 1.70573300e+01
 9.30493040e+01 1.70655334e+01
 9.38551024e+01 1.70496873e+01
 9.32601623e+01 1.69954303e+01
 9.36437990e+01 1.70036338e+01
 9.35817377e+01 1.70117647e+01
 9.42680411e+01 1.70186637e+01
 9.35853414e+01 1.70268671e+01
 9.26190825e+01 1.70350705e+01
 9.38307290e+01 1.70517102e+01
 9.36943991e+01 1.71366164e+01
 9.42853757e+01 1.71448199e+01
 9.28418283e+01 1.71530233e+01
 9.45681869e+01 1.71678188e+01
 9.31426890e+01 1.71760222e+01
 9.36507612e+01 1.71842257e+01
 9.20222011e+01 1.71917476e+01
 9.43427356e+01 1.70707306e+01
 9.34966983e+01 1.70789340e+01
 9.40383858e+01 1.70871375e+01
 9.25186496e+01 1.70725419e+01
 9.43373078e+01 1.70807453e+01
 9.36835254e+01 1.70889488e+01
 9.28215265e+01 1.70682260e+01
 9.29005625e+01 1.70754227e+01
 9.42431219e+01 1.70836261e+01
 9.47260432e+01 1.70918296e+01
 9.30184541e+01 1.70956774e+01
 9.40317661e+01 1.71038435e+01
 9.34623485e+01 1.71120469e+01
 9.42603848e+01 1.71232119e+01
 9.26615251e+01 1.71320238e+01
 9.38560047e+01 1.71402272e+01
 9.40055809e+01 1.71484307e+01
 9.44787495e+01 1.71512578e+01
 9.26274094e+01 1.71587936e+01
 9.37258828e+01 1.71669970e+01
 9.35256649e+01 1.71773067e+01
 9.32477779e+01 1.71867009e+01
 9.36666514e+01 1.71949044e+01
 9.35740456e+01 1.72035616e+01
 9.44112582e+01 1.72126813e+01
 9.33622734e+01 1.72208847e+01
 9.39880713e+01 1.72290882e+01
 9.28237868e+01 1.72348585e+01
 9.41050893e+01 1.72400060e+01
 9.28409140e+01 1.72482095e+01
 9.42055458e+01 1.72576872e+01
 9.33393930e+01 1.72717574e+01
 9.42594318e+01 1.72799608e+01
 9.33014985e+01 1.72881643e+01
 9.41917996e+01 1.72944284e+01
 9.37096206e+01 1.72982522e+01
 9.32787402e+01 1.73064556e+01
 9.34839940e+01 1.73102968e+01
 9.32629418e+01 1.72778255e+01
 9.40545848e+01 1.72860289e+01
 9.26032724e+01 1.72942324e+01
 9.43247869e+01 1.73026048e+01
 9.39078534e+01 1.73114623e+01
 9.38571335e+01 1.73196657e+01
 9.26989515e+01 1.73263127e+01
 9.42778064e+01 1.72940506e+01
 9.35043110e+01 1.73022541e+01
 9.26124570e+01 1.73104575e+01
 9.30442282e+01 1.73175650e+01
 9.38834249e+01 1.73257684e+01
 9.44217506e+01 1.73339719e+01
 9.28421075e+01 1.73421433e+01
 9.38704607e+01 1.73275797e+01
 9.35296276e+01 1.73357832e+01
 9.47950998e+01 1.73439866e+01
 9.27342655e+01 1.73532931e+01
 9.38904132e+01 1.73614965e+01
 9.34651489e+01 1.73697000e+01
 9.37756891e+01 1.73779034e+01
 9.26585224e+01 1.73443599e+01
 9.35105205e+01 1.73525633e+01
 9.42541382e+01 1.73607668e+01
 9.38070292e+01 1.73662222e+01
 9.39044235e+01 1.73744256e+01
 9.28268804e+01 1.73826291e+01
 9.43634291e+01 1.73908325e+01
 9.30368337e+01 1.74037090e+01
 9.38938641e+01 1.74119124e+01
 9.35995944e+01 1.74201159e+01
 9.46329629e+01 1.74272425e+01
 9.30802134e+01 1.74354198e+01
 9.38327950e+01 1.74436232e+01
 9.28727487e+01 1.74107085e+01
 9.34413957e+01 1.74075781e+01
 9.36268974e+01 1.74157815e+01
 9.35936950e+01 1.74239850e+01
 9.37850566e+01 1.74321884e+01
 9.33321170e+01 1.74403919e+01
 9.39677318e+01 1.74485953e+01
 9.32170620e+01 1.74596205e+01
 9.36493451e+01 1.74699432e+01
 9.26284306e+01 1.74781467e+01
 9.44129886e+01 1.74863501e+01
 9.36438310e+01 1.74925810e+01
 9.40670867e+01 1.74997350e+01
 9.25285893e+01 1.75079385e+01
 9.41018132e+01 1.75164279e+01
 9.32661292e+01 1.75251743e+01
 9.38622566e+01 1.75333778e+01
 9.28429475e+01 1.75418837e+01
 9.40282931e+01 1.75530807e+01
 9.37629351e+01 1.75612841e+01
 9.32187921e+01 1.75694876e+01
 9.26991904e+01 1.75632912e+01
 9.34651237e+01 1.74886735e+01
 9.40634634e+01 1.74968769e+01
 9.27830809e+01 1.75049048e+01
 9.38896510e+01 1.74630248e+01
 9.36618594e+01 1.74712282e+01
 9.47636696e+01 1.74794317e+01
 9.22863243e+01 1.74859879e+01
 9.38144881e+01 1.74241586e+01
 9.32041535e+01 1.74323620e+01
 9.40760091e+01 1.74405655e+01
 9.25298974e+01 1.75275899e+01
 9.37288831e+01 1.75357934e+01
 9.39462560e+01 1.75439968e+01
 9.40801126e+01 1.75896755e+01
 9.24150413e+01 1.75982997e+01
 9.34477932e+01 1.76065032e+01
 9.43851027e+01 1.76147066e+01
 9.30209483e+01 1.74669379e+01
 9.36437837e+01 1.74751225e+01
 9.31642418e+01 1.74833259e+01
 9.42015654e+01 1.74886234e+01
 9.31782425e+01 1.74964368e+01
 9.44042150e+01 1.75046403e+01
 9.28799627e+01 1.75128437e+01
 9.35933394e+01 1.75213042e+01
 9.30600136e+01 1.75295246e+01
 9.40011590e+01 1.75377281e+01
 9.33236079e+01 1.75465130e+01
 9.34212758e+01 1.75549579e+01
 9.26475465e+01 1.75631614e+01
 9.25093184e+01 1.75711449e+01
 9.20304557e+01 1.75790193e+01
 9.10030092e+01 1.75872227e+01
 9.17580509e+01 1.75954262e+01
 9.06411211e+01 1.76008394e+01
 9.04839977e+01 1.76060641e+01
 8.83428459e+01 1.76142675e+01
 8.97554719e+01 1.75294635e+01
 8.84179181e+01 1.71473164e+01
 8.75071651e+01 1.71555199e+01
 8.68251490e+01 1.71637233e+01
 8.70696263e+01 1.71718402e+01
 8.71634582e+01 1.71798552e+01
 8.47083283e+01 1.71880586e+01
 8.59281316e+01 1.71123445e+01
 8.45596197e+01 1.64440005e+01
 8.40420578e+01 1.64522040e+01
 8.35862882e+01 1.64604059e+01
 8.29362060e+01 1.64680619e+01
 8.30752034e+01 1.64762653e+01
 8.14080946e+01 1.64844688e+01
 8.22827776e+01 1.64546124e+01
 8.08170722e+01 1.56758696e+01
 7.99704040e+01 1.56840731e+01
 8.10521627e+01 1.56922765e+01
 7.98005699e+01 1.57040510e+01
 7.93282643e+01 1.57122544e+01
 7.81806620e+01 1.57204579e+01
 7.81432835e+01 1.57240189e+01
 7.77443201e+01 1.51648028e+01
 7.74034780e+01 1.51730062e+01
 7.70693172e+01 1.51812097e+01
 7.57622088e+01 1.51910581e+01
 7.61077110e+01 1.51992616e+01
 7.60188379e+01 1.52074650e+01
 7.39426675e+01 1.52156684e+01
 7.48182174e+01 1.44812579e+01
 7.41665457e+01 1.44894613e+01
 7.27533613e+01 1.44976648e+01
 7.37223593e+01 1.45064162e+01
 7.22107374e+01 1.45146197e+01
 7.18440583e+01 1.45228231e+01
 7.22015478e+01 1.45310266e+01
 7.10504720e+01 1.38331450e+01
 7.13390142e+01 1.38413485e+01
 7.02132124e+01 1.38495519e+01
 6.92510090e+01 1.38553078e+01
 7.02627891e+01 1.38634848e+01
 6.90878878e+01 1.38716882e+01
 6.79862172e+01 1.31807960e+01
 6.86688591e+01 1.30372751e+01
 6.74167244e+01 1.30454786e+01
 6.74472054e+01 1.30536820e+01
 6.71861497e+01 1.30667340e+01
 6.55406962e+01 1.30755809e+01
 6.62938846e+01 1.30837844e+01
 6.57907318e+01 1.26865276e+01
 6.48445241e+01 1.24427132e+01
 6.54182219e+01 1.24509167e+01
 6.39611737e+01 1.24591201e+01
 6.36664326e+01 1.24552746e+01
 6.43843368e+01 1.24582270e+01
 6.32623418e+01 1.24664305e+01
 6.28892323e+01 1.21388752e+01
 6.18661822e+01 1.16215804e+01
 6.18743791e+01 1.16297838e+01
 6.16573072e+01 1.15957397e+01
 6.15277918e+01 1.12990497e+01
 6.09301400e+01 1.13072532e+01
 5.97799053e+01 1.13154566e+01
 6.00586882e+01 1.12599165e+01
 5.97539902e+01 1.09847265e+01
 5.91244956e+01 1.09929299e+01
 5.96056319e+01 1.09933121e+01
 5.79096685e+01 1.03727318e+01
 5.78155705e+01 1.03809353e+01
 5.76254341e+01 1.03891387e+01
 5.77157171e+01 1.03924472e+01
 5.69625459e+01 1.02847036e+01
 5.62551860e+01 1.02929071e+01
 5.67766244e+01 1.03011105e+01
 5.53715759e+01 9.49474795e+00
 5.59433110e+01 9.50295139e+00
 5.55020010e+01 9.51115484e+00
 5.44128495e+01 9.51689137e+00
 5.39547983e+01 9.52508773e+00
 5.37389466e+01 9.53329118e+00
 5.39382516e+01 9.54149462e+00
 5.28630505e+01 8.84992807e+00
 5.36321317e+01 8.85813152e+00
 5.25921111e+01 8.86633496e+00
 5.22932453e+01 8.88004310e+00
 5.16002236e+01 8.88878285e+00
 5.20415833e+01 8.89698630e+00
 5.15398941e+01 8.90518974e+00
 5.06258115e+01 8.33000631e+00
 5.06526112e+01 8.31080664e+00
 4.99468778e+01 8.31901008e+00
 5.03157376e+01 8.33126254e+00
 4.91342294e+01 8.34090997e+00
 4.97793336e+01 8.34911342e+00
 4.87027181e+01 8.06134737e+00
 4.87263146e+01 7.68332731e+00
 4.77499800e+01 7.69153076e+00
 4.83725438e+01 7.69973420e+00
 4.78594193e+01 7.71006796e+00
 4.74272097e+01 7.72025909e+00
 4.65319054e+01 7.72846254e+00
 4.69332284e+01 7.61229694e+00
 4.63853389e+01 7.18022043e+00
 4.62200300e+01 7.18842388e+00
 4.57253207e+01 7.19662732e+00
 4.54986572e+01 7.20508234e+00
 4.51890818e+01 7.21385621e+00
 4.44641178e+01 7.22205966e+00
 4.42712069e+01 7.17657099e+00
 4.43673250e+01 6.58648455e+00
 4.42234025e+01 6.59468800e+00
 4.36915915e+01 6.60289144e+00
 4.32580519e+01 6.61548789e+00
 4.28306264e+01 6.62369133e+00
 4.30107697e+01 6.63189478e+00
 4.25299276e+01 6.62808519e+00
 4.19867504e+01 6.04712267e+00
 4.16539611e+01 6.05532612e+00
 4.14392634e+01 6.06352956e+00
 4.11308374e+01 6.07750301e+00
 4.09256768e+01 6.08570646e+00
 4.07252776e+01 6.09390990e+00
 4.03152004e+01 6.10204300e+00
 4.04265022e+01 5.65689279e+00
 3.95139591e+01 5.66509624e+00
 3.93716991e+01 5.67329968e+00
 3.88199544e+01 5.68315113e+00
 3.93790879e+01 5.69135458e+00
 3.85671769e+01 5.69955802e+00
 3.89693253e+01 5.70776147e+00
 3.78275501e+01 5.02003891e+00
 3.78106418e+01 5.02824236e+00
 3.71914160e+01 5.03644580e+00
 3.76289808e+01 5.04821925e+00
 3.71892846e+01 5.05642270e+00
 3.70402128e+01 5.06462614e+00
 3.65066777e+01 5.06282609e+00
 3.61710178e+01 5.02300622e+00
 3.60392258e+01 4.95463006e+00
 3.55656193e+01 4.87015158e+00
 3.60064557e+01 4.78202474e+00
 3.51532423e+01 4.70270354e+00
 3.54175746e+01 4.64464193e+00
 3.44271864e+01 4.62029391e+00
 3.45152787e+01 4.62708515e+00
 3.39772739e+01 4.63528860e+00
 3.41356028e+01 4.64349205e+00
 3.39736864e+01 4.61069423e+00
 3.33670555e+01 4.61128794e+00
 3.35031439e+01 4.61949138e+00
 3.26841275e+01 4.37509985e+00
 3.30667014e+01 4.18659628e+00
 3.22324764e+01 4.19479972e+00
 3.21988177e+01 4.15913221e+00
 3.19855711e+01 4.04203061e+00
 3.18584965e+01 4.05023406e+00
 3.20154817e+01 4.05843750e+00
 3.11186121e+01 4.00898337e+00
 3.12185572e+01 3.90347140e+00
 3.05793296e+01 3.91167484e+00
 3.08106537e+01 3.88103591e+00
 3.06302030e+01 3.47850173e+00
 3.00979852e+01 3.48670518e+00
 3.04241107e+01 3.49490862e+00
 2.95687596e+01 3.49747374e+00
 2.96645400e+01 3.47149452e+00
 2.91162381e+01 3.47969796e+00
 2.91041584e+01 3.48725294e+00
 2.92231211e+01 3.22586285e+00
 2.84898138e+01 3.23406630e+00
 2.86737038e+01 3.24226975e+00
 2.82693657e+01 3.25102419e+00
 2.79011074e+01 3.25922764e+00
 2.79428977e+01 3.26743108e+00
 2.73534925e+01 3.27563453e+00
 2.78062438e+01 2.79910697e+00
 2.71591165e+01 2.80731042e+00
 2.71520541e+01 2.81551387e+00
 2.68574599e+01 2.82100581e+00
 2.62084659e+01 2.82917276e+00
 2.63660729e+01 2.83737620e+00
 2.60926598e+01 2.84557965e+00
 2.57959712e+01 2.68331323e+00
 2.58877710e+01 2.69143954e+00
 2.54950761e+01 2.69964299e+00
 2.55195073e+01 2.70928938e+00
 2.53209215e+01 2.71769788e+00
 2.47398205e+01 2.72590132e+00
 2.48857536e+01 2.52248707e+00
 2.43843872e+01 2.39324522e+00
 2.42965393e+01 2.40144866e+00
 2.43741829e+01 2.40965211e+00
 2.38772482e+01 2.41993020e+00
 2.40790018e+01 2.42908100e+00
 2.36616555e+01 2.43728444e+00
 2.32485066e+01 2.34722507e+00
 2.33368694e+01 2.19470934e+00
 2.29237813e+01 2.20291278e+00
 2.26924045e+01 2.21111623e+00
 2.28100053e+01 2.22122276e+00
 2.24171376e+01 2.23164212e+00
 2.21959014e+01 2.23984556e+00
 2.24009994e+01 2.18829018e+00
 2.17277058e+01 1.91515546e+00
 2.17975267e+01 1.92335890e+00
 2.16637741e+01 1.93151657e+00
 2.11511525e+01 1.93509579e+00
 2.13503554e+01 1.94329924e+00
 2.11192905e+01 1.95150269e+00
 2.07214604e+01 1.94753410e+00
 2.09303252e+01 1.67844558e+00
 2.05368476e+01 1.68664902e+00
 2.01404630e+01 1.69485247e+00
 2.02950686e+01 1.70168491e+00
 2.00346920e+01 1.70988836e+00
 1.96069941e+01 1.71809181e+00
 1.99965150e+01 1.72628055e+00
 1.95307152e+01 1.43761770e+00
 1.92067361e+01 1.44582114e+00
 1.94091133e+01 1.45402459e+00
 1.88851300e+01 1.46936803e+00
 1.87291772e+01 1.47757148e+00
 1.87341147e+01 1.48577493e+00
 1.85300772e+01 1.23782566e+00
 1.81545830e+01 1.24210282e+00
 1.83473038e+01 1.25030626e+00
 1.80451009e+01 1.25850971e+00
 1.78603196e+01 1.26671316e+00
 1.78429092e+01 1.27491660e+00
 1.76837363e+01 1.28312005e+00
 1.72452954e+01 1.04539790e+00
 1.73837098e+01 1.03779694e+00
 1.72446895e+01 1.04600038e+00
 1.67671813e+01 1.05420383e+00
 1.68472766e+01 1.06186333e+00
 1.68729759e+01 1.07006272e+00
 1.64166249e+01 1.07826617e+00
 1.63112519e+01 9.11187084e-01
 1.64403975e+01 8.93090059e-01
 1.60305443e+01 9.01293505e-01
 1.58279441e+01 9.09496951e-01
 1.58414570e+01 9.16379954e-01
 1.56708029e+01 9.24529842e-01
 1.53413063e+01 9.32733288e-01
 1.54735185e+01 7.91870182e-01
 1.53057607e+01 7.52502180e-01
 1.51081878e+01 7.60705626e-01
 1.49543683e+01 7.10982057e-01
 1.50015365e+01 6.51605517e-01
 1.47105360e+01 6.59808963e-01
 1.44292809e+01 6.68012409e-01
 1.44444664e+01 6.07052197e-01
 1.42877632e+01 5.57536300e-01
 1.39642577e+01 5.65739746e-01
 1.39256176e+01 5.26044657e-01
 1.39842535e+01 3.94570638e-01
 1.37749825e+01 4.02774084e-01
 1.35258237e+01 4.10977529e-01
 1.35607896e+01 4.02577399e-01
 1.34462795e+01 3.77402421e-01
 1.30582430e+01 3.85605867e-01
 1.30317280e+01 3.72623470e-01
 1.30794663e+01 1.49071758e-01
 1.27845413e+01 1.57275204e-01
 1.25358241e+01 1.65478650e-01
 1.25779969e+01 1.75604096e-01
 1.26130695e+01 1.83807542e-01
 1.23296980e+01 1.92010987e-01
 1.21891104e+01 1.99917955e-01
 1.21279205e+01 5.46238789e-02
 1.20602399e+01 6.28273247e-02
 1.18032929e+01 7.10307705e-02
 1.16085353e+01 7.78602163e-02
 1.16812340e+01 8.60636621e-02
 1.15738903e+01 9.42671079e-02
 1.12375581e+01 1.02470554e-01
 1.12018618e+01 -1.25787001e-01
 1.12593090e+01 -1.17583555e-01
 1.11100801e+01 -1.09380109e-01
 1.09079221e+01 -1.01445737e-01
 1.07948162e+01 -9.32472174e-02
 1.08597835e+01 -8.50437716e-02
 1.06838629e+01 -1.25791313e-01
 1.03925937e+01 -1.29880880e-01
 1.02905309e+01 -1.21677434e-01
 1.03096622e+01 -1.13473988e-01
 1.02255776e+01 -1.02660931e-01
 9.92715063e+00 -9.40450968e-02
 9.89032819e+00 -8.58416510e-02
 9.90207501e+00 -1.97090602e-01
 9.87384447e+00 -2.72117759e-01
 9.62462794e+00 -2.63914314e-01
 9.47927238e+00 -2.55710868e-01
 9.49631382e+00 -2.45297325e-01
 9.44007193e+00 -2.36006976e-01
 9.27321409e+00 -2.27803530e-01
 9.01758110e+00 -2.73795295e-01
 9.01094451e+00 -3.60798639e-01
 8.96261074e+00 -3.52595193e-01
 8.87679425e+00 -3.44164912e-01
 8.67296872e+00 -3.33992301e-01
 8.51273737e+00 -3.25788856e-01
 8.57963092e+00 -3.17585410e-01
 8.56304760e+00 -3.34687762e-01
 8.40224154e+00 -4.57443518e-01
 8.17931269e+00 -4.49240072e-01
 8.14575654e+00 -4.41076935e-01
 8.17536037e+00 -4.39152181e-01
 8.07341339e+00 -4.30948735e-01
 7.82108330e+00 -4.22745289e-01
 7.71974047e+00 -4.17515772e-01
 7.68893571e+00 -5.07403398e-01
 7.68734947e+00 -4.99199952e-01
 7.55441243e+00 -4.90996506e-01
 7.38785515e+00 -4.84990060e-01
 7.28390305e+00 -4.76786615e-01
 7.30987839e+00 -4.68583169e-01
 7.24102279e+00 -6.48089346e-01
 7.18214617e+00 -6.40029277e-01
 6.96511946e+00 -6.31825831e-01
 6.92021860e+00 -6.23622386e-01
 6.85991127e+00 -6.15140940e-01
 6.86328873e+00 -6.06937494e-01
 6.73536899e+00 -5.98734048e-01
 6.55888055e+00 -8.03391436e-01
 6.46856734e+00 -8.01488157e-01
 6.42860698e+00 -7.93284711e-01
 6.42064874e+00 -7.85081265e-01
 6.30124034e+00 -7.79347776e-01
 6.21725732e+00 -7.71144373e-01
 6.04369422e+00 -7.62940928e-01
 6.04182576e+00 -8.68707197e-01
 6.00712255e+00 -8.70944036e-01
 5.99006414e+00 -8.62740590e-01
 5.81983151e+00 -8.54537144e-01
 5.74787163e+00 -8.46605762e-01
 5.66425684e+00 -8.38407253e-01
 5.63342095e+00 -8.30203807e-01
 5.62618448e+00 -8.67345637e-01
 5.48579167e+00 -8.67899915e-01
 5.38396397e+00 -8.59696470e-01
 5.24939830e+00 -8.94316162e-01
 5.22021138e+00 -9.15793578e-01
 5.20106914e+00 -9.07590132e-01
 5.16628947e+00 -8.99386686e-01
 5.10254081e+00 -9.46336350e-01
 4.94751334e+00 -9.59600795e-01
 4.86897760e+00 -9.51397349e-01
 4.83759562e+00 -9.78770008e-01
 4.80631067e+00 -1.01738246e+00
 4.79517138e+00 -1.00917901e+00
 4.67218047e+00 -1.00097557e+00
 4.59926821e+00 -9.97017765e-01
 4.48491151e+00 -9.92808674e-01
 4.44412539e+00 -9.84605229e-01
 4.45506011e+00 -9.89005611e-01
 4.38274795e+00 -1.02065334e+00
 4.32242684e+00 -1.01244989e+00
 4.21917883e+00 -1.00424645e+00
 4.10805573e+00 -9.97214124e-01
 4.05887199e+00 -9.91410554e-01
 4.04538949e+00 -9.83207108e-01
 4.01681054e+00 -9.79394381e-01
 3.98092358e+00 -1.02090322e+00
 3.90285045e+00 -1.01269977e+00
 3.77496436e+00 -1.00449632e+00
 3.73749072e+00 -9.98762879e-01
 3.67536241e+00 -9.90559433e-01
 3.65580254e+00 -9.82355987e-01
 3.65810454e+00 -9.74305348e-01
 3.60121492e+00 -1.06728910e+00
 3.51226566e+00 -1.05908565e+00
 3.47179459e+00 -1.05088220e+00
 3.38324297e+00 -1.04322976e+00
 3.33153430e+00 -1.03502631e+00
 3.31944856e+00 -1.02682287e+00
 3.27057660e+00 -1.01861942e+00
 3.25117006e+00 -1.19826598e+00
 3.19443627e+00 -1.19006253e+00
 3.11525890e+00 -1.18185908e+00
 3.02715890e+00 -1.17527884e+00
 2.98569231e+00 -1.16710119e+00
 2.94963406e+00 -1.15889775e+00
 2.91691801e+00 -1.18810096e+00
 2.90432309e+00 -1.18890185e+00
 2.86578611e+00 -1.18069841e+00
 2.79908122e+00 -1.17249496e+00
 2.75463393e+00 -1.16548601e+00
 2.70140477e+00 -1.15746207e+00
 2.64036666e+00 -1.14925863e+00
 2.59590479e+00 -1.20127355e+00
 2.59420263e+00 -1.23364273e+00
 2.57113117e+00 -1.22543929e+00
 2.52903486e+00 -1.21723584e+00
 2.48594772e+00 -1.21126746e+00
 2.44937470e+00 -1.20412495e+00
 2.39600083e+00 -1.19592151e+00
 2.33527194e+00 -1.22640641e+00
 2.30649266e+00 -1.28387661e+00
 2.27223124e+00 -1.27567317e+00
 2.26036995e+00 -1.26758886e+00
 2.20905437e+00 -1.26036328e+00
 2.20655957e+00 -1.25215983e+00
 2.16019964e+00 -1.24395638e+00
 2.12370058e+00 -1.24388550e+00
 2.07061230e+00 -1.27588549e+00
 2.02792218e+00 -1.26768205e+00
 2.01530247e+00 -1.25951129e+00
 1.97734069e+00 -1.25539716e+00
 1.94450903e+00 -1.24719371e+00
 1.93241038e+00 -1.23899026e+00
 1.90406726e+00 -1.23192151e+00
 1.87812369e+00 -1.25746037e+00
 1.84929314e+00 -1.24925693e+00
 1.81036148e+00 -1.24105348e+00
 1.79203743e+00 -1.23669504e+00
 1.76791730e+00 -1.22849159e+00
 1.71855544e+00 -1.22028814e+00
 1.69124872e+00 -1.27407135e+00
 1.67790572e+00 -1.26622425e+00
 1.66716631e+00 -1.25802081e+00
 1.63644851e+00 -1.24981736e+00
 1.62463640e+00 -1.24051491e+00
 1.60424501e+00 -1.23231147e+00
 1.57920805e+00 -1.22410802e+00
 1.55595622e+00 -1.30231718e+00
 1.53231679e+00 -1.29888113e+00
 1.50396579e+00 -1.29067769e+00
 1.47961967e+00 -1.28247424e+00
 1.46325658e+00 -1.27973764e+00
 1.44089767e+00 -1.27155935e+00
 1.42356211e+00 -1.26335590e+00
 1.40341195e+00 -1.29772925e+00
 1.38665361e+00 -1.29528601e+00
 1.37488082e+00 -1.28708256e+00
 1.36135833e+00 -1.27887912e+00
 1.34954581e+00 -1.30054531e+00
 1.32755029e+00 -1.29350523e+00
 1.31017970e+00 -1.28530178e+00
 1.29246014e+00 -1.29104859e+00
 1.27560034e+00 -1.28646889e+00
 1.25647495e+00 -1.27826544e+00
 1.24196601e+00 -1.29218839e+00
 1.23120405e+00 -1.30223255e+00
 1.21334260e+00 -1.29402911e+00
 1.20164503e+00 -1.28582566e+00
 1.18982006e+00 -1.27952125e+00
 1.18636789e+00 -1.27216277e+00
 1.17536925e+00 -1.26395932e+00
 1.16592858e+00 -1.28099048e+00
 1.15450334e+00 -1.30660043e+00
 1.14253676e+00 -1.29839699e+00
 1.13694937e+00 -1.29019354e+00
 1.12588210e+00 -1.28243244e+00
 1.11803105e+00 -1.27461165e+00
 1.10795749e+00 -1.26640820e+00
 1.09897217e+00 -1.26593065e+00
 1.08817310e+00 -1.28268331e+00
 1.08179062e+00 -1.27447987e+00
 1.07206266e+00 -1.26650735e+00
 1.06703811e+00 -1.26521297e+00
 1.06238614e+00 -1.25700953e+00
 1.05818107e+00 -1.24880608e+00
 1.05153151e+00 -1.24458806e+00
 1.04649411e+00 -1.28815019e+00
 1.04132929e+00 -1.27994675e+00
 1.03713624e+00 -1.27174330e+00
 1.03338793e+00 -1.26079285e+00
 1.02979312e+00 -1.25258941e+00
 1.02607802e+00 -1.24438596e+00
 1.02279447e+00 -1.23618464e+00
 1.02018458e+00 -1.23374507e+00
 1.01774288e+00 -1.22554162e+00
 1.01497623e+00 -1.21733818e+00
 1.01247438e+00 -1.21435373e+00
 1.01108931e+00 -1.20615029e+00
 1.00906591e+00 -1.19794684e+00
 1.00727666e+00 -1.23261104e+00
 1.00601829e+00 -1.22657995e+00
 1.00469369e+00 -1.21837650e+00
 1.00402896e+00 -1.21017306e+00
 1.00304344e+00 -1.20332040e+00
 1.00247207e+00 -1.19514017e+00
 1.00206255e+00 -1.18693672e+00
 1.00166860e+00 -1.17388631e+00
 1.00127974e+00 -1.16448883e+00
 1.00090867e+00 -1.15628538e+00
 1.00055470e+00 -1.14808194e+00
 1.00032330e+00 -1.14624999e+00
 1.00005074e+00 -1.13909005e+00
 1.00005074e+00 -1.13088660e+00
 1.00005074e+00 -1.11997216e+00
 1.00005074e+00 -1.10980971e+00
 1.00005074e+00 -1.10160626e+00
 1.00005074e+00 -1.09378192e+00
 1.00005074e+00 -1.08657337e+00
 1.00000000e+00 -1.07836993e+00
