 1.00001550e+00 -2.98309000e+00
 1.00002832e+00 -2.98309000e+00
 1.00002849e+00 -2.98302365e+00
 1.00003974e+00 -2.97849822e+00
 1.00004062e+00 -2.97814700e+00
 1.00008492e+00 -2.97814700e+00
 1.00024610e+00 -2.97814700e+00
 1.00034697e+00 -2.97814700e+00
 1.00095884e+00 -2.95901910e+00
 1.00111319e+00 -2.95315500e+00
 1.00127041e+00 -2.95315500e+00
 1.00246560e+00 -2.95315500e+00
 1.00257150e+00 -2.95315500e+00
 1.00306602e+00 -2.95300486e+00
 1.00385367e+00 -2.95288000e+00
 1.00467406e+00 -2.95288000e+00
 1.00903958e+00 -2.95288000e+00
 1.01211200e+00 -2.95288000e+00
 1.01492970e+00 -2.95288000e+00
 1.01857112e+00 -2.95717049e+00
 1.02478214e+00 -3.02964442e+00
 1.03066659e+00 -3.03142600e+00
 1.03230180e+00 -3.03142600e+00
 1.03225236e+00 -3.03142600e+00
 1.02983632e+00 -3.03142600e+00
 1.02816390e+00 -3.02886710e+00
 1.05874540e+00 -3.02840500e+00
 1.08670972e+00 -3.02840500e+00
 1.08742973e+00 -3.02840500e+00
 1.08970714e+00 -3.02840500e+00
 1.06603004e+00 -3.02840500e+00
 1.06271127e+00 -3.03311875e+00
 1.08770493e+00 -3.04405900e+00
 1.08941407e+00 -3.04405900e+00
 1.09000640e+00 -3.04405900e+00
 1.13244010e+00 -3.04405900e+00
 1.22058494e+00 -3.04369485e+00
 1.24780275e+00 -3.04076899e+00
 1.15647442e+00 -3.04076300e+00
 1.17609710e+00 -3.04076300e+00
 1.19644505e+00 -3.04076300e+00
 1.12686251e+00 -3.04228000e+00
 1.11365944e+00 -3.23528348e+00
 1.12156180e+00 -3.25250700e+00
 1.16528901e+00 -3.25250700e+00
 1.22690628e+00 -3.25250700e+00
 1.23161302e+00 -3.25250700e+00
 1.23878972e+00 -3.25250700e+00
 1.26217552e+00 -3.25194874e+00
 1.30920340e+00 -3.25113400e+00
 1.35049632e+00 -3.25113400e+00
 1.35413105e+00 -3.25113400e+00
 1.21740474e+00 -3.25113400e+00
 1.16132389e+00 -3.25712344e+00
 1.46439758e+00 -3.28244200e+00
 1.39314527e+00 -3.28244200e+00
 1.24779329e+00 -3.28244200e+00
 1.47912714e+00 -3.28244200e+00
 2.13769630e+00 -3.28244200e+00
 1.10968086e+00 -3.28244200e+00
 1.32835613e+00 -3.28324503e+00
 1.59804598e+00 -3.28354000e+00
 1.62489143e+00 -3.28354000e+00
 1.08344633e+00 -3.28354000e+00
 2.25074265e+00 -3.28354000e+00
 2.17042175e+00 -3.28063686e+00
 1.62999849e+00 -3.27777300e+00
 1.45491659e+00 -3.27777300e+00
 1.77237488e+00 -3.27777300e+00
 1.55222695e+00 -3.27777300e+00
 1.43113149e+00 -3.25475635e+00
 1.61344077e+00 -3.19401000e+00
 1.77647385e+00 -3.19401000e+00
 1.69012769e+00 -3.19401000e+00
 1.73495774e+00 -3.19401000e+00
 1.85993436e+00 -3.19401000e+00
 1.75145298e+00 -3.19401000e+00
 1.55059705e+00 -3.12424861e+00
 1.52236708e+00 -3.10832400e+00
 1.56523884e+00 -3.10832400e+00
 1.67736372e+00 -3.10832400e+00
 1.48062606e+00 -3.10832400e+00
 1.57187972e+00 -3.17886105e+00
 1.76354428e+00 -3.22586700e+00
 1.92962563e+00 -3.22586700e+00
 2.25472660e+00 -3.22586700e+00
 2.17298285e+00 -3.22586700e+00
 2.19053111e+00 -3.22586700e+00
 2.25940726e+00 -3.22543256e+00
 1.99231704e+00 -3.22121628e+00
 3.00773602e+00 -3.22119800e+00
 2.60635562e+00 -3.22119800e+00
 2.09081056e+00 -3.22119800e+00
 2.54554666e+00 -3.22000958e+00
 2.26249599e+00 -3.04937248e+00
 2.30275948e+00 -3.03362300e+00
 2.54866196e+00 -3.03362300e+00
 2.78430915e+00 -3.03362300e+00
 2.56898438e+00 -3.03362300e+00
 2.47576335e+00 -3.03105046e+00
 2.64889892e+00 -3.03032700e+00
 2.85248222e+00 -3.03032700e+00
 2.77161640e+00 -3.03032700e+00
 2.88026765e+00 -3.03032700e+00
 2.86588319e+00 -3.03032700e+00
 2.59928890e+00 -3.01754427e+00
 2.14452797e+00 -2.98446300e+00
 2.89007651e+00 -2.98446300e+00
 2.88728626e+00 -2.98446300e+00
 2.73060418e+00 -2.98446300e+00
 2.62325850e+00 -2.98488239e+00
 2.91499786e+00 -2.98775897e+00
 2.70508589e+00 -2.98775900e+00
 2.91803621e+00 -2.98775900e+00
 3.05916670e+00 -2.98775900e+00
 2.93934379e+00 -2.98775900e+00
 3.23687668e+00 -2.98775900e+00
 3.45972405e+00 -2.85940267e+00
 3.48857196e+00 -2.80567600e+00
 3.44448007e+00 -2.80567600e+00
 3.41573133e+00 -2.80567600e+00
 3.42030273e+00 -2.80567600e+00
 3.54364690e+00 -2.80596347e+00
 3.59297816e+00 -2.80622500e+00
 3.37896777e+00 -2.80622500e+00
 3.65464285e+00 -2.80622500e+00
 3.86594158e+00 -2.80622500e+00
 3.87485624e+00 -2.80622500e+00
 3.80559462e+00 -2.80083606e+00
 3.80559462e+00 -2.73389551e+00
 3.91754206e+00 -2.73317200e+00
 4.08526235e+00 -2.73317200e+00
 4.24862503e+00 -2.73317200e+00
 4.35663506e+00 -2.73318038e+00
 4.28123985e+00 -2.73467439e+00
 4.34780809e+00 -2.73482000e+00
 4.39647231e+00 -2.73482000e+00
 4.39324499e+00 -2.73482000e+00
 4.29422502e+00 -2.73482000e+00
 4.53014334e+00 -2.73482000e+00
 4.60819464e+00 -2.66704703e+00
 4.59917056e+00 -2.58459400e+00
 4.53400575e+00 -2.58459400e+00
 4.77546888e+00 -2.58459400e+00
 4.91834394e+00 -2.58459400e+00
 4.87067484e+00 -2.58362296e+00
 4.60061786e+00 -2.58102400e+00
 4.51339779e+00 -2.58102400e+00
 4.94380371e+00 -2.58102400e+00
 4.98670770e+00 -2.58102400e+00
 4.86030303e+00 -2.54308522e+00
 5.18108433e+00 -2.24702174e+00
 5.14150762e+00 -2.24679300e+00
 5.14883170e+00 -2.24679300e+00
 5.21998406e+00 -2.24679300e+00
 5.32405032e+00 -2.24679300e+00
 5.27910948e+00 -2.24679300e+00
 5.33723604e+00 -2.24584484e+00
 5.49225868e+00 -2.24542000e+00
 5.63570587e+00 -2.24542000e+00
 5.67217090e+00 -2.24542000e+00
 6.06080954e+00 -2.24542000e+00
 6.14631959e+00 -2.13869671e+00
 6.08398858e+00 -2.01912000e+00
 5.83046848e+00 -2.01912000e+00
 5.88741196e+00 -2.01912000e+00
 6.07257616e+00 -2.01912000e+00
 6.28386872e+00 -2.01912000e+00
 6.38257750e+00 -2.01925800e+00
 6.38979580e+00 -2.02458250e+00
 6.67830945e+00 -2.02488700e+00
 6.68358367e+00 -2.02488700e+00
 6.47414859e+00 -2.02488700e+00
 6.71866042e+00 -2.02488700e+00
 6.85808207e+00 -1.81427301e+00
 6.83011041e+00 -1.75766700e+00
 6.79389598e+00 -1.75766700e+00
 6.98380254e+00 -1.75766700e+00
 7.26215269e+00 -1.75766700e+00
 7.20215090e+00 -1.75782339e+00
 7.14485234e+00 -1.75794200e+00
 7.17773323e+00 -1.75794200e+00
 7.07295811e+00 -1.75794200e+00
 7.23097141e+00 -1.75794200e+00
 7.57576289e+00 -1.75794200e+00
 7.79092450e+00 -1.73972929e+00
 7.75148077e+00 -1.48737282e+00
 8.14520320e+00 -1.48303100e+00
 7.99602399e+00 -1.48303100e+00
 7.70704706e+00 -1.48303100e+00
 7.95466372e+00 -1.48303187e+00
 8.06221132e+00 -1.48686535e+00
 8.16637746e+00 -1.48742500e+00
 8.38970427e+00 -1.48742500e+00
 8.69344145e+00 -1.48742500e+00
 8.12168918e+00 -1.48742500e+00
 8.29358827e+00 -1.48742500e+00
 8.41382044e+00 -1.30764414e+00
 8.45231878e+00 -9.49964000e-01
 8.73168148e+00 -9.49964000e-01
 8.71112145e+00 -9.49964000e-01
 8.80477867e+00 -9.49964000e-01
 8.94736802e+00 -9.50371174e-01
 8.96046801e+00 -9.52984989e-01
 9.01749146e+00 -9.52985000e-01
 9.03618500e+00 -9.52985000e-01
 9.09625692e+00 -9.52985000e-01
 9.35606037e+00 -9.48068898e-01
 9.54953549e+00 -6.51520192e-01
 9.58644088e+00 -6.29739000e-01
 9.60055589e+00 -6.29739000e-01
 9.59995996e+00 -6.29739000e-01
 9.49629017e+00 -6.29739000e-01
 9.50426551e+00 -6.29739000e-01
 9.68893764e+00 -5.53712824e-01
 1.00053214e+01 -4.52599000e-01
 1.01002110e+01 -4.52599000e-01
 1.01458021e+01 -4.52599000e-01
 1.00826678e+01 -4.52599000e-01
 1.00480625e+01 -3.64218972e-01
 1.02221825e+01 -3.18570000e-02
 1.05413597e+01 -3.18570000e-02
 1.07649790e+01 -3.18570000e-02
 1.07571219e+01 -3.18570000e-02
 1.06345010e+01 -3.18570000e-02
 1.07577002e+01 -3.18570000e-02
 1.08212409e+01 2.00586357e-01
 1.09230877e+01 2.77382000e-01
 1.10818336e+01 2.77382000e-01
 1.12382482e+01 2.77382000e-01
 1.13474197e+01 2.77382000e-01
 1.12359910e+01 4.01823304e-01
 1.11918609e+01 5.13843000e-01
 1.15151671e+01 5.13843000e-01
 1.15877653e+01 5.13843000e-01
 1.17131381e+01 5.13843000e-01
 1.18251166e+01 7.24067724e-01
 1.18689625e+01 1.22487500e+00
 1.18208004e+01 1.22487500e+00
 1.18328921e+01 1.22487500e+00
 1.20707688e+01 1.22487500e+00
 1.23726691e+01 1.22487500e+00
 1.22936036e+01 1.22487500e+00
 1.22812199e+01 1.22373171e+00
 1.23219694e+01 1.22350100e+00
 1.24347702e+01 1.22350100e+00
 1.25759610e+01 1.22350100e+00
 1.28679995e+01 1.22350100e+00
 1.29414280e+01 1.56334544e+00
 1.30076526e+01 1.76947700e+00
 1.30718020e+01 1.76947700e+00
 1.29684861e+01 1.76947700e+00
 1.32530555e+01 1.76947700e+00
 1.36116372e+01 1.76947700e+00
 1.37382574e+01 1.76966506e+00
 1.35978687e+01 1.77139090e+00
 1.34811448e+01 1.77139900e+00
 1.34979063e+01 1.77139900e+00
 1.36210468e+01 1.77139900e+00
 1.38556577e+01 1.77544962e+00
 1.40878651e+01 2.40080751e+00
 1.40754715e+01 2.45963600e+00
 1.40043926e+01 2.45963600e+00
 1.39579520e+01 2.45963600e+00
 1.42041857e+01 2.45963600e+00
 1.46576141e+01 2.46068962e+00
 1.46328440e+01 2.46100900e+00
 1.45001730e+01 2.46100900e+00
 1.46553241e+01 2.46100900e+00
 1.47553234e+01 2.46100900e+00
 1.50692959e+01 2.46100900e+00
 1.52161717e+01 2.67768602e+00
 1.51841545e+01 3.27914800e+00
 1.50415740e+01 3.27914800e+00
 1.51253451e+01 3.27914800e+00
 1.52809281e+01 3.27914800e+00
 1.54639246e+01 3.27901982e+00
 1.56458814e+01 3.27805047e+00
 1.56459515e+01 3.27805000e+00
 1.56945535e+01 3.27805000e+00
 1.58382269e+01 3.27805000e+00
 1.60486093e+01 3.27805000e+00
 1.63091782e+01 3.27805000e+00
 1.63000683e+01 3.77971336e+00
 1.62494132e+01 3.99210100e+00
 1.62234218e+01 3.99210100e+00
 1.63790383e+01 3.99210100e+00
 1.67291322e+01 3.99210100e+00
 1.67577922e+01 3.99224429e+00
 1.66812674e+01 3.99237600e+00
 1.66158842e+01 3.99237600e+00
 1.68336254e+01 3.99237600e+00
 1.71076534e+01 3.99237600e+00
 1.72193483e+01 3.99237600e+00
 1.72311184e+01 4.05790341e+00
 1.71639616e+01 4.88863204e+00
 1.72449646e+01 4.89812400e+00
 1.75651937e+01 4.89812400e+00
 1.77762225e+01 4.89812400e+00
 1.77033130e+01 4.89812400e+00
 1.75763401e+01 4.89812400e+00
 1.77868025e+01 4.89812400e+00
 1.81830527e+01 4.89812400e+00
 1.83878518e+01 4.89812400e+00
 1.82288313e+01 4.89812400e+00
 1.80507002e+01 4.89812400e+00
 1.81928074e+01 5.25372967e+00
 1.86195278e+01 5.71406600e+00
 1.88436218e+01 5.71406600e+00
 1.87529077e+01 5.71406600e+00
 1.86398008e+01 5.71406600e+00
 1.86671124e+01 5.71534269e+00
 1.89983357e+01 5.71901000e+00
 1.93332264e+01 5.71901000e+00
 1.92439743e+01 5.71901000e+00
 1.92069348e+01 5.71901000e+00
 1.92447647e+01 5.80790626e+00
 1.96289053e+01 6.51340572e+00
 1.98335301e+01 6.51407900e+00
 1.97710896e+01 6.51407900e+00
 1.96620060e+01 6.51407900e+00
 1.96444996e+01 6.51407900e+00
 2.01635037e+01 6.51407900e+00
 2.02701933e+01 6.51502389e+00
 2.01766721e+01 6.51545200e+00
 2.00019062e+01 6.51545200e+00
 2.03177863e+01 6.51545200e+00
 2.07493331e+01 6.51545200e+00
 2.08090097e+01 6.90114014e+00
 2.07962374e+01 7.33771100e+00
 2.08229583e+01 7.33771100e+00
 2.09680800e+01 7.33771100e+00
 2.12134236e+01 7.33771100e+00
 2.12765358e+01 7.33771100e+00
 2.11953602e+01 7.33776374e+00
 2.12480890e+01 7.33954069e+00
 2.13828955e+01 7.33963300e+00
 2.15975089e+01 7.33963300e+00
 2.17239429e+01 7.33963300e+00
 2.16442450e+01 7.33963300e+00
 2.16103812e+01 8.02832713e+00
 2.20193712e+01 8.20418600e+00
 2.24542679e+01 8.20418600e+00
 2.22678467e+01 8.20418600e+00
 2.20842001e+01 8.20418600e+00
 2.24499967e+01 8.20191245e+00
 2.27863093e+01 8.20034100e+00
 2.28121257e+01 8.20034100e+00
 2.24328868e+01 8.20034100e+00
 2.25262271e+01 8.20034100e+00
 2.28862722e+01 8.20034100e+00
 2.31778933e+01 8.26759167e+00
 2.30281608e+01 8.97449229e+00
 2.28844476e+01 8.98030500e+00
 2.30988895e+01 8.98030500e+00
 2.35797260e+01 8.98030500e+00
 2.38009472e+01 8.98031387e+00
 2.34647015e+01 8.98518427e+00
 2.36552966e+01 8.98579900e+00
 2.40279663e+01 8.98579900e+00
 2.41836246e+01 8.98579900e+00
 2.39564478e+01 8.98579900e+00
 2.39443888e+01 8.98579900e+00
 2.40818205e+01 9.22754463e+00
 2.44118807e+01 9.66414900e+00
 2.44984726e+01 9.66414900e+00
 2.42535772e+01 9.66414900e+00
 2.44303452e+01 9.66414900e+00
 2.48888385e+01 9.69445526e+00
 2.50578152e+01 9.86435800e+00
 2.48834615e+01 9.86435800e+00
 2.48689882e+01 9.86435800e+00
 2.50670321e+01 9.86435800e+00
 2.55862034e+01 9.87329496e+00
 2.54462267e+01 1.02481898e+01
 2.52266161e+01 1.02708180e+01
 2.53710172e+01 1.02708180e+01
 2.57633396e+01 1.02708180e+01
 2.57497149e+01 1.02708180e+01
 2.56711251e+01 1.02708180e+01
 2.57256592e+01 1.04665433e+01
 2.60470532e+01 1.07039170e+01
 2.65335600e+01 1.07039170e+01
 2.62558717e+01 1.07039170e+01
 2.61678766e+01 1.07039170e+01
 2.63094472e+01 1.07862473e+01
 2.68182893e+01 1.10628670e+01
 2.66764210e+01 1.10628670e+01
 2.65649495e+01 1.10628670e+01
 2.66894874e+01 1.10628670e+01
 2.69904174e+01 1.10628670e+01
 2.69746305e+01 1.10628670e+01
 2.70099604e+01 1.14372523e+01
 2.72067619e+01 1.15481470e+01
 2.75363671e+01 1.15481470e+01
 2.77099102e+01 1.15481470e+01
 2.72856109e+01 1.15481470e+01
 2.74844566e+01 1.15467897e+01
 2.79691012e+01 1.15456750e+01
 2.81917718e+01 1.15456750e+01
 2.77275122e+01 1.15456750e+01
 2.78485038e+01 1.15456750e+01
 2.82312763e+01 1.17590107e+01
 2.84885043e+01 1.22188070e+01
 2.80804307e+01 1.22188070e+01
 2.82535512e+01 1.22188070e+01
 2.86244327e+01 1.22188070e+01
 2.87942119e+01 1.22188070e+01
 2.85135275e+01 1.22188070e+01
 2.89483954e+01 1.22199740e+01
 2.93234069e+01 1.22201810e+01
 2.93843649e+01 1.22201810e+01
 2.91458959e+01 1.22201810e+01
 2.90041543e+01 1.22201810e+01
 2.94704473e+01 1.25356387e+01
 2.96342262e+01 1.27095810e+01
 2.94125468e+01 1.27095810e+01
 2.94760573e+01 1.27095810e+01
 3.00066902e+01 1.27095810e+01
 3.00519768e+01 1.27095810e+01
 2.98978471e+01 1.27095810e+01
 3.00692771e+01 1.27095810e+01
 3.04425616e+01 1.27095810e+01
 3.05617094e+01 1.27095810e+01
 3.04825248e+01 1.27095810e+01
 3.00928633e+01 1.27138067e+01
 3.08033150e+01 1.32150794e+01
 3.07830635e+01 1.32624210e+01
 3.07123223e+01 1.32624210e+01
 3.07285525e+01 1.32624210e+01
 3.12766137e+01 1.32624210e+01
 3.11382408e+01 1.32684794e+01
 3.10817039e+01 1.32706620e+01
 3.11773292e+01 1.32706620e+01
 3.19231266e+01 1.32706620e+01
 3.17582313e+01 1.32706620e+01
 3.13946936e+01 1.32706620e+01
 3.14506040e+01 1.33727589e+01
 3.21797512e+01 1.37166700e+01
 3.16882117e+01 1.37166700e+01
 3.17634755e+01 1.37166700e+01
 3.22471635e+01 1.37166700e+01
 3.26887470e+01 1.37171424e+01
 3.21963149e+01 1.37218634e+01
 3.23602206e+01 1.37218870e+01
 3.26276184e+01 1.37218870e+01
 3.26881653e+01 1.37218870e+01
 3.24878058e+01 1.37218870e+01
 3.26138258e+01 1.37218870e+01
 3.30765071e+01 1.39319943e+01
 3.31410335e+01 1.40382670e+01
 3.29266331e+01 1.40382670e+01
 3.32244253e+01 1.40382670e+01
 3.35957472e+01 1.40382670e+01
 3.36335358e+01 1.40386520e+01
 3.36317218e+01 1.40390910e+01
 3.38740671e+01 1.40390910e+01
 3.41935740e+01 1.40390910e+01
 3.38361115e+01 1.40390910e+01
 3.37216086e+01 1.40390910e+01
 3.41229493e+01 1.40570868e+01
 3.42391074e+01 1.44250865e+01
 3.39565815e+01 1.44353900e+01
 3.41610606e+01 1.44353900e+01
 3.47660593e+01 1.44353900e+01
 3.49682132e+01 1.44353899e+01
 3.44425947e+01 1.44341891e+01
 3.49202553e+01 1.44340180e+01
 3.52508733e+01 1.44340180e+01
 3.49044479e+01 1.44340180e+01
 3.45903322e+01 1.44340180e+01
 3.50495481e+01 1.47894327e+01
 3.52953753e+01 1.49245160e+01
 3.53041714e+01 1.49245160e+01
 3.51867057e+01 1.49245160e+01
 3.58879434e+01 1.49245160e+01
 3.57726682e+01 1.49245160e+01
 3.55511805e+01 1.49235379e+01
 3.55529385e+01 1.49201220e+01
 3.62008114e+01 1.49201220e+01
 3.60357506e+01 1.49201220e+01
 3.59996691e+01 1.49201220e+01
 3.62337650e+01 1.49392330e+01
 3.65071098e+01 1.51407638e+01
 3.61008268e+01 1.51420290e+01
 3.64475589e+01 1.51420290e+01
 3.68675736e+01 1.51420290e+01
 3.68627886e+01 1.51420290e+01
 3.63762254e+01 1.51420290e+01
 3.69992021e+01 1.51416744e+01
 3.71979256e+01 1.51414790e+01
 3.68215530e+01 1.51414790e+01
 3.68601828e+01 1.51414790e+01
 3.76317722e+01 1.51414790e+01
 3.75638048e+01 1.52757959e+01
 3.72291082e+01 1.54419310e+01
 3.74684693e+01 1.54419310e+01
 3.80377541e+01 1.54419310e+01
 3.77088318e+01 1.54419310e+01
 3.76557093e+01 1.54419310e+01
 3.82936255e+01 1.54418717e+01
 3.81900839e+01 1.54398301e+01
 3.80554032e+01 1.54397330e+01
 3.82716150e+01 1.54397330e+01
 3.86613071e+01 1.54397330e+01
 3.82772977e+01 1.54397330e+01
 3.84805065e+01 1.57085551e+01
 3.89407322e+01 1.57706700e+01
 3.90870871e+01 1.57706700e+01
 3.86239401e+01 1.57706700e+01
 3.93472632e+01 1.57706700e+01
 3.93700335e+01 1.57709995e+01
 3.91057276e+01 1.57712180e+01
 3.88000469e+01 1.57712180e+01
 3.95997452e+01 1.57712180e+01
 3.94623160e+01 1.57712180e+01
 3.93972037e+01 1.57712180e+01
 3.95234225e+01 1.57811526e+01
 4.03885280e+01 1.58875545e+01
 3.98602948e+01 1.58884870e+01
 4.00990785e+01 1.58884870e+01
 4.04823840e+01 1.58884870e+01
 4.02822475e+01 1.58886752e+01
 3.99712703e+01 1.60085058e+01
 4.02839343e+01 1.60238840e+01
 4.04063254e+01 1.60238840e+01
 4.00638402e+01 1.60238840e+01
 4.05321828e+01 1.60238840e+01
 4.10847361e+01 1.60238840e+01
 4.09941074e+01 1.60912425e+01
 4.06568916e+01 1.62142060e+01
 4.15048881e+01 1.62142060e+01
 4.14579888e+01 1.62142060e+01
 4.12134832e+01 1.62142060e+01
 4.11520602e+01 1.62279590e+01
 4.18613517e+01 1.63062090e+01
 4.13428074e+01 1.63062090e+01
 4.15115663e+01 1.63062090e+01
 4.18586457e+01 1.63062090e+01
 4.19697026e+01 1.63075697e+01
 4.15514183e+01 1.63668144e+01
 4.22186672e+01 1.63704730e+01
 4.23020024e+01 1.63704730e+01
 4.18679404e+01 1.63704730e+01
 4.22818672e+01 1.63704730e+01
 4.22755999e+01 1.63704730e+01
 4.20763480e+01 1.64352660e+01
 4.20200755e+01 1.65146570e+01
 4.29981374e+01 1.65146570e+01
 4.27582716e+01 1.65146570e+01
 4.27444083e+01 1.65146570e+01
 4.29172288e+01 1.65154680e+01
 4.32551252e+01 1.65182270e+01
 4.26604727e+01 1.65182270e+01
 4.33337290e+01 1.65182270e+01
 4.34814889e+01 1.65182270e+01
 4.30628600e+01 1.65182270e+01
 4.32160750e+01 1.65182270e+01
 4.39550092e+01 1.66614724e+01
 4.38182005e+01 1.67044300e+01
 4.35145082e+01 1.67044300e+01
 4.43014036e+01 1.67044300e+01
 4.41980777e+01 1.67044300e+01
 4.38669185e+01 1.67042797e+01
 4.38469787e+01 1.67041550e+01
 4.44173633e+01 1.67041550e+01
 4.38394972e+01 1.67041550e+01
 4.45244183e+01 1.67041550e+01
 4.48019872e+01 1.67311069e+01
 4.44994011e+01 1.67898420e+01
 4.44152975e+01 1.67898420e+01
 4.51262423e+01 1.67898420e+01
 4.50037174e+01 1.67898420e+01
 4.45661014e+01 1.67898420e+01
 4.48803159e+01 1.67898420e+01
 4.48805612e+01 1.67898420e+01
 4.49036737e+01 1.67898420e+01
 4.51772754e+01 1.67898420e+01
 4.59120469e+01 1.67898420e+01
 4.50394045e+01 1.67898420e+01
 4.55787850e+01 1.69326851e+01
 4.57279074e+01 1.70122960e+01
 4.52718687e+01 1.70122960e+01
 4.53392489e+01 1.70122960e+01
 4.57817914e+01 1.70122960e+01
 4.57305502e+01 1.70122960e+01
 4.55861398e+01 1.70119524e+01
 4.68489857e+01 1.70090069e+01
 4.62414112e+01 1.70090010e+01
 4.63284503e+01 1.70090010e+01
 4.68169092e+01 1.70090010e+01
 4.71420199e+01 1.70088497e+01
 4.63967265e+01 1.69896961e+01
 4.68528164e+01 1.69878530e+01
 4.70145801e+01 1.69878530e+01
 4.66689376e+01 1.69878530e+01
 4.72082221e+01 1.69878530e+01
 4.73155763e+01 1.69878530e+01
 4.72541367e+01 1.69878530e+01
 4.72578534e+01 1.69878530e+01
 4.81443693e+01 1.69878530e+01
 4.70389267e+01 1.69878530e+01
 4.73560153e+01 1.69878530e+01
 4.78370632e+01 1.70280299e+01
 4.77997001e+01 1.71836700e+01
 4.75543118e+01 1.71836700e+01
 4.83445643e+01 1.71836700e+01
 4.84333645e+01 1.71836700e+01
 4.79114309e+01 1.71836903e+01
 4.87888165e+01 1.71839413e+01
 4.85498800e+01 1.71839440e+01
 4.83936434e+01 1.71839440e+01
 4.84003182e+01 1.71839440e+01
 4.85777654e+01 1.71839440e+01
 4.82966486e+01 1.71839440e+01
 4.91071982e+01 1.72460535e+01
 4.92664430e+01 1.72814390e+01
 4.85937346e+01 1.72814390e+01
 4.94143797e+01 1.72814390e+01
 4.93604420e+01 1.72814390e+01
 4.90457969e+01 1.72835488e+01
 4.89734577e+01 1.72861080e+01
 4.99783874e+01 1.72861080e+01
 4.90126666e+01 1.72861080e+01
 4.96030459e+01 1.72861080e+01
 4.99948068e+01 1.72861080e+01
 4.97894387e+01 1.72879062e+01
 4.98964382e+01 1.73310550e+01
 4.98710047e+01 1.73325220e+01
 4.98149874e+01 1.73325220e+01
 4.98812182e+01 1.73325220e+01
 5.05696104e+01 1.73325220e+01
 4.95702837e+01 1.73344205e+01
 5.00678468e+01 1.73347180e+01
 5.04826386e+01 1.73347180e+01
 5.02109054e+01 1.73347180e+01
 5.03951818e+01 1.73347180e+01
 5.08413911e+01 1.73995083e+01
 5.06726217e+01 1.74258970e+01
 5.02798855e+01 1.74258970e+01
 5.11007353e+01 1.74258970e+01
 5.04353543e+01 1.74258970e+01
 5.08294040e+01 1.74258970e+01
 5.13877333e+01 1.74268182e+01
 5.14347982e+01 1.74302910e+01
 5.10308218e+01 1.74302910e+01
 5.16231396e+01 1.74302910e+01
 5.14877574e+01 1.74302910e+01
 5.07736177e+01 1.74364829e+01
 5.20112176e+01 1.75097960e+01
 5.13602176e+01 1.75104850e+01
 5.14420926e+01 1.75104850e+01
 5.19718535e+01 1.75104850e+01
 5.22632159e+01 1.75104850e+01
 5.19487446e+01 1.75104850e+01
 5.25243787e+01 1.75094266e+01
 5.25363856e+01 1.75088370e+01
 5.18758641e+01 1.75088370e+01
 5.28392140e+01 1.75088370e+01
 5.22789261e+01 1.75088370e+01
 5.23722865e+01 1.75774421e+01
 5.27957358e+01 1.76631830e+01
 5.28612704e+01 1.76631830e+01
 5.27683674e+01 1.76631830e+01
 5.33167329e+01 1.76631830e+01
 5.34477143e+01 1.76631830e+01
 5.26815812e+01 1.76632083e+01
 5.36429449e+01 1.76639743e+01
 5.29425295e+01 1.76640070e+01
 5.30759616e+01 1.76640070e+01
 5.37000129e+01 1.76640070e+01
 5.35844644e+01 1.76640070e+01
 5.33581569e+01 1.76685828e+01
 5.35842908e+01 1.76695000e+01
 5.36982895e+01 1.76695000e+01
 5.30780328e+01 1.76695000e+01
 5.42265853e+01 1.76695000e+01
 5.36870537e+01 1.76669300e+01
 5.36602747e+01 1.76653790e+01
 5.45670187e+01 1.76653790e+01
 5.40820111e+01 1.76653790e+01
 5.46443571e+01 1.76653790e+01
 5.47061645e+01 1.76653790e+01
 5.42436433e+01 1.76657311e+01
 5.39352397e+01 1.76689356e+01
 5.47715551e+01 1.76689500e+01
 5.46061840e+01 1.76689500e+01
 5.45018697e+01 1.76689500e+01
 5.56198735e+01 1.76690936e+01
 5.44829971e+01 1.77013716e+01
 5.50689097e+01 1.77049270e+01
 5.53321765e+01 1.77049270e+01
 5.48275112e+01 1.77049270e+01
 5.50432889e+01 1.77049270e+01
 5.50526215e+01 1.77049270e+01
 5.50228213e+01 1.77128784e+01
 5.50627845e+01 1.77260730e+01
 5.59595574e+01 1.77260730e+01
 5.56067867e+01 1.77260730e+01
 5.59728009e+01 1.77260730e+01
 5.62274098e+01 1.77344971e+01
 5.51269830e+01 1.77766060e+01
 5.64296681e+01 1.77766060e+01
 5.58116469e+01 1.77766060e+01
 5.55881105e+01 1.77766060e+01
 5.64342398e+01 1.77767731e+01
 5.59879993e+01 1.77821082e+01
 5.64760927e+01 1.77823740e+01
 5.66372900e+01 1.77823740e+01
 5.63592083e+01 1.77823740e+01
 5.58674050e+01 1.77823740e+01
 5.66275444e+01 1.77823740e+01
 5.64806703e+01 1.78409881e+01
 5.63217232e+01 1.79065100e+01
 5.75024466e+01 1.79065100e+01
 5.67557362e+01 1.79065100e+01
 5.72336246e+01 1.79065100e+01
 5.74363960e+01 1.79067812e+01
 5.68062453e+01 1.79076080e+01
 5.72333426e+01 1.79076080e+01
 5.74629025e+01 1.79076080e+01
 5.72641078e+01 1.79076080e+01
 5.68957996e+01 1.79059401e+01
 5.78490040e+01 1.78853596e+01
 5.75228305e+01 1.78850880e+01
 5.79284386e+01 1.78850880e+01
 5.83361670e+01 1.78850880e+01
 5.72902738e+01 1.78850880e+01
 5.84564911e+01 1.78850880e+01
 5.79585414e+01 1.78846189e+01
 5.78508850e+01 1.78842640e+01
 5.91178003e+01 1.78842640e+01
 5.79714325e+01 1.78842640e+01
 5.84962443e+01 1.78842640e+01
 5.85935961e+01 1.79272072e+01
 5.82640798e+01 1.80075760e+01
 5.83587110e+01 1.80075760e+01
 5.85800853e+01 1.80075760e+01
 5.84080599e+01 1.80075760e+01
 5.83107878e+01 1.80075760e+01
 5.92538600e+01 1.80075765e+01
 5.84812219e+01 1.80094932e+01
 5.92349750e+01 1.80097720e+01
 5.95708313e+01 1.80097720e+01
 5.85438481e+01 1.80083323e+01
 5.99178495e+01 1.79398043e+01
 5.99238810e+01 1.79353470e+01
 5.96650703e+01 1.79353470e+01
 5.93650590e+01 1.79353470e+01
 5.91638042e+01 1.79353470e+01
 5.96470842e+01 1.79353470e+01
 6.01095430e+01 1.79356501e+01
 5.91051302e+01 1.79375430e+01
 5.97878304e+01 1.79375430e+01
 5.95989412e+01 1.79375430e+01
 5.94850324e+01 1.79375430e+01
 5.98933319e+01 1.79375430e+01
 5.98933319e+01 1.79375430e+01
 5.98933319e+01 1.80193944e+01
 6.00673649e+01 1.80603050e+01
 6.03950897e+01 1.80603050e+01
 5.99033609e+01 1.80603050e+01
 6.07876475e+01 1.80603050e+01
 6.05320533e+01 1.80593244e+01
 6.00731208e+01 1.80581080e+01
 6.12033340e+01 1.80581080e+01
 6.01880097e+01 1.80581080e+01
 6.09031826e+01 1.80581080e+01
 6.12397948e+01 1.80513845e+01
 6.00226983e+01 1.80281730e+01
 6.09023654e+01 1.80281730e+01
 6.06841500e+01 1.80281730e+01
 6.09366186e+01 1.80281730e+01
 6.17495635e+01 1.80281730e+01
 6.16138224e+01 1.80281730e+01
 6.13701369e+01 1.80294481e+01
 6.13919954e+01 1.80298200e+01
 6.13628994e+01 1.80298200e+01
 6.06981379e+01 1.80298200e+01
 6.13915825e+01 1.80298200e+01
 6.13130793e+01 1.80950183e+01
 6.14947293e+01 1.81383020e+01
 6.22499835e+01 1.81383020e+01
 6.16567285e+01 1.81383020e+01
 6.21999824e+01 1.81383020e+01
 6.19004123e+01 1.81383020e+01
 6.13489340e+01 1.81378659e+01
 6.23951128e+01 1.81347325e+01
 6.14670871e+01 1.81347320e+01
 6.20881627e+01 1.81347320e+01
 6.25526173e+01 1.81347320e+01
 6.21762382e+01 1.81366257e+01
 6.30071902e+01 1.82077462e+01
 6.27440938e+01 1.82113550e+01
 6.25065353e+01 1.82113550e+01
 6.23716302e+01 1.82113550e+01
 6.21147471e+01 1.82113550e+01
 6.22919468e+01 1.82113550e+01
 6.28312513e+01 1.82123718e+01
 6.31109442e+01 1.82132770e+01
 6.30560227e+01 1.82132770e+01
 6.34998897e+01 1.82132770e+01
 6.27903756e+01 1.82132770e+01
 6.26090327e+01 1.81902824e+01
 6.28802127e+01 1.81465410e+01
 6.21808415e+01 1.81465410e+01
 6.36151149e+01 1.81465410e+01
 6.34546802e+01 1.81465410e+01
 6.31744046e+01 1.81452089e+01
 6.42418550e+01 1.81391260e+01
 6.30729479e+01 1.81391260e+01
 6.36645533e+01 1.81391260e+01
 6.37679837e+01 1.81391260e+01
 6.32046479e+01 1.81391260e+01
 6.44493913e+01 1.81391260e+01
 6.37460127e+01 1.82129184e+01
 6.39658205e+01 1.82338750e+01
 6.43529703e+01 1.82338750e+01
 6.36807542e+01 1.82338750e+01
 6.38807300e+01 1.82338750e+01
 6.41223041e+01 1.82337069e+01
 6.42240911e+01 1.82336010e+01
 6.42781409e+01 1.82336010e+01
 6.46918048e+01 1.82336010e+01
 6.43588911e+01 1.82336010e+01
 6.44329244e+01 1.82336010e+01
 6.45896984e+01 1.82377113e+01
 6.40563235e+01 1.82640840e+01
 6.48926129e+01 1.82640840e+01
 6.44685100e+01 1.82640840e+01
 6.44481641e+01 1.82640840e+01
 6.54821617e+01 1.82647022e+01
 6.45141184e+01 1.82830843e+01
 6.53282399e+01 1.82838580e+01
 6.51186839e+01 1.82838580e+01
 6.44156430e+01 1.82838580e+01
 6.59007098e+01 1.82838580e+01
 6.45286577e+01 1.82838580e+01
 6.51757484e+01 1.82999034e+01
 6.57888787e+01 1.83146180e+01
 6.48563321e+01 1.83146180e+01
 6.61672113e+01 1.83146180e+01
 6.53067308e+01 1.83146180e+01
 6.52314710e+01 1.83079226e+01
 6.60656076e+01 1.82937450e+01
 6.48280158e+01 1.82937450e+01
 6.57652013e+01 1.82937450e+01
 6.58333704e+01 1.82937450e+01
 6.56727550e+01 1.82933784e+01
 6.65859252e+01 1.82909990e+01
 6.60914008e+01 1.82909990e+01
 6.61576929e+01 1.82909990e+01
 6.61428123e+01 1.82909990e+01
 6.56868913e+01 1.82909990e+01
 6.66685710e+01 1.82909990e+01
 6.64515083e+01 1.82917251e+01
 6.64928866e+01 1.82920980e+01
 6.68569246e+01 1.82920980e+01
 6.61981913e+01 1.82920980e+01
 6.62670063e+01 1.82920980e+01
 6.63790765e+01 1.82920980e+01
 6.65057686e+01 1.82920980e+01
 6.67157138e+01 1.82920980e+01
 6.71131187e+01 1.82920980e+01
 6.69437146e+01 1.82920980e+01
 6.67993606e+01 1.82920980e+01
 6.70265465e+01 1.82920841e+01
 6.63794028e+01 1.82905872e+01
 6.66684860e+01 1.82904500e+01
 6.68321792e+01 1.82904500e+01
 6.68192447e+01 1.82904500e+01
 6.78205361e+01 1.82904500e+01
 6.73206380e+01 1.82906555e+01
 6.73132545e+01 1.82907240e+01
 6.74682267e+01 1.82907240e+01
 6.68230286e+01 1.82907240e+01
 6.75453443e+01 1.82907240e+01
 6.73032184e+01 1.82891018e+01
 6.72466312e+01 1.82877040e+01
 6.82442693e+01 1.82877040e+01
 6.76054057e+01 1.82877040e+01
 6.80043596e+01 1.82877040e+01
 6.79134974e+01 1.82877040e+01
 6.72154095e+01 1.82876486e+01
 6.85075637e+01 1.82866322e+01
 6.78006105e+01 1.82866040e+01
 6.80127367e+01 1.82866040e+01
 6.85418348e+01 1.82866040e+01
 6.75533098e+01 1.82866040e+01
 6.87378504e+01 1.83436134e+01
 6.82031434e+01 1.83544400e+01
 6.77628861e+01 1.83544400e+01
 6.87867863e+01 1.83544400e+01
 6.78819708e+01 1.83544400e+01
 6.87228191e+01 1.83544400e+01
 6.88430447e+01 1.83550836e+01
 6.79145353e+01 1.83566370e+01
 6.95044591e+01 1.83566370e+01
 6.84622222e+01 1.83566370e+01
 6.86194020e+01 1.83566370e+01
 6.92085025e+01 1.83575993e+01
 6.78501644e+01 1.83651386e+01
 6.94985951e+01 1.83651510e+01
 6.92160541e+01 1.83651510e+01
 6.89262408e+01 1.83651510e+01
 6.99752092e+01 1.83651403e+01
 6.87046003e+01 1.83638941e+01
 6.91724294e+01 1.83637770e+01
 6.91458801e+01 1.83637770e+01
 6.83331974e+01 1.83637770e+01
 7.00577050e+01 1.83637770e+01
 6.94715324e+01 1.83637770e+01
 6.97613509e+01 1.83790764e+01
 7.03541365e+01 1.84022270e+01
 6.86744013e+01 1.84022270e+01
 6.99040080e+01 1.84022270e+01
 6.94867197e+01 1.84022270e+01
 6.91443403e+01 1.84032388e+01
 7.05002634e+01 1.84077190e+01
 6.94913112e+01 1.84077190e+01
 7.01060515e+01 1.84077190e+01
 7.02249219e+01 1.84077190e+01
 6.94304489e+01 1.84077190e+01
 7.05073574e+01 1.84077190e+01
 6.98076956e+01 1.84108982e+01
 7.00866684e+01 1.84121140e+01
 7.08802234e+01 1.84121140e+01
 6.98624619e+01 1.84121140e+01
 7.06744155e+01 1.84121140e+01
 7.01925861e+01 1.84132000e+01
 6.98004332e+01 1.84143100e+01
 7.11596381e+01 1.84143100e+01
 6.98364796e+01 1.84143100e+01
 7.05535056e+01 1.84143100e+01
 7.08061941e+01 1.84059562e+01
 6.99923408e+01 1.83830010e+01
 7.14100462e+01 1.83830010e+01
 7.04609739e+01 1.83830010e+01
 7.04623826e+01 1.83830010e+01
 7.10845758e+01 1.83830010e+01
 7.02520713e+01 1.83830010e+01
 7.14646982e+01 1.83843432e+01
 7.11755040e+01 1.83846490e+01
 7.07454474e+01 1.83846490e+01
 7.14714825e+01 1.83846490e+01
 7.05208898e+01 1.83846490e+01
 7.11246623e+01 1.83863420e+01
 7.12827216e+01 1.83873960e+01
 7.06139115e+01 1.83873960e+01
 7.21889183e+01 1.83873960e+01
 7.10790170e+01 1.83873960e+01
 7.11860149e+01 1.83873960e+01
 7.17976929e+01 1.83875496e+01
 7.08131923e+01 1.83887688e+01
 7.17585238e+01 1.83887700e+01
 7.13358005e+01 1.83887700e+01
 7.12307766e+01 1.83887700e+01
 7.24886140e+01 1.83910418e+01
 7.15310552e+01 1.84975867e+01
 7.18796112e+01 1.85038410e+01
 7.16669823e+01 1.85038410e+01
 7.10831087e+01 1.85038410e+01
 7.20513844e+01 1.85038410e+01
 7.16867325e+01 1.85045211e+01
 7.23292046e+01 1.85046650e+01
 7.27623450e+01 1.85046650e+01
 7.17470407e+01 1.85046650e+01
 7.21590160e+01 1.85046650e+01
 7.17175124e+01 1.85046650e+01
 7.18160413e+01 1.84977790e+01
 7.24812001e+01 1.84837930e+01
 7.21066709e+01 1.84837930e+01
 7.27896630e+01 1.84837930e+01
 7.26178712e+01 1.84837930e+01
 7.23132218e+01 1.84837471e+01
 7.26884033e+01 1.84835190e+01
 7.19943913e+01 1.84835190e+01
 7.24039396e+01 1.84835190e+01
 7.26911801e+01 1.84835190e+01
 7.27049265e+01 1.84835190e+01
 7.29594966e+01 1.84835190e+01
 7.29656936e+01 1.84513458e+01
 7.27842700e+01 1.84414990e+01
 7.25737214e+01 1.84414990e+01
 7.26911156e+01 1.84414990e+01
 7.25304861e+01 1.84414990e+01
 7.30515301e+01 1.84380897e+01
 7.33901834e+01 1.84357320e+01
 7.33103122e+01 1.84357320e+01
 7.39155343e+01 1.84357320e+01
 7.27897924e+01 1.84357320e+01
 7.26131530e+01 1.84357320e+01
 7.29498314e+01 1.84357955e+01
 7.28283149e+01 1.84362817e+01
 7.40614790e+01 1.84362820e+01
 7.38474609e+01 1.84362820e+01
 7.36859515e+01 1.84362820e+01
 7.42435946e+01 1.84367528e+01
 7.32074260e+01 1.84571150e+01
 7.36043791e+01 1.84582520e+01
 7.35585619e+01 1.84582520e+01
 7.32526766e+01 1.84582520e+01
 7.42629611e+01 1.84582520e+01
 7.34548617e+01 1.84582520e+01
 7.40690893e+01 1.84676605e+01
 7.44628851e+01 1.84763780e+01
 7.31660406e+01 1.84763780e+01
 7.44966892e+01 1.84763780e+01
 7.35404773e+01 1.84763780e+01
 7.36548726e+01 1.84769301e+01
 7.48276634e+01 1.84780260e+01
 7.34889749e+01 1.84780260e+01
 7.46231317e+01 1.84780260e+01
 7.41002720e+01 1.84780260e+01
 7.34156262e+01 1.84784380e+01
 7.49221891e+01 1.84807720e+01
 7.36504797e+01 1.84807720e+01
 7.45820343e+01 1.84807720e+01
 7.49670686e+01 1.84807720e+01
 7.36534705e+01 1.84807720e+01
 7.51378765e+01 1.84807720e+01
 7.43273708e+01 1.84517946e+01
 7.43886572e+01 1.84390280e+01
 7.50959551e+01 1.84390280e+01
 7.36300027e+01 1.84390280e+01
 7.47885040e+01 1.84390280e+01
 7.47785597e+01 1.84378840e+01
 7.45084635e+01 1.84365560e+01
 7.50749598e+01 1.84365560e+01
 7.48838013e+01 1.84365560e+01
 7.47663660e+01 1.84365560e+01
 7.47750810e+01 1.84365560e+01
 7.48808579e+01 1.84385739e+01
 7.47491236e+01 1.85269283e+01
 7.49359474e+01 1.85324030e+01
 7.49784104e+01 1.85324030e+01
 7.49168984e+01 1.85324030e+01
 7.53562651e+01 1.85324030e+01
 7.48773915e+01 1.85315457e+01
 7.49555539e+01 1.85313050e+01
 7.51988937e+01 1.85313050e+01
 7.50750845e+01 1.85313050e+01
 7.63390151e+01 1.85313050e+01
 7.54230780e+01 1.85025497e+01
 7.48892919e+01 1.84799480e+01
 7.60168098e+01 1.84799480e+01
 7.46467176e+01 1.84799480e+01
 7.59200107e+01 1.84799480e+01
 7.60307823e+01 1.84799480e+01
 7.49237474e+01 1.84799935e+01
 7.63853647e+01 1.84807537e+01
 7.52557977e+01 1.84807720e+01
 7.55182657e+01 1.84807720e+01
 7.62038616e+01 1.84807720e+01
 7.48848316e+01 1.84807720e+01
 7.61567486e+01 1.85066238e+01
 7.61239558e+01 1.85112570e+01
 7.59556995e+01 1.85112570e+01
 7.61856962e+01 1.85112570e+01
 7.59188225e+01 1.85112570e+01
 7.58957825e+01 1.85112570e+01
 7.59399938e+01 1.85102605e+01
 7.60348964e+01 1.85079610e+01
 7.58997218e+01 1.85079610e+01
 7.62605669e+01 1.85079610e+01
 7.61848412e+01 1.85079610e+01
 7.60052260e+01 1.85083891e+01
 7.68770473e+01 1.85117995e+01
 7.58926207e+01 1.85118060e+01
 7.63132321e+01 1.85118060e+01
 7.66784762e+01 1.85118060e+01
 7.58538410e+01 1.85117739e+01
 7.72359634e+01 1.85077921e+01
 7.62137865e+01 1.85074110e+01
 7.59730057e+01 1.85074110e+01
 7.69685873e+01 1.85074110e+01
 7.58321290e+01 1.85074110e+01
 7.72366566e+01 1.85074110e+01
 7.69615879e+01 1.85095397e+01
 7.59802296e+01 1.85126300e+01
 7.70482576e+01 1.85126300e+01
 7.62066232e+01 1.85126300e+01
 7.64945977e+01 1.85126300e+01
 7.68412694e+01 1.85117318e+01
 7.65399288e+01 1.85079610e+01
 7.74867993e+01 1.85079610e+01
 7.73114468e+01 1.85079610e+01
 7.68009265e+01 1.85079610e+01
 7.64391843e+01 1.85079610e+01
 7.63333889e+01 1.85079610e+01
 7.65356724e+01 1.85123869e+01
 7.72666565e+01 1.85140030e+01
 7.77941156e+01 1.85140030e+01
 7.70306676e+01 1.85140030e+01
 7.78390428e+01 1.85140030e+01
 7.70906521e+01 1.85130329e+01
 7.64405947e+01 1.85120810e+01
 7.75720774e+01 1.85120810e+01
 7.64103710e+01 1.85120810e+01
 7.73916787e+01 1.85120810e+01
 7.77511184e+01 1.85111714e+01
 7.69364059e+01 1.85087850e+01
 7.84124114e+01 1.85087850e+01
 7.71823759e+01 1.85087850e+01
 7.70642211e+01 1.85087850e+01
 7.76160664e+01 1.85087850e+01
 7.69190000e+01 1.85087850e+01
 7.78676370e+01 1.85087850e+01
 7.78186713e+01 1.85087850e+01
 7.76252489e+01 1.85087850e+01
 7.79624204e+01 1.85087850e+01
 7.76270623e+01 1.85087850e+01
 7.71876849e+01 1.85096284e+01
 7.71461043e+01 1.85101590e+01
 7.75457383e+01 1.85101590e+01
 7.77832533e+01 1.85101590e+01
 7.81875980e+01 1.85101590e+01
 7.78847479e+01 1.85101590e+01
 7.73150929e+01 1.85100541e+01
 7.81462950e+01 1.85090614e+01
 7.72473725e+01 1.85090590e+01
 7.80732496e+01 1.85090590e+01
 7.85742962e+01 1.85090590e+01
 7.72558522e+01 1.85090053e+01
 7.89996419e+01 1.85057307e+01
 7.78560650e+01 1.85054890e+01
 7.76477718e+01 1.85054890e+01
 7.83969509e+01 1.85054890e+01
 7.74382787e+01 1.85054890e+01
 7.87552780e+01 1.85054890e+01
 7.85231115e+01 1.85069560e+01
 7.80199918e+01 1.85085110e+01
 7.84353346e+01 1.85085110e+01
 7.74724940e+01 1.85085110e+01
 7.80430109e+01 1.85085110e+01
 7.83687473e+01 1.85080109e+01
 7.82373629e+01 1.85068630e+01
 7.82794393e+01 1.85068630e+01
 7.89070246e+01 1.85068630e+01
 7.83834262e+01 1.85068630e+01
 7.76595026e+01 1.85062998e+01
 7.84259334e+01 1.85030180e+01
 7.78123488e+01 1.85030180e+01
 7.89670398e+01 1.85030180e+01
 7.94775519e+01 1.85030180e+01
 7.84740232e+01 1.85030180e+01
 7.94343822e+01 1.85030180e+01
 7.82010742e+01 1.85080260e+01
 7.83654668e+01 1.85098830e+01
 7.91162856e+01 1.85098830e+01
 7.75293252e+01 1.85098830e+01
 7.91880781e+01 1.85098830e+01
 7.87923088e+01 1.84943104e+01
 7.85173343e+01 1.84815960e+01
 7.94487012e+01 1.84815960e+01
 7.83030973e+01 1.84815960e+01
 7.87362825e+01 1.84815960e+01
 7.88790482e+01 1.84815960e+01
 7.88371904e+01 1.84802954e+01
 7.97395276e+01 1.84671112e+01
 7.90386800e+01 1.84670410e+01
 7.85510935e+01 1.84670410e+01
 7.85019471e+01 1.84670410e+01
 7.87480728e+01 1.84652126e+01
 7.83211367e+01 1.83020405e+01
 7.94737230e+01 1.82890760e+01
 7.96391103e+01 1.82890760e+01
 7.88627005e+01 1.82890760e+01
 8.03956401e+01 1.82890760e+01
 7.87566737e+01 1.82890760e+01
 7.90535843e+01 1.82852689e+01
 7.95444287e+01 1.82811120e+01
 7.80901341e+01 1.82811120e+01
 7.96746382e+01 1.82811120e+01
 7.88881496e+01 1.82811120e+01
 7.87244126e+01 1.82542509e+01
 7.98505681e+01 1.81827920e+01
 7.89700113e+01 1.81827920e+01
 7.92980273e+01 1.81827920e+01
 7.93562378e+01 1.81827920e+01
 7.93124748e+01 1.81830962e+01
 7.96817597e+01 1.81852638e+01
 7.97401696e+01 1.81852640e+01
 7.93771774e+01 1.81852640e+01
 7.92776799e+01 1.81852640e+01
 7.99119074e+01 1.81852640e+01
 7.88653297e+01 1.81852640e+01
 7.98656391e+01 1.80668813e+01
 7.98817751e+01 1.80111460e+01
 7.90895618e+01 1.80111460e+01
 8.07337380e+01 1.80111460e+01
 7.93320722e+01 1.80111460e+01
 7.96047359e+01 1.80116513e+01
 8.01296311e+01 1.80122440e+01
 7.87535622e+01 1.80122440e+01
 8.06322722e+01 1.80122440e+01
 7.99423029e+01 1.80122440e+01
 7.93686322e+01 1.80122440e+01
 7.98310624e+01 1.80035492e+01
 7.94367574e+01 1.76080540e+01
 7.94117678e+01 1.75829890e+01
 7.98654935e+01 1.75829890e+01
 8.07057778e+01 1.75829890e+01
 8.00419960e+01 1.75829890e+01
 8.08219257e+01 1.75814926e+01
 8.01693234e+01 1.75810670e+01
 7.92844256e+01 1.75810670e+01
 8.05607259e+01 1.75810670e+01
 7.94435924e+01 1.75810670e+01
 8.01787719e+01 1.72495059e+01
 8.05341684e+01 1.69862050e+01
 7.93010092e+01 1.69862050e+01
 8.10675201e+01 1.69862050e+01
 8.00072804e+01 1.69862050e+01
 7.97221702e+01 1.69862050e+01
 8.03385528e+01 1.69862050e+01
 7.98966556e+01 1.69862050e+01
 8.03159209e+01 1.69862050e+01
 8.09754551e+01 1.69862050e+01
 8.11338194e+01 1.69862050e+01
 8.01559847e+01 1.69862050e+01
 8.07929145e+01 1.69777468e+01
 8.00912353e+01 1.69763180e+01
 7.98435856e+01 1.69763180e+01
 8.14194362e+01 1.69763180e+01
 8.00006948e+01 1.69763180e+01
 8.08357941e+01 1.69763180e+01
 8.07983910e+01 1.69775172e+01
 7.96788384e+01 1.69801640e+01
 8.10129380e+01 1.69801640e+01
 8.04078503e+01 1.69801640e+01
 8.07629742e+01 1.69801640e+01
 8.13705347e+01 1.69758809e+01
 8.05270863e+01 1.69463906e+01
 8.05466775e+01 1.69463830e+01
 8.08335917e+01 1.69463830e+01
 8.08925022e+01 1.69463830e+01
 8.02395106e+01 1.69463933e+01
 8.18405362e+01 1.69473932e+01
 8.07349957e+01 1.69474820e+01
 8.06441856e+01 1.69474820e+01
 8.19857122e+01 1.69474820e+01
 8.00889980e+01 1.69474820e+01
 8.09561497e+01 1.69474820e+01
 8.06092818e+01 1.69610644e+01
 7.98755538e+01 1.69809880e+01
 8.18787628e+01 1.69809880e+01
 8.09005734e+01 1.69809880e+01
 8.10588555e+01 1.69809880e+01
 8.12661009e+01 1.69817198e+01
 8.07404437e+01 1.69848330e+01
 8.08206488e+01 1.69848330e+01
 8.11139053e+01 1.69848330e+01
 8.11446374e+01 1.69848330e+01
 8.09693028e+01 1.69848330e+01
 8.25258171e+01 1.69848330e+01
 8.08488931e+01 1.69806210e+01
 8.08065903e+01 1.69790650e+01
 8.15979933e+01 1.69790650e+01
 8.03725899e+01 1.69790650e+01
 8.17805192e+01 1.69790650e+01
 8.14155020e+01 1.69776856e+01
 8.09303842e+01 1.69763180e+01
 8.17326895e+01 1.69763180e+01
 8.12904478e+01 1.69763180e+01
 8.13060318e+01 1.69763180e+01
 8.14811310e+01 1.69684267e+01
 8.16678282e+01 1.69474820e+01
 8.17208485e+01 1.69474820e+01
 8.20662940e+01 1.69474820e+01
 8.16235041e+01 1.69474820e+01
 8.08777878e+01 1.69474820e+01
 8.25711007e+01 1.69474820e+01
 8.13336838e+01 1.69485993e+01
 8.17720302e+01 1.69488560e+01
 8.23203804e+01 1.69488560e+01
 8.12779872e+01 1.69488560e+01
 8.16862126e+01 1.69488560e+01
 8.11187470e+01 1.69853689e+01
 8.09103199e+01 1.70098250e+01
 8.17173737e+01 1.70098250e+01
 8.20713204e+01 1.70098250e+01
 8.18372486e+01 1.70098250e+01
 8.21174108e+01 1.70098250e+01
 8.26399374e+01 1.70101223e+01
 8.10760367e+01 1.70133648e+01
 8.19759062e+01 1.70133950e+01
 8.16536932e+01 1.70133950e+01
 8.13984461e+01 1.70133950e+01
 8.32343872e+01 1.70132439e+01
 8.15752589e+01 1.69575550e+01
 8.23233350e+01 1.69513280e+01
 8.24844295e+01 1.69513280e+01
 8.14025342e+01 1.69513280e+01
 8.28373456e+01 1.69513280e+01
 8.17690768e+01 1.69625975e+01
 8.17069566e+01 1.69664310e+01
 8.22999242e+01 1.69664310e+01
 8.24315956e+01 1.69664310e+01
 8.15711118e+01 1.69664310e+01
 8.21753624e+01 1.69664310e+01
 8.24419969e+01 1.69782608e+01
 8.15817370e+01 1.70150420e+01
 8.31617956e+01 1.70150420e+01
 8.20599343e+01 1.70150420e+01
 8.22787553e+01 1.70150420e+01
 8.32000095e+01 1.70115782e+01
 8.14974661e+01 1.69807931e+01
 8.23659446e+01 1.69807130e+01
 8.21809382e+01 1.69807130e+01
 8.21742284e+01 1.69807130e+01
 8.32737229e+01 1.69807130e+01
 8.22922249e+01 1.69807130e+01
 8.25362062e+01 1.69607608e+01
 8.28469687e+01 1.69518760e+01
 8.28999113e+01 1.69518760e+01
 8.25341185e+01 1.69518760e+01
 8.29879753e+01 1.69518760e+01
 8.26509397e+01 1.69840631e+01
 8.25246759e+01 1.70150420e+01
 8.37290541e+01 1.70150420e+01
 8.17043498e+01 1.70150420e+01
 8.25929452e+01 1.70150420e+01
 8.27109112e+01 1.70150420e+01
 8.19175828e+01 1.70149331e+01
 8.32903449e+01 1.70134168e+01
 8.26930551e+01 1.70133950e+01
 8.29266993e+01 1.70133950e+01
 8.31384983e+01 1.70133950e+01
 8.19827777e+01 1.70131949e+01
 8.20500990e+01 1.69546161e+01
 8.26311310e+01 1.69483060e+01
 8.28170336e+01 1.69483060e+01
 8.26004247e+01 1.69483060e+01
 8.39209818e+01 1.69483060e+01
 8.23686383e+01 1.69483060e+01
 8.26263725e+01 1.69487864e+01
 8.33874307e+01 1.69494050e+01
 8.20824334e+01 1.69494050e+01
 8.35484580e+01 1.69494050e+01
 8.32414701e+01 1.69494050e+01
 8.29512152e+01 1.69584528e+01
 8.31115633e+01 1.69842830e+01
 8.22369347e+01 1.69842830e+01
 8.29758604e+01 1.69842830e+01
 8.33961622e+01 1.69842830e+01
 8.33899026e+01 1.69839117e+01
 8.29755788e+01 1.69809905e+01
 8.41197384e+01 1.69809880e+01
 8.29766588e+01 1.69809880e+01
 8.22214427e+01 1.69809880e+01
 8.36174735e+01 1.69809880e+01
 8.22604474e+01 1.69809880e+01
 8.40124116e+01 1.69857208e+01
 8.39689770e+01 1.69878530e+01
 8.24981479e+01 1.69878530e+01
 8.37910108e+01 1.69878530e+01
 8.30593767e+01 1.69878530e+01
 8.29466367e+01 1.69883839e+01
 8.32114655e+01 1.69889520e+01
 8.35948153e+01 1.69889520e+01
 8.31424079e+01 1.69889520e+01
 8.36878858e+01 1.69889520e+01
 8.36688958e+01 1.69889520e+01
 8.24744758e+01 1.69910600e+01
 8.42267052e+01 1.70608950e+01
 8.29616900e+01 1.70644770e+01
 8.31524591e+01 1.70644770e+01
 8.44374490e+01 1.70644770e+01
 8.34529004e+01 1.70644770e+01
 8.42639061e+01 1.70611914e+01
 8.37507949e+01 1.70603580e+01
 8.30531372e+01 1.70603580e+01
 8.37032823e+01 1.70603580e+01
 8.36253207e+01 1.70603580e+01
 8.34929766e+01 1.69987079e+01
 8.37833971e+01 1.69540740e+01
 8.47959527e+01 1.69540740e+01
 8.31719076e+01 1.69540740e+01
 8.39465529e+01 1.69540740e+01
 8.38154666e+01 1.69540740e+01
 8.30134948e+01 1.69537899e+01
 8.40878087e+01 1.69505390e+01
 8.32924635e+01 1.69505040e+01
 8.35655552e+01 1.69505040e+01
 8.40075055e+01 1.69505040e+01
 8.34425924e+01 1.69505870e+01
 8.35025052e+01 1.70494062e+01
 8.38789917e+01 1.70628290e+01
 8.38528410e+01 1.70628290e+01
 8.31181819e+01 1.70628290e+01
 8.43967532e+01 1.70628290e+01
 8.32924367e+01 1.70628290e+01
 8.32770783e+01 1.70630186e+01
 8.41487219e+01 1.70633780e+01
 8.26041169e+01 1.70633780e+01
 8.43528745e+01 1.70633780e+01
 8.43533348e+01 1.70633780e+01
 8.37306460e+01 1.70471962e+01
 8.37033480e+01 1.69502280e+01
 8.37882255e+01 1.69502280e+01
 8.35983091e+01 1.69502280e+01
 8.38381703e+01 1.69502280e+01
 8.51230612e+01 1.69502280e+01
 8.36913318e+01 1.69502280e+01
 8.46788358e+01 1.69502280e+01
 8.45513312e+01 1.69502280e+01
 8.33421796e+01 1.69502280e+01
 8.48154847e+01 1.69502280e+01
 8.41360544e+01 1.69502280e+01
 8.41685076e+01 1.69779367e+01
 8.44033954e+01 1.70131200e+01
 8.39550459e+01 1.70131200e+01
 8.41876710e+01 1.70131200e+01
 8.44079870e+01 1.70131200e+01
 8.42797133e+01 1.70133612e+01
 8.36258072e+01 1.70142180e+01
 8.55123208e+01 1.70142180e+01
 8.41939635e+01 1.70142180e+01
 8.40049647e+01 1.70142180e+01
 8.51228566e+01 1.70142180e+01
 8.37953745e+01 1.70142180e+01
 8.41776889e+01 1.70333891e+01
 8.42951237e+01 1.70397600e+01
 8.43486020e+01 1.70397600e+01
 8.49933537e+01 1.70397600e+01
 8.49018202e+01 1.70397600e+01
 8.40708674e+01 1.70387509e+01
 8.37181777e+01 1.70378380e+01
 8.48254940e+01 1.70378380e+01
 8.35590851e+01 1.70378380e+01
 8.46611033e+01 1.70378380e+01
 8.49480019e+01 1.70317715e+01
 8.40110512e+01 1.70172400e+01
 8.51669115e+01 1.70172400e+01
 8.40961166e+01 1.70172400e+01
 8.40948421e+01 1.70172400e+01
 8.46200586e+01 1.70172400e+01
 8.41111656e+01 1.70172400e+01
 8.41990659e+01 1.70174677e+01
 8.49682335e+01 1.70175140e+01
 8.52147180e+01 1.70175140e+01
 8.36581022e+01 1.70175140e+01
 8.53971593e+01 1.70175140e+01
 8.45682497e+01 1.70287747e+01
 8.43964314e+01 1.70356400e+01
 8.54803501e+01 1.70356400e+01
 8.45093198e+01 1.70356400e+01
 8.48511773e+01 1.70356400e+01
 8.45322472e+01 1.70356400e+01
 8.38414371e+01 1.70339871e+01
 8.44399468e+01 1.70186869e+01
 8.53763164e+01 1.70186120e+01
 8.50770675e+01 1.70186120e+01
 8.48502941e+01 1.70186120e+01
 8.58862827e+01 1.70184937e+01
 8.42793682e+01 1.69894574e+01
 8.49956123e+01 1.69862050e+01
 8.51241226e+01 1.69862050e+01
 8.39708553e+01 1.69862050e+01
 8.58204490e+01 1.69862050e+01
 8.50048029e+01 1.70053160e+01
 8.48396497e+01 1.70122960e+01
 8.52141411e+01 1.70122960e+01
 8.53624666e+01 1.70122960e+01
 8.49129108e+01 1.70122960e+01
 8.53334116e+01 1.70122960e+01
 8.54431413e+01 1.70185509e+01
 8.45065156e+01 1.70394860e+01
 8.60206441e+01 1.70394860e+01
 8.47098994e+01 1.70394860e+01
 8.46297751e+01 1.70394860e+01
 8.54110657e+01 1.70478910e+01
 8.43217804e+01 1.71310918e+01
 8.56224773e+01 1.71314890e+01
 8.58387439e+01 1.71314890e+01
 8.56266686e+01 1.71314890e+01
 8.53625354e+01 1.71314890e+01
 8.53625354e+01 1.71314890e+01
 8.47874666e+01 1.71327678e+01
 8.50884156e+01 1.71334110e+01
 8.61405102e+01 1.71334110e+01
 8.44924710e+01 1.71334110e+01
 8.60790039e+01 1.71334110e+01
 8.55145440e+01 1.71031380e+01
 8.46603444e+01 1.70705190e+01
 8.55723026e+01 1.70705190e+01
 8.51906329e+01 1.70705190e+01
 8.58380455e+01 1.70705190e+01
 8.61924188e+01 1.70705190e+01
 8.58283375e+01 1.70704334e+01
 8.46530944e+01 1.70689061e+01
 8.54372390e+01 1.70688710e+01
 8.51424251e+01 1.70688710e+01
 8.47528534e+01 1.70688710e+01
 8.64271243e+01 1.70688503e+01
 8.48816688e+01 1.70353344e+01
 8.55289722e+01 1.70309710e+01
 8.58238260e+01 1.70309710e+01
 8.50637803e+01 1.70309710e+01
 8.55048705e+01 1.70309710e+01
 8.52488101e+01 1.70336039e+01
 8.54012537e+01 1.70345420e+01
 8.60027786e+01 1.70345420e+01
 8.62669094e+01 1.70345420e+01
 8.47114071e+01 1.70345420e+01
 8.52846916e+01 1.70345420e+01
 8.56487479e+01 1.70352170e+01
 8.49406307e+01 1.70372880e+01
 8.63530727e+01 1.70372880e+01
 8.53074441e+01 1.70372880e+01
 8.55030054e+01 1.70372880e+01
 8.65139464e+01 1.70370016e+01
 8.51599677e+01 1.70340101e+01
 8.52061206e+01 1.70339920e+01
 8.55055818e+01 1.70339920e+01
 8.56690103e+01 1.70339920e+01
 8.53674883e+01 1.70339920e+01
 8.63321531e+01 1.70339920e+01
 8.53988080e+01 1.70942013e+01
 8.52097431e+01 1.71301150e+01
 8.61930959e+01 1.71301150e+01
 8.45494365e+01 1.71301150e+01
 8.62279242e+01 1.71301150e+01
 8.62696839e+01 1.71297712e+01
 8.56288273e+01 1.71292910e+01
 8.64278125e+01 1.71292910e+01
 8.58020208e+01 1.71292910e+01
 8.50708664e+01 1.71292910e+01
 8.53318743e+01 1.71292910e+01
 8.69452531e+01 1.71293526e+01
 8.58085350e+01 1.71323860e+01
 8.66119677e+01 1.71325870e+01
 8.64296669e+01 1.71325870e+01
 8.54004533e+01 1.71325870e+01
 8.66259843e+01 1.71325870e+01
 8.55138380e+01 1.71334489e+01
 8.56138977e+01 1.71336850e+01
 8.60837205e+01 1.71336850e+01
 8.58916642e+01 1.71336850e+01
 8.57466742e+01 1.71336850e+01
 8.63391201e+01 1.71484241e+01
 8.64452777e+01 1.71597750e+01
 8.52821548e+01 1.71597750e+01
 8.70665204e+01 1.71597750e+01
 8.62082649e+01 1.71597750e+01
 8.62154596e+01 1.71597750e+01
 8.70585610e+01 1.71598280e+01
 8.52378030e+01 1.71605861e+01
 8.60260796e+01 1.71606000e+01
 8.59619164e+01 1.71606000e+01
 8.56155887e+01 1.71606000e+01
 8.61042513e+01 1.71606000e+01
 8.71131990e+01 1.71414466e+01
 8.59870655e+01 1.71383540e+01
 8.54112872e+01 1.71383540e+01
 8.67768481e+01 1.71383540e+01
 8.53038847e+01 1.71383540e+01
 8.64261227e+01 1.71383540e+01
 8.65959735e+01 1.71357183e+01
 8.57774663e+01 1.71303890e+01
 8.64161465e+01 1.71303890e+01
 8.62174543e+01 1.71303890e+01
 8.59781070e+01 1.71303890e+01
 8.60636442e+01 1.71306794e+01
 8.71858278e+01 1.71325869e+01
 8.56628936e+01 1.71325870e+01
 8.63892608e+01 1.71325870e+01
 8.68685298e+01 1.71325870e+01
 8.57438519e+01 1.71325480e+01
 8.64299038e+01 1.71300316e+01
 8.63403066e+01 1.71298410e+01
 8.65071834e+01 1.71298410e+01
 8.70226557e+01 1.71298410e+01
 8.70226557e+01 1.71298410e+01
 8.58643894e+01 1.71298410e+01
 8.60838278e+01 1.71448785e+01
 8.66162188e+01 1.71641700e+01
 8.53626175e+01 1.71641700e+01
 8.71171062e+01 1.71641700e+01
 8.65613038e+01 1.71641700e+01
 8.61342687e+01 1.71646714e+01
 8.69561535e+01 1.71663660e+01
 8.63113631e+01 1.71663660e+01
 8.65192307e+01 1.71663660e+01
 8.66435816e+01 1.71663660e+01
 8.66099969e+01 1.71663660e+01
 8.61159044e+01 1.71663660e+01
 8.72328319e+01 1.70696721e+01
 8.66739588e+01 1.70408580e+01
 8.57669111e+01 1.70408580e+01
 8.74040771e+01 1.70408580e+01
 8.56512932e+01 1.70408580e+01
 8.64810538e+01 1.70384508e+01
 8.72810507e+01 1.70364640e+01
 8.65963325e+01 1.70364640e+01
 8.60899801e+01 1.70364640e+01
 8.63382530e+01 1.70364640e+01
 8.62958772e+01 1.70664697e+01
 8.59950598e+01 1.71314890e+01
 8.76926717e+01 1.71314890e+01
 8.63373293e+01 1.71314890e+01
 8.66950325e+01 1.71314890e+01
 8.75371005e+01 1.71314890e+01
 8.57132419e+01 1.71314890e+01
 8.67779336e+01 1.71634107e+01
 8.65983957e+01 1.71691130e+01
 8.63147945e+01 1.71691130e+01
 8.66682333e+01 1.71691130e+01
 8.71512315e+01 1.71691130e+01
 8.63698112e+01 1.71966720e+01
 8.63715627e+01 1.72127800e+01
 8.74265492e+01 1.72127800e+01
 8.57808233e+01 1.72127800e+01
 8.70620868e+01 1.72127800e+01
 8.71573397e+01 1.72127800e+01
 8.66913981e+01 1.71956589e+01
 8.70708733e+01 1.70597850e+01
 8.64451454e+01 1.70595340e+01
 8.61144922e+01 1.70595340e+01
 8.64532737e+01 1.70595340e+01
 8.81070176e+01 1.70593612e+01
 8.65741675e+01 1.70382062e+01
 8.74588904e+01 1.70361900e+01
 8.75428039e+01 1.70361900e+01
 8.63155650e+01 1.70361900e+01
 8.73680425e+01 1.70361900e+01
 8.65694273e+01 1.71277146e+01
 8.65446998e+01 1.71608740e+01
 8.69630196e+01 1.71608740e+01
 8.68658676e+01 1.71608740e+01
 8.63559856e+01 1.71608740e+01
 8.69426441e+01 1.71608740e+01
 8.71988444e+01 1.71601749e+01
 8.57018367e+01 1.71573030e+01
 8.77218946e+01 1.71573030e+01
 8.69448240e+01 1.71573030e+01
 8.68419561e+01 1.71573030e+01
 8.76337233e+01 1.71604457e+01
 8.61319622e+01 1.72078509e+01
 8.63453410e+01 1.72086600e+01
 8.64539040e+01 1.72086600e+01
 8.65297180e+01 1.72086600e+01
 8.68746638e+01 1.72086600e+01
 8.76601044e+01 1.72086600e+01
 8.66042957e+01 1.72068074e+01
 8.64771383e+01 1.72056400e+01
 8.78796683e+01 1.72056400e+01
 8.63128644e+01 1.72056400e+01
 8.73723519e+01 1.72056400e+01
 8.73365553e+01 1.71748636e+01
 8.68057380e+01 1.71336850e+01
 8.68057371e+01 1.71336850e+01
 8.66947148e+01 1.71336850e+01
 8.64008870e+01 1.71336850e+01
 8.66764952e+01 1.71336850e+01
 8.78571460e+01 1.71336609e+01
 8.65406348e+01 1.71328952e+01
 8.78235223e+01 1.71328610e+01
 8.75282946e+01 1.71328610e+01
 8.64055525e+01 1.71328610e+01
 8.75665994e+01 1.71328610e+01
 8.69225792e+01 1.71979791e+01
 8.76376150e+01 1.72097580e+01
 8.82138352e+01 1.72097580e+01
 8.74423875e+01 1.72097580e+01
 8.66787761e+01 1.72097580e+01
 8.72800093e+01 1.72129713e+01
 8.71042230e+01 1.72144280e+01
 8.64554731e+01 1.72144280e+01
 8.84942449e+01 1.72144280e+01
 8.69811961e+01 1.72144280e+01
 8.75017651e+01 1.72144280e+01
 8.80499967e+01 1.72096855e+01
 8.68078773e+01 1.71894360e+01
 8.71114708e+01 1.71894360e+01
 8.74721558e+01 1.71894360e+01
 8.74452438e+01 1.71894360e+01
 8.72456222e+01 1.71893657e+01
 8.81061899e+01 1.71883537e+01
 8.66146782e+01 1.71883380e+01
 8.70299200e+01 1.71883380e+01
 8.76814787e+01 1.71883380e+01
 8.62727651e+01 1.71883380e+01
 8.82853194e+01 1.71883380e+01
 8.77914097e+01 1.71876574e+01
 8.73969096e+01 1.71872380e+01
 8.75137040e+01 1.71872380e+01
 8.75137040e+01 1.71872380e+01
 8.66901929e+01 1.71872380e+01
 8.69933212e+01 1.71864056e+01
 8.76083081e+01 1.71853160e+01
 8.68058691e+01 1.71853160e+01
 8.81032774e+01 1.71853160e+01
 8.71086801e+01 1.71853160e+01
 8.65998743e+01 1.71853160e+01
 8.75563784e+01 1.71862573e+01
 8.71990919e+01 1.72139527e+01
 8.75047931e+01 1.72149770e+01
 8.80594592e+01 1.72149770e+01
 8.81132467e+01 1.72149770e+01
 8.62691396e+01 1.72149770e+01
 8.75145443e+01 1.72152118e+01
 8.71371273e+01 1.72152530e+01
 8.69697102e+01 1.72152530e+01
 8.80998521e+01 1.72152530e+01
 8.68948523e+01 1.72152530e+01
 8.75865424e+01 1.71647393e+01
 8.76596268e+01 1.71389030e+01
 8.69883343e+01 1.71389030e+01
 8.74571014e+01 1.71389030e+01
 8.81466031e+01 1.71389030e+01
 8.76518303e+01 1.71389030e+01
 8.70386334e+01 1.71384584e+01
 8.86751215e+01 1.71353343e+01
 8.72551657e+01 1.71353330e+01
 8.74148532e+01 1.71353330e+01
 8.75411202e+01 1.71353330e+01
 8.68832856e+01 1.71361156e+01
 8.83436663e+01 1.71849663e+01
 8.83796303e+01 1.71886120e+01
 8.80717705e+01 1.71886120e+01
 8.77555172e+01 1.71886120e+01
 8.81115170e+01 1.71886120e+01
 8.69948253e+01 1.71886120e+01
 8.76075527e+01 1.71855614e+01
 8.86472683e+01 1.71814720e+01
 8.68607094e+01 1.71814720e+01
 8.80740399e+01 1.71814720e+01
 8.78998437e+01 1.71814720e+01
 8.75891408e+01 1.71883284e+01
 8.77530642e+01 1.72138790e+01
 8.80979001e+01 1.72138790e+01
 8.76478027e+01 1.72138790e+01
 8.78092775e+01 1.72138790e+01
 8.85784377e+01 1.72140199e+01
 8.70044152e+01 1.72162988e+01
 8.78444644e+01 1.72163510e+01
 8.74588097e+01 1.72163510e+01
 8.68720199e+01 1.72163510e+01
 8.87315949e+01 1.72163510e+01
 8.83011712e+01 1.72163510e+01
 8.77574229e+01 1.72326543e+01
 8.76905150e+01 1.72460110e+01
 8.80907165e+01 1.72460110e+01
 8.65848932e+01 1.72460110e+01
 8.78406120e+01 1.72460110e+01
 8.80726357e+01 1.72468251e+01
 8.72445892e+01 1.72484820e+01
 8.81030966e+01 1.72484820e+01
 8.78217201e+01 1.72484820e+01
 8.78297434e+01 1.72484820e+01
 8.79536899e+01 1.72484820e+01
 8.79536899e+01 1.72484820e+01
 8.74346864e+01 1.71902063e+01
 8.82923936e+01 1.71806480e+01
 8.85440113e+01 1.71806480e+01
 8.66769007e+01 1.71806480e+01
 8.81712693e+01 1.71806480e+01
 8.75627961e+01 1.71907573e+01
 8.76043649e+01 1.71960270e+01
 8.85083548e+01 1.71960270e+01
 8.85083548e+01 1.71960270e+01
 8.83394582e+01 1.71960270e+01
 8.82858607e+01 1.71960270e+01
 8.81425849e+01 1.71989246e+01
 8.71859730e+01 1.72182711e+01
 8.89950229e+01 1.72182730e+01
 8.82593372e+01 1.72182730e+01
 8.77276236e+01 1.72182730e+01
 8.88765802e+01 1.72181987e+01
 8.73073044e+01 1.72131692e+01
 8.75633658e+01 1.72127800e+01
 8.81646471e+01 1.72127800e+01
 8.83915939e+01 1.72127800e+01
 8.73740425e+01 1.72127800e+01
 8.86525893e+01 1.72152781e+01
 8.82033374e+01 1.72160750e+01
 8.71818497e+01 1.72160750e+01
 8.83405712e+01 1.72160750e+01
 8.73613507e+01 1.72160750e+01
 8.79809705e+01 1.72160750e+01
 8.86529717e+01 1.72050551e+01
 8.84966642e+01 1.71622480e+01
 8.83211057e+01 1.71622480e+01
 8.82019018e+01 1.71622480e+01
 8.77452124e+01 1.71622480e+01
 8.71306553e+01 1.71624221e+01
 8.91777817e+01 1.71657221e+01
 8.75446456e+01 1.71658180e+01
 8.76555607e+01 1.71658180e+01
 8.85458956e+01 1.71658180e+01
 8.77348136e+01 1.71658180e+01
 8.77332830e+01 1.71658180e+01
 8.82112553e+01 1.71520295e+01
 8.84027886e+01 1.71386290e+01
 8.71936005e+01 1.71386290e+01
 8.85446884e+01 1.71386290e+01
 8.77376672e+01 1.71386290e+01
 8.74603196e+01 1.71383868e+01
 8.80666191e+01 1.71378050e+01
 8.70525676e+01 1.71378050e+01
 8.83931171e+01 1.71378050e+01
 8.87351453e+01 1.71378050e+01
 8.83967816e+01 1.71515772e+01
 8.81195417e+01 1.72438140e+01
 8.86490424e+01 1.72438140e+01
 8.77684637e+01 1.72438140e+01
 8.75509270e+01 1.72438140e+01
 8.91969437e+01 1.72438140e+01
 8.76483270e+01 1.72438140e+01
 8.82343661e+01 1.72422575e+01
 8.80084059e+01 1.72416170e+01
 8.72782855e+01 1.72416170e+01
 8.81180160e+01 1.72416170e+01
 8.74683349e+01 1.72416170e+01
 8.75479956e+01 1.72290052e+01
 8.82640069e+01 1.72182730e+01
 8.90364880e+01 1.72182730e+01
 8.72971773e+01 1.72182730e+01
 8.84785614e+01 1.72182730e+01
 8.83413937e+01 1.72182730e+01
 8.71789324e+01 1.72178843e+01
 8.88874443e+01 1.72136346e+01
 8.81410976e+01 1.72136040e+01
 8.79247955e+01 1.72136040e+01
 8.78225733e+01 1.72136040e+01
 8.75685214e+01 1.72138616e+01
 8.75685214e+01 1.72429573e+01
 8.85469119e+01 1.72454620e+01
 8.85871477e+01 1.72454620e+01
 8.77026941e+01 1.72454620e+01
 8.96592127e+01 1.72454620e+01
 8.75446804e+01 1.72454620e+01
 8.77670111e+01 1.72452047e+01
 8.85988793e+01 1.72449120e+01
 8.81122283e+01 1.72449120e+01
 8.79624354e+01 1.72449120e+01
 8.83994239e+01 1.72449120e+01
 8.84209546e+01 1.72460950e+01
 8.78390426e+01 1.72490320e+01
 8.88710535e+01 1.72490320e+01
 8.77671822e+01 1.72490320e+01
 8.82686178e+01 1.72490320e+01
 8.92124920e+01 1.72494727e+01
 8.79537466e+01 1.72523280e+01
 8.87821040e+01 1.72523280e+01
 8.84326077e+01 1.72523280e+01
 8.76986699e+01 1.72523280e+01
 8.74432198e+01 1.72523280e+01
 8.86251811e+01 1.72523280e+01
 8.78729307e+01 1.72692542e+01
 8.81993445e+01 1.72756720e+01
 8.89613364e+01 1.72756720e+01
 8.73502451e+01 1.72756720e+01
 8.81539561e+01 1.72756720e+01
 8.76716231e+01 1.72804257e+01
 8.76263715e+01 1.72841850e+01
 8.90638761e+01 1.72841850e+01
 8.87926428e+01 1.72841850e+01
 8.82648361e+01 1.72841850e+01
 8.84065341e+01 1.72841850e+01
 8.87375093e+01 1.72756396e+01
 8.70331891e+01 1.71858708e+01
 8.90111657e+01 1.71853160e+01
 8.87774131e+01 1.71853160e+01
 8.81681744e+01 1.71853160e+01
 8.86722297e+01 1.71853137e+01
 8.75293300e+01 1.71845731e+01
 8.81396123e+01 1.71844920e+01
 8.87962283e+01 1.71844920e+01
 8.88743177e+01 1.71844920e+01
 8.83038135e+01 1.71844920e+01
 8.91588116e+01 1.71844920e+01
 8.86874853e+01 1.72105825e+01
 8.77569430e+01 1.72482080e+01
 8.91616024e+01 1.72482080e+01
 8.78030861e+01 1.72482080e+01
 8.81962152e+01 1.72482080e+01
 8.91000618e+01 1.72480350e+01
 8.93545200e+01 1.72473840e+01
 8.82132523e+01 1.72473840e+01
 8.86259625e+01 1.72473840e+01
 8.83712190e+01 1.72473840e+01
 8.73049492e+01 1.72458320e+01
 8.94576486e+01 1.72177741e+01
 8.83616480e+01 1.72168990e+01
 8.81771513e+01 1.72168990e+01
 8.83840289e+01 1.72168990e+01
 8.73522481e+01 1.72168990e+01
 8.82500517e+01 1.72168990e+01
 8.87476271e+01 1.72196445e+01
 8.87035587e+01 1.72221170e+01
 8.81508327e+01 1.72221170e+01
 8.95095847e+01 1.72221170e+01
 8.81814667e+01 1.72221170e+01
 8.79241852e+01 1.72393257e+01
 8.92480452e+01 1.72803410e+01
 8.83156801e+01 1.72803410e+01
 8.83654538e+01 1.72803410e+01
 8.90081082e+01 1.72803410e+01
 8.96025107e+01 1.72803410e+01
 8.85113477e+01 1.72803410e+01
 8.91201281e+01 1.72745778e+01
 8.84476239e+01 1.72734740e+01
 8.81538550e+01 1.72734740e+01
 8.98466077e+01 1.72734740e+01
 8.82650392e+01 1.72734740e+01
 8.87286284e+01 1.72205801e+01
 8.86593743e+01 1.71910840e+01
 8.77429789e+01 1.71910840e+01
 8.80617502e+01 1.71910840e+01
 8.92986589e+01 1.71910840e+01
 8.90079668e+01 1.72015242e+01
 8.82923925e+01 1.72163510e+01
 8.96315541e+01 1.72163510e+01
 8.80781171e+01 1.72163510e+01
 8.84567286e+01 1.72163510e+01
 8.88381496e+01 1.72163510e+01
 8.79003558e+01 1.72166323e+01
 8.82246544e+01 1.72480406e+01
 8.92255233e+01 1.72509540e+01
 8.91891868e+01 1.72509540e+01
 8.81616107e+01 1.72509540e+01
 8.90394211e+01 1.72509540e+01
 8.79624409e+01 1.72728244e+01
 8.84846192e+01 1.72806150e+01
 8.96780730e+01 1.72806150e+01
 8.81242442e+01 1.72806150e+01
 8.87673360e+01 1.72806150e+01
 8.87495080e+01 1.72806150e+01
 8.83797955e+01 1.72804621e+01
 8.81311751e+01 1.72797910e+01
 9.00114318e+01 1.72797910e+01
 8.92563139e+01 1.72797910e+01
 8.90728668e+01 1.72797910e+01
 9.00203721e+01 1.72787891e+01
 8.83504232e+01 1.72546339e+01
 8.85685199e+01 1.72537000e+01
 8.85252571e+01 1.72537000e+01
 8.83227223e+01 1.72537000e+01
 8.88696227e+01 1.72537000e+01
 8.97277156e+01 1.72537000e+01
 8.88871615e+01 1.72537000e+01
 8.82098294e+01 1.72537000e+01
 8.96754279e+01 1.72537000e+01
 8.82773326e+01 1.72537000e+01
 8.91415471e+01 1.72537000e+01
 8.94564328e+01 1.72530366e+01
 8.85083548e+01 1.72512280e+01
 8.85083548e+01 1.72512280e+01
 8.85083548e+01 1.72512280e+01
 8.82195839e+01 1.72512280e+01
 8.79355279e+01 1.72515421e+01
 9.00165748e+01 1.72547744e+01
 8.84859963e+01 1.72547990e+01
 8.87678807e+01 1.72547990e+01
 8.92158324e+01 1.72547990e+01
 8.79561198e+01 1.72547990e+01
 8.90961447e+01 1.72547990e+01
 8.88049749e+01 1.72518674e+01
 8.85257354e+01 1.72498560e+01
 8.87016121e+01 1.72498560e+01
 8.98070555e+01 1.72498560e+01
 8.83953666e+01 1.72498560e+01
 8.85583413e+01 1.72511822e+01
 8.97091128e+01 1.72534260e+01
 8.81319179e+01 1.72534260e+01
 8.94923836e+01 1.72534260e+01
 8.95346643e+01 1.72534260e+01
 8.88244560e+01 1.72577002e+01
 8.82881752e+01 1.72781430e+01
 8.89334275e+01 1.72781430e+01
 8.83291635e+01 1.72781430e+01
 8.84516724e+01 1.72781430e+01
 8.97861361e+01 1.72781430e+01
 8.81680697e+01 1.72781430e+01
 8.94296329e+01 1.72764904e+01
 8.92926833e+01 1.72759460e+01
 8.85389452e+01 1.72759460e+01
 8.88415127e+01 1.72759460e+01
 8.90486117e+01 1.72759460e+01
 8.86588930e+01 1.72614060e+01
 8.87578276e+01 1.72501300e+01
 9.00329716e+01 1.72501300e+01
 8.78464040e+01 1.72501300e+01
 8.87982822e+01 1.72501300e+01
 8.87525376e+01 1.72501300e+01
 8.81003880e+01 1.72503168e+01
 8.94588292e+01 1.72520462e+01
 8.88051381e+01 1.72520520e+01
 8.89717398e+01 1.72520520e+01
 8.92191279e+01 1.72520520e+01
 8.90413846e+01 1.72524731e+01
 8.83317074e+01 1.72815521e+01
 8.95794080e+01 1.72836350e+01
 8.95658667e+01 1.72836350e+01
 8.84744497e+01 1.72836350e+01
 9.00830809e+01 1.72836350e+01
 8.84565140e+01 1.72836350e+01
 8.84261440e+01 1.72813440e+01
 8.87097931e+01 1.72789670e+01
 8.82871476e+01 1.72789670e+01
 8.86126246e+01 1.72789670e+01
 8.96287043e+01 1.72789670e+01
 8.94424242e+01 1.72820165e+01
 8.81989874e+01 1.72888540e+01
 8.94989304e+01 1.72888540e+01
 8.85619712e+01 1.72888540e+01
 8.90797940e+01 1.72888540e+01
 8.98032103e+01 1.72888128e+01
 8.85085201e+01 1.72885800e+01
 8.86753931e+01 1.72885800e+01
 8.89243054e+01 1.72885800e+01
 8.87174817e+01 1.72885800e+01
 8.80434404e+01 1.72885800e+01
 9.01353636e+01 1.72885800e+01
 8.89396106e+01 1.72861222e+01
 8.91702083e+01 1.72852840e+01
 8.98927739e+01 1.72852840e+01
 8.85084438e+01 1.72852840e+01
 8.91399407e+01 1.72852840e+01
 8.89180304e+01 1.72851276e+01
 8.86963981e+01 1.72850090e+01
 8.88926377e+01 1.72850090e+01
 8.98189828e+01 1.72850090e+01
 8.84616692e+01 1.72850090e+01
 8.84977384e+01 1.72850090e+01
 8.92793053e+01 1.72846225e+01
 8.76369253e+01 1.72811742e+01
 8.96481413e+01 1.72811650e+01
 8.93100631e+01 1.72811650e+01
 8.87444007e+01 1.72811650e+01
 8.90852972e+01 1.72810814e+01
 8.92307815e+01 1.72757939e+01
 8.83439460e+01 1.72753970e+01
 8.85571879e+01 1.72753970e+01
 8.97501901e+01 1.72753970e+01
 8.83074544e+01 1.72753970e+01
 8.92080277e+01 1.72753970e+01
 8.88482031e+01 1.72357936e+01
 8.82828606e+01 1.71888860e+01
 8.92387256e+01 1.71888860e+01
 8.92908577e+01 1.71888860e+01
 8.91624577e+01 1.71888860e+01
 8.93726538e+01 1.71879055e+01
 9.01964316e+01 1.71850420e+01
 8.82145564e+01 1.71850420e+01
 8.93630857e+01 1.71850420e+01
 8.92085680e+01 1.71850420e+01
 8.82774387e+01 1.71945163e+01
 8.96277560e+01 1.72862636e+01
 8.89830388e+01 1.72866570e+01
 8.88436765e+01 1.72866570e+01
 8.89544502e+01 1.72866570e+01
 8.94584257e+01 1.72866570e+01
 8.84010209e+01 1.72866570e+01
 8.95999926e+01 1.72863211e+01
 8.99082226e+01 1.72861080e+01
 8.85675196e+01 1.72861080e+01
 9.01374813e+01 1.72861080e+01
 8.85903852e+01 1.72861080e+01
 8.83109465e+01 1.72987604e+01
 8.88997489e+01 1.73196130e+01
 8.88997489e+01 1.73196130e+01
 8.88997489e+01 1.73196130e+01
 8.95614931e+01 1.73196130e+01
 8.98977979e+01 1.73196130e+01
 8.81237902e+01 1.73196050e+01
 8.96755334e+01 1.73166692e+01
 8.91855133e+01 1.73163180e+01
 8.88760787e+01 1.73163180e+01
 8.92888467e+01 1.73163180e+01
 8.90508298e+01 1.73163180e+01
 8.87908564e+01 1.73176637e+01
 8.90774047e+01 1.73182400e+01
 8.95514987e+01 1.73182400e+01
 8.81329509e+01 1.73182400e+01
 8.98212664e+01 1.73182400e+01
 8.95249823e+01 1.72975367e+01
 8.90540700e+01 1.72767700e+01
 9.00266567e+01 1.72767700e+01
 8.86477274e+01 1.72767700e+01
 8.83188311e+01 1.72767700e+01
 8.85370249e+01 1.72767700e+01
 8.91329205e+01 1.72768313e+01
 8.85280662e+01 1.72781016e+01
 8.99294703e+01 1.72781430e+01
 8.95963357e+01 1.72781430e+01
 8.84663615e+01 1.72781430e+01
 8.95216921e+01 1.72781430e+01
 8.88193955e+01 1.73055250e+01
 8.94565377e+01 1.73111000e+01
 9.01154335e+01 1.73111000e+01
 8.94209242e+01 1.73111000e+01
 8.84192377e+01 1.73111000e+01
 8.93913276e+01 1.73111000e+01
 8.94939454e+01 1.73127234e+01
 8.82002163e+01 1.73168670e+01
 9.01301990e+01 1.73168670e+01
 8.93800042e+01 1.73168670e+01
 8.92868960e+01 1.73168670e+01
 8.96043385e+01 1.73109363e+01
 8.91510473e+01 1.72558958e+01
 8.82796848e+01 1.72556230e+01
 8.89660792e+01 1.72556230e+01
 8.95381170e+01 1.72556230e+01
 8.82927605e+01 1.72555944e+01
 9.00112160e+01 1.72484611e+01
 8.89380254e+01 1.72476600e+01
 8.83784880e+01 1.72476600e+01
 8.90682843e+01 1.72476600e+01
 8.90682843e+01 1.72476600e+01
 8.92559187e+01 1.72476600e+01
 8.96385863e+01 1.72618327e+01
 8.96970837e+01 1.72839110e+01
 8.82903995e+01 1.72839110e+01
 8.94032480e+01 1.72839110e+01
 8.87791938e+01 1.72839110e+01
 8.83792076e+01 1.72850757e+01
 9.02557101e+01 1.72902280e+01
 8.92648059e+01 1.72902280e+01
 8.93178037e+01 1.72902280e+01
 8.95431235e+01 1.72902280e+01
 8.95826369e+01 1.72902280e+01
 8.83349215e+01 1.72902280e+01
 8.97153951e+01 1.73097017e+01
 8.95873483e+01 1.73171420e+01
 8.86374876e+01 1.73171420e+01
 8.98546694e+01 1.73171420e+01
 8.86175801e+01 1.73171420e+01
 8.86523013e+01 1.73197231e+01
 8.93011973e+01 1.73223590e+01
 8.96314945e+01 1.73223590e+01
 8.90754575e+01 1.73223590e+01
 8.97682419e+01 1.73223590e+01
 8.97413939e+01 1.73213919e+01
 8.83748325e+01 1.73187890e+01
 8.92042753e+01 1.73187890e+01
 8.85832064e+01 1.73187890e+01
 8.88599619e+01 1.73187890e+01
 8.95796849e+01 1.73187890e+01
 8.91265266e+01 1.73187890e+01
 8.90720447e+01 1.73176167e+01
 8.94739045e+01 1.73174160e+01
 8.95524466e+01 1.73174160e+01
 8.87375116e+01 1.73174160e+01
 9.05044557e+01 1.73174160e+01
 8.94921168e+01 1.73172250e+01
 8.95294096e+01 1.73171420e+01
 9.02611485e+01 1.73171420e+01
 8.85174324e+01 1.73171420e+01
 8.87980826e+01 1.73171420e+01
 8.90153944e+01 1.73171420e+01
 8.90682843e+01 1.73168166e+01
 8.90823267e+01 1.73154940e+01
 9.03172307e+01 1.73154940e+01
 8.87834717e+01 1.73154940e+01
 8.86642132e+01 1.73154940e+01
 8.99893505e+01 1.73135032e+01
 8.85272827e+01 1.72870001e+01
 8.98605605e+01 1.72866570e+01
 8.99599412e+01 1.72866570e+01
 8.91351587e+01 1.72866570e+01
 8.82908862e+01 1.72866785e+01
 8.94987810e+01 1.72918473e+01
 8.89410005e+01 1.72924240e+01
 8.89924350e+01 1.72924240e+01
 9.01382070e+01 1.72924240e+01
 8.87706535e+01 1.72924240e+01
 8.98878093e+01 1.72924240e+01
 8.97890150e+01 1.72938407e+01
 8.91803876e+01 1.72957200e+01
 8.94079530e+01 1.72957200e+01
 8.99672973e+01 1.72957200e+01
 8.93756641e+01 1.72957200e+01
 8.92961882e+01 1.72945397e+01
 9.04021797e+01 1.72910520e+01
 8.83743785e+01 1.72910520e+01
 8.91377033e+01 1.72910520e+01
 8.90651288e+01 1.72910520e+01
 8.85800019e+01 1.72910520e+01
 8.96320138e+01 1.72910520e+01
 8.90109992e+01 1.72852261e+01
 8.90352419e+01 1.72841850e+01
 8.93787497e+01 1.72841850e+01
 8.96163813e+01 1.72841850e+01
 8.87306998e+01 1.72841850e+01
 9.01280103e+01 1.72902498e+01
 9.01459380e+01 1.72929740e+01
 8.91481626e+01 1.72929740e+01
 9.05974656e+01 1.72929740e+01
 8.92059754e+01 1.72929740e+01
 8.89554631e+01 1.72929740e+01
 8.91782381e+01 1.73074346e+01
 8.94614105e+01 1.73684990e+01
 8.92546205e+01 1.73684990e+01
 9.02871506e+01 1.73684990e+01
 9.00721669e+01 1.73684990e+01
 8.86057283e+01 1.73681036e+01
 8.98467751e+01 1.73630644e+01
 8.90903164e+01 1.73630060e+01
 8.95312503e+01 1.73630060e+01
 9.01338055e+01 1.73630060e+01
 8.95456428e+01 1.73630060e+01
 8.87364421e+01 1.73630060e+01
 8.94444254e+01 1.73355292e+01
 8.93979340e+01 1.73196130e+01
 8.84138939e+01 1.73196130e+01
 9.03982799e+01 1.73196130e+01
 8.93758314e+01 1.73196130e+01
 8.95001406e+01 1.73182599e+01
 8.99414133e+01 1.73165920e+01
 8.94068913e+01 1.73165920e+01
 8.95701205e+01 1.73165920e+01
 8.98613137e+01 1.73165920e+01
 8.97934891e+01 1.73177422e+01
 8.92694251e+01 1.73212610e+01
 9.03632485e+01 1.73212610e+01
 8.91684964e+01 1.73212610e+01
 8.90462266e+01 1.73212610e+01
 8.95193878e+01 1.73212610e+01
 8.85122003e+01 1.73212610e+01
 8.94816028e+01 1.72931379e+01
 9.01188859e+01 1.72872060e+01
 9.00049012e+01 1.72872060e+01
 8.88484173e+01 1.72872060e+01
 8.97634754e+01 1.72872060e+01
 8.87908093e+01 1.72691468e+01
 8.88210880e+01 1.72578210e+01
 9.06152532e+01 1.72578210e+01
 8.93460344e+01 1.72578210e+01
 8.95408715e+01 1.72578210e+01
 8.93452739e+01 1.72578210e+01
 8.89167292e+01 1.72586234e+01
 8.90676833e+01 1.72657566e+01
 8.89663709e+01 1.72657850e+01
 8.85865482e+01 1.72657850e+01
 8.86460143e+01 1.72657850e+01
 9.00206406e+01 1.72658627e+01
 8.76583619e+01 1.72814140e+01
 8.77413087e+01 1.72830870e+01
 8.77059970e+01 1.72830870e+01
 8.70115820e+01 1.72830870e+01
 8.69691825e+01 1.72830870e+01
 8.73602964e+01 1.72888115e+01
 8.67578239e+01 1.72910520e+01
 8.55920665e+01 1.72910520e+01
 8.62653030e+01 1.72910520e+01
 8.46404944e+01 1.72910520e+01
 8.51555169e+01 1.72910520e+01
 8.55690729e+01 1.72909997e+01
 8.39593438e+01 1.72907760e+01
 8.45680088e+01 1.72907760e+01
 8.35702359e+01 1.72907760e+01
 8.30019582e+01 1.72907760e+01
 8.32697359e+01 1.72878400e+01
 8.34377364e+01 1.72197395e+01
 8.30770749e+01 1.72168990e+01
 8.28219744e+01 1.72168990e+01
 8.25109519e+01 1.72168990e+01
 8.06981375e+01 1.72168990e+01
 8.14987563e+01 1.72168990e+01
 8.06446888e+01 1.72170338e+01
 7.98964704e+01 1.72171750e+01
 8.15818730e+01 1.72171750e+01
 7.98845726e+01 1.72171750e+01
 8.02083767e+01 1.72171750e+01
 8.00518856e+01 1.71581337e+01
 7.86224967e+01 1.69911490e+01
 7.89255156e+01 1.69911490e+01
 7.84669816e+01 1.69911490e+01
 7.81818378e+01 1.69911490e+01
 7.81854363e+01 1.69913777e+01
 7.85903040e+01 1.69938728e+01
 7.78102192e+01 1.69938960e+01
 7.72986872e+01 1.69938960e+01
 7.68024783e+01 1.69938960e+01
 7.58967714e+01 1.69938960e+01
 7.66339168e+01 1.69938960e+01
 7.62418250e+01 1.70098069e+01
 7.60175571e+01 1.70210840e+01
 7.63403967e+01 1.70210840e+01
 7.46903487e+01 1.70210840e+01
 7.52614132e+01 1.70210840e+01
 7.47588790e+01 1.70211807e+01
 7.33974090e+01 1.70213590e+01
 7.47242352e+01 1.70213590e+01
 7.33738080e+01 1.70213590e+01
 7.36553661e+01 1.70213590e+01
 7.40817512e+01 1.70213590e+01
 7.21922471e+01 1.70212791e+01
 7.30302338e+01 1.68198934e+01
 7.22687851e+01 1.67912150e+01
 7.18610652e+01 1.67912150e+01
 7.26437986e+01 1.67912150e+01
 7.12523288e+01 1.67912150e+01
 7.16788661e+01 1.67930802e+01
 7.12961295e+01 1.67939610e+01
 7.01464138e+01 1.67939610e+01
 7.11480871e+01 1.67939610e+01
 7.00123491e+01 1.67939610e+01
 7.00716847e+01 1.67397141e+01
 7.03663381e+01 1.66725720e+01
 6.92167410e+01 1.66725720e+01
 6.96884311e+01 1.66725720e+01
 6.89246572e+01 1.66725720e+01
 6.83529556e+01 1.66725720e+01
 6.86500538e+01 1.66725630e+01
 6.75865222e+01 1.66720588e+01
 6.79769641e+01 1.66720230e+01
 6.78859464e+01 1.66720230e+01
 6.72592804e+01 1.66720230e+01
 6.79706180e+01 1.66720230e+01
 6.66942902e+01 1.66718120e+01
 6.63675736e+01 1.66717480e+01
 6.63129380e+01 1.66717480e+01
 6.53590478e+01 1.66717480e+01
 6.61501567e+01 1.66717480e+01
 6.56279576e+01 1.66717480e+01
 6.53688056e+01 1.66709622e+01
 6.60979928e+01 1.66684530e+01
 6.43401968e+01 1.66684530e+01
 6.47307567e+01 1.66684530e+01
 6.44036734e+01 1.66684530e+01
 6.36373987e+01 1.66578900e+01
 6.45424102e+01 1.65602952e+01
 6.34181349e+01 1.65599710e+01
 6.35905439e+01 1.65599710e+01
 6.36552282e+01 1.65599710e+01
 6.25620348e+01 1.65599560e+01
 6.29159719e+01 1.65589390e+01
 6.25657428e+01 1.65588730e+01
 6.22091306e+01 1.65588730e+01
 6.20018169e+01 1.65588730e+01
 6.16229549e+01 1.65588730e+01
 6.10218961e+01 1.65588730e+01
 6.11964948e+01 1.66330571e+01
 6.12137259e+01 1.67060780e+01
 6.01670564e+01 1.67060780e+01
 6.10131555e+01 1.67060780e+01
 6.02092986e+01 1.67060780e+01
 6.00558907e+01 1.67068706e+01
 6.06279469e+01 1.67085490e+01
 5.92756109e+01 1.67085490e+01
 5.97041998e+01 1.67085490e+01
 5.90759557e+01 1.67085490e+01
 5.83111733e+01 1.67085490e+01
 5.87704201e+01 1.67087457e+01
 5.81135955e+01 1.67819216e+01
 5.78918667e+01 1.67901160e+01
 5.80072033e+01 1.67901160e+01
 5.83344350e+01 1.67901160e+01
 5.76343895e+01 1.67901160e+01
 5.79931271e+01 1.67909482e+01
 5.74402695e+01 1.67912150e+01
 5.66196905e+01 1.67912150e+01
 5.70556420e+01 1.67912150e+01
 5.60115323e+01 1.67912150e+01
 5.63450976e+01 1.67912150e+01
 5.63858781e+01 1.68481645e+01
 5.54936194e+01 1.70150420e+01
 5.56195365e+01 1.70150420e+01
 5.54427306e+01 1.70150420e+01
 5.50036087e+01 1.70150420e+01
 5.47454246e+01 1.70153714e+01
 5.49522750e+01 1.70180605e+01
 5.40872478e+01 1.70180640e+01
 5.44172227e+01 1.70180640e+01
 5.45717155e+01 1.70180640e+01
 5.37171397e+01 1.70180640e+01
 5.41668262e+01 1.70180640e+01
 5.32915019e+01 1.71333742e+01
 5.28684146e+01 1.71847680e+01
 5.28703309e+01 1.71847680e+01
 5.29745287e+01 1.71847680e+01
 5.23367604e+01 1.71847680e+01
 5.25889345e+01 1.72093876e+01
 5.26993157e+01 1.72331030e+01
 5.15834149e+01 1.72331030e+01
 5.22173655e+01 1.72331030e+01
 5.16833283e+01 1.72331030e+01
 5.12042571e+01 1.72504612e+01
 5.10202109e+01 1.72844590e+01
 5.07006570e+01 1.72844590e+01
 5.02004373e+01 1.72844590e+01
 5.04300983e+01 1.72844590e+01
 5.06779695e+01 1.72844590e+01
 4.99800224e+01 1.72846643e+01
 5.02987288e+01 1.73964248e+01
 4.97400356e+01 1.74105170e+01
 4.92554879e+01 1.74105170e+01
 4.92142460e+01 1.74105170e+01
 4.92098454e+01 1.74105170e+01
 4.85125724e+01 1.74268460e+01
 4.85765334e+01 1.74333130e+01
 4.90060636e+01 1.74333130e+01
 4.80578478e+01 1.74333130e+01
 4.83249160e+01 1.74333130e+01
 4.81456297e+01 1.74333130e+01
 4.74847312e+01 1.74554845e+01
 4.69154805e+01 1.75494830e+01
 4.75689588e+01 1.75494830e+01
 4.68141103e+01 1.75494830e+01
 4.65555283e+01 1.75494830e+01
 4.69983827e+01 1.75492774e+01
 4.63576979e+01 1.75452148e+01
 4.62487797e+01 1.75450900e+01
 4.63960471e+01 1.75450900e+01
 4.64555515e+01 1.75450900e+01
 4.52436139e+01 1.75450900e+01
 4.56021870e+01 1.75450900e+01
 4.55005712e+01 1.76616572e+01
 4.51259496e+01 1.77579320e+01
 4.48877365e+01 1.77579320e+01
 4.53224426e+01 1.77579320e+01
 4.47317712e+01 1.77579320e+01
 4.46262910e+01 1.77597843e+01
 4.50083162e+01 1.77636990e+01
 4.38926878e+01 1.77636990e+01
 4.37064924e+01 1.77636990e+01
 4.38370062e+01 1.77636990e+01
 4.39034499e+01 1.77662383e+01
 4.29799731e+01 1.77840154e+01
 4.37427209e+01 1.77840220e+01
 4.35035054e+01 1.77840220e+01
 4.29596416e+01 1.77840220e+01
 4.27934886e+01 1.77840220e+01
 4.29552284e+01 1.77840220e+01
 4.22155973e+01 1.77808136e+01
 4.19796894e+01 1.77790780e+01
 4.23344169e+01 1.77790780e+01
 4.16713957e+01 1.77790780e+01
 4.12419351e+01 1.77790780e+01
 4.14522024e+01 1.77611621e+01
 4.17152809e+01 1.77365100e+01
 4.08590545e+01 1.77365100e+01
 4.09256661e+01 1.77365100e+01
 4.09513762e+01 1.77365100e+01
 4.07716105e+01 1.77365100e+01
 4.00828847e+01 1.77365412e+01
 4.05219769e+01 1.77390481e+01
 4.01870438e+01 1.77392560e+01
 3.98755630e+01 1.77392560e+01
 3.98346016e+01 1.77392560e+01
 4.00925014e+01 1.77392560e+01
 3.94889193e+01 1.77238272e+01
 3.94670428e+01 1.77183840e+01
 3.97127082e+01 1.77183840e+01
 3.91579017e+01 1.77183840e+01
 3.84572516e+01 1.77183840e+01
 3.86244868e+01 1.77173996e+01
 3.86834570e+01 1.77164620e+01
 3.78515770e+01 1.77164620e+01
 3.79023202e+01 1.77164620e+01
 3.82620459e+01 1.77164620e+01
 3.81882498e+01 1.77164620e+01
 3.75486019e+01 1.77085234e+01
 3.78639698e+01 1.75213947e+01
 3.76844482e+01 1.75143290e+01
 3.71367265e+01 1.75143290e+01
 3.67590331e+01 1.75143290e+01
 3.70550972e+01 1.75143290e+01
 3.66735457e+01 1.75154572e+01
 3.62482340e+01 1.75157030e+01
 3.62380858e+01 1.75157030e+01
 3.68650113e+01 1.75157030e+01
 3.62130965e+01 1.75157030e+01
 3.59783448e+01 1.75157030e+01
 3.59891101e+01 1.74658726e+01
 3.60652190e+01 1.73388380e+01
 3.51556239e+01 1.73388380e+01
 3.52163567e+01 1.73388380e+01
 3.51995799e+01 1.73388380e+01
 3.49447363e+01 1.73387581e+01
 3.45182130e+01 1.73380176e+01
 3.49985223e+01 1.73380140e+01
 3.49442235e+01 1.73380140e+01
 3.44690702e+01 1.73380140e+01
 3.40131105e+01 1.73370687e+01
 3.44144039e+01 1.71851940e+01
 3.40746835e+01 1.71707610e+01
 3.35738382e+01 1.71707610e+01
 3.34186917e+01 1.71707610e+01
 3.38749038e+01 1.71707610e+01
 3.33471293e+01 1.71707610e+01
 3.30260161e+01 1.71701544e+01
 3.30316466e+01 1.71693880e+01
 3.33936225e+01 1.71693880e+01
 3.27254705e+01 1.71693880e+01
 3.26430556e+01 1.71693880e+01
 3.27502073e+01 1.70935144e+01
 3.29623221e+01 1.68815690e+01
 3.20721241e+01 1.68815690e+01
 3.17737257e+01 1.68815690e+01
 3.18888886e+01 1.68815690e+01
 3.20121149e+01 1.68815690e+01
 3.12343934e+01 1.68815690e+01
 3.13048481e+01 1.68829818e+01
 3.15777314e+01 1.68832170e+01
 3.16127559e+01 1.68832170e+01
 3.10683141e+01 1.68832170e+01
 3.07960618e+01 1.68832170e+01
 3.09977789e+01 1.67611100e+01
 3.09444726e+01 1.67090990e+01
 3.04838950e+01 1.67090990e+01
 3.01689836e+01 1.67090990e+01
 3.04398263e+01 1.67090990e+01
 3.02170669e+01 1.67090990e+01
 2.98016881e+01 1.67095967e+01
 2.96919772e+01 1.67115710e+01
 3.01342724e+01 1.67115710e+01
 2.99064794e+01 1.67115710e+01
 2.95061283e+01 1.67115710e+01
 2.93388758e+01 1.66899446e+01
 2.94874619e+01 1.64127324e+01
 2.93303938e+01 1.64094710e+01
 2.89296057e+01 1.64094710e+01
 2.87488294e+01 1.64094710e+01
 2.89650698e+01 1.64093704e+01
 2.86096110e+01 1.63889943e+01
 2.81889515e+01 1.63869510e+01
 2.82211883e+01 1.63869510e+01
 2.85646245e+01 1.63869510e+01
 2.84087213e+01 1.63869510e+01
 2.77342911e+01 1.63869510e+01
 2.77426852e+01 1.63286132e+01
 2.79547353e+01 1.62565000e+01
 2.78871233e+01 1.62565000e+01
 2.71912078e+01 1.62565000e+01
 2.71336193e+01 1.62565000e+01
 2.72090102e+01 1.62103565e+01
 2.72657253e+01 1.60917180e+01
 2.67817581e+01 1.60917180e+01
 2.66642730e+01 1.60917180e+01
 2.67446352e+01 1.60917180e+01
 2.68286331e+01 1.60917180e+01
 2.64170512e+01 1.60917180e+01
 2.61003142e+01 1.59535759e+01
 2.62313112e+01 1.59329790e+01
 2.62874758e+01 1.59329790e+01
 2.59250124e+01 1.59329790e+01
 2.54934436e+01 1.59329790e+01
 2.55872950e+01 1.57296764e+01
 2.56464330e+01 1.56498290e+01
 2.55893198e+01 1.56498290e+01
 2.50584137e+01 1.56498290e+01
 2.50596808e+01 1.56498290e+01
 2.52331511e+01 1.56498290e+01
 2.52936267e+01 1.56484164e+01
 2.48207375e+01 1.56429640e+01
 2.45982602e+01 1.56429640e+01
 2.48320475e+01 1.56429640e+01
 2.48893574e+01 1.56429640e+01
 2.45478151e+01 1.56256323e+01
 2.38799309e+01 1.53864167e+01
 2.40935213e+01 1.53823350e+01
 2.41824033e+01 1.53823350e+01
 2.41036806e+01 1.53823350e+01
 2.35578222e+01 1.53823350e+01
 2.34305089e+01 1.53823350e+01
 2.36424978e+01 1.53812178e+01
 2.37597442e+01 1.53804110e+01
 2.34763600e+01 1.53804110e+01
 2.29326951e+01 1.53804110e+01
 2.32361871e+01 1.53804110e+01
 2.33412667e+01 1.53247594e+01
 2.30932601e+01 1.52255180e+01
 2.24602750e+01 1.52255180e+01
 2.24541405e+01 1.52255180e+01
 2.25587045e+01 1.52255180e+01
 2.26357326e+01 1.52265726e+01
 2.23008982e+01 1.52323830e+01
 2.20243604e+01 1.52323830e+01
 2.20541017e+01 1.52323830e+01
 2.21242144e+01 1.52323830e+01
 2.21344958e+01 1.52323830e+01
 2.16954580e+01 1.52323830e+01
 2.15937134e+01 1.49241629e+01
 2.16170741e+01 1.47836290e+01
 2.16752479e+01 1.47836290e+01
 2.14593529e+01 1.47836290e+01
 2.11192902e+01 1.47836290e+01
 2.09749476e+01 1.47841146e+01
 2.09685048e+01 1.47847270e+01
 2.10992134e+01 1.47847270e+01
 2.07699488e+01 1.47847270e+01
 2.05059323e+01 1.47847270e+01
 2.05066821e+01 1.47847270e+01
 2.07467905e+01 1.47824285e+01
 2.06560763e+01 1.46689477e+01
 2.03118297e+01 1.46614160e+01
 2.01443566e+01 1.46614160e+01
 2.01396748e+01 1.46614160e+01
 2.02990348e+01 1.46614160e+01
 2.00503297e+01 1.46652414e+01
 1.96955177e+01 1.46663580e+01
 1.95516961e+01 1.46663580e+01
 1.95957387e+01 1.46663580e+01
 1.95828233e+01 1.46663580e+01
 1.94711515e+01 1.44301287e+01
 1.92265890e+01 1.42384770e+01
 1.90355282e+01 1.42384770e+01
 1.90727229e+01 1.42384770e+01
 1.91732624e+01 1.42384770e+01
 1.90893453e+01 1.42384770e+01
 1.87505618e+01 1.42389640e+01
 1.86053042e+01 1.42452495e+01
 1.87620689e+01 1.42453420e+01
 1.87568789e+01 1.42453420e+01
 1.85445448e+01 1.42453420e+01
 1.81936249e+01 1.42450095e+01
 1.80603882e+01 1.40467727e+01
 1.80912671e+01 1.40215150e+01
 1.81032735e+01 1.40215150e+01
 1.79832754e+01 1.40215150e+01
 1.76472543e+01 1.40215150e+01
 1.76028004e+01 1.40215150e+01
 1.76647189e+01 1.40218075e+01
 1.77799052e+01 1.40223390e+01
 1.76849184e+01 1.40223390e+01
 1.74383276e+01 1.40223390e+01
 1.72107533e+01 1.40223390e+01
 1.71635027e+01 1.39729701e+01
 1.73418037e+01 1.36938740e+01
 1.72502529e+01 1.36938740e+01
 1.69210781e+01 1.36938740e+01
 1.66650428e+01 1.36938740e+01
 1.66142133e+01 1.36938507e+01
 1.66384961e+01 1.36928439e+01
 1.66663663e+01 1.36927760e+01
 1.65651348e+01 1.36927760e+01
 1.62459287e+01 1.36927760e+01
 1.61204537e+01 1.36927760e+01
 1.62441966e+01 1.36927760e+01
 1.62530752e+01 1.35614707e+01
 1.61563055e+01 1.33928740e+01
 1.60254127e+01 1.33928740e+01
 1.57687075e+01 1.33928740e+01
 1.58039183e+01 1.33928740e+01
 1.58589291e+01 1.33935904e+01
 1.58560941e+01 1.33961700e+01
 1.56114318e+01 1.33961700e+01
 1.53491639e+01 1.33961700e+01
 1.51997930e+01 1.33961700e+01
 1.51651841e+01 1.33961700e+01
 1.53381103e+01 1.33961700e+01
 1.52056442e+01 1.32020339e+01
 1.49182886e+01 1.31404840e+01
 1.47529302e+01 1.31404840e+01
 1.47605887e+01 1.31404840e+01
 1.48822469e+01 1.31404840e+01
 1.48654053e+01 1.31400432e+01
 1.47225625e+01 1.31396600e+01
 1.44934623e+01 1.31396600e+01
 1.43715180e+01 1.31396600e+01
 1.43868334e+01 1.31396600e+01
 1.44267370e+01 1.30376551e+01
 1.44364514e+01 1.28282240e+01
 1.41622679e+01 1.28282240e+01
 1.39367520e+01 1.28282240e+01
 1.37938922e+01 1.28282240e+01
 1.37763785e+01 1.28282240e+01
 1.39260242e+01 1.28282189e+01
 1.37589118e+01 1.28262478e+01
 1.35987300e+01 1.28260260e+01
 1.34781455e+01 1.28260260e+01
 1.34036219e+01 1.28260260e+01
 1.33737661e+01 1.28260260e+01
 1.35044029e+01 1.25153714e+01
 1.34096786e+01 1.24154470e+01
 1.31461644e+01 1.24154470e+01
 1.30637240e+01 1.24154470e+01
 1.29882733e+01 1.24154470e+01
 1.30165441e+01 1.24154470e+01
 1.30307845e+01 1.23907720e+01
 1.29493447e+01 1.23182260e+01
 1.27381621e+01 1.23182260e+01
 1.24829336e+01 1.23182260e+01
 1.24346234e+01 1.23182260e+01
 1.24574276e+01 1.22880023e+01
 1.24757801e+01 1.20400822e+01
 1.24312213e+01 1.20397450e+01
 1.22099461e+01 1.20397450e+01
 1.20467827e+01 1.20397450e+01
 1.20274375e+01 1.20397450e+01
 1.20076418e+01 1.20397450e+01
 1.21127593e+01 1.19446635e+01
 1.21045228e+01 1.19021530e+01
 1.19053918e+01 1.19021530e+01
 1.17314826e+01 1.19021530e+01
 1.15950115e+01 1.19021530e+01
 1.16299276e+01 1.18348221e+01
 1.16737402e+01 1.17697780e+01
 1.16250685e+01 1.17697780e+01
 1.15523960e+01 1.17697780e+01
 1.13057755e+01 1.17697780e+01
 1.11656192e+01 1.16477904e+01
 1.11458564e+01 1.13946260e+01
 1.11516414e+01 1.13946260e+01
 1.11909173e+01 1.13946260e+01
 1.11144934e+01 1.13946260e+01
 1.09256070e+01 1.13946260e+01
 1.08101425e+01 1.13946317e+01
 1.07118235e+01 1.13963615e+01
 1.07246266e+01 1.13965490e+01
 1.07829065e+01 1.13965490e+01
 1.08283776e+01 1.13965490e+01
 1.06793152e+01 1.13965490e+01
 1.05163185e+01 1.11983357e+01
 1.03334658e+01 1.11361940e+01
 1.02583770e+01 1.11361940e+01
 1.03205063e+01 1.11361940e+01
 1.03077691e+01 1.11361940e+01
 1.02883402e+01 1.11361940e+01
 1.01932562e+01 1.11369868e+01
 9.95447283e+00 1.11392150e+01
 9.87361477e+00 1.11392150e+01
 9.82343361e+00 1.11392150e+01
 9.83625981e+00 1.11392150e+01
 9.86393543e+00 1.10853679e+01
 9.83265599e+00 1.06930190e+01
 9.68879894e+00 1.06929320e+01
 9.54621558e+00 1.06929320e+01
 9.44195066e+00 1.06929320e+01
 9.38927740e+00 1.06929320e+01
 9.42150484e+00 1.06929320e+01
 9.40265444e+00 1.06972535e+01
 9.38343677e+00 1.06992490e+01
 9.36037200e+00 1.06992490e+01
 9.19336834e+00 1.06992490e+01
 9.07022150e+00 1.06992490e+01
 9.02116823e+00 1.05290722e+01
 9.01152065e+00 1.03460680e+01
 9.01403076e+00 1.03460680e+01
 8.96433012e+00 1.03460680e+01
 8.83163943e+00 1.03460680e+01
 8.69233058e+00 1.03456248e+01
 8.60478930e+00 1.03446950e+01
 8.55089194e+00 1.03446950e+01
 8.52558149e+00 1.03446950e+01
 8.54588802e+00 1.03446950e+01
 8.55937264e+00 1.03446950e+01
 8.43745895e+00 1.03444347e+01
 8.39538662e+00 1.01080522e+01
 8.23238693e+00 1.00766500e+01
 8.14554181e+00 1.00766500e+01
 8.14497369e+00 1.00766500e+01
 8.12305463e+00 1.00766500e+01
 8.13817102e+00 1.00770292e+01
 8.12495137e+00 1.00772000e+01
 8.02185266e+00 1.00772000e+01
 7.85000951e+00 1.00772000e+01
 7.83608658e+00 1.00772000e+01
 7.77915589e+00 1.00772000e+01
 7.72848480e+00 1.00136042e+01
 7.74173295e+00 9.64025500e+00
 7.73189358e+00 9.64025500e+00
 7.67093964e+00 9.64025500e+00
 7.56201016e+00 9.64025500e+00
 7.45775629e+00 9.64015794e+00
 7.35909401e+00 9.63635474e+00
 7.27666304e+00 9.63613500e+00
 7.25895185e+00 9.63613500e+00
 7.25819359e+00 9.63613500e+00
 7.24201134e+00 9.63613500e+00
 7.21208906e+00 9.39204258e+00
 7.13996113e+00 9.32607200e+00
 7.03052954e+00 9.32607200e+00
 6.93699313e+00 9.32607200e+00
 6.88148092e+00 9.32607200e+00
 6.88426135e+00 9.32607200e+00
 6.87987133e+00 9.32684134e+00
 6.83735602e+00 9.32936700e+00
 6.82507608e+00 9.32936700e+00
 6.77316738e+00 9.32936700e+00
 6.68912701e+00 9.32936700e+00
 6.60938505e+00 9.30050616e+00
 6.55858779e+00 8.90242393e+00
 6.46096261e+00 8.89681600e+00
 6.46227073e+00 8.89681600e+00
 6.48352219e+00 8.89681600e+00
 6.45795754e+00 8.89681600e+00
 6.40145443e+00 8.89681600e+00
 6.31186198e+00 8.89520666e+00
 6.22357266e+00 8.89407000e+00
 6.15541558e+00 8.89407000e+00
 6.08718018e+00 8.89407000e+00
 6.04308328e+00 8.89407000e+00
 6.01519391e+00 8.76712846e+00
 6.00499766e+00 8.53924100e+00
 6.01453809e+00 8.53924100e+00
 5.95856466e+00 8.53924100e+00
 5.86530739e+00 8.53924100e+00
 5.76617188e+00 8.53932484e+00
 5.69123822e+00 8.53979100e+00
 5.68106957e+00 8.53979100e+00
 5.63543408e+00 8.53979100e+00
 5.61479999e+00 8.53979100e+00
 5.62648466e+00 8.53979100e+00
 5.62413635e+00 8.53979100e+00
 5.56607623e+00 8.30791487e+00
 5.50474413e+00 8.20720700e+00
 5.45819983e+00 8.20720700e+00
 5.37209377e+00 8.20720700e+00
 5.28196442e+00 8.20720700e+00
 5.27732584e+00 8.20784685e+00
 5.28501371e+00 8.20858000e+00
 5.25615647e+00 8.20858000e+00
 5.21299579e+00 8.20858000e+00
 5.19063568e+00 8.20858000e+00
 5.15936361e+00 8.20858000e+00
 5.08093749e+00 8.20267038e+00
 4.96231446e+00 7.95593400e+00
 4.90152573e+00 7.94108500e+00
 4.87998308e+00 7.94108500e+00
 4.86429810e+00 7.94108500e+00
 4.80549075e+00 7.94108500e+00
 4.81585359e+00 7.93981157e+00
 4.81570871e+00 7.93943700e+00
 4.78898173e+00 7.93943700e+00
 4.68965069e+00 7.93943700e+00
 4.64008685e+00 7.93943700e+00
 4.59320631e+00 7.63149835e+00
 4.54262808e+00 7.39922900e+00
 4.49458155e+00 7.39922900e+00
 4.46847376e+00 7.39922900e+00
 4.45493309e+00 7.39922900e+00
 4.45261974e+00 7.39922900e+00
 4.44632167e+00 7.39853572e+00
 4.37720712e+00 7.39184228e+00
 4.36308468e+00 7.39181400e+00
 4.31870600e+00 7.39181400e+00
 4.25860832e+00 7.39181400e+00
 4.21884821e+00 7.38897989e+00
 4.16170523e+00 7.16939601e+00
 4.12675109e+00 7.15288100e+00
 4.10285445e+00 7.15288100e+00
 4.08332333e+00 7.15288100e+00
 4.06514200e+00 7.15288100e+00
 4.05909132e+00 7.15288100e+00
 4.03449080e+00 7.03957354e+00
 3.97541817e+00 6.92520800e+00
 3.89911545e+00 6.92520800e+00
 3.83077102e+00 6.92520800e+00
 3.80105149e+00 6.92520800e+00
 3.76944338e+00 6.85490577e+00
 3.72357454e+00 6.70193000e+00
 3.67986632e+00 6.70193000e+00
 3.68112940e+00 6.70193000e+00
 3.67909167e+00 6.70193000e+00
 3.66583981e+00 6.70193000e+00
 3.63156433e+00 6.70130816e+00
 3.59815522e+00 6.38612914e+00
 3.56295097e+00 6.34929700e+00
 3.52182904e+00 6.34929700e+00
 3.47210769e+00 6.34929700e+00
 3.41585815e+00 6.34929700e+00
 3.35342513e+00 6.34007777e+00
 3.34488135e+00 6.33721300e+00
 3.34562491e+00 6.33721300e+00
 3.32010743e+00 6.33721300e+00
 3.29430263e+00 6.33721300e+00
 3.28387840e+00 6.14841755e+00
 3.27310034e+00 6.01616600e+00
 3.25009071e+00 6.01616600e+00
 3.20822863e+00 6.01616600e+00
 3.18623964e+00 6.01616600e+00
 3.14344107e+00 6.01616600e+00
 3.08004853e+00 6.01663269e+00
 3.04077461e+00 6.02028210e+00
 3.02809362e+00 6.02028500e+00
 3.00491156e+00 6.02028500e+00
 2.97231877e+00 6.02028500e+00
 2.95006178e+00 6.01528875e+00
 2.96194238e+00 5.73774031e+00
 2.93880608e+00 5.71983400e+00
 2.89834290e+00 5.71983400e+00
 2.86651361e+00 5.71983400e+00
 2.84761062e+00 5.71983400e+00
 2.81124850e+00 5.71983400e+00
 2.75819766e+00 5.71914326e+00
 2.73241255e+00 5.71846100e+00
 2.72984939e+00 5.71846100e+00
 2.66182596e+00 5.71846100e+00
 2.63160322e+00 5.71846100e+00
 2.62291811e+00 5.58464184e+00
 2.61732259e+00 5.30019100e+00
 2.59090101e+00 5.30019100e+00
 2.58392849e+00 5.30019100e+00
 2.56254144e+00 5.30019100e+00
 2.53458497e+00 5.30019100e+00
 2.52297692e+00 5.30019383e+00
 2.48527710e+00 5.30240841e+00
 2.47223365e+00 5.30266200e+00
 2.44278958e+00 5.30266200e+00
 2.38054845e+00 5.30266200e+00
 2.36345533e+00 5.30266200e+00
 2.33271157e+00 5.10004247e+00
 2.31705126e+00 5.03077300e+00
 2.30900304e+00 5.03077300e+00
 2.29781725e+00 5.03077300e+00
 2.26787044e+00 5.03077300e+00
 2.25678587e+00 5.03092921e+00
 2.24266139e+00 5.03104800e+00
 2.21313547e+00 5.03104800e+00
 2.20126508e+00 5.03104800e+00
 2.18181290e+00 5.03104800e+00
 2.16120892e+00 5.03104800e+00
 2.14212205e+00 4.99615736e+00
 2.12275739e+00 4.57701859e+00
 2.10183935e+00 4.57185700e+00
 2.07197029e+00 4.57185700e+00
 2.04123757e+00 4.57185700e+00
 2.02092131e+00 4.57185636e+00
 2.00784352e+00 4.57042518e+00
 1.98575237e+00 4.57021000e+00
 1.97683002e+00 4.57021000e+00
 1.97862499e+00 4.57021000e+00
 1.95409321e+00 4.57021000e+00
 1.94388618e+00 4.57021000e+00
 1.92301225e+00 4.48121690e+00
 1.89223792e+00 4.29832000e+00
 1.88582206e+00 4.29832000e+00
 1.86051239e+00 4.29832000e+00
 1.84569087e+00 4.29832000e+00
 1.83461477e+00 4.29892842e+00
 1.81152879e+00 4.30271500e+00
 1.78625461e+00 4.30271500e+00
 1.75325099e+00 4.30271500e+00
 1.74088723e+00 4.30271500e+00
 1.74101601e+00 4.29659210e+00
 1.72201924e+00 3.95824634e+00
 1.70535272e+00 3.93442800e+00
 1.69018465e+00 3.93442800e+00
 1.67649536e+00 3.93442800e+00
 1.66548884e+00 3.93442800e+00
 1.65067417e+00 3.93442800e+00
 1.64651217e+00 3.93776758e+00
 1.64366924e+00 3.94211800e+00
 1.62768882e+00 3.94211800e+00
 1.60812467e+00 3.94211800e+00
 1.58510077e+00 3.94211800e+00
 1.56892111e+00 3.89097573e+00
 1.55899507e+00 3.70703000e+00
 1.53093439e+00 3.70703000e+00
 1.51567410e+00 3.70703000e+00
 1.50631513e+00 3.70703000e+00
 1.49756809e+00 3.70703000e+00
 1.48259067e+00 3.70703000e+00
 1.45986723e+00 3.70638011e+00
 1.45535941e+00 3.70620600e+00
 1.45334932e+00 3.70620600e+00
 1.43998160e+00 3.70620600e+00
 1.42894371e+00 3.70620600e+00
 1.42037215e+00 3.49525068e+00
 1.41253146e+00 3.34368700e+00
 1.40374330e+00 3.34368700e+00
 1.39185873e+00 3.34368700e+00
 1.38433003e+00 3.34368700e+00
 1.37355312e+00 3.34200403e+00
 1.36170746e+00 3.33901900e+00
 1.35673285e+00 3.33901900e+00
 1.33638316e+00 3.33901900e+00
 1.32674909e+00 3.33901900e+00
 1.32107395e+00 3.33901900e+00
 1.31195938e+00 3.33885274e+00
 1.30555435e+00 3.16877570e+00
 1.29408424e+00 3.14595000e+00
 1.28022061e+00 3.14595000e+00
 1.26895901e+00 3.14595000e+00
 1.26233476e+00 3.14595000e+00
 1.24730455e+00 3.14481609e+00
 1.23649071e+00 3.14430200e+00
 1.23058584e+00 3.14430200e+00
 1.22436100e+00 3.14430200e+00
 1.22194831e+00 3.14430200e+00
 1.21543956e+00 3.14430200e+00
 1.20549144e+00 3.09509043e+00
 1.19907913e+00 2.80347900e+00
 1.19470826e+00 2.80347900e+00
 1.18679646e+00 2.80347900e+00
 1.17623895e+00 2.80347900e+00
 1.16707809e+00 2.80339539e+00
 1.16255431e+00 2.79935049e+00
 1.15912898e+00 2.79908500e+00
 1.15417031e+00 2.79908500e+00
 1.14844477e+00 2.79908500e+00
 1.14586241e+00 2.79908500e+00
 1.13804892e+00 2.69008627e+00
 1.13201035e+00 2.65847200e+00
 1.12658749e+00 2.65847200e+00
 1.11843122e+00 2.65847200e+00
 1.11476588e+00 2.65847200e+00
 1.10936875e+00 2.65847200e+00
 1.10220535e+00 2.62105251e+00
 1.09523568e+00 2.49726100e+00
 1.09110941e+00 2.49726100e+00
 1.08695829e+00 2.49726100e+00
 1.08385453e+00 2.49726100e+00
 1.08062430e+00 2.48543172e+00
 1.07354116e+00 2.34855632e+00
 1.07053582e+00 2.34703500e+00
 1.06599382e+00 2.34703500e+00
 1.06217239e+00 2.34703500e+00
 1.06064063e+00 2.34703500e+00
 1.05637284e+00 2.34703500e+00
 1.05478684e+00 2.22485698e+00
 1.05286777e+00 2.15067100e+00
 1.04946964e+00 2.15067100e+00
 1.04705911e+00 2.15067100e+00
 1.04258005e+00 2.15067100e+00
 1.04023817e+00 2.14566439e+00
 1.03901675e+00 2.13886100e+00
 1.03748307e+00 2.13886100e+00
 1.03541595e+00 2.13886100e+00
 1.03388125e+00 2.13886100e+00
 1.03158794e+00 2.13886100e+00
 1.02862276e+00 2.12987309e+00
 1.02811930e+00 1.90824151e+00
 1.02621609e+00 1.90047800e+00
 1.02333738e+00 1.90047800e+00
 1.02104339e+00 1.90047800e+00
 1.01995207e+00 1.90047922e+00
 1.01832985e+00 1.90462106e+00
 1.01678940e+00 1.90514700e+00
 1.01526042e+00 1.90514700e+00
 1.01371664e+00 1.90514700e+00
 1.01229346e+00 1.90514700e+00
 1.01173903e+00 1.90514700e+00
 1.01077731e+00 1.82879680e+00
 1.00956464e+00 1.72141600e+00
 1.00891227e+00 1.72141600e+00
 1.00773043e+00 1.72141600e+00
 1.00714649e+00 1.72141600e+00
 1.00653574e+00 1.72141600e+00
 1.00559650e+00 1.72141600e+00
 1.00505576e+00 1.72141600e+00
 1.00461607e+00 1.72141600e+00
 1.00390612e+00 1.72141600e+00
 1.00314447e+00 1.70028488e+00
 1.00284046e+00 1.50778736e+00
 1.00246838e+00 1.50720000e+00
 1.00215414e+00 1.50720000e+00
 1.00184655e+00 1.50720000e+00
 1.00151807e+00 1.50720000e+00
 1.00127444e+00 1.50720000e+00
 1.00100250e+00 1.50175134e+00
 1.00093711e+00 1.49923500e+00
 1.00092165e+00 1.49923500e+00
 1.00069195e+00 1.49923500e+00
 1.00051521e+00 1.49923500e+00
 1.00035032e+00 1.37273292e+00
 1.00028804e+00 1.24272600e+00
 1.00028725e+00 1.24272600e+00
 1.00016879e+00 1.24272600e+00
 1.00015772e+00 1.24272600e+00
 1.00013020e+00 1.24272600e+00
 1.00006913e+00 1.24232974e+00
 1.00006913e+00 1.23598156e+00
 1.00006913e+00 1.23586000e+00
 1.00004460e+00 1.23586000e+00
 1.00001615e+00 1.23586000e+00
 1.00001615e+00 1.23563065e+00
 1.00001615e+00 1.15768232e+00
 1.00001615e+00 1.14907500e+00
 1.00001615e+00 1.14907500e+00
 1.00001615e+00 1.14907500e+00
 1.00001615e+00 1.14907500e+00
 1.00001615e+00 1.14907500e+00
 1.00001615e+00 1.14871205e+00
 1.00001615e+00 1.14825100e+00
 1.00001615e+00 1.14825100e+00
 1.00000210e+00 1.14825100e+00
