 4.95381824e+00 0.00000000e+00 1.69134303e-01 3.64217313e+00
 1.92623623e+01 -3.57656748e-01 2.04081570e-01 3.84520016e+00
 3.25333650e+01 -9.61651740e-01 2.61632271e-01 3.73901905e+00
 4.56799390e+01 -1.62260443e+00 3.45066635e-01 3.84800730e+00
 5.88265917e+01 -2.47090962e+00 3.76398957e-01 3.73830502e+00
 7.21690307e+01 -3.38571370e+00 2.73323806e-01 3.83920588e+00
 8.64829461e+01 -4.31583265e+00 2.29690157e-01 3.78080380e+00
 9.42327406e+01 -4.74466484e+00 2.42501961e-01 3.68266083e+00
 1.11188435e+02 -5.69542950e+00 1.37801941e-01 3.71137181e+00
 1.24806005e+02 -5.89215555e+00 7.05458484e-02 3.30224196e+00
