 2.51541772e+00 3.75922641e+02
 2.51541774e+00 3.75923694e+02
 2.51541808e+00 3.75925220e+02
 2.51542003e+00 3.75926920e+02
 2.51542524e+00 3.75928493e+02
 2.51543264e+00 3.75929641e+02
 2.51543641e+00 3.75930065e+02
 2.51543641e+00 3.75930065e+02
 2.51543641e+00 3.75930065e+02
 2.51543641e+00 3.75930065e+02
 2.51543641e+00 3.75930065e+02
 2.51543641e+00 3.75930065e+02
 2.51543641e+00 3.75930065e+02
 2.51543662e+00 3.75930065e+02
 2.51544078e+00 3.75930065e+02
 2.51545129e+00 3.75930065e+02
 2.51547073e+00 3.75930065e+02
 2.51550214e+00 3.75930065e+02
 2.51554700e+00 3.75930065e+02
 2.51560250e+00 3.75930065e+02
 2.51566415e+00 3.75930065e+02
 2.51575265e+00 3.75930065e+02
 2.51587289e+00 3.75930065e+02
 2.51601870e+00 3.75930065e+02
 2.51617228e+00 3.75930065e+02
 2.51630304e+00 3.75930065e+02
 2.51637227e+00 3.75930065e+02
 2.51637556e+00 3.75930065e+02
 2.51637556e+00 3.75930065e+02
 2.51637556e+00 3.75930065e+02
 2.51637556e+00 3.75930065e+02
 2.51637556e+00 3.75930065e+02
 2.51637556e+00 3.75930065e+02
 2.51637556e+00 3.75930065e+02
 2.51646734e+00 3.75930933e+02
 2.51673948e+00 3.75933209e+02
 2.51719085e+00 3.75936308e+02
 2.51779585e+00 3.75939640e+02
 2.51845703e+00 3.75942619e+02
 2.51898270e+00 3.75944657e+02
 2.51913651e+00 3.75945215e+02
 2.51909928e+00 3.75945215e+02
 2.51902515e+00 3.75945215e+02
 2.51893258e+00 3.75945215e+02
 2.51883914e+00 3.75945215e+02
 2.51876110e+00 3.75945215e+02
 2.51871373e+00 3.75945215e+02
 2.51875318e+00 3.75945215e+02
 2.51915522e+00 3.75945215e+02
 2.51992273e+00 3.75945215e+02
 2.52099170e+00 3.75945215e+02
 2.52222230e+00 3.75945215e+02
 2.52335234e+00 3.75945215e+02
 2.52400866e+00 3.75945215e+02
 2.52396335e+00 3.75945215e+02
 2.52358127e+00 3.75945215e+02
 2.52302688e+00 3.75945215e+02
 2.52243038e+00 3.75945215e+02
 2.52189944e+00 3.75945215e+02
 2.52151896e+00 3.75945215e+02
 2.52136136e+00 3.75945215e+02
 2.52161723e+00 3.75945800e+02
 2.52241758e+00 3.75947464e+02
 2.52371294e+00 3.75949771e+02
 2.52544008e+00 3.75952277e+02
 2.52746005e+00 3.75954543e+02
 2.52951249e+00 3.75956125e+02
 2.53121970e+00 3.75956603e+02
 2.53287724e+00 3.75956603e+02
 2.53471252e+00 3.75956603e+02
 2.53659312e+00 3.75956603e+02
 2.53834665e+00 3.75956603e+02
 2.53976593e+00 3.75956603e+02
 2.54062479e+00 3.75956603e+02
 2.54060923e+00 3.75956603e+02
 2.53896420e+00 3.75956603e+02
 2.53626172e+00 3.75956603e+02
 2.53329912e+00 3.75956603e+02
 2.53067093e+00 3.75956603e+02
 2.52874909e+00 3.75956603e+02
 2.52776626e+00 3.75956603e+02
 2.52777548e+00 3.75956603e+02
 2.52825078e+00 3.75956603e+02
 2.52907604e+00 3.75956603e+02
 2.53019140e+00 3.75956603e+02
 2.53152785e+00 3.75956603e+02
 2.53299567e+00 3.75956603e+02
 2.53447690e+00 3.75956603e+02
 2.53613094e+00 3.75957074e+02
 2.53830829e+00 3.75958535e+02
 2.54085911e+00 3.75960600e+02
 2.54356417e+00 3.75962867e+02
 2.54612698e+00 3.75964938e+02
 2.54817929e+00 3.75966414e+02
 2.54931835e+00 3.75966902e+02
 2.54985827e+00 3.75966902e+02
 2.55022332e+00 3.75966902e+02
 2.55049133e+00 3.75966902e+02
 2.55074308e+00 3.75966902e+02
 2.55106132e+00 3.75966902e+02
 2.55153119e+00 3.75966902e+02
 2.55241371e+00 3.75966902e+02
 2.55565719e+00 3.75966902e+02
 2.56133993e+00 3.75966902e+02
 2.56880587e+00 3.75966902e+02
 2.57701967e+00 3.75966902e+02
 2.58439603e+00 3.75966902e+02
 2.58887429e+00 3.75966902e+02
 2.58839531e+00 3.75966902e+02
 2.58313013e+00 3.75966902e+02
 2.57533919e+00 3.75966902e+02
 2.56714084e+00 3.75966902e+02
 2.56008772e+00 3.75966902e+02
 2.55516944e+00 3.75966902e+02
 2.55307178e+00 3.75966902e+02
 2.55316239e+00 3.75966902e+02
 2.55357601e+00 3.75966902e+02
 2.55426698e+00 3.75966902e+02
 2.55521878e+00 3.75966902e+02
 2.55641699e+00 3.75966902e+02
 2.55784812e+00 3.75966902e+02
 2.55952822e+00 3.75966893e+02
 2.56412363e+00 3.75966137e+02
 2.57303337e+00 3.75964448e+02
 2.58576403e+00 3.75962237e+02
 2.60126108e+00 3.75959915e+02
 2.61740083e+00 3.75957893e+02
 2.63083074e+00 3.75956582e+02
 2.63797913e+00 3.75956306e+02
 2.64301612e+00 3.75956306e+02
 2.64761822e+00 3.75956306e+02
 2.65164509e+00 3.75956306e+02
 2.65495371e+00 3.75956306e+02
 2.65740239e+00 3.75956306e+02
 2.65885553e+00 3.75956306e+02
 2.65938299e+00 3.75956306e+02
 2.65976170e+00 3.75956306e+02
 2.66008289e+00 3.75956306e+02
 2.66034258e+00 3.75956306e+02
 2.66053684e+00 3.75956306e+02
 2.66066175e+00 3.75956306e+02
 2.66071348e+00 3.75956306e+02
 2.65995856e+00 3.75956306e+02
 2.65741238e+00 3.75956306e+02
 2.65380372e+00 3.75956306e+02
 2.64987649e+00 3.75956306e+02
 2.64632444e+00 3.75956306e+02
 2.64379084e+00 3.75956306e+02
 2.64288918e+00 3.75956306e+02
 2.64291415e+00 3.75956287e+02
 2.64298255e+00 3.75956240e+02
 2.64309243e+00 3.75956179e+02
 2.64324184e+00 3.75956114e+02
 2.64342884e+00 3.75956056e+02
 2.64365152e+00 3.75956018e+02
 2.64393506e+00 3.75956009e+02
 2.64472056e+00 3.75956009e+02
 2.64615712e+00 3.75956009e+02
 2.64824159e+00 3.75956009e+02
 2.65097690e+00 3.75956009e+02
 2.65437156e+00 3.75956009e+02
 2.65843930e+00 3.75956009e+02
 2.66608538e+00 3.75956009e+02
 2.69166624e+00 3.75956009e+02
 2.73555038e+00 3.75956009e+02
 2.79444942e+00 3.75956009e+02
 2.86030204e+00 3.75956009e+02
 2.91863619e+00 3.75956009e+02
 2.95011460e+00 3.75956009e+02
 2.93287547e+00 3.75956009e+02
 2.86784975e+00 3.75956009e+02
 2.78525719e+00 3.75956009e+02
 2.70973574e+00 3.75956009e+02
 2.65405836e+00 3.75956009e+02
 2.62106865e+00 3.75956009e+02
 2.60991464e+00 3.75956009e+02
 2.61245037e+00 3.75956009e+02
 2.61936340e+00 3.75956009e+02
 2.62974798e+00 3.75956009e+02
 2.64257739e+00 3.75956009e+02
 2.65645793e+00 3.75956009e+02
 2.66950391e+00 3.75956009e+02
 2.67955830e+00 3.75956000e+02
 2.68902844e+00 3.75955782e+02
 2.69900409e+00 3.75955350e+02
 2.70876517e+00 3.75954804e+02
 2.71748617e+00 3.75954243e+02
 2.72425896e+00 3.75953768e+02
 2.72813910e+00 3.75953478e+02
 2.72828422e+00 3.75953434e+02
 2.72502832e+00 3.75953434e+02
 2.71953013e+00 3.75953434e+02
 2.71294381e+00 3.75953434e+02
 2.70635343e+00 3.75953434e+02
 2.70075001e+00 3.75953434e+02
 2.69704680e+00 3.75953434e+02
 2.69533312e+00 3.75953434e+02
 2.69386335e+00 3.75953434e+02
 2.69256088e+00 3.75953434e+02
 2.69146870e+00 3.75953434e+02
 2.69062947e+00 3.75953434e+02
 2.69008589e+00 3.75953434e+02
 2.68988123e+00 3.75953434e+02
 2.70500455e+00 3.75953434e+02
 2.75168515e+00 3.75953434e+02
 2.82832440e+00 3.75953434e+02
 2.92879772e+00 3.75953434e+02
 3.03589782e+00 3.75953434e+02
 3.11989107e+00 3.75953434e+02
 3.14526846e+00 3.75953420e+02
 3.11779863e+00 3.75952904e+02
 3.06311275e+00 3.75951832e+02
 2.99777729e+00 3.75950455e+02
 2.93566731e+00 3.75949027e+02
 2.88682700e+00 3.75947803e+02
 2.85822977e+00 3.75947035e+02
 2.85519837e+00 3.75946899e+02
 2.87306149e+00 3.75946899e+02
 2.90568014e+00 3.75946899e+02
 2.94770321e+00 3.75946899e+02
 2.99231200e+00 3.75946899e+02
 3.03070300e+00 3.75946899e+02
 3.05252179e+00 3.75946899e+02
 3.04716278e+00 3.75946899e+02
 3.01430840e+00 3.75946899e+02
 2.96586033e+00 3.75946899e+02
 2.91338950e+00 3.75946899e+02
 2.86612280e+00 3.75946899e+02
 2.83065609e+00 3.75946899e+02
 2.81181194e+00 3.75946899e+02
 2.80527718e+00 3.75946899e+02
 2.79964721e+00 3.75946899e+02
 2.79488056e+00 3.75946899e+02
 2.79105857e+00 3.75946899e+02
 2.78826417e+00 3.75946899e+02
 2.78658437e+00 3.75946899e+02
 2.78639968e+00 3.75946903e+02
 2.80748941e+00 3.75947160e+02
 2.85761580e+00 3.75947724e+02
 2.93105495e+00 3.75948457e+02
 3.01804808e+00 3.75949221e+02
 3.10173502e+00 3.75949878e+02
 3.15856573e+00 3.75950291e+02
 3.16572086e+00 3.75950364e+02
 3.13603640e+00 3.75950364e+02
 3.08556461e+00 3.75950364e+02
 3.02660775e+00 3.75950364e+02
 2.96964060e+00 3.75950364e+02
 2.92262446e+00 3.75950364e+02
 2.89136563e+00 3.75950364e+02
 2.87628430e+00 3.75950364e+02
 2.86484007e+00 3.75950364e+02
 2.85536969e+00 3.75950364e+02
 2.84736267e+00 3.75950364e+02
 2.84034932e+00 3.75950364e+02
 2.83389079e+00 3.75950364e+02
 2.82757308e+00 3.75950364e+02
 2.82090878e+00 3.75950364e+02
 2.81394066e+00 3.75950364e+02
 2.80720814e+00 3.75950364e+02
 2.80122112e+00 3.75950364e+02
 2.79646206e+00 3.75950364e+02
 2.79339747e+00 3.75950364e+02
 2.79348067e+00 3.75950364e+02
 2.86690512e+00 3.75950364e+02
 3.07102624e+00 3.75950364e+02
 3.43314947e+00 3.75950364e+02
 3.93404589e+00 3.75950364e+02
 4.46893494e+00 3.75950364e+02
 4.86077624e+00 3.75950364e+02
 4.92131752e+00 3.75950301e+02
 4.66350937e+00 3.75949578e+02
 4.23689831e+00 3.75948273e+02
 3.78297345e+00 3.75946677e+02
 3.40506100e+00 3.75945076e+02
 3.15221797e+00 3.75943758e+02
 3.03181105e+00 3.75943012e+02
 3.02746314e+00 3.75942938e+02
 3.06425409e+00 3.75942938e+02
 3.12569684e+00 3.75942938e+02
 3.20227263e+00 3.75942938e+02
 3.28126523e+00 3.75942938e+02
 3.34614305e+00 3.75942938e+02
 3.37781318e+00 3.75942938e+02
 3.34923324e+00 3.75942938e+02
 3.25733296e+00 3.75942938e+02
 3.13754611e+00 3.75942938e+02
 3.02068948e+00 3.75942938e+02
 2.92739586e+00 3.75942938e+02
 2.86874943e+00 3.75942938e+02
 2.85168289e+00 3.75942938e+02
 2.87963129e+00 3.75942938e+02
 2.94596296e+00 3.75942938e+02
 3.04335545e+00 3.75942938e+02
 3.15888086e+00 3.75942938e+02
 3.26997999e+00 3.75942938e+02
 3.34523627e+00 3.75942938e+02
 3.35397337e+00 3.75942928e+02
 3.31072252e+00 3.75942834e+02
 3.23911500e+00 3.75942672e+02
 3.15844052e+00 3.75942478e+02
 3.08464066e+00 3.75942285e+02
 3.02955747e+00 3.75942131e+02
 3.00218619e+00 3.75942051e+02
 3.04514563e+00 3.75942046e+02
 3.25471865e+00 3.75942046e+02
 3.65187589e+00 3.75942046e+02
 4.22198039e+00 3.75942046e+02
 4.86858934e+00 3.75942046e+02
 5.41328417e+00 3.75942046e+02
 5.63710435e+00 3.75942046e+02
 5.38202498e+00 3.75942046e+02
 4.78829943e+00 3.75942046e+02
 4.10063352e+00 3.75942046e+02
 3.51390704e+00 3.75942046e+02
 3.12359555e+00 3.75942046e+02
 2.92876839e+00 3.75942046e+02
 2.90000738e+00 3.75942046e+02
 3.06524365e+00 3.75942046e+02
 3.48424921e+00 3.75942046e+02
 4.20794226e+00 3.75942046e+02
 5.16176949e+00 3.75942046e+02
 6.10965561e+00 3.75942046e+02
 6.70971761e+00 3.75942046e+02
 6.74816512e+00 3.75942046e+02
 6.61247440e+00 3.75942046e+02
 6.38244883e+00 3.75942046e+02
 6.08821796e+00 3.75942046e+02
 5.75912153e+00 3.75942046e+02
 5.42197800e+00 3.75942046e+02
 5.09988822e+00 3.75942046e+02
 4.72241319e+00 3.75942032e+02
 4.23930248e+00 3.75941988e+02
 3.76342120e+00 3.75941928e+02
 3.37429852e+00 3.75941862e+02
 3.10635543e+00 3.75941802e+02
 2.95747336e+00 3.75941761e+02
 2.91347884e+00 3.75941749e+02
 2.90515995e+00 3.75941749e+02
 2.89822381e+00 3.75941749e+02
 2.89265921e+00 3.75941749e+02
 2.88846262e+00 3.75941749e+02
 2.88563888e+00 3.75941749e+02
 2.88420195e+00 3.75941749e+02
 2.90717752e+00 3.75941749e+02
 3.11226140e+00 3.75941749e+02
 3.58781365e+00 3.75941749e+02
 4.37325084e+00 3.75941749e+02
 5.36393685e+00 3.75941749e+02
 6.29437040e+00 3.75941749e+02
 6.80629651e+00 3.75941749e+02
 6.69189210e+00 3.75941749e+02
 6.21109921e+00 3.75941749e+02
 5.55860821e+00 3.75941749e+02
 4.90346483e+00 3.75941749e+02
 4.36891661e+00 3.75941749e+02
 4.02587258e+00 3.75941749e+02
 3.91356211e+00 3.75941747e+02
 3.92007490e+00 3.75941345e+02
 3.93540575e+00 3.75940403e+02
 3.95582243e+00 3.75939157e+02
 3.97751958e+00 3.75937844e+02
 3.99657338e+00 3.75936699e+02
 4.00895423e+00 3.75935959e+02
 3.99947153e+00 3.75935808e+02
 3.86232519e+00 3.75935808e+02
 3.63356331e+00 3.75935808e+02
 3.38695541e+00 3.75935808e+02
 3.17671762e+00 3.75935808e+02
 3.03142432e+00 3.75935808e+02
 2.96141420e+00 3.75935808e+02
 2.96539184e+00 3.75935808e+02
 3.01061763e+00 3.75935808e+02
 3.08573134e+00 3.75935808e+02
 3.18014956e+00 3.75935808e+02
 3.27797186e+00 3.75935808e+02
 3.35712162e+00 3.75935808e+02
 3.39166236e+00 3.75935808e+02
 3.37664370e+00 3.75935808e+02
 3.33578960e+00 3.75935808e+02
 3.28165451e+00 3.75935808e+02
 3.22580914e+00 3.75935808e+02
 3.17812858e+00 3.75935808e+02
 3.14689714e+00 3.75935808e+02
 3.15063185e+00 3.75935837e+02
 3.45631556e+00 3.75936496e+02
 4.27635485e+00 3.75937795e+02
 5.70459340e+00 3.75939431e+02
 7.58074258e+00 3.75941101e+02
 9.45620333e+00 3.75942501e+02
 1.06882049e+01 3.75943328e+02
 1.06714659e+01 3.75943433e+02
 9.57386560e+00 3.75943433e+02
 7.94163482e+00 3.75943433e+02
 6.27953329e+00 3.75943433e+02
 4.94798098e+00 3.75943433e+02
 4.11219511e+00 3.75943433e+02
 3.77961151e+00 3.75943433e+02
 3.86385361e+00 3.75943433e+02
 4.19672057e+00 3.75943433e+02
 4.74224425e+00 3.75943433e+02
 5.43538317e+00 3.75943433e+02
 6.14964729e+00 3.75943433e+02
 6.70234400e+00 3.75943433e+02
 6.88682332e+00 3.75943433e+02
 6.67569770e+00 3.75943433e+02
 6.22327672e+00 3.75943433e+02
 5.66340819e+00 3.75943433e+02
 5.11373987e+00 3.75943433e+02
 4.66257393e+00 3.75943433e+02
 4.36797048e+00 3.75943433e+02
 4.25253881e+00 3.75943433e+02
 4.18110479e+00 3.75943433e+02
 4.11956124e+00 3.75943433e+02
 4.06890890e+00 3.75943433e+02
 4.03012703e+00 3.75943433e+02
 4.00422948e+00 3.75943433e+02
 3.99232917e+00 3.75943433e+02
 4.06248661e+00 3.75943291e+02
 4.37833276e+00 3.75942696e+02
 4.91043216e+00 3.75941803e+02
 5.59322623e+00 3.75940794e+02
 6.30733094e+00 3.75939849e+02
 6.88072287e+00 3.75939150e+02
 7.11395991e+00 3.75938878e+02
 6.93166483e+00 3.75938878e+02
 6.47973708e+00 3.75938878e+02
 5.90035294e+00 3.75938878e+02
 5.32066275e+00 3.75938878e+02
 4.83785468e+00 3.75938878e+02
 4.51714236e+00 3.75938878e+02
 4.39486103e+00 3.75938878e+02
 4.33561791e+00 3.75938878e+02
 4.28477146e+00 3.75938878e+02
 4.24295195e+00 3.75938878e+02
 4.21079668e+00 3.75938878e+02
 4.18897677e+00 3.75938878e+02
 4.17822693e+00 3.75938878e+02
 4.17917841e+00 3.75938878e+02
 4.19133219e+00 3.75938878e+02
 4.21427253e+00 3.75938878e+02
 4.24773829e+00 3.75938878e+02
 4.29154969e+00 3.75938878e+02
 4.34559187e+00 3.75938878e+02
 4.40979907e+00 3.75938878e+02
 4.68807415e+00 3.75938487e+02
 5.47017880e+00 3.75937297e+02
 6.71481639e+00 3.75935626e+02
 8.27863366e+00 3.75933801e+02
 9.87146219e+00 3.75932150e+02
 1.10776137e+01 3.75931000e+02
 1.14446949e+01 3.75930659e+02
 1.12610891e+01 3.75930659e+02
 1.08598899e+01 3.75930659e+02
 1.03125969e+01 3.75930659e+02
 9.68901626e+00 3.75930659e+02
 9.05311895e+00 3.75930659e+02
 8.46066350e+00 3.75930659e+02
 7.92500163e+00 3.75930659e+02
 7.28587697e+00 3.75930659e+02
 6.60363457e+00 3.75930659e+02
 5.96726289e+00 3.75930659e+02
 5.44368337e+00 3.75930659e+02
 5.07926375e+00 3.75930659e+02
 4.90890169e+00 3.75930659e+02
 4.89774064e+00 3.75930659e+02
 4.89492195e+00 3.75930659e+02
 4.89316555e+00 3.75930659e+02
 4.89181331e+00 3.75930659e+02
 4.89020818e+00 3.75930659e+02
 4.88769405e+00 3.75930659e+02
 4.88354429e+00 3.75930659e+02
 4.85522169e+00 3.75930659e+02
 4.79221075e+00 3.75930659e+02
 4.70498908e+00 3.75930659e+02
 4.60388148e+00 3.75930659e+02
 4.49862640e+00 3.75930659e+02
 4.39812210e+00 3.75930659e+02
 4.30823142e+00 3.75930665e+02
 4.21147977e+00 3.75930743e+02
 4.10839603e+00 3.75930883e+02
 4.00610699e+00 3.75931055e+02
 3.91086854e+00 3.75931227e+02
 3.82806111e+00 3.75931367e+02
 3.76233031e+00 3.75931445e+02
 3.71286035e+00 3.75931451e+02
 3.66558838e+00 3.75931451e+02
 3.62166722e+00 3.75931451e+02
 3.58350874e+00 3.75931451e+02
 3.55334014e+00 3.75931451e+02
 3.53328913e+00 3.75931451e+02
 3.52550519e+00 3.75931451e+02
 3.58128812e+00 3.75931451e+02
 3.74679171e+00 3.75931451e+02
 3.99721433e+00 3.75931451e+02
 4.29664609e+00 3.75931451e+02
 4.58965219e+00 3.75931451e+02
 4.80289842e+00 3.75931451e+02
 4.85693256e+00 3.75931451e+02
 4.73853738e+00 3.75931451e+02
 4.51243669e+00 3.75931451e+02
 4.24494721e+00 3.75931451e+02
 3.99260203e+00 3.75931451e+02
 3.79731139e+00 3.75931451e+02
 3.68861241e+00 3.75931451e+02
 3.69450661e+00 3.75931461e+02
 3.82791099e+00 3.75931529e+02
 4.06363718e+00 3.75931640e+02
 4.36822637e+00 3.75931771e+02
 4.69098254e+00 3.75931897e+02
 4.96160981e+00 3.75931996e+02
 5.09732793e+00 3.75932044e+02
 5.08841668e+00 3.75932045e+02
 5.04580250e+00 3.75932045e+02
 4.98505476e+00 3.75932045e+02
 4.91848918e+00 3.75932045e+02
 4.85786727e+00 3.75932045e+02
 4.81437298e+00 3.75932045e+02
 4.79894710e+00 3.75932045e+02
 4.84134296e+00 3.75932045e+02
 4.94376813e+00 3.75932045e+02
 5.08314740e+00 3.75932045e+02
 5.23462255e+00 3.75932045e+02
 5.37047346e+00 3.75932045e+02
 5.46045736e+00 3.75932045e+02
 5.47579375e+00 3.75932045e+02
 5.42898747e+00 3.75932045e+02
 5.34458635e+00 3.75932045e+02
 5.24249206e+00 3.75932045e+02
 5.14166101e+00 3.75932045e+02
 5.05976826e+00 3.75932045e+02
 5.01347501e+00 3.75932045e+02
 5.02193690e+00 3.75932045e+02
 5.09677580e+00 3.75932045e+02
 5.21783950e+00 3.75932045e+02
 5.36180249e+00 3.75932045e+02
 5.50317381e+00 3.75932045e+02
 5.61402172e+00 3.75932045e+02
 5.66487594e+00 3.75932045e+02
 5.66332243e+00 3.75932008e+02
 5.65649031e+00 3.75931893e+02
 5.64689634e+00 3.75931732e+02
 5.63642719e+00 3.75931557e+02
 5.62695881e+00 3.75931397e+02
 5.62035655e+00 3.75931286e+02
 5.61883436e+00 3.75931253e+02
 5.63705190e+00 3.75931253e+02
 5.67543233e+00 3.75931253e+02
 5.72501850e+00 3.75931253e+02
 5.77667202e+00 3.75931253e+02
 5.82098597e+00 3.75931253e+02
 5.84832783e+00 3.75931253e+02
 5.82842809e+00 3.75931253e+02
 5.64083248e+00 3.75931253e+02
 5.33504481e+00 3.75931253e+02
 4.98967767e+00 3.75931253e+02
 4.67161789e+00 3.75931253e+02
 4.43239517e+00 3.75931253e+02
 4.31184078e+00 3.75931253e+02
 4.33610840e+00 3.75931253e+02
 4.47616463e+00 3.75931253e+02
 4.70362009e+00 3.75931253e+02
 4.98890944e+00 3.75931253e+02
 5.29427948e+00 3.75931253e+02
 5.57208445e+00 3.75931253e+02
 5.76681273e+00 3.75931253e+02
 5.89221209e+00 3.75931206e+02
 6.01427403e+00 3.75931073e+02
 6.12713111e+00 3.75930890e+02
 6.22432968e+00 3.75930692e+02
 6.29921950e+00 3.75930515e+02
 6.34510717e+00 3.75930394e+02
 6.35433834e+00 3.75930362e+02
 6.30063495e+00 3.75930362e+02
 6.19468478e+00 3.75930362e+02
 6.06254723e+00 3.75930362e+02
 5.92917779e+00 3.75930362e+02
 5.81791152e+00 3.75930362e+02
 5.75071096e+00 3.75930362e+02
 5.74809704e+00 3.75930362e+02
 5.80939062e+00 3.75930362e+02
 5.91500423e+00 3.75930362e+02
 6.04451820e+00 3.75930362e+02
 6.17632493e+00 3.75930362e+02
 6.28731097e+00 3.75930362e+02
 6.35321100e+00 3.75930362e+02
 6.37188843e+00 3.75930362e+02
 6.38467555e+00 3.75930362e+02
 6.39456853e+00 3.75930362e+02
 6.40262490e+00 3.75930362e+02
 6.40990823e+00 3.75930362e+02
 6.41748640e+00 3.75930362e+02
 6.42643129e+00 3.75930362e+02
 6.43770958e+00 3.75930263e+02
 6.45069363e+00 3.75930008e+02
 6.46405840e+00 3.75929663e+02
 6.47647076e+00 3.75929292e+02
 6.48658996e+00 3.75928962e+02
 6.49307024e+00 3.75928738e+02
 6.48812872e+00 3.75928678e+02
 6.33132084e+00 3.75928678e+02
 6.02830497e+00 3.75928678e+02
 5.66193285e+00 3.75928678e+02
 5.30598934e+00 3.75928678e+02
 5.02054495e+00 3.75928678e+02
 4.85368829e+00 3.75928678e+02
 4.85966308e+00 3.75928678e+02
 5.10886251e+00 3.75928678e+02
 5.55747112e+00 3.75928678e+02
 6.13685945e+00 3.75928678e+02
 6.75007569e+00 3.75928678e+02
 7.26780513e+00 3.75928678e+02
 7.53941328e+00 3.75928678e+02
 7.44699848e+00 3.75928678e+02
 7.06438821e+00 3.75928678e+02
 6.52761735e+00 3.75928678e+02
 5.96296148e+00 3.75928678e+02
 5.47327403e+00 3.75928678e+02
 5.13503988e+00 3.75928678e+02
 5.00859711e+00 3.75928678e+02
 5.09621508e+00 3.75928678e+02
 5.33105820e+00 3.75928678e+02
 5.67289185e+00 3.75928678e+02
 6.07508033e+00 3.75928678e+02
 6.47876807e+00 3.75928678e+02
 6.81258634e+00 3.75928678e+02
 7.00318953e+00 3.75928679e+02
 7.13493766e+00 3.75928704e+02
 7.25796834e+00 3.75928754e+02
 7.36713758e+00 3.75928817e+02
 7.45716226e+00 3.75928882e+02
 7.52270013e+00 3.75928937e+02
 7.55845001e+00 3.75928971e+02
 7.56279813e+00 3.75928976e+02
 7.55698950e+00 3.75928976e+02
 7.54719106e+00 3.75928976e+02
 7.53550206e+00 3.75928976e+02
 7.52401491e+00 3.75928976e+02
 7.51481364e+00 3.75928976e+02
 7.50997615e+00 3.75928976e+02
 7.51700962e+00 3.75928976e+02
 7.54778939e+00 3.75928976e+02
 7.59426165e+00 3.75928976e+02
 7.64723996e+00 3.75928976e+02
 7.69738881e+00 3.75928976e+02
 7.73521064e+00 3.75928976e+02
 7.75111102e+00 3.75928976e+02
 7.72313219e+00 3.75928976e+02
 7.64570796e+00 3.75928976e+02
 7.53989028e+00 3.75928976e+02
 7.42639112e+00 3.75928976e+02
 7.32517704e+00 3.75928976e+02
 7.25548664e+00 3.75928976e+02
 7.23708234e+00 3.75928970e+02
 7.31046310e+00 3.75928744e+02
 7.46503895e+00 3.75928273e+02
 7.66676790e+00 3.75927668e+02
 7.87983133e+00 3.75927040e+02
 8.06578645e+00 3.75926502e+02
 8.18397156e+00 3.75926164e+02
 8.19841733e+00 3.75926104e+02
 8.13564607e+00 3.75926104e+02
 8.02693812e+00 3.75926104e+02
 7.89675878e+00 3.75926104e+02
 7.76882095e+00 3.75926104e+02
 7.66586618e+00 3.75926104e+02
 7.60990379e+00 3.75926104e+02
 7.60964964e+00 3.75926104e+02
 7.63074027e+00 3.75926104e+02
 7.66673421e+00 3.75926104e+02
 7.71441392e+00 3.75926104e+02
 7.77054827e+00 3.75926104e+02
 7.83186325e+00 3.75926104e+02
 7.89502291e+00 3.75926104e+02
 7.97861101e+00 3.75926104e+02
 8.10318593e+00 3.75926104e+02
 8.24992956e+00 3.75926104e+02
 8.39889953e+00 3.75926104e+02
 8.52922984e+00 3.75926104e+02
 8.61929461e+00 3.75926104e+02
 8.64729619e+00 3.75926104e+02
 8.60837608e+00 3.75926104e+02
 8.52316119e+00 3.75926104e+02
 8.41289336e+00 3.75926104e+02
 8.29839242e+00 3.75926104e+02
 8.19981238e+00 3.75926104e+02
 8.13671576e+00 3.75926104e+02
 8.12657792e+00 3.75926056e+02
 8.15817465e+00 3.75925499e+02
 8.21588894e+00 3.75924492e+02
 8.28778844e+00 3.75923257e+02
 8.36174561e+00 3.75922019e+02
 8.42536332e+00 3.75920998e+02
 8.46601934e+00 3.75920419e+02
 8.47810105e+00 3.75920361e+02
 8.48409701e+00 3.75920361e+02
 8.48802241e+00 3.75920361e+02
 8.49108671e+00 3.75920361e+02
 8.49450093e+00 3.75920361e+02
 8.49947741e+00 3.75920361e+02
 8.50723071e+00 3.75920361e+02
 8.55506337e+00 3.75920361e+02
 8.69061456e+00 3.75920361e+02
 8.88187971e+00 3.75920361e+02
 9.09429085e+00 3.75920361e+02
 9.29136442e+00 3.75920361e+02
 9.43471603e+00 3.75920361e+02
 9.48503777e+00 3.75920361e+02
 9.42757266e+00 3.75920361e+02
 9.29404627e+00 3.75920361e+02
 9.11898344e+00 3.75920361e+02
 8.93600473e+00 3.75920361e+02
 8.77723247e+00 3.75920361e+02
 8.67341625e+00 3.75920361e+02
 8.64991655e+00 3.75920344e+02
 8.65490632e+00 3.75920081e+02
 8.66535988e+00 3.75919586e+02
 8.68044063e+00 3.75918972e+02
 8.69931351e+00 3.75918350e+02
 8.72114242e+00 3.75917831e+02
 8.74508812e+00 3.75917526e+02
 8.77401294e+00 3.75917489e+02
 8.82336273e+00 3.75917489e+02
 8.88889375e+00 3.75917489e+02
 8.96347141e+00 3.75917489e+02
 9.03983524e+00 3.75917489e+02
 9.11057329e+00 3.75917489e+02
 9.16813445e+00 3.75917489e+02
 9.21326855e+00 3.75917489e+02
 9.25930540e+00 3.75917489e+02
 9.30384703e+00 3.75917489e+02
 9.34382899e+00 3.75917489e+02
 9.37615769e+00 3.75917489e+02
 9.39772295e+00 3.75917489e+02
 9.40541607e+00 3.75917489e+02
 9.39547743e+00 3.75917489e+02
 9.37059664e+00 3.75917489e+02
 9.33714738e+00 3.75917489e+02
 9.30147218e+00 3.75917489e+02
 9.26985968e+00 3.75917489e+02
 9.24854805e+00 3.75917489e+02
 9.24334638e+00 3.75917469e+02
 9.24980781e+00 3.75917052e+02
 9.26418017e+00 3.75916233e+02
 9.28564619e+00 3.75915202e+02
 9.31339468e+00 3.75914147e+02
 9.34661670e+00 3.75913256e+02
 9.38450239e+00 3.75912716e+02
 9.43878444e+00 3.75912637e+02
 9.57526512e+00 3.75912637e+02
 9.77533175e+00 3.75912637e+02
 1.00044105e+01 3.75912637e+02
 1.02261973e+01 3.75912637e+02
 1.04024929e+01 3.75912637e+02
 1.04938508e+01 3.75912637e+02
 1.04971138e+01 3.75912637e+02
 1.04901469e+01 3.75912637e+02
 1.04797391e+01 3.75912637e+02
 1.04679728e+01 3.75912637e+02
 1.04569259e+01 3.75912637e+02
 1.04486710e+01 3.75912637e+02
 1.04452779e+01 3.75912637e+02
 1.04610111e+01 3.75912637e+02
 1.05055076e+01 3.75912637e+02
 1.05705591e+01 3.75912637e+02
 1.06479047e+01 3.75912637e+02
 1.07291770e+01 3.75912637e+02
 1.08058660e+01 3.75912637e+02
 1.08700005e+01 3.75912637e+02
 1.09362922e+01 3.75912637e+02
 1.10090604e+01 3.75912637e+02
 1.10815291e+01 3.75912637e+02
 1.11468204e+01 3.75912637e+02
 1.11979683e+01 3.75912637e+02
 1.12279585e+01 3.75912637e+02
 1.12292803e+01 3.75912610e+02
 1.11974193e+01 3.75912374e+02
 1.11425138e+01 3.75911965e+02
 1.10765644e+01 3.75911472e+02
 1.10114492e+01 3.75910985e+02
 1.09588914e+01 3.75910590e+02
 1.09304994e+01 3.75910376e+02
 1.09362640e+01 3.75910360e+02
 1.09721305e+01 3.75910360e+02
 1.10271425e+01 3.75910360e+02
 1.10902786e+01 3.75910360e+02
 1.11503949e+01 3.75910360e+02
 1.11962113e+01 3.75910360e+02
 1.12163630e+01 3.75910360e+02
 1.12105545e+01 3.75910360e+02
 1.11929559e+01 3.75910360e+02
 1.11684105e+01 3.75910360e+02
 1.11416545e+01 3.75910360e+02
 1.11174007e+01 3.75910360e+02
 1.11003393e+01 3.75910360e+02
 1.10955611e+01 3.75910360e+02
 1.11284186e+01 3.75910360e+02
 1.11997215e+01 3.75910360e+02
 1.12926490e+01 3.75910360e+02
 1.13901739e+01 3.75910360e+02
 1.14749503e+01 3.75910360e+02
 1.15293543e+01 3.75910360e+02
 1.15341039e+01 3.75910339e+02
 1.14692402e+01 3.75910115e+02
 1.13538007e+01 3.75909713e+02
 1.12137951e+01 3.75909223e+02
 1.10747075e+01 3.75908733e+02
 1.09613292e+01 3.75908330e+02
 1.08979195e+01 3.75908104e+02
 1.09206633e+01 3.75908083e+02
 1.10700484e+01 3.75908083e+02
 1.13067972e+01 3.75908083e+02
 1.15844382e+01 3.75908083e+02
 1.18542634e+01 3.75908083e+02
 1.20650179e+01 3.75908083e+02
 1.21638027e+01 3.75908083e+02
 1.21633981e+01 3.75908083e+02
 1.21560092e+01 3.75908083e+02
 1.21454948e+01 3.75908083e+02
 1.21339013e+01 3.75908083e+02
 1.21232710e+01 3.75908083e+02
 1.21156425e+01 3.75908083e+02
 1.21132538e+01 3.75908083e+02
 1.21450732e+01 3.75908083e+02
 1.22182970e+01 3.75908083e+02
 1.23152201e+01 3.75908083e+02
 1.24179433e+01 3.75908083e+02
 1.25082546e+01 3.75908083e+02
 1.25676599e+01 3.75908083e+02
 1.25771261e+01 3.75908083e+02
 1.25240406e+01 3.75908083e+02
 1.24258262e+01 3.75908083e+02
 1.23049157e+01 3.75908083e+02
 1.21834005e+01 3.75908083e+02
 1.20829076e+01 3.75908083e+02
 1.20246957e+01 3.75908083e+02
 1.20330340e+01 3.75908018e+02
 1.21232500e+01 3.75907629e+02
 1.22694380e+01 3.75907001e+02
 1.24419206e+01 3.75906267e+02
 1.26102524e+01 3.75905556e+02
 1.27430840e+01 3.75904998e+02
 1.28084554e+01 3.75904725e+02
 1.27814558e+01 3.75904716e+02
 1.26782819e+01 3.75904716e+02
 1.25291987e+01 3.75904716e+02
 1.23641077e+01 3.75904716e+02
 1.22121638e+01 3.75904716e+02
 1.21017400e+01 3.75904716e+02
 1.20607466e+01 3.75904716e+02
 1.20793705e+01 3.75904716e+02
 1.21281662e+01 3.75904716e+02
 1.22001509e+01 3.75904716e+02
 1.22883376e+01 3.75904716e+02
 1.23856697e+01 3.75904716e+02
 1.24849799e+01 3.75904716e+02
 1.25806956e+01 3.75904716e+02
 1.26974843e+01 3.75904716e+02
 1.28363897e+01 3.75904716e+02
 1.29850039e+01 3.75904716e+02
 1.31306169e+01 3.75904716e+02
 1.32602043e+01 3.75904716e+02
 1.33604843e+01 3.75904716e+02
 1.34244699e+01 3.75904612e+02
 1.34808129e+01 3.75903890e+02
 1.35329412e+01 3.75902692e+02
 1.35785168e+01 3.75901271e+02
 1.36151889e+01 3.75899881e+02
 1.36406013e+01 3.75898776e+02
 1.36524020e+01 3.75898209e+02
 1.36325013e+01 3.75898181e+02
 1.35521791e+01 3.75898181e+02
 1.34333927e+01 3.75898181e+02
 1.33001465e+01 3.75898181e+02
 1.31760057e+01 3.75898181e+02
 1.30840631e+01 3.75898181e+02
 1.30471354e+01 3.75898181e+02
 1.30976837e+01 3.75898181e+02
 1.32321419e+01 3.75898181e+02
 1.34167419e+01 3.75898181e+02
 1.36171223e+01 3.75898181e+02
 1.37978780e+01 3.75898181e+02
 1.39226119e+01 3.75898181e+02
 1.39558305e+01 3.75898181e+02
 1.39141030e+01 3.75898181e+02
 1.38298133e+01 3.75898181e+02
 1.37229386e+01 3.75898181e+02
 1.36132354e+01 3.75898181e+02
 1.35201360e+01 3.75898181e+02
 1.34627991e+01 3.75898181e+02
 1.34575598e+01 3.75898032e+02
 1.34931788e+01 3.75896790e+02
 1.35575010e+01 3.75894665e+02
 1.36410714e+01 3.75892114e+02
 1.37343665e+01 3.75889593e+02
 1.38277387e+01 3.75887561e+02
 1.39113982e+01 3.75886473e+02
 1.39802702e+01 3.75886399e+02
 1.40447178e+01 3.75886399e+02
 1.41074428e+01 3.75886399e+02
 1.41703448e+01 3.75886399e+02
 1.42353421e+01 3.75886399e+02
 1.43043724e+01 3.75886399e+02
 1.43793952e+01 3.75886399e+02
 1.44733109e+01 3.75886399e+02
 1.45925858e+01 3.75886399e+02
 1.47225553e+01 3.75886399e+02
 1.48481990e+01 3.75886399e+02
 1.49542222e+01 3.75886399e+02
 1.50251256e+01 3.75886399e+02
 1.50455469e+01 3.75886399e+02
 1.50161078e+01 3.75886399e+02
 1.49526411e+01 3.75886399e+02
 1.48691453e+01 3.75886399e+02
 1.47795228e+01 3.75886399e+02
 1.46975133e+01 3.75886399e+02
 1.46366955e+01 3.75886399e+02
 1.46071899e+01 3.75886399e+02
 1.45862907e+01 3.75886399e+02
 1.45674523e+01 3.75886399e+02
 1.45512929e+01 3.75886399e+02
 1.45384299e+01 3.75886399e+02
 1.45294804e+01 3.75886399e+02
 1.45250625e+01 3.75886399e+02
 1.45414311e+01 3.75886331e+02
 1.46249941e+01 3.75885993e+02
 1.47556504e+01 3.75885467e+02
 1.49071544e+01 3.75884860e+02
 1.50527739e+01 3.75884280e+02
 1.51652248e+01 3.75883834e+02
 1.52168689e+01 3.75883630e+02
 1.52085441e+01 3.75883627e+02
 1.51799030e+01 3.75883627e+02
 1.51394113e+01 3.75883627e+02
 1.50949460e+01 3.75883627e+02
 1.50543407e+01 3.75883627e+02
 1.50253843e+01 3.75883627e+02
 1.50160738e+01 3.75883627e+02
 1.50541144e+01 3.75883627e+02
 1.51400935e+01 3.75883627e+02
 1.52533310e+01 3.75883627e+02
 1.53729404e+01 3.75883627e+02
 1.54777050e+01 3.75883627e+02
 1.55461138e+01 3.75883627e+02
 1.55603706e+01 3.75883627e+02
 1.55538720e+01 3.75883627e+02
 1.55408725e+01 3.75883627e+02
 1.55228031e+01 3.75883627e+02
 1.55010948e+01 3.75883627e+02
 1.54771758e+01 3.75883627e+02
 1.54524705e+01 3.75883627e+02
 1.54249877e+01 3.75883556e+02
 1.53831900e+01 3.75883150e+02
 1.53322104e+01 3.75882502e+02
 1.52791757e+01 3.75881745e+02
 1.52311631e+01 3.75881015e+02
 1.51952035e+01 3.75880444e+02
 1.51783024e+01 3.75880169e+02
 1.52121813e+01 3.75880161e+02
 1.53336662e+01 3.75880161e+02
 1.55164744e+01 3.75880161e+02
 1.57325806e+01 3.75880161e+02
 1.59532897e+01 3.75880161e+02
 1.61490631e+01 3.75880161e+02
 1.62897411e+01 3.75880161e+02
 1.63991230e+01 3.75880161e+02
 1.65085178e+01 3.75880161e+02
 1.66112433e+01 3.75880161e+02
 1.67005318e+01 3.75880161e+02
 1.67695528e+01 3.75880161e+02
 1.68114497e+01 3.75880161e+02
 1.68162601e+01 3.75880161e+02
 1.67343973e+01 3.75880161e+02
 1.65785473e+01 3.75880161e+02
 1.63849130e+01 3.75880161e+02
 1.61890861e+01 3.75880161e+02
 1.60258050e+01 3.75880161e+02
 1.59291156e+01 3.75880161e+02
 1.59162996e+01 3.75880161e+02
 1.59162996e+01 3.75880161e+02
 1.59162996e+01 3.75880161e+02
 1.59162996e+01 3.75880161e+02
 1.59162996e+01 3.75880161e+02
 1.59162996e+01 3.75880161e+02
 1.59162996e+01 3.75880161e+02
 1.59332611e+01 3.75879676e+02
 1.60007032e+01 3.75877825e+02
 1.61069334e+01 3.75875095e+02
 1.62383606e+01 3.75872026e+02
 1.63812403e+01 3.75869160e+02
 1.65215918e+01 3.75867037e+02
 1.66451815e+01 3.75866201e+02
 1.67697130e+01 3.75866201e+02
 1.69137708e+01 3.75866201e+02
 1.70626981e+01 3.75866201e+02
 1.72015707e+01 3.75866201e+02
 1.73152137e+01 3.75866201e+02
 1.73882862e+01 3.75866201e+02
 1.74043359e+01 3.75866201e+02
 1.73320997e+01 3.75866201e+02
 1.71882771e+01 3.75866201e+02
 1.70069084e+01 3.75866201e+02
 1.68215340e+01 3.75866201e+02
 1.66649696e+01 3.75866201e+02
 1.65694243e+01 3.75866201e+02
 1.65568445e+01 3.75866201e+02
 1.65768569e+01 3.75866201e+02
 1.66146396e+01 3.75866201e+02
 1.66670551e+01 3.75866201e+02
 1.67309682e+01 3.75866201e+02
 1.68032325e+01 3.75866201e+02
 1.68806805e+01 3.75866201e+02
 1.69833083e+01 3.75866165e+02
 1.71605424e+01 3.75866013e+02
 1.73841735e+01 3.75865784e+02
 1.76207343e+01 3.75865523e+02
 1.78358428e+01 3.75865277e+02
 1.79942646e+01 3.75865092e+02
 1.80603296e+01 3.75865013e+02
 1.79894986e+01 3.75865013e+02
 1.77908059e+01 3.75865013e+02
 1.75182657e+01 3.75865013e+02
 1.72251116e+01 3.75865013e+02
 1.69629265e+01 3.75865013e+02
 1.67816842e+01 3.75865013e+02
 1.67293363e+01 3.75865013e+02
 1.67845387e+01 3.75865013e+02
 1.69037484e+01 3.75865013e+02
 1.70639254e+01 3.75865013e+02
 1.72417840e+01 3.75865013e+02
 1.74135807e+01 3.75865013e+02
 1.75550779e+01 3.75865013e+02
 1.76466451e+01 3.75865013e+02
 1.77166413e+01 3.75865013e+02
 1.77770939e+01 3.75865013e+02
 1.78314352e+01 3.75865013e+02
 1.78831251e+01 3.75865013e+02
 1.79356469e+01 3.75865013e+02
 1.79925055e+01 3.75865013e+02
 1.80559567e+01 3.75864685e+02
 1.81229753e+01 3.75863111e+02
 1.81921051e+01 3.75860677e+02
 1.82621634e+01 3.75857879e+02
 1.83319581e+01 3.75855212e+02
 1.84002874e+01 3.75853172e+02
 1.84659403e+01 3.75852252e+02
 1.85344822e+01 3.75852241e+02
 1.86116976e+01 3.75852241e+02
 1.86905215e+01 3.75852241e+02
 1.87636931e+01 3.75852241e+02
 1.88238934e+01 3.75852241e+02
 1.88637651e+01 3.75852241e+02
 1.88758412e+01 3.75852241e+02
 1.88483914e+01 3.75852241e+02
 1.87876127e+01 3.75852241e+02
 1.87083694e+01 3.75852241e+02
 1.86254454e+01 3.75852241e+02
 1.85534975e+01 3.75852241e+02
 1.85070697e+01 3.75852241e+02
 1.85086072e+01 3.75852241e+02
 1.86436993e+01 3.75852241e+02
 1.88903269e+01 3.75852241e+02
 1.91954267e+01 3.75852241e+02
 1.95045963e+01 3.75852241e+02
 1.97616538e+01 3.75852241e+02
 1.99090378e+01 3.75852241e+02
 1.98921192e+01 3.75852241e+02
 1.97159714e+01 3.75852241e+02
 1.94382191e+01 3.75852241e+02
 1.91177415e+01 3.75852241e+02
 1.88118240e+01 3.75852241e+02
 1.85758983e+01 3.75852241e+02
 1.84641668e+01 3.75852241e+02
 1.84818517e+01 3.75851253e+02
 1.85531037e+01 3.75847939e+02
 1.86618787e+01 3.75843181e+02
 1.87938981e+01 3.75837908e+02
 1.89347351e+01 3.75833049e+02
 1.90697507e+01 3.75829533e+02
 1.91841735e+01 3.75828283e+02
 1.92882644e+01 3.75828283e+02
 1.93950760e+01 3.75828283e+02
 1.95013011e+01 3.75828283e+02
 1.96035945e+01 3.75828283e+02
 1.96985754e+01 3.75828283e+02
 1.97828326e+01 3.75828283e+02
 1.98531991e+01 3.75828283e+02
 1.99122200e+01 3.75828283e+02
 1.99637406e+01 3.75828283e+02
 2.00106962e+01 3.75828283e+02
 2.00560392e+01 3.75828283e+02
 2.01027368e+01 3.75828283e+02
 2.01537710e+01 3.75828283e+02
 2.02141056e+01 3.75828283e+02
 2.02919842e+01 3.75828283e+02
 2.03795951e+01 3.75828283e+02
 2.04671268e+01 3.75828283e+02
 2.05446815e+01 3.75828283e+02
 2.06022887e+01 3.75828283e+02
 2.06299430e+01 3.75828283e+02
 2.06310161e+01 3.75827982e+02
 2.06310161e+01 3.75826869e+02
 2.06310161e+01 3.75825237e+02
 2.06310161e+01 3.75823408e+02
 2.06310161e+01 3.75821705e+02
 2.06310161e+01 3.75820451e+02
 2.06310144e+01 3.75819967e+02
 2.06103387e+01 3.75819967e+02
 2.05581235e+01 3.75819967e+02
 2.04879194e+01 3.75819967e+02
 2.04132231e+01 3.75819967e+02
 2.03474380e+01 3.75819967e+02
 2.03038817e+01 3.75819967e+02
 2.02942687e+01 3.75819967e+02
 2.03033108e+01 3.75819967e+02
 2.03224135e+01 3.75819967e+02
 2.03501564e+01 3.75819967e+02
 2.03851213e+01 3.75819967e+02
 2.04258896e+01 3.75819967e+02
 2.04710397e+01 3.75819967e+02
 2.05306505e+01 3.75819967e+02
 2.06525500e+01 3.75819967e+02
 2.08189349e+01 3.75819967e+02
 2.10023929e+01 3.75819967e+02
 2.11750629e+01 3.75819967e+02
 2.13086181e+01 3.75819967e+02
 2.13744446e+01 3.75819967e+02
 2.13764652e+01 3.75819967e+02
 2.13742825e+01 3.75819967e+02
 2.13705516e+01 3.75819967e+02
 2.13654212e+01 3.75819967e+02
 2.13590401e+01 3.75819967e+02
 2.13515573e+01 3.75819967e+02
 2.13431199e+01 3.75819967e+02
 2.13207908e+01 3.75817405e+02
 2.12782454e+01 3.75810938e+02
 2.12246148e+01 3.75802213e+02
 2.11689985e+01 3.75792878e+02
 2.11204494e+01 3.75784578e+02
 2.10879798e+01 3.75778961e+02
 2.10804268e+01 3.75777500e+02
 2.10995637e+01 3.75777500e+02
 2.11402122e+01 3.75777500e+02
 2.11973692e+01 3.75777500e+02
 2.12660283e+01 3.75777500e+02
 2.13411613e+01 3.75777500e+02
 2.14177084e+01 3.75777500e+02
 2.14969579e+01 3.75777500e+02
 2.16100521e+01 3.75777500e+02
 2.17468286e+01 3.75777500e+02
 2.18890871e+01 3.75777500e+02
 2.20183921e+01 3.75777500e+02
 2.21160909e+01 3.75777500e+02
 2.21634131e+01 3.75777500e+02
 2.21496764e+01 3.75777500e+02
 2.20927050e+01 3.75777500e+02
 2.20094550e+01 3.75777500e+02
 2.19164579e+01 3.75777500e+02
 2.18301219e+01 3.75777500e+02
 2.17667253e+01 3.75777500e+02
 2.17424743e+01 3.75777499e+02
 2.17753540e+01 3.75774556e+02
 2.18609887e+01 3.75767163e+02
 2.19826636e+01 3.75757220e+02
 2.21235946e+01 3.75746631e+02
 2.22668179e+01 3.75737296e+02
 2.23951489e+01 3.75731119e+02
 2.24940005e+01 3.75729692e+02
 2.25909236e+01 3.75729692e+02
 2.26914926e+01 3.75729692e+02
 2.27877196e+01 3.75729692e+02
 2.28715476e+01 3.75729692e+02
 2.29348663e+01 3.75729692e+02
 2.29695421e+01 3.75729692e+02
 2.29628796e+01 3.75729692e+02
 2.28958519e+01 3.75729692e+02
 2.27871374e+01 3.75729692e+02
 2.26596868e+01 3.75729692e+02
 2.25362436e+01 3.75729692e+02
 2.24393034e+01 3.75729692e+02
 2.23911921e+01 3.75729692e+02
 2.24010413e+01 3.75729692e+02
 2.24452415e+01 3.75729692e+02
 2.25136129e+01 3.75729692e+02
 2.25967703e+01 3.75729692e+02
 2.26852795e+01 3.75729692e+02
 2.27696350e+01 3.75729692e+02
 2.28403101e+01 3.75729669e+02
 2.29005286e+01 3.75725138e+02
 2.29581372e+01 3.75714583e+02
 2.30143958e+01 3.75700645e+02
 2.30705707e+01 3.75685965e+02
 2.31279350e+01 3.75673187e+02
 2.31877681e+01 3.75664951e+02
 2.32515014e+01 3.75663284e+02
 2.33209018e+01 3.75663284e+02
 2.33943745e+01 3.75663284e+02
 2.34696406e+01 3.75663284e+02
 2.35444062e+01 3.75663284e+02
 2.36163625e+01 3.75663284e+02
 2.36831865e+01 3.75663284e+02
 2.37438686e+01 3.75663284e+02
 2.38016438e+01 3.75663284e+02
 2.38570111e+01 3.75663284e+02
 2.39101675e+01 3.75663284e+02
 2.39613114e+01 3.75663284e+02
 2.40106422e+01 3.75663284e+02
 2.40583608e+01 3.75663284e+02
 2.41089033e+01 3.75663284e+02
 2.41643013e+01 3.75663284e+02
 2.42196510e+01 3.75663284e+02
 2.42700137e+01 3.75663284e+02
 2.43104305e+01 3.75663284e+02
 2.43359306e+01 3.75663284e+02
 2.43385324e+01 3.75663284e+02
 2.42566012e+01 3.75663284e+02
 2.40960671e+01 3.75663284e+02
 2.38949186e+01 3.75663284e+02
 2.36907044e+01 3.75663284e+02
 2.35203521e+01 3.75663284e+02
 2.34202857e+01 3.75663284e+02
 2.34102260e+01 3.75663813e+02
 2.34261091e+01 3.75667131e+02
 2.34546662e+01 3.75672518e+02
 2.34932585e+01 3.75678834e+02
 2.35392459e+01 3.75684936e+02
 2.35899822e+01 3.75689682e+02
 2.36428115e+01 3.75691931e+02
 2.37040440e+01 3.75691983e+02
 2.37858734e+01 3.75691983e+02
 2.38831054e+01 3.75691983e+02
 2.39901486e+01 3.75691983e+02
 2.41013681e+01 3.75691983e+02
 2.42110770e+01 3.75691983e+02
 2.43137787e+01 3.75691983e+02
 2.44215845e+01 3.75691983e+02
 2.45384911e+01 3.75691983e+02
 2.46568279e+01 3.75691983e+02
 2.47688495e+01 3.75691983e+02
 2.48667399e+01 3.75691983e+02
 2.49426294e+01 3.75691983e+02
 2.49911768e+01 3.75691983e+02
 2.50288934e+01 3.75691983e+02
 2.50610990e+01 3.75691983e+02
 2.50887890e+01 3.75691983e+02
 2.51129627e+01 3.75691983e+02
 2.51346222e+01 3.75691983e+02
 2.51547720e+01 3.75691983e+02
 2.51747952e+01 3.75692813e+02
 2.51955492e+01 3.75696250e+02
 2.52157084e+01 3.75701396e+02
 2.52338518e+01 3.75707209e+02
 2.52485563e+01 3.75712645e+02
 2.52583981e+01 3.75716660e+02
 2.52619531e+01 3.75718211e+02
 2.52592922e+01 3.75718211e+02
 2.52525621e+01 3.75718211e+02
 2.52434993e+01 3.75718211e+02
 2.52338396e+01 3.75718211e+02
 2.52253178e+01 3.75718211e+02
 2.52196671e+01 3.75718211e+02
 2.52191979e+01 3.75718211e+02
 2.52330695e+01 3.75718211e+02
 2.52609576e+01 3.75718211e+02
 2.52989959e+01 3.75718211e+02
 2.53433143e+01 3.75718211e+02
 2.53900325e+01 3.75718211e+02
 2.54352564e+01 3.75718211e+02
 2.54767750e+01 3.75718211e+02
 2.55195546e+01 3.75718211e+02
 2.55645587e+01 3.75718211e+02
 2.56120823e+01 3.75718211e+02
 2.56624222e+01 3.75718211e+02
 2.57158764e+01 3.75718211e+02
 2.57727450e+01 3.75718211e+02
 2.58424309e+01 3.75718211e+02
 2.59321129e+01 3.75718211e+02
 2.60305795e+01 3.75718211e+02
 2.61263742e+01 3.75718211e+02
 2.62079556e+01 3.75718211e+02
 2.62637165e+01 3.75718211e+02
 2.62828122e+01 3.75718212e+02
 2.62868686e+01 3.75718235e+02
 2.62902976e+01 3.75718285e+02
 2.62930809e+01 3.75718348e+02
 2.62952001e+01 3.75718413e+02
 2.62966368e+01 3.75718469e+02
 2.62973727e+01 3.75718503e+02
 2.62730582e+01 3.75718508e+02
 2.60875608e+01 3.75718508e+02
 2.57771696e+01 3.75718508e+02
 2.54104787e+01 3.75718508e+02
 2.50545711e+01 3.75718508e+02
 2.47746811e+01 3.75718508e+02
 2.46347482e+01 3.75718508e+02
 2.46609663e+01 3.75718508e+02
 2.47797651e+01 3.75718508e+02
 2.49542774e+01 3.75718508e+02
 2.51499368e+01 3.75718508e+02
 2.53316927e+01 3.75718508e+02
 2.54639893e+01 3.75718508e+02
 2.55111698e+01 3.75718508e+02
 2.54943914e+01 3.75718508e+02
 2.54548696e+01 3.75718508e+02
 2.54025785e+01 3.75718508e+02
 2.53474671e+01 3.75718508e+02
 2.52994439e+01 3.75718508e+02
 2.52683806e+01 3.75718508e+02
 2.52636269e+01 3.75718543e+02
 2.52836854e+01 3.75718960e+02
 2.53200200e+01 3.75719715e+02
 2.53645099e+01 3.75720639e+02
 2.54090127e+01 3.75721563e+02
 2.54453578e+01 3.75722316e+02
 2.54653536e+01 3.75722730e+02
 2.54620461e+01 3.75722764e+02
 2.54374070e+01 3.75722764e+02
 2.53963304e+01 3.75722764e+02
 2.53436199e+01 3.75722764e+02
 2.52840695e+01 3.75722764e+02
 2.52224552e+01 3.75722764e+02
 2.51635299e+01 3.75722764e+02
 2.51045276e+01 3.75722764e+02
 2.50389067e+01 3.75722764e+02
 2.49682652e+01 3.75722764e+02
 2.48942187e+01 3.75722764e+02
 2.48183742e+01 3.75722764e+02
 2.47423292e+01 3.75722764e+02
 2.46673871e+01 3.75722764e+02
 2.45886079e+01 3.75722764e+02
 2.45058705e+01 3.75722764e+02
 2.44221045e+01 3.75722764e+02
 2.43402195e+01 3.75722764e+02
 2.42631050e+01 3.75722764e+02
 2.41936324e+01 3.75722764e+02
 2.41319592e+01 3.75722764e+02
 2.40674107e+01 3.75722764e+02
 2.40027678e+01 3.75722764e+02
 2.39429734e+01 3.75722764e+02
 2.38929457e+01 3.75722764e+02
 2.38575865e+01 3.75722764e+02
 2.38417934e+01 3.75722764e+02
 2.38534953e+01 3.75722801e+02
 2.38942243e+01 3.75722926e+02
 2.39526949e+01 3.75723105e+02
 2.40173736e+01 3.75723302e+02
 2.40766705e+01 3.75723483e+02
 2.41189387e+01 3.75723612e+02
 2.41325748e+01 3.75723654e+02
 2.41161681e+01 3.75723654e+02
 2.40786377e+01 3.75723654e+02
 2.40273119e+01 3.75723654e+02
 2.39695043e+01 3.75723654e+02
 2.39124987e+01 3.75723654e+02
 2.38635438e+01 3.75723654e+02
 2.38288236e+01 3.75723654e+02
 2.38030650e+01 3.75723654e+02
 2.37817350e+01 3.75723654e+02
 2.37618395e+01 3.75723654e+02
 2.37403903e+01 3.75723654e+02
 2.37144052e+01 3.75723654e+02
 2.36809091e+01 3.75723654e+02
 2.36254009e+01 3.75723654e+02
 2.35229462e+01 3.75723654e+02
 2.33907147e+01 3.75723654e+02
 2.32480923e+01 3.75723654e+02
 2.31142473e+01 3.75723654e+02
 2.30081254e+01 3.75723654e+02
 2.29485258e+01 3.75723654e+02
 2.29207718e+01 3.75723909e+02
 2.28972360e+01 3.75724563e+02
 2.28775350e+01 3.75725446e+02
 2.28612874e+01 3.75726389e+02
 2.28481132e+01 3.75727223e+02
 2.28376335e+01 3.75727778e+02
 2.28293928e+01 3.75727910e+02
 2.28219175e+01 3.75727910e+02
 2.28149894e+01 3.75727910e+02
 2.28089011e+01 3.75727910e+02
 2.28039451e+01 3.75727910e+02
 2.28004139e+01 3.75727910e+02
 2.27985998e+01 3.75727910e+02
 2.28008388e+01 3.75727910e+02
 2.28142818e+01 3.75727910e+02
 2.28356295e+01 3.75727910e+02
 2.28604205e+01 3.75727910e+02
 2.28841855e+01 3.75727910e+02
 2.29024458e+01 3.75727910e+02
 2.29107167e+01 3.75727910e+02
 2.28996234e+01 3.75727910e+02
 2.28635925e+01 3.75727910e+02
 2.28092167e+01 3.75727910e+02
 2.27432044e+01 3.75727910e+02
 2.26722386e+01 3.75727910e+02
 2.26029630e+01 3.75727910e+02
 2.25416660e+01 3.75727910e+02
 2.24804771e+01 3.75727910e+02
 2.24152871e+01 3.75727910e+02
 2.23487396e+01 3.75727910e+02
 2.22834622e+01 3.75727910e+02
 2.22220670e+01 3.75727910e+02
 2.21671516e+01 3.75727910e+02
 2.21208334e+01 3.75727859e+02
 2.20808845e+01 3.75727461e+02
 2.20450808e+01 3.75726789e+02
 2.20116114e+01 3.75725986e+02
 2.19786713e+01 3.75725201e+02
 2.19444618e+01 3.75724577e+02
 2.19071896e+01 3.75724262e+02
 2.18623085e+01 3.75724248e+02
 2.18060141e+01 3.75724248e+02
 2.17448711e+01 3.75724248e+02
 2.16857679e+01 3.75724248e+02
 2.16355548e+01 3.75724248e+02
 2.16010529e+01 3.75724248e+02
 2.15890527e+01 3.75724248e+02
 2.15961291e+01 3.75724248e+02
 2.16130096e+01 3.75724248e+02
 2.16354408e+01 3.75724248e+02
 2.16591639e+01 3.75724248e+02
 2.16799109e+01 3.75724248e+02
 2.16934061e+01 3.75724248e+02
 2.16958905e+01 3.75724248e+02
 2.16908676e+01 3.75724248e+02
 2.16805226e+01 3.75724248e+02
 2.16655537e+01 3.75724248e+02
 2.16466593e+01 3.75724248e+02
 2.16245381e+01 3.75724248e+02
 2.15998881e+01 3.75724248e+02
 2.15675540e+01 3.75724297e+02
 2.15065567e+01 3.75724569e+02
 2.14236666e+01 3.75725001e+02
 2.13288820e+01 3.75725503e+02
 2.12321289e+01 3.75725985e+02
 2.11432434e+01 3.75726355e+02
 2.10719787e+01 3.75726523e+02
 2.10192710e+01 3.75726525e+02
 2.09737825e+01 3.75726525e+02
 2.09328761e+01 3.75726525e+02
 2.08940690e+01 3.75726525e+02
 2.08548889e+01 3.75726525e+02
 2.08128732e+01 3.75726525e+02
 2.07654079e+01 3.75726525e+02
 2.07051344e+01 3.75726525e+02
 2.06345496e+01 3.75726525e+02
 2.05611119e+01 3.75726525e+02
 2.04922274e+01 3.75726525e+02
 2.04352517e+01 3.75726525e+02
 2.03975050e+01 3.75726525e+02
 2.03832230e+01 3.75726525e+02
 2.03754172e+01 3.75726525e+02
 2.03695975e+01 3.75726525e+02
 2.03650013e+01 3.75726525e+02
 2.03608663e+01 3.75726525e+02
 2.03564308e+01 3.75726525e+02
 2.03509333e+01 3.75726525e+02
 2.03441295e+01 3.75726694e+02
 2.03368723e+01 3.75727337e+02
 2.03291880e+01 3.75728286e+02
 2.03210574e+01 3.75729352e+02
 2.03124611e+01 3.75730347e+02
 2.03033798e+01 3.75731084e+02
 2.02937942e+01 3.75731374e+02
 2.02841143e+01 3.75731374e+02
 2.02744099e+01 3.75731374e+02
 2.02641314e+01 3.75731374e+02
 2.02527302e+01 3.75731374e+02
 2.02396580e+01 3.75731374e+02
 2.02243677e+01 3.75731374e+02
 2.02061601e+01 3.75731374e+02
 2.01809943e+01 3.75731374e+02
 2.01481420e+01 3.75731374e+02
 2.01087645e+01 3.75731374e+02
 2.00640222e+01 3.75731374e+02
 2.00150729e+01 3.75731374e+02
 1.99630700e+01 3.75731374e+02
 1.99062030e+01 3.75731374e+02
 1.98283766e+01 3.75731374e+02
 1.97352563e+01 3.75731374e+02
 1.96367468e+01 3.75731374e+02
 1.95426576e+01 3.75731374e+02
 1.94627014e+01 3.75731374e+02
 1.94065180e+01 3.75731374e+02
 1.93758986e+01 3.75731374e+02
 1.93525262e+01 3.75731374e+02
 1.93335136e+01 3.75731374e+02
 1.93172183e+01 3.75731374e+02
 1.93020018e+01 3.75731374e+02
 1.92862281e+01 3.75731374e+02
 1.92682646e+01 3.75731374e+02
 1.92471248e+01 3.75731312e+02
 1.92238916e+01 3.75731137e+02
 1.91999627e+01 3.75730897e+02
 1.91767318e+01 3.75730635e+02
 1.91555888e+01 3.75730400e+02
 1.91379210e+01 3.75730236e+02
 1.91250189e+01 3.75730187e+02
 1.91140820e+01 3.75730187e+02
 1.91036217e+01 3.75730187e+02
 1.90941584e+01 3.75730187e+02
 1.90862122e+01 3.75730187e+02
 1.90803025e+01 3.75730187e+02
 1.90769489e+01 3.75730187e+02
 1.90769165e+01 3.75730187e+02
 1.90820586e+01 3.75730187e+02
 1.90910646e+01 3.75730187e+02
 1.91019767e+01 3.75730187e+02
 1.91128350e+01 3.75730187e+02
 1.91216777e+01 3.75730187e+02
 1.91265411e+01 3.75730187e+02
 1.91188767e+01 3.75730187e+02
 1.90791467e+01 3.75730187e+02
 1.90149885e+01 3.75730187e+02
 1.89362363e+01 3.75730187e+02
 1.88526676e+01 3.75730187e+02
 1.87739772e+01 3.75730187e+02
 1.87097765e+01 3.75730187e+02
 1.86603886e+01 3.75730136e+02
 1.86148586e+01 3.75729981e+02
 1.85720569e+01 3.75729762e+02
 1.85309966e+01 3.75729522e+02
 1.84906955e+01 3.75729304e+02
 1.84501760e+01 3.75729149e+02
 1.84084532e+01 3.75729098e+02
 1.83641084e+01 3.75729098e+02
 1.83179115e+01 3.75729098e+02
 1.82716360e+01 3.75729098e+02
 1.82270459e+01 3.75729098e+02
 1.81858962e+01 3.75729098e+02
 1.81499345e+01 3.75729098e+02
 1.81202606e+01 3.75729098e+02
 1.80912579e+01 3.75729098e+02
 1.80626658e+01 3.75729098e+02
 1.80363278e+01 3.75729098e+02
 1.80140821e+01 3.75729098e+02
 1.79977631e+01 3.75729098e+02
 1.79892043e+01 3.75729098e+02
 1.79889259e+01 3.75729098e+02
 1.79919992e+01 3.75729098e+02
 1.79968734e+01 3.75729098e+02
 1.80025430e+01 3.75729098e+02
 1.80080019e+01 3.75729098e+02
 1.80122437e+01 3.75729098e+02
 1.80142611e+01 3.75729098e+02
 1.80103554e+01 3.75729098e+02
 1.79964520e+01 3.75729098e+02
 1.79749526e+01 3.75729098e+02
 1.79483918e+01 3.75729098e+02
 1.79192998e+01 3.75729098e+02
 1.78901990e+01 3.75729098e+02
 1.78635954e+01 3.75729099e+02
 1.78391529e+01 3.75729249e+02
 1.78147378e+01 3.75729605e+02
 1.77894342e+01 3.75730076e+02
 1.77623290e+01 3.75730576e+02
 1.77325125e+01 3.75731015e+02
 1.76990785e+01 3.75731306e+02
 1.76607763e+01 3.75731374e+02
 1.76122886e+01 3.75731374e+02
 1.75543075e+01 3.75731374e+02
 1.74897134e+01 3.75731374e+02
 1.74213700e+01 3.75731374e+02
 1.73521196e+01 3.75731374e+02
 1.72847813e+01 3.75731374e+02
 1.72185651e+01 3.75731374e+02
 1.71399971e+01 3.75731374e+02
 1.70549426e+01 3.75731374e+02
 1.69720657e+01 3.75731374e+02
 1.68999425e+01 3.75731374e+02
 1.68470783e+01 3.75731374e+02
 1.68219471e+01 3.75731374e+02
 1.68213583e+01 3.75731374e+02
 1.68227489e+01 3.75731374e+02
 1.68247872e+01 3.75731374e+02
 1.68270707e+01 3.75731374e+02
 1.68291969e+01 3.75731374e+02
 1.68307628e+01 3.75731374e+02
 1.68313654e+01 3.75731374e+02
 1.68271840e+01 3.75731440e+02
 1.68160889e+01 3.75731605e+02
 1.68000045e+01 3.75731829e+02
 1.67808545e+01 3.75732068e+02
 1.67605591e+01 3.75732281e+02
 1.67410342e+01 3.75732425e+02
 1.67239667e+01 3.75732463e+02
 1.67060363e+01 3.75732463e+02
 1.66865378e+01 3.75732463e+02
 1.66668215e+01 3.75732463e+02
 1.66482341e+01 3.75732463e+02
 1.66321195e+01 3.75732463e+02
 1.66198190e+01 3.75732463e+02
 1.66122626e+01 3.75732463e+02
 1.66073425e+01 3.75732463e+02
 1.66038382e+01 3.75732463e+02
 1.66009067e+01 3.75732463e+02
 1.65977052e+01 3.75732463e+02
 1.65933913e+01 3.75732463e+02
 1.65871230e+01 3.75732463e+02
 1.65720138e+01 3.75732463e+02
 1.65342442e+01 3.75732463e+02
 1.64790519e+01 3.75732463e+02
 1.64126932e+01 3.75732463e+02
 1.63413892e+01 3.75732463e+02
 1.62713096e+01 3.75732463e+02
 1.62085681e+01 3.75732463e+02
 1.61487572e+01 3.75732527e+02
 1.60839874e+01 3.75732703e+02
 1.60180070e+01 3.75732945e+02
 1.59545551e+01 3.75733206e+02
 1.58973395e+01 3.75733441e+02
 1.58500416e+01 3.75733604e+02
 1.58161406e+01 3.75733651e+02
 1.57913154e+01 3.75733651e+02
 1.57710956e+01 3.75733651e+02
 1.57537944e+01 3.75733651e+02
 1.57377308e+01 3.75733651e+02
 1.57212274e+01 3.75733651e+02
 1.57026110e+01 3.75733651e+02
 1.56798570e+01 3.75733651e+02
 1.56501719e+01 3.75733651e+02
 1.56161977e+01 3.75733651e+02
 1.55814915e+01 3.75733651e+02
 1.55495939e+01 3.75733651e+02
 1.55240306e+01 3.75733651e+02
 1.55083175e+01 3.75733651e+02
 1.55027159e+01 3.75733651e+02
 1.54984423e+01 3.75733651e+02
 1.54947856e+01 3.75733651e+02
 1.54918094e+01 3.75733651e+02
 1.54895775e+01 3.75733651e+02
 1.54881537e+01 3.75733651e+02
 1.54876018e+01 3.75733651e+02
 1.54942412e+01 3.75733651e+02
 1.55140376e+01 3.75733651e+02
 1.55417648e+01 3.75733651e+02
 1.55720988e+01 3.75733651e+02
 1.55996959e+01 3.75733651e+02
 1.56191925e+01 3.75733651e+02
 1.56249939e+01 3.75733653e+02
 1.56004186e+01 3.75733800e+02
 1.55457371e+01 3.75734118e+02
 1.54723510e+01 3.75734533e+02
 1.53916027e+01 3.75734966e+02
 1.53147245e+01 3.75735341e+02
 1.52528299e+01 3.75735582e+02
 1.52150749e+01 3.75735630e+02
 1.51884868e+01 3.75735630e+02
 1.51665945e+01 3.75735630e+02
 1.51474378e+01 3.75735630e+02
 1.51290631e+01 3.75735630e+02
 1.51095223e+01 3.75735630e+02
 1.50868728e+01 3.75735630e+02
 1.50597364e+01 3.75735630e+02
 1.50294423e+01 3.75735630e+02
 1.49966284e+01 3.75735630e+02
 1.49617608e+01 3.75735630e+02
 1.49253036e+01 3.75735630e+02
 1.48877193e+01 3.75735630e+02
 1.48494677e+01 3.75735630e+02
 1.48064000e+01 3.75735630e+02
 1.47538683e+01 3.75735630e+02
 1.46975253e+01 3.75735630e+02
 1.46431586e+01 3.75735630e+02
 1.45965102e+01 3.75735630e+02
 1.45632863e+01 3.75735630e+02
 1.45491068e+01 3.75735626e+02
 1.45454608e+01 3.75734987e+02
 1.45431067e+01 3.75733509e+02
 1.45414937e+01 3.75731556e+02
 1.45400712e+01 3.75729493e+02
 1.45382889e+01 3.75727685e+02
 1.45355965e+01 3.75726496e+02
 1.45307496e+01 3.75726228e+02
 1.45147205e+01 3.75726228e+02
 1.44883422e+01 3.75726228e+02
 1.44560688e+01 3.75726228e+02
 1.44223392e+01 3.75726228e+02
 1.43915715e+01 3.75726228e+02
 1.43681638e+01 3.75726228e+02
 1.43548159e+01 3.75726228e+02
 1.43454699e+01 3.75726228e+02
 1.43381256e+01 3.75726228e+02
 1.43317055e+01 3.75726228e+02
 1.43251334e+01 3.75726228e+02
 1.43173343e+01 3.75726228e+02
 1.43072344e+01 3.75726228e+02
 1.42936566e+01 3.75726228e+02
 1.42761145e+01 3.75726228e+02
 1.42550372e+01 3.75726228e+02
 1.42308728e+01 3.75726228e+02
 1.42040690e+01 3.75726228e+02
 1.41750724e+01 3.75726228e+02
 1.41443255e+01 3.75726228e+02
 1.41076897e+01 3.75726228e+02
 1.40630523e+01 3.75726228e+02
 1.40131780e+01 3.75726228e+02
 1.39608149e+01 3.75726228e+02
 1.39086906e+01 3.75726228e+02
 1.38595104e+01 3.75726228e+02
 1.38156975e+01 3.75726284e+02
 1.37740454e+01 3.75727404e+02
 1.37331485e+01 3.75729582e+02
 1.36934832e+01 3.75732318e+02
 1.36555225e+01 3.75735115e+02
 1.36197372e+01 3.75737473e+02
 1.35865955e+01 3.75738893e+02
 1.35564550e+01 3.75739095e+02
 1.35287622e+01 3.75739095e+02
 1.35029510e+01 3.75739095e+02
 1.34785281e+01 3.75739095e+02
 1.34550023e+01 3.75739095e+02
 1.34318846e+01 3.75739095e+02
 1.34086876e+01 3.75739095e+02
 1.33837351e+01 3.75739095e+02
 1.33551143e+01 3.75739095e+02
 1.33254220e+01 3.75739095e+02
 1.32974374e+01 3.75739095e+02
 1.32739269e+01 3.75739095e+02
 1.32576476e+01 3.75739095e+02
 1.32513544e+01 3.75739095e+02
 1.32529429e+01 3.75739095e+02
 1.32572063e+01 3.75739095e+02
 1.32630344e+01 3.75739095e+02
 1.32693201e+01 3.75739095e+02
 1.32749552e+01 3.75739095e+02
 1.32788307e+01 3.75739095e+02
 1.32796673e+01 3.75739132e+02
 1.32719244e+01 3.75740244e+02
 1.32551407e+01 3.75742507e+02
 1.32317355e+01 3.75745394e+02
 1.32041257e+01 3.75748373e+02
 1.31747205e+01 3.75750915e+02
 1.31459181e+01 3.75752491e+02
 1.31191206e+01 3.75752754e+02
 1.30890198e+01 3.75752754e+02
 1.30559286e+01 3.75752754e+02
 1.30216843e+01 3.75752754e+02
 1.29881141e+01 3.75752754e+02
 1.29570348e+01 3.75752754e+02
 1.29302541e+01 3.75752754e+02
 1.29089150e+01 3.75752754e+02
 1.28912737e+01 3.75752754e+02
 1.28758621e+01 3.75752754e+02
 1.28613088e+01 3.75752754e+02
 1.28462465e+01 3.75752754e+02
 1.28293114e+01 3.75752754e+02
 1.28091440e+01 3.75752754e+02
 1.27846829e+01 3.75752754e+02
 1.27561874e+01 3.75752754e+02
 1.27242801e+01 3.75752754e+02
 1.26895819e+01 3.75752754e+02
 1.26527114e+01 3.75752754e+02
 1.26142838e+01 3.75752754e+02
 1.25747857e+01 3.75752737e+02
 1.25287140e+01 3.75751892e+02
 1.24757110e+01 3.75750079e+02
 1.24197256e+01 3.75747732e+02
 1.23646703e+01 3.75745286e+02
 1.23144189e+01 3.75743173e+02
 1.22728117e+01 3.75741827e+02
 1.22424698e+01 3.75741569e+02
 1.22147062e+01 3.75741569e+02
 1.21881426e+01 3.75741569e+02
 1.21642341e+01 3.75741569e+02
 1.21444298e+01 3.75741569e+02
 1.21301754e+01 3.75741569e+02
 1.21229162e+01 3.75741569e+02
 1.21233316e+01 3.75741569e+02
 1.21285908e+01 3.75741569e+02
 1.21368089e+01 3.75741569e+02
 1.21463061e+01 3.75741569e+02
 1.21554000e+01 3.75741569e+02
 1.21624057e+01 3.75741569e+02
 1.21656363e+01 3.75741569e+02
 1.21630607e+01 3.75741569e+02
 1.21543628e+01 3.75741569e+02
 1.21412159e+01 3.75741569e+02
 1.21253128e+01 3.75741569e+02
 1.21083429e+01 3.75741569e+02
 1.20919909e+01 3.75741569e+02
 1.20779226e+01 3.75741569e+02
 1.20656662e+01 3.75741569e+02
 1.20538968e+01 3.75741569e+02
 1.20422116e+01 3.75741569e+02
 1.20302085e+01 3.75741569e+02
 1.20174862e+01 3.75741569e+02
 1.20036446e+01 3.75741569e+02
 1.19883063e+01 3.75742045e+02
 1.19714733e+01 3.75748438e+02
 1.19532067e+01 3.75760226e+02
 1.19335110e+01 3.75774779e+02
 1.19123910e+01 3.75789461e+02
 1.18898518e+01 3.75801639e+02
 1.18658989e+01 3.75808681e+02
 1.18401607e+01 3.75809474e+02
 1.18111928e+01 3.75809474e+02
 1.17794623e+01 3.75809474e+02
 1.17456714e+01 3.75809474e+02
 1.17105191e+01 3.75809474e+02
 1.16746998e+01 3.75809474e+02
 1.16389032e+01 3.75809474e+02
 1.16020159e+01 3.75809474e+02
 1.15617247e+01 3.75809474e+02
 1.15197887e+01 3.75809474e+02
 1.14780655e+01 3.75809474e+02
 1.14383976e+01 3.75809474e+02
 1.14026130e+01 3.75809474e+02
 1.13725219e+01 3.75809474e+02
 1.13457744e+01 3.75809474e+02
 1.13199154e+01 3.75809474e+02
 1.12957105e+01 3.75809474e+02
 1.12739220e+01 3.75809474e+02
 1.12553093e+01 3.75809474e+02
 1.12406302e+01 3.75809474e+02
 1.12305510e+01 3.75809607e+02
 1.12237117e+01 3.75812002e+02
 1.12187217e+01 3.75816603e+02
 1.12146658e+01 3.75822361e+02
 1.12106298e+01 3.75828229e+02
 1.12057002e+01 3.75833158e+02
 1.11989647e+01 3.75836101e+02
 1.11879286e+01 3.75836500e+02
 1.11648496e+01 3.75836500e+02
 1.11328505e+01 3.75836500e+02
 1.10966838e+01 3.75836500e+02
 1.10610720e+01 3.75836500e+02
 1.10307037e+01 3.75836500e+02
 1.10102402e+01 3.75836500e+02
 1.10000507e+01 3.75836500e+02
 1.09918193e+01 3.75836500e+02
 1.09848766e+01 3.75836500e+02
 1.09789791e+01 3.75836500e+02
 1.09738835e+01 3.75836500e+02
 1.09693470e+01 3.75836500e+02
 1.09651273e+01 3.75836500e+02
 1.09616020e+01 3.75836500e+02
 1.09590153e+01 3.75836500e+02
 1.09568693e+01 3.75836500e+02
 1.09546666e+01 3.75836500e+02
 1.09519097e+01 3.75836500e+02
 1.09481015e+01 3.75836500e+02
 1.09419493e+01 3.75836500e+02
 1.09137597e+01 3.75836500e+02
 1.08622588e+01 3.75836500e+02
 1.07969140e+01 3.75836500e+02
 1.07271121e+01 3.75836500e+02
 1.06621124e+01 3.75836500e+02
 1.06110457e+01 3.75836500e+02
 1.05805370e+01 3.75836899e+02
 1.05585584e+01 3.75840119e+02
 1.05405352e+01 3.75845599e+02
 1.05247541e+01 3.75852163e+02
 1.05095090e+01 3.75858637e+02
 1.04931002e+01 3.75863846e+02
 1.04738342e+01 3.75866616e+02
 1.04502453e+01 3.75866795e+02
 1.04227166e+01 3.75866795e+02
 1.03925182e+01 3.75866795e+02
 1.03609170e+01 3.75866795e+02
 1.03291715e+01 3.75866795e+02
 1.02985311e+01 3.75866795e+02
 1.02702367e+01 3.75866795e+02
 1.02438905e+01 3.75866795e+02
 1.02179720e+01 3.75866795e+02
 1.01926921e+01 3.75866795e+02
 1.01682687e+01 3.75866795e+02
 1.01449183e+01 3.75866795e+02
 1.01228567e+01 3.75866795e+02
 1.01022799e+01 3.75866795e+02
 1.00825542e+01 3.75866795e+02
 1.00634406e+01 3.75866795e+02
 1.00451609e+01 3.75866795e+02
 1.00279362e+01 3.75866795e+02
 1.00119868e+01 3.75866795e+02
 9.99753218e+00 3.75866795e+02
 9.98470556e+00 3.75867125e+02
 9.97286487e+00 3.75870377e+02
 9.96181962e+00 3.75876097e+02
 9.95155379e+00 3.75883039e+02
 9.94205150e+00 3.75889953e+02
 9.93329702e+00 3.75895592e+02
 9.92527472e+00 3.75898709e+02
 9.91809144e+00 3.75898973e+02
 9.91198564e+00 3.75898973e+02
 9.90658232e+00 3.75898973e+02
 9.90145963e+00 3.75898973e+02
 9.89619625e+00 3.75898973e+02
 9.89037140e+00 3.75898973e+02
 9.88356498e+00 3.75898973e+02
 9.87579832e+00 3.75898973e+02
 9.86744977e+00 3.75898973e+02
 9.85827668e+00 3.75898973e+02
 9.84802868e+00 3.75898973e+02
 9.83645621e+00 3.75898973e+02
 9.82331071e+00 3.75898973e+02
 9.80827814e+00 3.75898973e+02
 9.78561042e+00 3.75898973e+02
 9.75447553e+00 3.75898973e+02
 9.71874831e+00 3.75898973e+02
 9.68227669e+00 3.75898973e+02
 9.64887510e+00 3.75898973e+02
 9.62232704e+00 3.75898973e+02
 9.60582688e+00 3.75898986e+02
 9.59478827e+00 3.75899147e+02
 9.58631529e+00 3.75899441e+02
 9.57915353e+00 3.75899803e+02
 9.57205148e+00 3.75900166e+02
 9.56376003e+00 3.75900467e+02
 9.55303289e+00 3.75900639e+02
 9.53809775e+00 3.75900657e+02
 9.51661032e+00 3.75900657e+02
 9.48984534e+00 3.75900657e+02
 9.45942293e+00 3.75900657e+02
 9.42695429e+00 3.75900657e+02
 9.39403864e+00 3.75900657e+02
 9.36226188e+00 3.75900657e+02
 9.33115436e+00 3.75900657e+02
 9.29805073e+00 3.75900657e+02
 9.26385761e+00 3.75900657e+02
 9.22956740e+00 3.75900657e+02
 9.19616348e+00 3.75900657e+02
 9.16462050e+00 3.75900657e+02
 9.13589139e+00 3.75900657e+02
 9.10656724e+00 3.75900657e+02
 9.07526765e+00 3.75900657e+02
 9.04459724e+00 3.75900657e+02
 9.01713900e+00 3.75900657e+02
 8.99545760e+00 3.75900657e+02
 8.98210733e+00 3.75900657e+02
 8.97910795e+00 3.75900657e+02
 8.97944724e+00 3.75900657e+02
 8.98009112e+00 3.75900657e+02
 8.98089378e+00 3.75900657e+02
 8.98170941e+00 3.75900657e+02
 8.98239213e+00 3.75900657e+02
 8.98279607e+00 3.75900657e+02
 8.98176490e+00 3.75900911e+02
 8.97448058e+00 3.75902553e+02
 8.96179655e+00 3.75905242e+02
 8.94543371e+00 3.75908411e+02
 8.92710905e+00 3.75911497e+02
 8.90853229e+00 3.75913935e+02
 8.89140453e+00 3.75915161e+02
 8.87583299e+00 3.75915212e+02
 8.85924220e+00 3.75915212e+02
 8.84204489e+00 3.75915212e+02
 8.82478915e+00 3.75915212e+02
 8.80802042e+00 3.75915212e+02
 8.79228151e+00 3.75915212e+02
 8.77811294e+00 3.75915212e+02
 8.76405813e+00 3.75915212e+02
 8.74911937e+00 3.75915212e+02
 8.73449451e+00 3.75915212e+02
 8.72137637e+00 3.75915212e+02
 8.71095357e+00 3.75915212e+02
 8.70441227e+00 3.75915212e+02
 8.70278626e+00 3.75915212e+02
 8.70323873e+00 3.75915212e+02
 8.70413564e+00 3.75915212e+02
 8.70526973e+00 3.75915212e+02
 8.70643369e+00 3.75915212e+02
 8.70742015e+00 3.75915212e+02
 8.70802168e+00 3.75915212e+02
 8.70670672e+00 3.75915353e+02
 8.69545533e+00 3.75916431e+02
 8.67507763e+00 3.75918248e+02
 8.64814071e+00 3.75920418e+02
 8.61720411e+00 3.75922552e+02
 8.58480998e+00 3.75924261e+02
 8.55347774e+00 3.75925160e+02
 8.52275196e+00 3.75925213e+02
 8.48682210e+00 3.75925213e+02
 8.44757319e+00 3.75925213e+02
 8.40735434e+00 3.75925213e+02
 8.36848712e+00 3.75925213e+02
 8.33326560e+00 3.75925213e+02
 8.30396057e+00 3.75925213e+02
 8.28006191e+00 3.75925213e+02
 8.25863413e+00 3.75925213e+02
 8.23908751e+00 3.75925213e+02
 8.22084418e+00 3.75925213e+02
 8.20333013e+00 3.75925213e+02
 8.18597471e+00 3.75925213e+02
 8.16822918e+00 3.75925213e+02
 8.15040053e+00 3.75925213e+02
 8.13285774e+00 3.75925213e+02
 8.11566767e+00 3.75925213e+02
 8.09889683e+00 3.75925213e+02
 8.08261139e+00 3.75925213e+02
 8.06687720e+00 3.75925213e+02
 8.05177674e+00 3.75925213e+02
 8.03742557e+00 3.75925213e+02
 8.02366112e+00 3.75925213e+02
 8.01027390e+00 3.75925213e+02
 7.99705536e+00 3.75925213e+02
 7.98379792e+00 3.75925213e+02
 7.97029486e+00 3.75925213e+02
 7.95602786e+00 3.75925184e+02
 7.94027335e+00 3.75925049e+02
 7.92388960e+00 3.75924841e+02
 7.90783937e+00 3.75924603e+02
 7.89308023e+00 3.75924375e+02
 7.88056525e+00 3.75924202e+02
 7.87124439e+00 3.75924125e+02
 7.86502883e+00 3.75924124e+02
 7.86036996e+00 3.75924124e+02
 7.85662764e+00 3.75924124e+02
 7.85317506e+00 3.75924124e+02
 7.84938622e+00 3.75924124e+02
 7.84463594e+00 3.75924124e+02
 7.83826055e+00 3.75924124e+02
 7.82725780e+00 3.75924124e+02
 7.81155652e+00 3.75924124e+02
 7.79326787e+00 3.75924124e+02
 7.77449290e+00 3.75924124e+02
 7.75731968e+00 3.75924124e+02
 7.74382424e+00 3.75924124e+02
 7.73574051e+00 3.75924124e+02
 7.73057695e+00 3.75924124e+02
 7.72677364e+00 3.75924124e+02
 7.72360317e+00 3.75924124e+02
 7.72033921e+00 3.75924124e+02
 7.71625628e+00 3.75924124e+02
 7.71063008e+00 3.75924124e+02
 7.70126415e+00 3.75924232e+02
 7.68289222e+00 3.75924811e+02
 7.65756725e+00 3.75925724e+02
 7.62807978e+00 3.75926785e+02
 7.59719898e+00 3.75927805e+02
 7.56766566e+00 3.75928595e+02
 7.54219191e+00 3.75928968e+02
 7.52110413e+00 3.75928976e+02
 7.50116772e+00 3.75928976e+02
 7.48210906e+00 3.75928976e+02
 7.46373328e+00 3.75928976e+02
 7.44584689e+00 3.75928976e+02
 7.42825777e+00 3.75928976e+02
 7.41078015e+00 3.75928976e+02
 7.39420907e+00 3.75928976e+02
 7.37875081e+00 3.75928976e+02
 7.36372793e+00 3.75928976e+02
 7.34846699e+00 3.75928976e+02
 7.33229844e+00 3.75928976e+02
 7.31455705e+00 3.75928976e+02
 7.29445302e+00 3.75928976e+02
 7.27005199e+00 3.75928976e+02
 7.24216323e+00 3.75928976e+02
 7.21241342e+00 3.75928976e+02
 7.18241265e+00 3.75928976e+02
 7.15375253e+00 3.75928976e+02
 7.12800692e+00 3.75928976e+02
 7.10604485e+00 3.75929069e+02
 7.08538090e+00 3.75929646e+02
 7.06571091e+00 3.75930583e+02
 7.04716012e+00 3.75931684e+02
 7.02985310e+00 3.75932753e+02
 7.01391389e+00 3.75933594e+02
 6.99946622e+00 3.75934011e+02
 6.98661922e+00 3.75934026e+02
 6.97517994e+00 3.75934026e+02
 6.96473823e+00 3.75934026e+02
 6.95488295e+00 3.75934026e+02
 6.94520479e+00 3.75934026e+02
 6.93529614e+00 3.75934026e+02
 6.92475107e+00 3.75934026e+02
 6.91325953e+00 3.75934026e+02
 6.90108654e+00 3.75934026e+02
 6.88868324e+00 3.75934026e+02
 6.87649847e+00 3.75934026e+02
 6.86497877e+00 3.75934026e+02
 6.85456857e+00 3.75934026e+02
 6.84570261e+00 3.75934026e+02
 6.83839509e+00 3.75934026e+02
 6.83213071e+00 3.75934026e+02
 6.82637402e+00 3.75934026e+02
 6.82059103e+00 3.75934026e+02
 6.81424912e+00 3.75934026e+02
 6.80681720e+00 3.75934026e+02
 6.79753933e+00 3.75934026e+02
 6.78537784e+00 3.75934026e+02
 6.77115034e+00 3.75934026e+02
 6.75587784e+00 3.75934026e+02
 6.74057525e+00 3.75934026e+02
 6.72625085e+00 3.75934026e+02
 6.71390672e+00 3.75934026e+02
 6.70391380e+00 3.75934060e+02
 6.69515034e+00 3.75934182e+02
 6.68715789e+00 3.75934359e+02
 6.67951636e+00 3.75934557e+02
 6.67180717e+00 3.75934739e+02
 6.66361318e+00 3.75934871e+02
 6.65452129e+00 3.75934917e+02
 6.64466118e+00 3.75934917e+02
 6.63432452e+00 3.75934917e+02
 6.62351867e+00 3.75934917e+02
 6.61225101e+00 3.75934917e+02
 6.60052897e+00 3.75934917e+02
 6.58836005e+00 3.75934917e+02
 6.57572644e+00 3.75934917e+02
 6.56239461e+00 3.75934917e+02
 6.54838503e+00 3.75934917e+02
 6.53379658e+00 3.75934917e+02
 6.51872764e+00 3.75934917e+02
 6.50327603e+00 3.75934917e+02
 6.48753895e+00 3.75934917e+02
 6.47155073e+00 3.75934917e+02
 6.45515343e+00 3.75934917e+02
 6.43832025e+00 3.75934917e+02
 6.42103843e+00 3.75934917e+02
 6.40329540e+00 3.75934917e+02
 6.38507884e+00 3.75934917e+02
 6.36637665e+00 3.75934917e+02
 6.34646427e+00 3.75935062e+02
 6.32500562e+00 3.75935455e+02
 6.30278688e+00 3.75935992e+02
 6.28058776e+00 3.75936567e+02
 6.25917948e+00 3.75937076e+02
 6.23932508e+00 3.75937413e+02
 6.22171813e+00 3.75937491e+02
 6.20585337e+00 3.75937491e+02
 6.19112532e+00 3.75937491e+02
 6.17715323e+00 3.75937491e+02
 6.16355932e+00 3.75937491e+02
 6.14996855e+00 3.75937491e+02
 6.13600852e+00 3.75937491e+02
 6.12133554e+00 3.75937491e+02
 6.10600654e+00 3.75937491e+02
 6.09038937e+00 3.75937491e+02
 6.07485722e+00 3.75937491e+02
 6.05978025e+00 3.75937491e+02
 6.04552564e+00 3.75937491e+02
 6.03245797e+00 3.75937491e+02
 6.01998378e+00 3.75937491e+02
 6.00721863e+00 3.75937491e+02
 5.99478478e+00 3.75937491e+02
 5.98331357e+00 3.75937491e+02
 5.97343261e+00 3.75937491e+02
 5.96576687e+00 3.75937491e+02
 5.96090371e+00 3.75937491e+02
 5.95789192e+00 3.75937491e+02
 5.95575934e+00 3.75937491e+02
 5.95408814e+00 3.75937491e+02
 5.95246103e+00 3.75937491e+02
 5.95046113e+00 3.75937491e+02
 5.94767206e+00 3.75937491e+02
 5.94293389e+00 3.75937559e+02
 5.93211632e+00 3.75938061e+02
 5.91672837e+00 3.75938902e+02
 5.89925100e+00 3.75939901e+02
 5.88214525e+00 3.75940876e+02
 5.86784909e+00 3.75941647e+02
 5.85878280e+00 3.75942031e+02
 5.85507881e+00 3.75942046e+02
 5.85258235e+00 3.75942046e+02
 5.85074088e+00 3.75942046e+02
 5.84916783e+00 3.75942046e+02
 5.84747706e+00 3.75942046e+02
 5.84528282e+00 3.75942046e+02
 5.84219843e+00 3.75942046e+02
 5.83761036e+00 3.75942046e+02
 5.83138205e+00 3.75942046e+02
 5.82372502e+00 3.75942046e+02
 5.81485085e+00 3.75942046e+02
 5.80497079e+00 3.75942046e+02
 5.79429544e+00 3.75942046e+02
 5.78267356e+00 3.75942046e+02
 5.76683170e+00 3.75942046e+02
 5.74739266e+00 3.75942046e+02
 5.72617977e+00 3.75942046e+02
 5.70499664e+00 3.75942046e+02
 5.68562456e+00 3.75942046e+02
 5.66982480e+00 3.75942046e+02
 5.65851629e+00 3.75942009e+02
 5.64950829e+00 3.75941834e+02
 5.64185640e+00 3.75941566e+02
 5.63479697e+00 3.75941259e+02
 5.62757006e+00 3.75940969e+02
 5.61941919e+00 3.75940751e+02
 5.60959201e+00 3.75940660e+02
 5.59707839e+00 3.75940660e+02
 5.58188884e+00 3.75940660e+02
 5.56496501e+00 3.75940660e+02
 5.54724218e+00 3.75940660e+02
 5.52964597e+00 3.75940660e+02
 5.51309167e+00 3.75940660e+02
 5.49842396e+00 3.75940660e+02
 5.48488631e+00 3.75940660e+02
 5.47189855e+00 3.75940660e+02
 5.45937100e+00 3.75940660e+02
 5.44721480e+00 3.75940660e+02
 5.43534184e+00 3.75940660e+02
 5.42366476e+00 3.75940660e+02
 5.41220628e+00 3.75940660e+02
 5.40136769e+00 3.75940660e+02
 5.39095291e+00 3.75940660e+02
 5.38068017e+00 3.75940660e+02
 5.37026974e+00 3.75940660e+02
 5.35944384e+00 3.75940660e+02
 5.34792688e+00 3.75940660e+02
 5.33543933e+00 3.75940777e+02
 5.32202267e+00 3.75941168e+02
 5.30798175e+00 3.75941726e+02
 5.29362174e+00 3.75942341e+02
 5.27924491e+00 3.75942904e+02
 5.26515048e+00 3.75943304e+02
 5.25161999e+00 3.75943433e+02
 5.23785795e+00 3.75943433e+02
 5.22366010e+00 3.75943433e+02
 5.20956730e+00 3.75943433e+02
 5.19611490e+00 3.75943433e+02
 5.18383305e+00 3.75943433e+02
 5.17324760e+00 3.75943433e+02
 5.16470944e+00 3.75943433e+02
 5.15710775e+00 3.75943433e+02
 5.15014357e+00 3.75943433e+02
 5.14382045e+00 3.75943433e+02
 5.13814210e+00 3.75943433e+02
 5.13311246e+00 3.75943433e+02
 5.12873566e+00 3.75943433e+02
 5.12511911e+00 3.75943433e+02
 5.12236484e+00 3.75943433e+02
 5.12011382e+00 3.75943433e+02
 5.11798574e+00 3.75943433e+02
 5.11560098e+00 3.75943433e+02
 5.11258062e+00 3.75943433e+02
 5.10854669e+00 3.75943433e+02
 5.10065414e+00 3.75943433e+02
 5.08775461e+00 3.75943433e+02
 5.07191355e+00 3.75943433e+02
 5.05517976e+00 3.75943433e+02
 5.03957759e+00 3.75943433e+02
 5.02710719e+00 3.75943433e+02
 5.01953668e+00 3.75943417e+02
 5.01470233e+00 3.75943161e+02
 5.01104553e+00 3.75942679e+02
 5.00798363e+00 3.75942080e+02
 5.00493582e+00 3.75941475e+02
 5.00132279e+00 3.75940975e+02
 4.99656703e+00 3.75940689e+02
 4.98945804e+00 3.75940660e+02
 4.97769645e+00 3.75940660e+02
 4.96260415e+00 3.75940660e+02
 4.94585452e+00 3.75940660e+02
 4.92910175e+00 3.75940660e+02
 4.91397783e+00 3.75940660e+02
 4.90209508e+00 3.75940660e+02
 4.89363537e+00 3.75940660e+02
 4.88671279e+00 3.75940660e+02
 4.88069359e+00 3.75940660e+02
 4.87496646e+00 3.75940660e+02
 4.86892329e+00 3.75940660e+02
 4.86195918e+00 3.75940660e+02
 4.85343683e+00 3.75940660e+02
 4.84176436e+00 3.75940660e+02
 4.82734928e+00 3.75940660e+02
 4.81156699e+00 3.75940660e+02
 4.79577672e+00 3.75940660e+02
 4.78131922e+00 3.75940660e+02
 4.76951864e+00 3.75940660e+02
 4.76136601e+00 3.75940680e+02
 4.75531501e+00 3.75940831e+02
 4.75042685e+00 3.75941087e+02
 4.74607520e+00 3.75941390e+02
 4.74163661e+00 3.75941687e+02
 4.73649028e+00 3.75941923e+02
 4.73001854e+00 3.75942041e+02
 4.72130080e+00 3.75942046e+02
 4.70973602e+00 3.75942046e+02
 4.69605158e+00 3.75942046e+02
 4.68101023e+00 3.75942046e+02
 4.66536623e+00 3.75942046e+02
 4.64986350e+00 3.75942046e+02
 4.63523058e+00 3.75942046e+02
 4.62075730e+00 3.75942046e+02
 4.60577641e+00 3.75942046e+02
 4.59064677e+00 3.75942046e+02
 4.57572201e+00 3.75942046e+02
 4.56135056e+00 3.75942046e+02
 4.54787586e+00 3.75942046e+02
 4.53560462e+00 3.75942046e+02
 4.52432437e+00 3.75942046e+02
 4.51373868e+00 3.75942046e+02
 4.50362217e+00 3.75942046e+02
 4.49375199e+00 3.75942046e+02
 4.48390763e+00 3.75942046e+02
 4.47387089e+00 3.75942046e+02
 4.46319065e+00 3.75942046e+02
 4.45130936e+00 3.75942046e+02
 4.43896227e+00 3.75942046e+02
 4.42696563e+00 3.75942046e+02
 4.41612514e+00 3.75942046e+02
 4.40723753e+00 3.75942046e+02
 4.40109395e+00 3.75942046e+02
 4.39734375e+00 3.75942598e+02
 4.39459484e+00 3.75944135e+02
 4.39243684e+00 3.75946251e+02
 4.39046454e+00 3.75948536e+02
 4.38827378e+00 3.75950580e+02
 4.38546139e+00 3.75951973e+02
 4.38159525e+00 3.75952345e+02
 4.37575016e+00 3.75952345e+02
 4.36800687e+00 3.75952345e+02
 4.35885608e+00 3.75952345e+02
 4.34878568e+00 3.75952345e+02
 4.33827913e+00 3.75952345e+02
 4.32781452e+00 3.75952345e+02
 4.31725345e+00 3.75952345e+02
 4.30420761e+00 3.75952345e+02
 4.28969125e+00 3.75952345e+02
 4.27522355e+00 3.75952345e+02
 4.26229819e+00 3.75952345e+02
 4.25238665e+00 3.75952345e+02
 4.24694832e+00 3.75952345e+02
 4.24542453e+00 3.75952345e+02
 4.24449338e+00 3.75952345e+02
 4.24386936e+00 3.75952345e+02
 4.24335325e+00 3.75952345e+02
 4.24274600e+00 3.75952345e+02
 4.24184872e+00 3.75952345e+02
 4.24043125e+00 3.75952344e+02
 4.23576381e+00 3.75952301e+02
 4.22712805e+00 3.75952205e+02
 4.21585722e+00 3.75952080e+02
 4.20327554e+00 3.75951948e+02
 4.19068993e+00 3.75951835e+02
 4.17938710e+00 3.75951764e+02
 4.17033618e+00 3.75951751e+02
 4.16179215e+00 3.75951751e+02
 4.15340138e+00 3.75951751e+02
 4.14537302e+00 3.75951751e+02
 4.13791406e+00 3.75951751e+02
 4.13122966e+00 3.75951751e+02
 4.12552355e+00 3.75951751e+02
 4.12062172e+00 3.75951751e+02
 4.11569497e+00 3.75951751e+02
 4.11098124e+00 3.75951751e+02
 4.10678573e+00 3.75951751e+02
 4.10341203e+00 3.75951751e+02
 4.10116291e+00 3.75951751e+02
 4.10034124e+00 3.75951751e+02
 4.10034123e+00 3.75951751e+02
 4.10034123e+00 3.75951751e+02
 4.10034123e+00 3.75951751e+02
 4.10034123e+00 3.75951751e+02
 4.10034123e+00 3.75951751e+02
 4.10034123e+00 3.75951751e+02
 4.09982667e+00 3.75951751e+02
 4.09110688e+00 3.75951751e+02
 4.07430380e+00 3.75951751e+02
 4.05293280e+00 3.75951751e+02
 4.03044575e+00 3.75951751e+02
 4.01019525e+00 3.75951751e+02
 3.99543904e+00 3.75951751e+02
 3.98790317e+00 3.75951745e+02
 3.98273504e+00 3.75951709e+02
 3.97870062e+00 3.75951653e+02
 3.97521771e+00 3.75951587e+02
 3.97170782e+00 3.75951524e+02
 3.96759567e+00 3.75951476e+02
 3.96230981e+00 3.75951454e+02
 3.95521531e+00 3.75951454e+02
 3.94624983e+00 3.75951454e+02
 3.93588343e+00 3.75951454e+02
 3.92458581e+00 3.75951454e+02
 3.91282021e+00 3.75951454e+02
 3.90104204e+00 3.75951454e+02
 3.88966766e+00 3.75951454e+02
 3.87779181e+00 3.75951454e+02
 3.86517158e+00 3.75951454e+02
 3.85229145e+00 3.75951454e+02
 3.83962609e+00 3.75951454e+02
 3.82764021e+00 3.75951454e+02
 3.81678923e+00 3.75951454e+02
 3.80741611e+00 3.75951454e+02
 3.79885753e+00 3.75951454e+02
 3.79086074e+00 3.75951454e+02
 3.78336819e+00 3.75951454e+02
 3.77632340e+00 3.75951454e+02
 3.76967077e+00 3.75951454e+02
 3.76335553e+00 3.75951454e+02
 3.75747973e+00 3.75951762e+02
 3.75231798e+00 3.75953079e+02
 3.74759394e+00 3.75955067e+02
 3.74300183e+00 3.75957328e+02
 3.73823850e+00 3.75959461e+02
 3.73300357e+00 3.75961068e+02
 3.72699979e+00 3.75961749e+02
 3.71982960e+00 3.75961752e+02
 3.71147829e+00 3.75961752e+02
 3.70230668e+00 3.75961752e+02
 3.69267177e+00 3.75961752e+02
 3.68292469e+00 3.75961752e+02
 3.67341015e+00 3.75961752e+02
 3.66443822e+00 3.75961752e+02
 3.65516681e+00 3.75961752e+02
 3.64543810e+00 3.75961752e+02
 3.63575474e+00 3.75961752e+02
 3.62660960e+00 3.75961752e+02
 3.61848643e+00 3.75961752e+02
 3.61186174e+00 3.75961752e+02
 3.60709287e+00 3.75961752e+02
 3.60339266e+00 3.75961752e+02
 3.60031808e+00 3.75961752e+02
 3.59762734e+00 3.75961752e+02
 3.59508038e+00 3.75961752e+02
 3.59243854e+00 3.75961752e+02
 3.58946455e+00 3.75961752e+02
 3.58604877e+00 3.75961752e+02
 3.58249135e+00 3.75961752e+02
 3.57879840e+00 3.75961752e+02
 3.57494249e+00 3.75961752e+02
 3.57089644e+00 3.75961752e+02
 3.56663340e+00 3.75961752e+02
 3.56212686e+00 3.75961752e+02
 3.55722636e+00 3.75961895e+02
 3.55181689e+00 3.75962332e+02
 3.54604611e+00 3.75962949e+02
 3.54006277e+00 3.75963625e+02
 3.53401377e+00 3.75964241e+02
 3.52804403e+00 3.75964679e+02
 3.52229221e+00 3.75964822e+02
 3.51652283e+00 3.75964822e+02
 3.51062838e+00 3.75964822e+02
 3.50474109e+00 3.75964822e+02
 3.49899135e+00 3.75964822e+02
 3.49350777e+00 3.75964822e+02
 3.48841733e+00 3.75964822e+02
 3.48384327e+00 3.75964822e+02
 3.47979221e+00 3.75964822e+02
 3.47610558e+00 3.75964822e+02
 3.47261376e+00 3.75964822e+02
 3.46914870e+00 3.75964822e+02
 3.46554380e+00 3.75964822e+02
 3.46163400e+00 3.75964822e+02
 3.45718158e+00 3.75964822e+02
 3.45193651e+00 3.75964822e+02
 3.44622758e+00 3.75964822e+02
 3.44043011e+00 3.75964822e+02
 3.43491409e+00 3.75964822e+02
 3.43004429e+00 3.75964822e+02
 3.42618136e+00 3.75964822e+02
 3.42342897e+00 3.75964834e+02
 3.42131771e+00 3.75964875e+02
 3.41957466e+00 3.75964934e+02
 3.41793667e+00 3.75965000e+02
 3.41614184e+00 3.75965060e+02
 3.41392956e+00 3.75965103e+02
 3.41103862e+00 3.75965119e+02
 3.40666261e+00 3.75965119e+02
 3.40063581e+00 3.75965119e+02
 3.39344218e+00 3.75965119e+02
 3.38556034e+00 3.75965119e+02
 3.37746055e+00 3.75965119e+02
 3.36960312e+00 3.75965119e+02
 3.36236172e+00 3.75965119e+02
 3.35492273e+00 3.75965119e+02
 3.34718146e+00 3.75965119e+02
 3.33943925e+00 3.75965119e+02
 3.33199081e+00 3.75965119e+02
 3.32512438e+00 3.75965119e+02
 3.31912271e+00 3.75965119e+02
 3.31416939e+00 3.75965119e+02
 3.30987367e+00 3.75965119e+02
 3.30602470e+00 3.75965119e+02
 3.30247020e+00 3.75965119e+02
 3.29905984e+00 3.75965119e+02
 3.29564495e+00 3.75965119e+02
 3.29207845e+00 3.75965119e+02
 3.28840417e+00 3.75965090e+02
 3.28491269e+00 3.75964985e+02
 3.28148556e+00 3.75964829e+02
 3.27798924e+00 3.75964655e+02
 3.27429169e+00 3.75964493e+02
 3.27026253e+00 3.75964373e+02
 3.26577335e+00 3.75964327e+02
 3.26044175e+00 3.75964327e+02
 3.25420041e+00 3.75964327e+02
 3.24737770e+00 3.75964327e+02
 3.24029609e+00 3.75964327e+02
 3.23327095e+00 3.75964327e+02
 3.22661020e+00 3.75964327e+02
 3.22058979e+00 3.75964327e+02
 3.21486416e+00 3.75964327e+02
 3.20926039e+00 3.75964327e+02
 3.20382223e+00 3.75964327e+02
 3.19859258e+00 3.75964327e+02
 3.19361357e+00 3.75964327e+02
 3.18892661e+00 3.75964327e+02
 3.18459639e+00 3.75964327e+02
 3.18073595e+00 3.75964327e+02
 3.17719928e+00 3.75964327e+02
 3.17380487e+00 3.75964327e+02
 3.17037363e+00 3.75964327e+02
 3.16672887e+00 3.75964327e+02
 3.16269646e+00 3.75964327e+02
 3.15812683e+00 3.75964327e+02
 3.15305327e+00 3.75964327e+02
 3.14759737e+00 3.75964327e+02
 3.14187936e+00 3.75964327e+02
 3.13601718e+00 3.75964327e+02
 3.13012622e+00 3.75964327e+02
 3.12431916e+00 3.75964327e+02
 3.11827511e+00 3.75964492e+02
 3.11173797e+00 3.75964947e+02
 3.10505109e+00 3.75965571e+02
 3.09854970e+00 3.75966247e+02
 3.09255972e+00 3.75966854e+02
 3.08739884e+00 3.75967275e+02
 3.08336803e+00 3.75967397e+02
 3.08025023e+00 3.75967397e+02
 3.07767202e+00 3.75967397e+02
 3.07540499e+00 3.75967397e+02
 3.07322362e+00 3.75967397e+02
 3.07090476e+00 3.75967397e+02
 3.06822767e+00 3.75967397e+02
 3.06494639e+00 3.75967397e+02
 3.06079762e+00 3.75967397e+02
 3.05603081e+00 3.75967397e+02
 3.05097248e+00 3.75967397e+02
 3.04594213e+00 3.75967397e+02
 3.04125173e+00 3.75967397e+02
 3.03720625e+00 3.75967397e+02
 3.03397719e+00 3.75967397e+02
 3.03122672e+00 3.75967397e+02
 3.02877236e+00 3.75967397e+02
 3.02645903e+00 3.75967397e+02
 3.02413359e+00 3.75967397e+02
 3.02164472e+00 3.75967397e+02
 3.01884310e+00 3.75967397e+02
 3.01552320e+00 3.75967507e+02
 3.01168624e+00 3.75967834e+02
 3.00757115e+00 3.75968293e+02
 3.00341387e+00 3.75968794e+02
 2.99944531e+00 3.75969250e+02
 2.99589155e+00 3.75969572e+02
 2.99297296e+00 3.75969675e+02
 2.99069606e+00 3.75969675e+02
 2.98882863e+00 3.75969675e+02
 2.98716043e+00 3.75969675e+02
 2.98548349e+00 3.75969675e+02
 2.98359183e+00 3.75969675e+02
 2.98128177e+00 3.75969675e+02
 2.97824678e+00 3.75969675e+02
 2.97343924e+00 3.75969675e+02
 2.96721214e+00 3.75969675e+02
 2.96027574e+00 3.75969675e+02
 2.95331740e+00 3.75969675e+02
 2.94699746e+00 3.75969675e+02
 2.94195184e+00 3.75969675e+02
 2.93849887e+00 3.75969675e+02
 2.93570414e+00 3.75969675e+02
 2.93330095e+00 3.75969675e+02
 2.93113359e+00 3.75969675e+02
 2.92904885e+00 3.75969675e+02
 2.92689565e+00 3.75969675e+02
 2.92452503e+00 3.75969675e+02
 2.92197759e+00 3.75969544e+02
 2.91947781e+00 3.75969116e+02
 2.91695050e+00 3.75968504e+02
 2.91431553e+00 3.75967829e+02
 2.91149422e+00 3.75967208e+02
 2.90840956e+00 3.75966760e+02
 2.90498310e+00 3.75966605e+02
 2.90061301e+00 3.75966605e+02
 2.89525156e+00 3.75966605e+02
 2.88940082e+00 3.75966605e+02
 2.88354576e+00 3.75966605e+02
 2.87815183e+00 3.75966605e+02
 2.87366659e+00 3.75966605e+02
 2.87047716e+00 3.75966605e+02
 2.86813167e+00 3.75966605e+02
 2.86623619e+00 3.75966605e+02
 2.86457865e+00 3.75966605e+02
 2.86295027e+00 3.75966605e+02
 2.86114494e+00 3.75966605e+02
 2.85895962e+00 3.75966605e+02
 2.85612469e+00 3.75966605e+02
 2.85231770e+00 3.75966605e+02
 2.84782765e+00 3.75966605e+02
 2.84300118e+00 3.75966605e+02
 2.83817339e+00 3.75966605e+02
 2.83366645e+00 3.75966605e+02
 2.82979052e+00 3.75966605e+02
 2.82660374e+00 3.75966605e+02
 2.82369198e+00 3.75966605e+02
 2.82098619e+00 3.75966605e+02
 2.81843392e+00 3.75966605e+02
 2.81598405e+00 3.75966605e+02
 2.81358662e+00 3.75966605e+02
 2.81119286e+00 3.75966605e+02
 2.80891055e+00 3.75967045e+02
 2.80680043e+00 3.75968137e+02
 2.80476699e+00 3.75969605e+02
 2.80271659e+00 3.75971172e+02
 2.80055744e+00 3.75972562e+02
 2.79819971e+00 3.75973497e+02
 2.79554136e+00 3.75973735e+02
 2.79228958e+00 3.75973735e+02
 2.78855558e+00 3.75973735e+02
 2.78459467e+00 3.75973735e+02
 2.78065334e+00 3.75973735e+02
 2.77696841e+00 3.75973735e+02
 2.77376778e+00 3.75973735e+02
 2.77122187e+00 3.75973735e+02
 2.76910787e+00 3.75973735e+02
 2.76725592e+00 3.75973735e+02
 2.76553699e+00 3.75973735e+02
 2.76382471e+00 3.75973735e+02
 2.76199514e+00 3.75973735e+02
 2.75992697e+00 3.75973735e+02
 2.75743768e+00 3.75973735e+02
 2.75442642e+00 3.75973735e+02
 2.75112581e+00 3.75973735e+02
 2.74777388e+00 3.75973735e+02
 2.74459973e+00 3.75973735e+02
 2.74182388e+00 3.75973735e+02
 2.73966010e+00 3.75973735e+02
 2.73810668e+00 3.75973718e+02
 2.73689651e+00 3.75973674e+02
 2.73587504e+00 3.75973614e+02
 2.73489047e+00 3.75973548e+02
 2.73379296e+00 3.75973490e+02
 2.73243488e+00 3.75973449e+02
 2.73065210e+00 3.75973438e+02
 2.72781625e+00 3.75973438e+02
 2.72398810e+00 3.75973438e+02
 2.71957746e+00 3.75973438e+02
 2.71497753e+00 3.75973438e+02
 2.71055937e+00 3.75973438e+02
 2.70667148e+00 3.75973438e+02
 2.70355659e+00 3.75973438e+02
 2.70074958e+00 3.75973438e+02
 2.69811666e+00 3.75973438e+02
 2.69564809e+00 3.75973438e+02
 2.69333460e+00 3.75973438e+02
 2.69116738e+00 3.75973438e+02
 2.68913801e+00 3.75973438e+02
 2.68727334e+00 3.75973438e+02
 2.68563540e+00 3.75973438e+02
 2.68414286e+00 3.75973438e+02
 2.68270748e+00 3.75973438e+02
 2.68124321e+00 3.75973438e+02
 2.67966617e+00 3.75973438e+02
 2.67789489e+00 3.75973438e+02
 2.67588482e+00 3.75973438e+02
 2.67367804e+00 3.75973438e+02
 2.67131490e+00 3.75973438e+02
 2.66883453e+00 3.75973438e+02
 2.66627479e+00 3.75973438e+02
 2.66367209e+00 3.75973438e+02
 2.66105588e+00 3.75973442e+02
 2.65819085e+00 3.75973636e+02
 2.65507166e+00 3.75974053e+02
 2.65187877e+00 3.75974593e+02
 2.64878191e+00 3.75975156e+02
 2.64593999e+00 3.75975643e+02
 2.64350241e+00 3.75975953e+02
 2.64158493e+00 3.75976013e+02
 2.63999300e+00 3.75976013e+02
 2.63860042e+00 3.75976013e+02
 2.63733859e+00 3.75976013e+02
 2.63614127e+00 3.75976013e+02
 2.63494415e+00 3.75976013e+02
 2.63368476e+00 3.75976013e+02
 2.63233963e+00 3.75976013e+02
 2.63100762e+00 3.75976013e+02
 2.62968186e+00 3.75976013e+02
 2.62834332e+00 3.75976013e+02
 2.62697363e+00 3.75976013e+02
 2.62555513e+00 3.75976013e+02
 2.62407088e+00 3.75976013e+02
 2.62245825e+00 3.75976013e+02
 2.62068072e+00 3.75976013e+02
 2.61881911e+00 3.75976013e+02
 2.61695220e+00 3.75976013e+02
 2.61515487e+00 3.75976013e+02
 2.61349816e+00 3.75976013e+02
 2.61204956e+00 3.75976008e+02
 2.61081387e+00 3.75975389e+02
 2.60971997e+00 3.75973979e+02
 2.60870555e+00 3.75972124e+02
 2.60771035e+00 3.75970169e+02
 2.60667604e+00 3.75968461e+02
 2.60554620e+00 3.75967345e+02
 2.60426299e+00 3.75967100e+02
 2.60276573e+00 3.75967100e+02
 2.60111232e+00 3.75967100e+02
 2.59938285e+00 3.75967100e+02
 2.59765335e+00 3.75967100e+02
 2.59599550e+00 3.75967100e+02
 2.59447683e+00 3.75967100e+02
 2.59314505e+00 3.75967100e+02
 2.59194398e+00 3.75967100e+02
 2.59082564e+00 3.75967100e+02
 2.58975010e+00 3.75967100e+02
 2.58867910e+00 3.75967100e+02
 2.58757600e+00 3.75967100e+02
 2.58640583e+00 3.75967100e+02
 2.58510956e+00 3.75967100e+02
 2.58366721e+00 3.75967100e+02
 2.58216153e+00 3.75967100e+02
 2.58067285e+00 3.75967100e+02
 2.57927645e+00 3.75967100e+02
 2.57804294e+00 3.75967100e+02
 2.57703915e+00 3.75967100e+02
 2.57624365e+00 3.75967100e+02
 2.57556927e+00 3.75967100e+02
 2.57496992e+00 3.75967100e+02
 2.57440106e+00 3.75967100e+02
 2.57381949e+00 3.75967100e+02
 2.57318325e+00 3.75967100e+02
 2.57245354e+00 3.75967167e+02
 2.57163864e+00 3.75968384e+02
 2.57076422e+00 3.75970725e+02
 2.56984853e+00 3.75973657e+02
 2.56890918e+00 3.75976646e+02
 2.56796297e+00 3.75979159e+02
 2.56702592e+00 3.75980660e+02
 2.56610399e+00 3.75980865e+02
 2.56515994e+00 3.75980865e+02
 2.56420173e+00 3.75980865e+02
 2.56324500e+00 3.75980865e+02
 2.56230455e+00 3.75980865e+02
 2.56139430e+00 3.75980865e+02
 2.56052739e+00 3.75980865e+02
 2.55971152e+00 3.75980865e+02
 2.55893537e+00 3.75980865e+02
 2.55818793e+00 3.75980865e+02
 2.55745898e+00 3.75980865e+02
 2.55673880e+00 3.75980865e+02
 2.55601817e+00 3.75980865e+02
 2.55528833e+00 3.75980865e+02
 2.55455166e+00 3.75980865e+02
 2.55381710e+00 3.75980865e+02
 2.55308518e+00 3.75980865e+02
 2.55235642e+00 3.75980865e+02
 2.55163132e+00 3.75980865e+02
 2.55091036e+00 3.75980865e+02
 2.55019264e+00 3.75980856e+02
 2.54944799e+00 3.75980618e+02
 2.54868352e+00 3.75980140e+02
 2.54792446e+00 3.75979532e+02
 2.54719441e+00 3.75978906e+02
 2.54651540e+00 3.75978373e+02
 2.54590808e+00 3.75978046e+02
 2.54539084e+00 3.75977993e+02
 2.54495656e+00 3.75977993e+02
 2.54457608e+00 3.75977993e+02
 2.54422084e+00 3.75977993e+02
 2.54386333e+00 3.75977993e+02
 2.54347709e+00 3.75977993e+02
 2.54303677e+00 3.75977993e+02
 2.54249855e+00 3.75977993e+02
 2.54182364e+00 3.75977993e+02
 2.54107253e+00 3.75977993e+02
 2.54030702e+00 3.75977993e+02
 2.53958393e+00 3.75977993e+02
 2.53895532e+00 3.75977993e+02
 2.53846945e+00 3.75977993e+02
 2.53812315e+00 3.75977993e+02
 2.53784937e+00 3.75977993e+02
 2.53761745e+00 3.75977993e+02
 2.53739813e+00 3.75977993e+02
 2.53716304e+00 3.75977993e+02
 2.53688474e+00 3.75977993e+02
 2.53653524e+00 3.75977991e+02
 2.53602971e+00 3.75977899e+02
 2.53538615e+00 3.75977706e+02
 2.53467607e+00 3.75977456e+02
 2.53396540e+00 3.75977196e+02
 2.53331344e+00 3.75976973e+02
 2.53277340e+00 3.75976831e+02
 2.53238550e+00 3.75976805e+02
 2.53209168e+00 3.75976805e+02
 2.53184945e+00 3.75976805e+02
 2.53163282e+00 3.75976805e+02
 2.53141693e+00 3.75976805e+02
 2.53117792e+00 3.75976805e+02
 2.53089308e+00 3.75976805e+02
 2.53052732e+00 3.75976805e+02
 2.53004388e+00 3.75976805e+02
 2.52948934e+00 3.75976805e+02
 2.52891261e+00 3.75976805e+02
 2.52835765e+00 3.75976805e+02
 2.52786325e+00 3.75976805e+02
 2.52746385e+00 3.75976805e+02
 2.52715485e+00 3.75976805e+02
 2.52688460e+00 3.75976805e+02
 2.52664222e+00 3.75976805e+02
 2.52641816e+00 3.75976805e+02
 2.52620348e+00 3.75976805e+02
 2.52598973e+00 3.75976805e+02
 2.52576911e+00 3.75976805e+02
 2.52554707e+00 3.75976805e+02
 2.52532982e+00 3.75976805e+02
 2.52511683e+00 3.75976805e+02
 2.52490761e+00 3.75976805e+02
 2.52470168e+00 3.75976805e+02
 2.52449861e+00 3.75976805e+02
 2.52429834e+00 3.75976773e+02
 2.52410420e+00 3.75976366e+02
 2.52391509e+00 3.75975623e+02
 2.52372863e+00 3.75974710e+02
 2.52354257e+00 3.75973790e+02
 2.52335483e+00 3.75973030e+02
 2.52316346e+00 3.75972594e+02
 2.52296665e+00 3.75972547e+02
 2.52276429e+00 3.75972547e+02
 2.52255883e+00 3.75972547e+02
 2.52235270e+00 3.75972547e+02
 2.52214816e+00 3.75972547e+02
 2.52194727e+00 3.75972547e+02
 2.52175193e+00 3.75972547e+02
 2.52156193e+00 3.75972547e+02
 2.52137461e+00 3.75972547e+02
 2.52119040e+00 3.75972547e+02
 2.52100980e+00 3.75972547e+02
 2.52083325e+00 3.75972547e+02
 2.52066113e+00 3.75972547e+02
 2.52049380e+00 3.75972547e+02
 2.52033093e+00 3.75972547e+02
 2.52017205e+00 3.75972547e+02
 2.52001713e+00 3.75972547e+02
 2.51986613e+00 3.75972547e+02
 2.51971901e+00 3.75972547e+02
 2.51957571e+00 3.75972547e+02
 2.51943634e+00 3.75972555e+02
 2.51930259e+00 3.75972689e+02
 2.51917371e+00 3.75972943e+02
 2.51904813e+00 3.75973260e+02
 2.51892445e+00 3.75973582e+02
 2.51880139e+00 3.75973851e+02
 2.51867783e+00 3.75974011e+02
 2.51855285e+00 3.75974032e+02
 2.51842687e+00 3.75974032e+02
 2.51830111e+00 3.75974032e+02
 2.51817670e+00 3.75974032e+02
 2.51805464e+00 3.75974032e+02
 2.51793582e+00 3.75974032e+02
 2.51782101e+00 3.75974032e+02
 2.51770984e+00 3.75974032e+02
 2.51760073e+00 3.75974032e+02
 2.51749440e+00 3.75974032e+02
 2.51739159e+00 3.75974032e+02
 2.51729293e+00 3.75974032e+02
 2.51719893e+00 3.75974032e+02
 2.51711000e+00 3.75974032e+02
 2.51701583e+00 3.75974032e+02
 2.51691398e+00 3.75974032e+02
 2.51681530e+00 3.75974032e+02
 2.51672872e+00 3.75974032e+02
 2.51666154e+00 3.75974032e+02
 2.51662008e+00 3.75974032e+02
 2.51660967e+00 3.75974058e+02
 2.51660967e+00 3.75974677e+02
 2.51660967e+00 3.75975905e+02
 2.51660967e+00 3.75977459e+02
 2.51660967e+00 3.75979055e+02
 2.51660967e+00 3.75980407e+02
 2.51660967e+00 3.75981233e+02
 2.51660481e+00 3.75981360e+02
 2.51656648e+00 3.75981360e+02
 2.51650018e+00 3.75981360e+02
 2.51641828e+00 3.75981360e+02
 2.51633193e+00 3.75981360e+02
 2.51625026e+00 3.75981360e+02
 2.51618022e+00 3.75981360e+02
 2.51611885e+00 3.75981360e+02
 2.51605061e+00 3.75981360e+02
 2.51598321e+00 3.75981360e+02
 2.51592355e+00 3.75981360e+02
 2.51587644e+00 3.75981360e+02
 2.51584530e+00 3.75981360e+02
 2.51583325e+00 3.75981360e+02
 2.51583322e+00 3.75981360e+02
 2.51583322e+00 3.75981360e+02
 2.51583322e+00 3.75981360e+02
 2.51583322e+00 3.75981360e+02
 2.51583322e+00 3.75981360e+02
 2.51583322e+00 3.75981360e+02
 2.51583322e+00 3.75981360e+02
 2.51583322e+00 3.75981360e+02
 2.51583322e+00 3.75981360e+02
 2.51583322e+00 3.75981360e+02
 2.51583322e+00 3.75981360e+02
 2.51583322e+00 3.75981360e+02
 2.51583322e+00 3.75981360e+02
 2.51582958e+00 3.75981380e+02
 2.51579667e+00 3.75981562e+02
 2.51574405e+00 3.75981880e+02
 2.51568795e+00 3.75982265e+02
 2.51563970e+00 3.75982648e+02
 2.51560550e+00 3.75982959e+02
 2.51558854e+00 3.75983129e+02
 2.51558724e+00 3.75983143e+02
 2.51558724e+00 3.75983143e+02
 2.51558724e+00 3.75983143e+02
 2.51558724e+00 3.75983143e+02
 2.51558724e+00 3.75983143e+02
 2.51558724e+00 3.75983143e+02
 2.51558724e+00 3.75983143e+02
 2.51558724e+00 3.75983143e+02
 2.51558724e+00 3.75983143e+02
 2.51558724e+00 3.75983143e+02
 2.51558724e+00 3.75983143e+02
 2.51558724e+00 3.75983143e+02
 2.51558724e+00 3.75983143e+02
 2.51558699e+00 3.75983143e+02
 2.51556993e+00 3.75983143e+02
 2.51553695e+00 3.75983143e+02
 2.51550238e+00 3.75983143e+02
 2.51547485e+00 3.75983143e+02
 2.51545695e+00 3.75983143e+02
 2.51544790e+00 3.75983143e+02
 2.51544626e+00 3.75983133e+02
 2.51544626e+00 3.75983018e+02
 2.51544626e+00 3.75982809e+02
 2.51544626e+00 3.75982554e+02
 2.51544626e+00 3.75982297e+02
 2.51544626e+00 3.75982086e+02
 2.51544626e+00 3.75981966e+02
 2.51544626e+00 3.75981954e+02
 2.51544626e+00 3.75981954e+02
 2.51544626e+00 3.75981954e+02
 2.51544626e+00 3.75981954e+02
 2.51544626e+00 3.75981954e+02
 2.51544626e+00 3.75981954e+02
 2.51544626e+00 3.75981954e+02
 2.51544626e+00 3.75981954e+02
 2.51544626e+00 3.75981954e+02
 2.51544626e+00 3.75981954e+02
 2.51544626e+00 3.75981954e+02
 2.51544626e+00 3.75981954e+02
 2.51544626e+00 3.75981954e+02
 2.51544626e+00 3.75981954e+02
 2.51544626e+00 3.75981954e+02
 2.51544626e+00 3.75981954e+02
 2.51544626e+00 3.75981954e+02
 2.51544626e+00 3.75981954e+02
 2.51544626e+00 3.75981954e+02
 2.51544626e+00 3.75981954e+02
 2.51544626e+00 3.75981954e+02
 2.51544626e+00 3.75981954e+02
 2.51544626e+00 3.75981954e+02
 2.51544626e+00 3.75981954e+02
 2.51544626e+00 3.75981954e+02
 2.51544626e+00 3.75981954e+02
 2.51544626e+00 3.75981954e+02
 2.51544626e+00 3.75982093e+02
 2.51544626e+00 3.75982743e+02
 2.51544626e+00 3.75983740e+02
 2.51544626e+00 3.75984879e+02
 2.51544626e+00 3.75985956e+02
 2.51544626e+00 3.75986766e+02
 2.51544626e+00 3.75987103e+02
 2.51544626e+00 3.75987104e+02
 2.51544626e+00 3.75987104e+02
 2.51544626e+00 3.75987104e+02
 2.51544626e+00 3.75987104e+02
 2.51544626e+00 3.75987104e+02
 2.51544626e+00 3.75987104e+02
 2.51544582e+00 3.75987104e+02
 2.51543724e+00 3.75987104e+02
 2.51542623e+00 3.75987104e+02
 2.51541988e+00 3.75987104e+02
 2.51541797e+00 3.75987104e+02
 2.51541773e+00 3.75987104e+02
 2.51541772e+00 3.75987104e+02
