 1.00019661e+00 0.00000000e+00
 1.00047209e+00 6.52080313e-05
 1.00188465e+00 3.69000000e-04
 1.00294389e+00 5.20000000e-05
 1.00747054e+00 5.20000000e-05
 1.02003639e+00 7.39000000e-04
 1.01285296e+00 7.39000000e-04
 1.02189763e+00 -5.30000000e-05
 1.03023374e+00 -5.30000000e-05
 1.04220959e+00 2.11000000e-04
 1.10369767e+00 -8.95502288e-05
 1.23224274e+00 -6.87000000e-04
 1.16314292e+00 5.20000000e-05
 1.36376980e+00 5.20000000e-05
 1.38845888e+00 0.00000000e+00
 1.12573839e+00 0.00000000e+00
 1.15500700e+00 -1.59000000e-04
 1.35442823e+00 -1.59000000e-04
 1.67132203e+00 -5.29000000e-04
 1.43452041e+00 -7.20996803e-04
 2.86820780e+00 -8.45000000e-04
 1.54707283e+00 -1.32264565e-03
 1.71520686e+00 -1.74300000e-03
 1.63078819e+00 5.20000000e-05
 1.76037035e+00 5.20000000e-05
 3.23455222e+00 6.33000000e-04
 1.86358082e+00 6.33000000e-04
 1.45743248e+00 3.16000000e-04
 1.54733680e+00 -6.17125708e-04
 1.72743508e+00 -6.87000000e-04
 3.58916377e+00 -8.73517077e-04
 2.24154190e+00 -8.98000000e-04
 2.42902648e+00 -1.00400000e-03
 2.61959544e+00 -8.34777926e-04
 2.87906557e+00 3.16000000e-04
 2.87492159e+00 2.97686191e-04
 2.77613093e+00 0.00000000e+00
 3.44455340e+00 1.05600000e-03
 3.40596569e+00 1.05600000e-03
 3.46762156e+00 2.90123011e-03
 3.51510901e+00 2.90400000e-03
 3.88470722e+00 2.27000000e-03
 4.04456019e+00 2.61375195e-03
 4.25262185e+00 3.48500000e-03
 4.28909751e+00 3.31843627e-03
 4.64904512e+00 2.53400000e-03
 4.88464997e+00 2.37600000e-03
 5.08650031e+00 2.37600000e-03
 5.35342099e+00 1.21400000e-03
 5.51260383e+00 1.21400000e-03
 5.50140393e+00 8.44000000e-04
 5.91838905e+00 -2.64934750e-04
 5.89120902e+00 -1.58500000e-03
 6.16676081e+00 -2.49149179e-04
 6.49894373e+00 2.42900000e-03
 6.36872390e+00 1.95300000e-03
 6.98141527e+00 1.95300000e-03
 7.15843913e+00 2.27000000e-03
 7.12545482e+00 2.27000000e-03
 7.87347173e+00 6.33000000e-04
 7.82576848e+00 8.00690592e-04
 7.58598257e+00 8.97000000e-04
 8.14433750e+00 1.94776855e-03
 8.35711406e+00 2.95700000e-03
 8.92760403e+00 2.53400000e-03
 8.99975334e+00 2.53400000e-03
 9.26322443e+00 3.32600000e-03
 9.36851795e+00 3.32600000e-03
 9.59643566e+00 4.48800000e-03
 9.95537685e+00 4.48800000e-03
 9.99052419e+00 3.27400000e-03
 1.07119998e+01 5.11279907e-03
 1.07102241e+01 5.65000000e-03
 1.09958545e+01 6.44200000e-03
 1.10737591e+01 6.44200000e-03
 1.16394042e+01 6.60000000e-03
 1.17189411e+01 6.58010737e-03
 1.21807482e+01 5.65000000e-03
 1.23559180e+01 5.65648175e-03
 1.27146372e+01 7.44500000e-03
 1.27359467e+01 7.60397472e-03
 1.31544915e+01 7.60400000e-03
 1.33094399e+01 1.05398196e-02
 1.37671242e+01 1.05610000e-02
 1.41929785e+01 1.26210000e-02
 1.42024133e+01 1.23436520e-02
 1.46522336e+01 1.17230000e-02
 1.47367220e+01 1.20682774e-02
 1.54254959e+01 1.33070000e-02
 1.52862008e+01 1.39940000e-02
 1.57497919e+01 1.39940000e-02
 1.59420033e+01 1.58950000e-02
 1.61168990e+01 1.58950000e-02
 1.68546427e+01 1.61060000e-02
 1.68248514e+01 1.59913340e-02
 1.72799152e+01 1.58950000e-02
 1.75977565e+01 1.65562727e-02
 1.76640061e+01 1.74800000e-02
 1.82121009e+01 1.73210000e-02
 1.84801157e+01 1.73210000e-02
 1.86597793e+01 1.81130000e-02
 1.91519972e+01 1.81130000e-02
 1.92720242e+01 1.88530000e-02
 1.95572691e+01 1.99508168e-02
 2.01664333e+01 2.03840000e-02
 2.00897550e+01 1.97540624e-02
 2.03603506e+01 1.93280000e-02
 2.10581832e+01 2.19160000e-02
 2.10412064e+01 2.19160000e-02
 2.14505684e+01 2.11240000e-02
 2.19825107e+01 2.11240000e-02
 2.18998275e+01 2.37120000e-02
 2.22826068e+01 2.34407371e-02
 2.31064889e+01 2.33950000e-02
 2.31406104e+01 2.53453102e-02
 2.29157997e+01 2.59830000e-02
 2.36106111e+01 2.55600000e-02
 2.42338110e+01 2.55600000e-02
 2.40228639e+01 2.80430000e-02
 2.42499590e+01 2.80430000e-02
 2.51471282e+01 2.64580000e-02
 2.56661317e+01 2.57988609e-02
 2.53847718e+01 2.57720000e-02
 2.57352143e+01 2.85741510e-02
 2.63816585e+01 2.88350000e-02
 2.67341217e+01 2.86770000e-02
 2.65417852e+01 2.86770000e-02
 2.69620112e+01 3.10010000e-02
 2.75581092e+01 3.11516185e-02
 2.80911039e+01 3.23740000e-02
 2.76457884e+01 3.14760000e-02
 2.81506530e+01 3.14760000e-02
 2.89035984e+01 3.28490000e-02
 2.92163885e+01 3.28490000e-02
 2.91092192e+01 3.52790000e-02
 2.93532773e+01 3.52790000e-02
 2.97463536e+01 3.40640000e-02
 3.01662525e+01 3.47909599e-02
 3.07980321e+01 3.54900000e-02
 3.09095958e+01 3.56033680e-02
 3.11441833e+01 3.57550000e-02
 3.10930345e+01 3.57550000e-02
 3.16577364e+01 3.57550000e-02
 3.24499277e+01 3.69690000e-02
 3.29308436e+01 3.69690000e-02
 3.29325150e+01 3.79730000e-02
 3.30117453e+01 3.87412043e-02
 3.32191925e+01 3.90300000e-02
 3.34638075e+01 3.92861732e-02
 3.41562146e+01 3.94520000e-02
 3.44945186e+01 4.10900000e-02
 3.50285957e+01 4.10900000e-02
 3.50736287e+01 4.28330000e-02
 3.52078491e+01 4.28330000e-02
 3.53999662e+01 4.42060000e-02
 3.58237865e+01 4.44371816e-02
 3.58668223e+01 4.44710000e-02
 3.63785274e+01 4.63514384e-02
 3.70042919e+01 4.69010000e-02
 3.72541137e+01 4.73230000e-02
 3.77739050e+01 4.73217001e-02
 3.80558436e+01 4.72170000e-02
 3.79434635e+01 4.72170000e-02
 3.82244447e+01 4.68480000e-02
 3.85117613e+01 4.73602178e-02
 3.87546610e+01 4.73760000e-02
 3.88231811e+01 4.73279087e-02
 3.94168727e+01 4.73230000e-02
 3.95525306e+01 3.80260000e-02
 4.00740369e+01 3.80402959e-02
 4.06572129e+01 3.81840000e-02
 4.11932198e+01 3.82036471e-02
 4.10882885e+01 3.88710000e-02
 4.18610910e+01 4.13540000e-02
 4.16470577e+01 4.13540000e-02
 4.22794859e+01 4.09352785e-02
 4.24236986e+01 4.09310000e-02
 4.30526815e+01 3.98750000e-02
 4.25931057e+01 3.99047279e-02
 4.32664339e+01 3.99800000e-02
 4.31275227e+01 4.03580875e-02
 4.34071532e+01 4.16710000e-02
 4.35428953e+01 4.25160000e-02
 4.44656507e+01 4.25160000e-02
 4.43715744e+01 4.35200000e-02
 4.47406640e+01 4.35200000e-02
 4.47625028e+01 4.28860000e-02
 4.50163705e+01 4.28860000e-02
 4.53314808e+01 4.42590000e-02
 4.58402825e+01 4.52193171e-02
 4.58534873e+01 4.56850000e-02
 4.63876454e+01 4.49990000e-02
 4.63281152e+01 4.49990000e-02
 4.66301056e+01 4.63720000e-02
 4.70295446e+01 4.63720000e-02
 4.75528852e+01 4.62140000e-02
 4.75130546e+01 4.62140000e-02
 4.76928451e+01 4.42590000e-02
 4.83096875e+01 4.54323576e-02
 4.83728596e+01 4.55800000e-02
 4.92853277e+01 4.50348501e-02
 4.90355541e+01 4.48930000e-02
 4.96617851e+01 4.51570000e-02
 5.02761054e+01 4.51629018e-02
 5.01917289e+01 4.54740000e-02
 5.05696634e+01 4.54740000e-02
 5.09622538e+01 4.74820000e-02
 5.12915432e+01 4.68099672e-02
 5.12215175e+01 4.67950000e-02
 5.16926796e+01 4.73302270e-02
 5.20520560e+01 4.73760000e-02
 5.15692552e+01 4.73230000e-02
 5.18665209e+01 4.72896850e-02
 5.22536648e+01 4.70060000e-02
 5.21397617e+01 4.70278989e-02
 5.26560674e+01 4.75870000e-02
 5.26529680e+01 4.68480000e-02
 5.34662886e+01 4.68480000e-02
 5.39710971e+01 4.54322170e-02
 5.37011279e+01 4.54210000e-02
 5.47778068e+01 4.74820000e-02
 5.46781062e+01 4.70705341e-02
 5.45810360e+01 4.57910000e-02
 5.53442176e+01 4.57011388e-02
 5.49510980e+01 4.51570000e-02
 5.47394850e+01 4.60020000e-02
 5.55481939e+01 4.60020000e-02
 5.51700448e+01 4.54740000e-02
 5.59623481e+01 4.54740000e-02
 5.67965521e+01 4.70060000e-02
 5.63441347e+01 4.69097226e-02
 5.74911524e+01 4.67950000e-02
 5.70870946e+01 4.43222535e-02
 5.71948724e+01 4.05090000e-02
 5.74924494e+01 4.19880000e-02
 5.72936343e+01 4.19880000e-02
 5.76569937e+01 4.36780000e-02
 5.86651533e+01 4.36780000e-02
 5.81130065e+01 4.46290000e-02
 5.90987081e+01 4.49067319e-02
 5.91631093e+01 4.49460000e-02
 5.86595789e+01 4.43320946e-02
 5.90692930e+01 4.42060000e-02
 5.91095516e+01 4.51040000e-02
 5.92199635e+01 4.51040000e-02
 6.04035810e+01 4.60020000e-02
 6.02507063e+01 4.59501665e-02
 6.08136143e+01 4.45760000e-02
 6.06899537e+01 4.46097880e-02
 6.06540882e+01 4.75340000e-02
 6.05136659e+01 4.56355657e-02
 6.10610236e+01 4.56330000e-02
 6.21363774e+01 4.56850000e-02
 6.19095088e+01 4.56850000e-02
 6.18539938e+01 4.55800000e-02
 6.26699083e+01 4.55985332e-02
 6.17508384e+01 4.56850000e-02
 6.21808778e+01 4.58203948e-02
 6.31864802e+01 4.72170000e-02
 6.31750291e+01 4.82210000e-02
 6.33552476e+01 4.82210000e-02
 6.26826345e+01 4.85380000e-02
 6.35237522e+01 4.85380000e-02
 6.37253899e+01 4.92780000e-02
 6.38594677e+01 4.89950637e-02
 6.47730734e+01 4.84320000e-02
 6.46862180e+01 4.82809416e-02
 6.38107183e+01 4.77460000e-02
 6.44185059e+01 4.78510000e-02
 6.45613129e+01 4.78510000e-02
 6.56610922e+01 4.77460000e-02
 6.49955629e+01 4.77460000e-02
 6.52451583e+01 4.89080000e-02
 6.55586758e+01 4.92053671e-02
 6.57839598e+01 4.94890000e-02
 6.59213165e+01 4.97542465e-02
 6.64315134e+01 5.01760000e-02
 6.62752604e+01 4.96480000e-02
 6.62883674e+01 4.96480000e-02
 6.64121510e+01 5.11800000e-02
 6.73395065e+01 5.11800000e-02
 6.79596538e+01 5.18130000e-02
 6.69727161e+01 5.11595575e-02
 6.70125821e+01 5.08630000e-02
 6.76257567e+01 5.20937725e-02
 6.84400792e+01 5.29230000e-02
 6.80634000e+01 5.25000000e-02
 6.73479128e+01 5.24999990e-02
 6.85085843e+01 5.23950000e-02
 6.87674186e+01 5.23950000e-02
 6.89418434e+01 5.20250000e-02
 6.82715845e+01 5.12994662e-02
 6.89167475e+01 5.12850000e-02
 6.93573047e+01 5.08812581e-02
 6.94169874e+01 5.08630000e-02
 6.91343669e+01 5.19190000e-02
 6.95482106e+01 5.19190000e-02
 6.98445497e+01 5.27640000e-02
 7.00705429e+01 5.26401104e-02
 6.99649698e+01 5.20250000e-02
 7.06874711e+01 5.22174855e-02
 6.99584309e+01 5.36100000e-02
 7.07153043e+01 5.19190000e-02
 7.06586084e+01 5.19190000e-02
 7.08600452e+01 5.37680000e-02
 7.06803223e+01 5.37680000e-02
 7.12964581e+01 5.32930000e-02
 7.12297244e+01 5.29904881e-02
 7.14796106e+01 5.25000000e-02
 7.11841823e+01 5.30290000e-02
 7.24577877e+01 5.30290000e-02
 7.20567625e+01 5.45080000e-02
 7.17915440e+01 5.45080000e-02
 7.15258274e+01 5.42960000e-02
 7.24559235e+01 5.42960000e-02
 7.35651019e+01 5.38210000e-02
 7.22828457e+01 5.48807543e-02
 7.22208252e+01 5.56700000e-02
 7.28249058e+01 5.63040000e-02
 7.35932896e+01 5.63040000e-02
 7.34524325e+01 5.68320000e-02
 7.24824397e+01 5.68320000e-02
 7.39883950e+01 5.44550000e-02
 7.31980954e+01 5.44550000e-02
 7.40272994e+01 5.48250000e-02
 7.39029245e+01 5.56894470e-02
 7.41066511e+01 5.59870000e-02
 7.42038445e+01 5.49830000e-02
 7.32987496e+01 5.49830000e-02
 7.46528469e+01 5.55120000e-02
 7.50901200e+01 5.55120000e-02
 7.46720307e+01 5.47720000e-02
 7.41439458e+01 5.47720000e-02
 7.44079262e+01 5.55120000e-02
 7.52104661e+01 5.70552962e-02
 7.50075930e+01 5.72550000e-02
 7.57154046e+01 5.56700000e-02
 7.56601023e+01 5.56700000e-02
 7.53492352e+01 5.63570000e-02
 7.47989131e+01 5.63438877e-02
 7.63880450e+01 5.59870000e-02
 7.66568989e+01 5.59832356e-02
 7.58258364e+01 5.57230000e-02
 7.58964685e+01 5.64100000e-02
 7.57132285e+01 5.64100000e-02
 7.72262460e+01 5.58813159e-02
 7.64587557e+01 5.58810000e-02
 7.62842096e+01 5.55120000e-02
 7.74519849e+01 5.55707451e-02
 7.60426475e+01 5.56700000e-02
 7.67758466e+01 5.54397289e-02
 7.78334893e+01 5.49300000e-02
 7.74768912e+01 5.56170000e-02
 7.66807428e+01 5.56170000e-02
 7.74305078e+01 5.70440000e-02
 7.71683739e+01 5.70440000e-02
 7.74052280e+01 5.53000000e-02
 7.84328589e+01 5.53000000e-02
 7.82298516e+01 5.49300000e-02
 7.80704986e+01 5.49622636e-02
 7.73692467e+01 5.49830000e-02
 7.76710354e+01 5.49300000e-02
 7.84540037e+01 5.49300000e-02
 7.80616692e+01 5.45080000e-02
 7.92422838e+01 5.45080000e-02
 7.86298716e+01 5.37680000e-02
 7.83633723e+01 5.37680000e-02
 7.80633409e+01 5.42440000e-02
 7.84510444e+01 5.35098650e-02
 7.89693488e+01 5.32930000e-02
 7.94058959e+01 5.36100000e-02
 8.00535048e+01 5.36100000e-02
 7.90359793e+01 5.36100000e-02
 7.93177753e+01 5.36100000e-02
 7.88224581e+01 5.49830000e-02
 7.92791499e+01 5.49830000e-02
 7.89259628e+01 5.38210000e-02
 8.06940384e+01 5.45886321e-02
 8.04160546e+01 5.46660000e-02
 7.92394714e+01 5.53000000e-02
 8.01751720e+01 5.53000000e-02
 7.94891257e+01 5.59870000e-02
 7.95924769e+01 5.59660965e-02
 8.02290018e+01 5.51420000e-02
 8.10614888e+01 5.51419996e-02
 8.06103811e+01 5.49830000e-02
 8.07327108e+01 5.51908107e-02
 8.06862694e+01 5.51950000e-02
 7.96652674e+01 5.63040000e-02
 8.02526081e+01 5.63040000e-02
 8.05803675e+01 5.56700000e-02
 8.15355316e+01 5.55939908e-02
 8.07973901e+01 5.49300000e-02
 8.19478012e+01 5.49736691e-02
 8.09842563e+01 5.56700000e-02
 8.07609821e+01 5.46660000e-02
 8.13531930e+01 5.46660000e-02
 8.12464227e+01 5.58810000e-02
 8.15911913e+01 5.58810000e-02
 8.20820407e+01 5.53530000e-02
 8.20318710e+01 5.56693941e-02
 8.11225471e+01 5.60400000e-02
 8.16834610e+01 5.61620505e-02
 8.12828524e+01 5.63570000e-02
 8.13746388e+01 5.56170000e-02
 8.22970370e+01 5.56170000e-02
 8.19115159e+01 5.56170000e-02
 8.27239497e+01 5.56170000e-02
 8.22340723e+01 5.58810000e-02
 8.21368714e+01 5.63107428e-02
 8.16310606e+01 5.64100000e-02
 8.21761785e+01 5.72817672e-02
 8.22732799e+01 5.76250000e-02
 8.28433236e+01 5.56700000e-02
 8.35931610e+01 5.56700000e-02
 8.27605589e+01 5.67270000e-02
 8.33458604e+01 5.67270000e-02
 8.27585992e+01 5.65150000e-02
 8.26539650e+01 5.73611666e-02
 8.24930164e+01 5.74130000e-02
 8.30396311e+01 5.68194754e-02
 8.31646654e+01 5.67270000e-02
 8.38173143e+01 5.80470000e-02
 8.41787568e+01 5.80470000e-02
 8.34427183e+01 5.53000000e-02
 8.39111310e+01 5.53099928e-02
 8.32059723e+01 5.66740000e-02
 8.30403660e+01 5.70427213e-02
 8.29183312e+01 5.70440000e-02
 8.33675346e+01 5.66865045e-02
 8.36423439e+01 5.66740000e-02
 8.46277560e+01 5.72020000e-02
 8.43729410e+01 5.72020000e-02
 8.42631402e+01 5.77300000e-02
 8.47077425e+01 5.77032498e-02
 8.37798264e+01 5.74130000e-02
 8.39610482e+01 5.75720000e-02
 8.35958106e+01 5.75720000e-02
 8.39553961e+01 5.77300000e-02
 8.40708686e+01 5.77300000e-02
 8.51245823e+01 5.73610000e-02
 8.45411047e+01 5.73610000e-02
 8.51194454e+01 5.69910000e-02
 8.48887745e+01 5.72555682e-02
 8.37685614e+01 5.82060000e-02
 8.47624021e+01 5.75190000e-02
 8.40084666e+01 5.75190000e-02
 8.44664163e+01 5.94210000e-02
 8.49195463e+01 5.94210000e-02
 8.57023950e+01 5.91570000e-02
 8.46381034e+01 5.91570000e-02
 8.60547665e+01 5.82590000e-02
 8.51632951e+01 5.81614201e-02
 8.46925033e+01 5.81000000e-02
 8.47815740e+01 5.88277778e-02
 8.43176285e+01 5.94210000e-02
 8.56368166e+01 5.78890000e-02
 8.57299621e+01 5.78890000e-02
 8.53620416e+01 5.86290000e-02
 8.60851321e+01 5.86290000e-02
 8.62137251e+01 5.84170000e-02
 8.51128945e+01 5.87715971e-02
 8.53080363e+01 5.87870000e-02
 8.48109332e+01 5.79805403e-02
 8.49644264e+01 5.78890000e-02
 8.56219265e+01 5.84170000e-02
 8.55940829e+01 5.84170000e-02
 8.64503755e+01 5.77830000e-02
 8.60888912e+01 5.77978334e-02
 8.63898595e+01 5.84170000e-02
 8.62668081e+01 5.91570000e-02
 8.63687452e+01 5.91570000e-02
 8.52317853e+01 5.99353958e-02
 8.61512716e+01 5.99490000e-02
 8.53278601e+01 6.05310000e-02
 8.55612629e+01 6.05310000e-02
 8.66663303e+01 5.94740000e-02
 8.53693548e+01 5.93706937e-02
 8.70165793e+01 5.85760000e-02
 8.71214267e+01 5.96320000e-02
 8.66581164e+01 5.96320000e-02
 8.71807642e+01 6.06360000e-02
 8.70114657e+01 6.06360000e-02
 8.57478943e+01 6.18510000e-02
 8.69909942e+01 6.18510000e-02
 8.58509498e+01 6.10060000e-02
 8.64123476e+01 6.08893905e-02
 8.67526077e+01 6.05310000e-02
 8.64174938e+01 6.02140000e-02
 8.77288635e+01 6.02140000e-02
 8.69186698e+01 5.96320000e-02
 8.76480193e+01 5.96320000e-02
 8.77589471e+01 6.09000000e-02
 8.74152844e+01 6.09000000e-02
 8.73495450e+01 5.99490000e-02
 8.74174899e+01 5.99716598e-02
 8.63147685e+01 6.00020000e-02
 8.65590411e+01 6.26440000e-02
 8.62050130e+01 6.26440000e-02
 8.65809011e+01 6.19040000e-02
 8.74946781e+01 6.19040000e-02
 8.75610643e+01 6.18510000e-02
 8.84412899e+01 6.18510000e-02
 8.81321879e+01 6.10060000e-02
 8.72702843e+01 6.09234022e-02
 8.76950998e+01 6.09000000e-02
 8.74678231e+01 6.17413856e-02
 8.72042664e+01 6.20630000e-02
 8.73769421e+01 6.11650000e-02
 8.68484371e+01 6.11650000e-02
 8.79071720e+01 6.11650000e-02
 8.75127480e+01 6.11652343e-02
 8.79063992e+01 6.12170000e-02
 8.88991285e+01 6.12170000e-02
 8.76359918e+01 6.12170000e-02
 8.82821757e+01 6.13742077e-02
 8.78612238e+01 6.13760000e-02
 8.75574898e+01 6.14290000e-02
 8.72070401e+01 6.14290000e-02
 8.75319504e+01 6.13230000e-02
 8.74076233e+01 6.14808848e-02
 8.89144372e+01 6.23800000e-02
 8.76589119e+01 6.11650000e-02
 8.85630307e+01 6.11650000e-02
 8.90461440e+01 6.06360000e-02
 8.79849421e+01 6.06360000e-02
 8.96898046e+01 6.08480000e-02
 8.81834580e+01 6.07807667e-02
 8.82143570e+01 6.06890000e-02
 8.82771219e+01 6.08798260e-02
 8.78590967e+01 6.13230000e-02
 8.78642212e+01 6.13230000e-02
 8.81858572e+01 6.13230000e-02
 8.75196226e+01 6.25910000e-02
 8.82961492e+01 6.25910000e-02
 8.74211598e+01 6.12170000e-02
 8.87438678e+01 6.14078767e-02
 8.90671225e+01 6.15340000e-02
 8.81814480e+01 6.12073434e-02
 8.96121011e+01 6.08480000e-02
 8.85787327e+01 6.15870000e-02
 8.92031053e+01 6.15870000e-02
 8.89420178e+01 6.09000000e-02
 8.88096964e+01 6.09000000e-02
 8.84994684e+01 6.17460000e-02
 8.83577828e+01 6.27875321e-02
 8.79938797e+01 6.31190000e-02
 8.85656483e+01 6.27800759e-02
 8.77473434e+01 6.25910000e-02
 8.88123875e+01 6.21160000e-02
 8.92372028e+01 6.21160000e-02
 8.86860261e+01 6.07420000e-02
 8.96151319e+01 6.07420000e-02
 8.91868584e+01 6.04780000e-02
 8.98176816e+01 6.04780000e-02
 8.92538231e+01 6.18510000e-02
 8.87467023e+01 6.09705988e-02
 8.92823360e+01 6.09000000e-02
 8.85510008e+01 6.32250000e-02
 8.85717460e+01 6.32250000e-02
 8.89275847e+01 6.22740000e-02
 8.85257573e+01 6.23365192e-02
 8.95866665e+01 6.27500000e-02
 8.96010395e+01 6.28021627e-02
 8.93193039e+01 6.33310000e-02
 8.99389887e+01 6.21160000e-02
 8.93100383e+01 6.21160000e-02
 9.01455662e+01 6.26440000e-02
 8.91094172e+01 6.26440000e-02
 8.89047654e+01 6.17460000e-02
 8.90561844e+01 6.17460000e-02
 8.86830017e+01 6.17460000e-02
 8.88527206e+01 6.17256539e-02
 8.90336364e+01 6.16930000e-02
 8.88933517e+01 6.28020000e-02
 8.95898552e+01 6.28020000e-02
 8.93641208e+01 6.27500000e-02
 9.03927960e+01 6.27500000e-02
 9.03172491e+01 6.37530000e-02
 9.00686496e+01 6.29198422e-02
 9.07343287e+01 6.25380000e-02
 8.94572403e+01 6.26573569e-02
 9.00467318e+01 6.27500000e-02
 8.96640906e+01 6.23800000e-02
 8.96578270e+01 6.23800000e-02
 8.91647868e+01 6.25910000e-02
 8.90593751e+01 6.25910000e-02
 8.91122442e+01 6.16930000e-02
 8.93415406e+01 6.16930000e-02
 8.86727845e+01 6.33310000e-02
 9.03071620e+01 6.29040723e-02
 9.00392639e+01 6.27500000e-02
 9.02847172e+01 6.29080000e-02
 9.02605301e+01 6.29080000e-02
 9.00543514e+01 6.44400000e-02
 9.08259583e+01 6.44400000e-02
 8.94270144e+01 6.19040000e-02
 9.09616638e+01 6.40520928e-02
 9.06042323e+01 6.41760000e-02
 8.98690772e+01 6.37167667e-02
 9.02390543e+01 6.36480000e-02
 8.98971255e+01 6.47040000e-02
 8.90733739e+01 6.47040000e-02
 8.96902790e+01 6.33310000e-02
 8.90964089e+01 6.33402212e-02
 9.03319915e+01 6.39650000e-02
 8.90683371e+01 6.48099457e-02
 8.98377268e+01 6.48100000e-02
 9.01975817e+01 6.48625271e-02
 9.01524459e+01 6.48630000e-02
 9.13760800e+01 6.52330000e-02
 9.01640403e+01 6.52330000e-02
 9.11627931e+01 6.56550000e-02
 9.05177872e+01 6.54645499e-02
 8.99535502e+01 6.49690000e-02
 8.94870691e+01 6.48986961e-02
 8.99284610e+01 6.46520000e-02
 8.98761890e+01 6.48630000e-02
 9.00478594e+01 6.48630000e-02
 8.90477721e+01 6.45460000e-02
 9.05634305e+01 6.45460000e-02
 9.06535841e+01 6.41230000e-02
 9.10853321e+01 6.52068284e-02
 9.07371126e+01 6.56550000e-02
 9.07933519e+01 6.49910310e-02
 9.15888924e+01 6.45460000e-02
 9.01423875e+01 6.51270000e-02
 9.04320624e+01 6.51270000e-02
 9.04525196e+01 6.61840000e-02
 9.03126763e+01 6.61840000e-02
 8.98927383e+01 6.56550000e-02
 8.98692974e+01 6.53775321e-02
 8.97289009e+01 6.53380000e-02
 9.00105622e+01 6.64626464e-02
 8.97809000e+01 6.67650000e-02
 9.08376841e+01 6.66060000e-02
 9.06297073e+01 6.66060000e-02
 9.07713971e+01 6.72930000e-02
 9.09443847e+01 6.72930000e-02
 9.08057492e+01 6.66060000e-02
 9.19573504e+01 6.66060000e-02
 9.06457150e+01 6.66060000e-02
 9.17235308e+01 6.73335559e-02
 9.11955678e+01 6.73990000e-02
 9.04476791e+01 6.71350000e-02
 9.10760926e+01 6.71350000e-02
 9.08421080e+01 6.72410000e-02
 9.05098360e+01 6.72465386e-02
 9.05570091e+01 6.73990000e-02
 9.00329686e+01 6.60250000e-02
 9.06251171e+01 6.60250000e-02
 8.98770407e+01 6.59209658e-02
 9.05262982e+01 6.59200000e-02
 9.08212741e+01 6.70820000e-02
 9.02102248e+01 6.70820000e-02
 9.10016619e+01 6.63950000e-02
 9.03342924e+01 6.65506420e-02
 9.15821959e+01 6.76100000e-02
 9.08245217e+01 6.76100000e-02
 9.16418689e+01 6.76100000e-02
 9.14622802e+01 6.79270000e-02
 9.14446826e+01 6.79270000e-02
 9.13138615e+01 6.65540000e-02
 9.12151357e+01 6.65540000e-02
 9.10208236e+01 6.77160000e-02
 9.10621538e+01 6.71380414e-02
 9.02226567e+01 6.63950000e-02
 9.07291046e+01 6.73990000e-02
 9.03107643e+01 6.73990000e-02
 9.06068669e+01 6.72930000e-02
 9.11526169e+01 6.72930000e-02
 9.01767663e+01 6.65540000e-02
 9.15743598e+01 6.65540000e-02
 9.13524214e+01 6.68710000e-02
 9.19346691e+01 6.64145206e-02
 9.17065092e+01 6.63420000e-02
 9.13201438e+01 6.70585065e-02
 9.20400415e+01 6.72410000e-02
 9.13966255e+01 6.80860000e-02
 9.07353231e+01 6.80754962e-02
 9.13738838e+01 6.75580000e-02
 9.04339987e+01 6.75580000e-02
 9.11869153e+01 6.73990000e-02
 9.00955488e+01 6.67805907e-02
 9.12838023e+01 6.67650000e-02
 9.04080507e+01 6.78783087e-02
 9.03481161e+01 6.79800000e-02
 9.11912069e+01 6.77160000e-02
 9.11760707e+01 6.76686484e-02
 9.22027061e+01 6.72410000e-02
 9.11295830e+01 6.72373685e-02
 9.16491077e+01 6.71350000e-02
 9.22317794e+01 6.73990000e-02
 9.17359887e+01 6.73990000e-02
 9.22160130e+01 6.93351800e-02
 9.21958463e+01 6.93540000e-02
 9.15833670e+01 6.93540000e-02
 9.19082183e+01 6.86433054e-02
 9.18313700e+01 6.63420000e-02
 9.20261703e+01 6.64709922e-02
 9.10095170e+01 6.72930000e-02
 9.04778984e+01 6.73990000e-02
 9.09762664e+01 6.73990000e-02
 9.07940211e+01 6.86670000e-02
 9.12286425e+01 6.86670000e-02
 9.03793899e+01 6.72410000e-02
 9.13191770e+01 6.76677868e-02
 9.02370056e+01 6.82970000e-02
 9.16289040e+01 6.81920787e-02
 9.14289778e+01 6.79270000e-02
 9.14035354e+01 6.77690000e-02
 9.14445136e+01 6.77690000e-02
 9.21333045e+01 6.91950000e-02
 9.22627415e+01 6.91950000e-02
 9.27671421e+01 6.99880000e-02
 9.13562337e+01 6.99880000e-02
 9.21533613e+01 6.86140000e-02
 9.15169247e+01 6.87139512e-02
 9.20693789e+01 6.87730000e-02
 9.15775387e+01 6.86670000e-02
 9.05754914e+01 6.86670000e-02
 9.15200895e+01 6.93010000e-02
 9.07826136e+01 6.93010000e-02
 9.17822150e+01 6.81390000e-02
 9.07826945e+01 6.81390000e-02
 9.17185922e+01 6.86140000e-02
 9.19727528e+01 6.96389723e-02
 9.19696440e+01 6.96710000e-02
 9.22715667e+01 6.92226834e-02
 9.26481745e+01 6.91950000e-02
 9.15223594e+01 6.96180000e-02
 9.25032637e+01 6.96983504e-02
 9.17095527e+01 7.00410000e-02
 9.21379559e+01 7.00240116e-02
 9.14832643e+01 6.98820000e-02
 9.20489073e+01 7.03580000e-02
 9.16708090e+01 7.03580000e-02
 9.07880479e+01 6.96710000e-02
 9.17622752e+01 6.96710000e-02
 9.08418845e+01 6.94600000e-02
 9.16741936e+01 6.89316146e-02
 9.08590737e+01 6.81390000e-02
 9.16901534e+01 6.78878163e-02
 9.20967693e+01 6.72410000e-02
 9.17849646e+01 6.82970000e-02
 9.18067817e+01 6.82970000e-02
 9.21510196e+01 6.72930000e-02
 9.23654983e+01 6.72930000e-02
 9.27586430e+01 6.71350000e-02
 9.22524832e+01 6.73186368e-02
 9.30202407e+01 6.74520000e-02
 9.23519403e+01 6.80024352e-02
 9.26382114e+01 6.86670000e-02
 9.27111370e+01 6.90370000e-02
 9.20695377e+01 6.90370000e-02
 9.13088392e+01 6.81390000e-02
 8.89008155e+01 6.81390000e-02
 8.90741870e+01 6.72930000e-02
 8.67723160e+01 6.69032547e-02
 8.61285154e+01 6.67650000e-02
 8.55445478e+01 6.53904766e-02
 8.40466534e+01 6.45460000e-02
 8.31237752e+01 6.51800000e-02
 8.30835597e+01 6.51800000e-02
 8.16153468e+01 6.65540000e-02
 8.02490547e+01 6.65540000e-02
 7.97070610e+01 6.57080000e-02
 7.72711310e+01 6.49439641e-02
 7.72265870e+01 6.48630000e-02
 7.67152925e+01 6.61373773e-02
 7.62739724e+01 6.63420000e-02
 7.40157134e+01 6.59200000e-02
 7.32335114e+01 6.59200000e-02
 7.26911801e+01 6.67120000e-02
 7.17176852e+01 6.66444143e-02
 7.10245495e+01 6.54970000e-02
 6.90701362e+01 6.55510560e-02
 6.95402038e+01 6.73990000e-02
 6.82508485e+01 6.82970000e-02
 6.70485857e+01 6.82970000e-02
 6.60122727e+01 7.00410000e-02
 6.54837511e+01 7.00410000e-02
 6.56291142e+01 6.93540000e-02
 6.40869647e+01 6.89689587e-02
 6.27356882e+01 6.84560000e-02
 6.22539040e+01 6.86183444e-02
 6.15101657e+01 6.89310000e-02
 6.06399705e+01 6.82970000e-02
 6.04610472e+01 6.82970000e-02
 5.93279249e+01 6.86140000e-02
 5.82348244e+01 6.86140000e-02
 5.75072357e+01 6.75580000e-02
 5.63916255e+01 6.71371246e-02
 5.59741718e+01 6.69240000e-02
 5.53267918e+01 6.60963033e-02
 5.48192928e+01 6.53910000e-02
 5.40282475e+01 6.42820000e-02
 5.38093908e+01 6.42820000e-02
 5.28248960e+01 6.41760000e-02
 5.18888651e+01 6.41760000e-02
 5.13306935e+01 6.40180000e-02
 5.04973040e+01 6.40180000e-02
 4.98430102e+01 6.40180000e-02
 4.87893229e+01 6.42064557e-02
 4.85380315e+01 6.42820000e-02
 4.76005980e+01 6.33310000e-02
 4.66166947e+01 6.33301096e-02
 4.66588727e+01 6.25910000e-02
 4.53716996e+01 6.25910000e-02
 4.50886964e+01 6.33310000e-02
 4.43932304e+01 6.23371399e-02
 4.38458364e+01 6.22740000e-02
 4.28418896e+01 6.28664288e-02
 4.30024877e+01 6.29610000e-02
 4.20590071e+01 6.32250000e-02
 4.16054478e+01 6.32278369e-02
 4.13016646e+01 6.32780000e-02
 4.09199577e+01 6.32746057e-02
 3.98313207e+01 6.29080000e-02
 3.95716233e+01 6.25384407e-02
 3.88838952e+01 6.25380000e-02
 3.83597123e+01 6.37731910e-02
 3.74359201e+01 6.38060000e-02
 3.70507077e+01 6.25380000e-02
 3.62315331e+01 6.25380000e-02
 3.56290318e+01 6.33310000e-02
 3.56218137e+01 6.30278196e-02
 3.51945161e+01 6.19040000e-02
 3.46107061e+01 6.27500000e-02
 3.42930320e+01 6.27500000e-02
 3.35037784e+01 6.15340000e-02
 3.27888929e+01 6.15340000e-02
 3.21938582e+01 6.20100000e-02
 3.20249573e+01 6.20100000e-02
 3.19690731e+01 6.13760000e-02
 3.10671807e+01 6.14759377e-02
 3.06359082e+01 6.15340000e-02
 3.00049165e+01 6.18544489e-02
 2.94276157e+01 6.21160000e-02
 2.92221590e+01 6.12170000e-02
 2.92860931e+01 6.12170000e-02
 2.84496626e+01 6.09000000e-02
 2.76614062e+01 6.09000000e-02
 2.74958831e+01 6.21160000e-02
 2.72805609e+01 5.95568513e-02
 2.68691193e+01 5.91040000e-02
 2.60258898e+01 5.89860796e-02
 2.56132579e+01 5.89460000e-02
 2.56416325e+01 5.94210000e-02
 2.52739392e+01 5.94291347e-02
 2.43827735e+01 6.08480000e-02
 2.41076645e+01 6.08480000e-02
 2.41015632e+01 6.10590000e-02
 2.34526901e+01 6.41617572e-02
 2.28617041e+01 6.42820000e-02
 2.27371259e+01 6.61603778e-02
 2.24433985e+01 6.63950000e-02
 2.18604672e+01 6.66060000e-02
 2.16046481e+01 6.64801754e-02
 2.13501577e+01 6.48630000e-02
 2.07866344e+01 6.48697213e-02
 2.05865480e+01 6.52330000e-02
 2.04912473e+01 6.58139658e-02
 1.96945935e+01 6.58140000e-02
 1.93224707e+01 6.32826796e-02
 1.93440263e+01 6.32250000e-02
 1.87718395e+01 6.21160000e-02
 1.85835967e+01 6.26253205e-02
 1.82540815e+01 6.47040000e-02
 1.77524384e+01 6.45885369e-02
 1.78170739e+01 6.35950000e-02
 1.72822397e+01 6.29080000e-02
 1.69607426e+01 6.29080000e-02
 1.67731993e+01 6.32250000e-02
 1.62439095e+01 6.32250000e-02
 1.62717209e+01 6.10060000e-02
 1.57958942e+01 6.15629691e-02
 1.55662989e+01 6.22740000e-02
 1.52083042e+01 6.21146729e-02
 1.46560154e+01 6.18510000e-02
 1.48201555e+01 6.16930000e-02
 1.42490602e+01 6.16930000e-02
 1.42599758e+01 6.14290000e-02
 1.37087607e+01 6.14290000e-02
 1.35584608e+01 6.09000000e-02
 1.32915609e+01 6.09000000e-02
 1.31023767e+01 6.06890000e-02
 1.28986313e+01 6.05612136e-02
 1.25653630e+01 6.05310000e-02
 1.23513380e+01 5.84170000e-02
 1.19966159e+01 5.84170000e-02
 1.18966913e+01 5.75720000e-02
 1.15658749e+01 5.75453781e-02
 1.14602237e+01 5.59870000e-02
 1.10390835e+01 5.59870000e-02
 1.09083481e+01 5.65680000e-02
 1.05760200e+01 5.63620297e-02
 1.05049371e+01 5.63570000e-02
 1.02011043e+01 5.49830000e-02
 1.00118828e+01 5.49830000e-02
 9.84417373e+00 5.33980000e-02
 9.48950411e+00 5.33179302e-02
 9.43513910e+00 5.26060000e-02
 9.10339314e+00 5.25502908e-02
 9.08573934e+00 5.10210000e-02
 8.74616368e+00 4.99640000e-02
 8.68634328e+00 4.99640000e-02
 8.40599477e+00 5.01230000e-02
 8.18797915e+00 5.01230000e-02
 8.06118949e+00 4.95950000e-02
 7.76577901e+00 4.92305625e-02
 7.75925107e+00 4.80630000e-02
 7.45340418e+00 4.80938958e-02
 7.36550784e+00 4.82740000e-02
 7.20454995e+00 4.80100000e-02
 6.89893706e+00 4.80100000e-02
 6.86256533e+00 4.63190000e-02
 6.58669634e+00 4.63190000e-02
 6.45829119e+00 4.56330000e-02
 6.38806550e+00 4.64700837e-02
 6.11905695e+00 4.76930000e-02
 6.03908283e+00 4.73005722e-02
 5.90471214e+00 4.63190000e-02
 5.65330454e+00 4.44180000e-02
 5.59206865e+00 4.44180000e-02
 5.41729345e+00 4.44710000e-02
 5.21215029e+00 4.44710000e-02
 5.19796113e+00 4.37310000e-02
 5.03414485e+00 4.36021492e-02
 4.84315966e+00 4.35200000e-02
 4.78506969e+00 4.37928640e-02
 4.62722985e+00 4.40480000e-02
 4.42267818e+00 4.23050000e-02
 4.38828507e+00 4.23050000e-02
 4.27113354e+00 4.23570000e-02
 4.07860428e+00 4.23570000e-02
 4.00277813e+00 3.99800000e-02
 3.93064012e+00 4.02314036e-02
 3.79222780e+00 4.02450000e-02
 3.63788961e+00 4.12110419e-02
 3.59289615e+00 4.13010000e-02
 3.50534122e+00 4.10900000e-02
 3.35804195e+00 4.10900000e-02
 3.24128563e+00 4.18290000e-02
 3.18278392e+00 4.17594269e-02
 3.09042209e+00 4.11430000e-02
 2.95088791e+00 3.98750000e-02
 2.86818546e+00 3.98750000e-02
 2.82516768e+00 3.97160000e-02
 2.73198744e+00 3.97160000e-02
 2.64318176e+00 3.92410000e-02
 2.55912714e+00 3.92410000e-02
 2.47787900e+00 3.93990000e-02
 2.41868819e+00 3.93118582e-02
 2.33917304e+00 3.90300000e-02
 2.22905523e+00 3.71280000e-02
 2.16460599e+00 3.71280000e-02
 2.11727946e+00 3.68640000e-02
 2.07915005e+00 3.68640000e-02
 1.98654767e+00 3.73390000e-02
 1.92233683e+00 3.73390000e-02
 1.85682972e+00 3.52260000e-02
 1.83740824e+00 3.52474324e-02
 1.77340063e+00 3.52790000e-02
 1.73323869e+00 3.53241229e-02
 1.67159085e+00 3.54380000e-02
 1.60953395e+00 3.44340000e-02
 1.57229979e+00 3.44340000e-02
 1.53815734e+00 3.51210000e-02
 1.49910814e+00 3.51210000e-02
 1.46453753e+00 3.37470000e-02
 1.41840976e+00 3.45662352e-02
 1.37422076e+00 3.51210000e-02
 1.33836989e+00 3.37470000e-02
 1.30329397e+00 3.37470000e-02
 1.28019646e+00 3.33250000e-02
 1.26000763e+00 3.33250000e-02
 1.23447587e+00 3.33250000e-02
 1.20351195e+00 3.33250000e-02
 1.17384103e+00 3.21100000e-02
 1.15371626e+00 3.14959659e-02
 1.13090441e+00 3.13180000e-02
 1.11563226e+00 3.00500000e-02
 1.10027036e+00 3.00500000e-02
 1.08401014e+00 3.07890000e-02
 1.07120012e+00 3.07779231e-02
 1.05568389e+00 2.96800000e-02
 1.04743179e+00 2.96806383e-02
 1.03871706e+00 3.04730000e-02
 1.03204844e+00 3.05777919e-02
 1.02285507e+00 3.05780000e-02
 1.01679225e+00 2.97442964e-02
 1.01232500e+00 2.97330000e-02
 1.00875702e+00 2.74620000e-02
 1.00615915e+00 2.74620000e-02
 1.00399988e+00 2.86770000e-02
 1.00278364e+00 2.87559662e-02
 1.00169033e+00 2.89940000e-02
 1.00086298e+00 2.92050000e-02
 1.00040853e+00 2.92050000e-02
 1.00021471e+00 2.84650000e-02
 1.00010680e+00 2.84650000e-02
 1.00002835e+00 3.08950000e-02
 1.00002835e+00 3.08950000e-02
 1.00002835e+00 3.06310000e-02
 1.00001497e+00 1.31053330e-02
 1.00008338e+00 1.36240000e-02
 1.00078085e+00 1.33854781e-02
 1.00272658e+00 1.26740000e-02
 1.00425906e+00 1.35190000e-02
 1.01667806e+00 1.35190000e-02
 1.03219240e+00 1.38360000e-02
 1.02512856e+00 1.38360000e-02
 1.07938306e+00 1.34660000e-02
 1.07115886e+00 1.25741136e-02
 1.07652985e+00 1.22510000e-02
 1.15507772e+00 1.29784797e-02
 1.11843623e+00 1.33600000e-02
 1.23778258e+00 1.13530000e-02
 1.50772673e+00 1.13530000e-02
 1.32580784e+00 1.22510000e-02
 2.35302085e+00 1.22510000e-02
 2.26642327e+00 1.24620000e-02
 3.01487439e+00 1.19229811e-02
 1.69534540e+00 1.18810000e-02
 1.56582619e+00 1.21049262e-02
 2.64858253e+00 1.21460000e-02
 2.93610794e+00 1.23040000e-02
 2.52407433e+00 1.23040000e-02
 1.56895837e+00 1.39940000e-02
 2.01838282e+00 1.39947413e-02
 1.56763965e+00 1.41520000e-02
 2.52368159e+00 1.32601322e-02
 2.50396987e+00 1.32550000e-02
 2.73464607e+00 1.43135861e-02
 2.37543541e+00 1.43640000e-02
 2.41983937e+00 1.40470000e-02
 2.93169052e+00 1.40470000e-02
 2.20382179e+00 1.34660000e-02
 2.85583399e+00 1.35604431e-02
 3.00287158e+00 1.48390000e-02
 3.12496008e+00 1.43110000e-02
 3.42231205e+00 1.43110000e-02
 3.46192238e+00 1.58416620e-02
 3.70106267e+00 1.58420000e-02
 4.02594288e+00 1.43640000e-02
 3.87412500e+00 1.43640000e-02
 4.27892265e+00 1.43110000e-02
 4.15309237e+00 1.42895789e-02
 4.43810491e+00 1.42050000e-02
 4.73501893e+00 1.52090000e-02
 5.01824945e+00 1.52090000e-02
 5.08362328e+00 1.45220000e-02
 5.32374279e+00 1.45220000e-02
 5.81811881e+00 1.68990000e-02
 5.70668738e+00 1.68990000e-02
 5.78905636e+00 1.60540000e-02
 6.53872829e+00 1.58796248e-02
 6.54824908e+00 1.56840000e-02
 6.74330413e+00 1.61366165e-02
 7.36167364e+00 1.67930000e-02
 7.13758637e+00 1.64230000e-02
 8.06525475e+00 1.64230000e-02
 7.87121276e+00 1.67400000e-02
 7.68287256e+00 1.67400000e-02
 8.11019837e+00 1.61060000e-02
 8.16550851e+00 1.65278637e-02
 8.65228284e+00 1.65820000e-02
 8.82002378e+00 1.60041704e-02
 9.24305504e+00 1.58950000e-02
 9.31418202e+00 1.68990000e-02
 9.65964793e+00 1.68990000e-02
 9.94211845e+00 1.72680000e-02
 1.01554744e+01 1.72717915e-02
 1.05448587e+01 1.76910000e-02
 1.06141743e+01 1.95345175e-02
 1.10781611e+01 1.95390000e-02
 1.11762254e+01 1.94888459e-02
 1.15862004e+01 1.94870000e-02
 1.17030087e+01 2.09130000e-02
 1.22060306e+01 2.11968225e-02
 1.24301587e+01 2.26030000e-02
 1.26686790e+01 2.26202777e-02
 1.28357906e+01 2.28140000e-02
 1.32692419e+01 2.22860000e-02
 1.34392666e+01 2.22860000e-02
 1.37494190e+01 2.39760000e-02
 1.41974627e+01 2.39760000e-02
 1.42170169e+01 2.50320000e-02
 1.48478345e+01 2.50320000e-02
 1.48919003e+01 2.31310000e-02
 1.54000700e+01 2.34470466e-02
 1.55565285e+01 2.45570000e-02
 1.59148023e+01 2.50850000e-02
 1.63566888e+01 2.50850000e-02
 1.62883484e+01 2.65640000e-02
 1.69995809e+01 2.65640000e-02
 1.70375823e+01 2.63000000e-02
 1.73908775e+01 2.63000000e-02
 1.79709164e+01 2.75150000e-02
 1.78513229e+01 2.73920849e-02
 1.86864126e+01 2.71980000e-02
 1.86740594e+01 2.82010000e-02
 1.88917715e+01 2.82010000e-02
 1.95415711e+01 2.92580000e-02
 1.94591160e+01 2.92580000e-02
 1.98558656e+01 2.99440000e-02
 2.03525091e+01 2.99440000e-02
 2.02430073e+01 3.08950000e-02
 2.07686020e+01 3.16533989e-02
 2.13468849e+01 3.21100000e-02
 2.16329025e+01 3.14760000e-02
 2.16432952e+01 3.14760000e-02
 2.23393837e+01 3.33250000e-02
 2.24522637e+01 3.33250000e-02
 2.28002828e+01 3.23210000e-02
 2.32977696e+01 3.23210000e-02
 2.35111021e+01 3.49620000e-02
 2.35003119e+01 3.53693050e-02
 2.39435119e+01 3.53850000e-02
 2.46306466e+01 3.44484103e-02
 2.47091414e+01 3.43810000e-02
 2.47481345e+01 3.49090000e-02
 2.55302935e+01 3.50300924e-02
 2.60759599e+01 3.55960000e-02
 2.59902853e+01 3.57125596e-02
 2.61661774e+01 3.68110000e-02
 2.65210256e+01 3.72860000e-02
 2.70912680e+01 3.72860000e-02
 2.75320149e+01 3.79730000e-02
 2.73781846e+01 3.79730000e-02
 2.79471157e+01 3.90300000e-02
 2.84011941e+01 3.90300000e-02
 2.88536459e+01 3.90300000e-02
 2.87694784e+01 3.94077714e-02
 2.91729438e+01 4.06670000e-02
 2.97339258e+01 4.09840000e-02
 2.98760467e+01 4.09840000e-02
 3.06706057e+01 4.25690000e-02
 3.05685507e+01 4.25690000e-02
 3.07287484e+01 4.23050000e-02
 3.07611081e+01 4.20832571e-02
 3.12956814e+01 4.18820000e-02
 3.19442399e+01 4.19242137e-02
 3.22263416e+01 4.19880000e-02
 3.21349686e+01 4.30440000e-02
 3.24333119e+01 4.30440000e-02
 3.29190010e+01 4.37840000e-02
 3.32040865e+01 4.37840000e-02
 3.41698789e+01 4.41010000e-02
 3.43968965e+01 4.35001412e-02
 3.42371978e+01 4.32560000e-02
 3.48070223e+01 4.42845217e-02
 3.46667380e+01 4.49990000e-02
 3.51295387e+01 4.53160000e-02
 3.53503275e+01 4.53160000e-02
 3.60687249e+01 4.47870000e-02
 3.63805086e+01 4.47870000e-02
 3.65972708e+01 4.35200000e-02
 3.70117032e+01 4.21883764e-02
 3.70133700e+01 4.19880000e-02
 3.74043808e+01 4.26540864e-02
 3.72784342e+01 4.28330000e-02
 3.79649702e+01 4.18290000e-02
 3.84153964e+01 4.18290000e-02
 3.85246296e+01 3.71810000e-02
 3.91983190e+01 3.71864426e-02
 3.92698976e+01 3.75510000e-02
 3.98331980e+01 3.93990000e-02
 4.01802397e+01 3.93990000e-02
 4.06388256e+01 3.69723480e-02
 4.04682055e+01 3.69690000e-02
 4.09102336e+01 3.81840000e-02
 4.12468146e+01 3.81840000e-02
 4.13146897e+01 3.73920000e-02
 4.14107210e+01 3.80790215e-02
 4.17971107e+01 3.97690000e-02
 4.17171368e+01 3.97568598e-02
 4.21368927e+01 3.97160000e-02
 4.27878382e+01 4.09310000e-02
 4.29899210e+01 4.09310000e-02
 4.30945533e+01 4.20410000e-02
 4.36317046e+01 4.20410000e-02
 4.35104844e+01 4.23570000e-02
 4.41394005e+01 4.23291843e-02
 4.44263458e+01 4.23050000e-02
 4.46436404e+01 4.10900000e-02
 4.45445438e+01 4.10900000e-02
 4.56161224e+01 4.11950000e-02
 4.53957485e+01 4.11950000e-02
 4.58939305e+01 4.18290000e-02
 4.61082123e+01 4.18290000e-02
 4.66594712e+01 4.21460000e-02
 4.67687919e+01 4.26332541e-02
 4.75028106e+01 4.28330000e-02
 4.74649576e+01 4.25160000e-02
 4.72378163e+01 4.25160000e-02
 4.81743093e+01 4.33610000e-02
 4.78996335e+01 4.33610000e-02
 4.81597810e+01 4.49460000e-02
 4.84283566e+01 4.49460000e-02
 4.89449344e+01 4.25160000e-02
 4.89101517e+01 4.35593698e-02
 4.91544930e+01 4.37310000e-02
 4.95628170e+01 4.51040000e-02
 4.94824954e+01 4.51040000e-02
 5.05360189e+01 4.53160000e-02
 4.98908244e+01 4.53105094e-02
 5.08895123e+01 4.46290000e-02
 5.16126328e+01 4.46290000e-02
 5.11324773e+01 4.38890000e-02
 5.23088258e+01 4.46050498e-02
 5.23747148e+01 4.46290000e-02
 5.21986015e+01 4.51040000e-02
 5.29506533e+01 4.51040000e-02
 5.28323688e+01 4.59500000e-02
 5.29726786e+01 4.56821359e-02
 5.31587935e+01 4.37310000e-02
 5.28827740e+01 4.37778953e-02
 5.33417188e+01 4.43120000e-02
 5.35332895e+01 4.35720000e-02
 5.41646053e+01 4.35720000e-02
 5.39980985e+01 4.47350000e-02
 5.49012267e+01 4.47350000e-02
 5.52846725e+01 4.11950000e-02
 5.51960541e+01 4.03334465e-02
 5.59657274e+01 3.95580000e-02
 5.56228165e+01 4.03890953e-02
 5.58617775e+01 4.13540000e-02
 5.59404682e+01 4.18290000e-02
 5.55466802e+01 4.18290000e-02
 5.63004760e+01 4.23050000e-02
 5.69998567e+01 4.23050000e-02
 5.70291192e+01 4.21990000e-02
 5.78589346e+01 4.21990000e-02
 5.78975884e+01 4.27270000e-02
 5.77668723e+01 4.34325327e-02
 5.81003356e+01 4.36780000e-02
 5.77961086e+01 4.33610000e-02
 5.80124351e+01 4.33610000e-02
 5.85712077e+01 4.42060000e-02
 5.91372137e+01 4.42060000e-02
 5.89967090e+01 4.35200000e-02
 5.95902443e+01 4.35200000e-02
 6.01276613e+01 4.28860000e-02
 5.90611243e+01 4.34923460e-02
 5.96533975e+01 4.35720000e-02
 6.01893953e+01 4.36780000e-02
 6.01781725e+01 4.36780000e-02
 6.07758991e+01 4.35720000e-02
 6.16511090e+01 4.35605327e-02
 6.08106276e+01 4.28860000e-02
 6.09303098e+01 4.28860000e-02
 6.14207305e+01 4.47870000e-02
 6.15951429e+01 4.44785625e-02
 6.17379220e+01 4.44710000e-02
 6.25809686e+01 4.35720000e-02
 6.26541929e+01 4.35720000e-02
 6.21182977e+01 4.49990000e-02
 6.21309478e+01 4.49883025e-02
 6.30254131e+01 4.48930000e-02
 6.32504677e+01 4.48817109e-02
 6.33656526e+01 4.45760000e-02
 6.35378432e+01 4.49460000e-02
 6.36149192e+01 4.49460000e-02
 6.33829141e+01 4.38890000e-02
 6.39945458e+01 4.38890000e-02
 6.51987780e+01 4.39420000e-02
 6.45950040e+01 4.46393198e-02
 6.42739181e+01 4.63720000e-02
 6.46730780e+01 4.61894254e-02
 6.41816089e+01 4.55800000e-02
 6.51532707e+01 4.59500000e-02
 6.53802498e+01 4.59500000e-02
 6.59057543e+01 4.71650000e-02
 6.57621924e+01 4.71650000e-02
 6.51108047e+01 4.77460000e-02
 6.66565224e+01 4.73319451e-02
 6.70963178e+01 4.71650000e-02
 6.62190131e+01 4.73720175e-02
 6.64400231e+01 4.74820000e-02
 6.67191914e+01 4.78510000e-02
 6.72119426e+01 4.78510000e-02
 6.76761319e+01 4.74820000e-02
 6.71450020e+01 4.74820000e-02
 6.78743872e+01 4.79040000e-02
 6.74929666e+01 4.79040000e-02
 6.75717456e+01 4.84320000e-02
 6.88409745e+01 4.80460098e-02
 6.81726279e+01 4.80100000e-02
 6.83961199e+01 4.82740000e-02
 6.80398305e+01 4.82740000e-02
 6.93341410e+01 4.83800000e-02
 6.88938210e+01 4.83869984e-02
 6.90312694e+01 4.85910000e-02
 6.89129955e+01 4.85943503e-02
 6.93656885e+01 5.04400000e-02
 6.98066048e+01 4.92374436e-02
 6.99431413e+01 4.92250000e-02
 6.91545129e+01 5.00170000e-02
 7.00261794e+01 5.00170000e-02
 7.01311405e+01 4.88020000e-02
 7.09441727e+01 4.89150752e-02
 7.01547291e+01 4.96480000e-02
 7.01750940e+01 4.97411810e-02
 7.09824466e+01 5.12850000e-02
 7.09834146e+01 4.90660000e-02
 7.15142437e+01 4.90660000e-02
 7.11218496e+01 4.99120000e-02
 7.17872420e+01 4.99120000e-02
 7.10349790e+01 4.95950000e-02
 7.17182714e+01 5.00648091e-02
 7.23395831e+01 5.13380000e-02
 7.20428175e+01 5.02810000e-02
 7.19299604e+01 5.02810000e-02
 7.18689256e+01 5.05980000e-02
 7.29336204e+01 5.05980000e-02
 7.36086720e+01 5.08630000e-02
 7.27276667e+01 5.08630000e-02
 7.21925794e+01 5.15490000e-02
 7.29623691e+01 5.19932685e-02
 7.39164765e+01 5.25000000e-02
 7.33096650e+01 5.24431090e-02
 7.28581174e+01 5.23420000e-02
 7.35810371e+01 5.13910000e-02
 7.40101869e+01 5.13910000e-02
 7.41913588e+01 5.10210000e-02
 7.40573397e+01 5.10210000e-02
 7.36227050e+01 5.17080000e-02
 7.48522052e+01 5.12243417e-02
 7.40222600e+01 5.11270000e-02
 7.52696548e+01 5.09179599e-02
 7.52173835e+01 5.08630000e-02
 7.46216880e+01 5.20780000e-02
 7.44642883e+01 5.20780000e-02
 7.55691575e+01 5.22360000e-02
 7.58131244e+01 5.22159874e-02
 7.51095042e+01 5.13910000e-02
 7.52311392e+01 5.08630000e-02
 7.52802040e+01 5.08630000e-02
 7.61880342e+01 5.32312105e-02
 7.54931082e+01 5.32400000e-02
 7.64859163e+01 5.23950000e-02
 7.64177594e+01 5.23950000e-02
 7.53976622e+01 5.32930000e-02
 7.61320646e+01 5.33775494e-02
 7.66329904e+01 5.38210000e-02
 7.70360676e+01 5.23420000e-02
 7.64515431e+01 5.23420000e-02
 7.64962316e+01 5.27640000e-02
 7.64239023e+01 5.27640000e-02
 7.63848738e+01 5.11800000e-02
 7.74009967e+01 5.11800000e-02
 7.75511282e+01 5.11270000e-02
 7.81507780e+01 5.12433265e-02
 7.69502128e+01 5.14970000e-02
 7.69680502e+01 5.10210000e-02
 7.78774534e+01 5.10210000e-02
 7.70475459e+01 5.06510000e-02
 7.86101354e+01 5.06510000e-02
 7.86873108e+01 5.11800000e-02
 7.82862816e+01 5.11800000e-02
 7.70543950e+01 5.13380000e-02
 7.87491748e+01 5.15195106e-02
 7.79671448e+01 5.17080000e-02
 7.82782814e+01 5.08100000e-02
 7.95204799e+01 5.08100000e-02
 7.88827623e+01 5.09680000e-02
 7.85567163e+01 5.09680000e-02
 7.81047437e+01 5.15490000e-02
 7.91349081e+01 5.15490000e-02
 7.81726629e+01 5.19190000e-02
 7.93886557e+01 5.27658046e-02
 8.01823536e+01 5.31870000e-02
 7.92729799e+01 5.07040000e-02
 7.92700525e+01 5.07040000e-02
 7.93506421e+01 5.07040000e-02
 7.90879631e+01 5.07040000e-02
 7.93376768e+01 5.03340000e-02
 8.06624076e+01 5.03340000e-02
 8.04207360e+01 5.06510000e-02
 7.95056339e+01 5.13515079e-02
 8.05743280e+01 5.13910000e-02
 7.93658882e+01 5.08609801e-02
 8.02179458e+01 5.08100000e-02
 8.08350332e+01 5.04400000e-02
 8.10263335e+01 5.06606150e-02
 8.00683304e+01 5.18130000e-02
 8.00690832e+01 5.17400181e-02
 8.07831863e+01 5.11800000e-02
 7.98201355e+01 5.18660000e-02
 8.12358957e+01 5.18660000e-02
 8.12532396e+01 5.10210000e-02
 8.13816547e+01 5.10210000e-02
 8.08931741e+01 5.11800000e-02
 8.14185050e+01 5.11800000e-02
 8.04300934e+01 5.21830000e-02
 8.10914183e+01 5.18780730e-02
 8.18683858e+01 5.13380000e-02
 8.12987546e+01 5.18660000e-02
 8.25781952e+01 5.18660000e-02
 8.20160005e+01 5.15490000e-02
 8.16206668e+01 5.15490000e-02
 8.18833846e+01 5.16550000e-02
 8.20215981e+01 5.16550000e-02
 8.12188074e+01 5.29230000e-02
 8.23100115e+01 5.29230000e-02
 8.21816180e+01 5.29230000e-02
 8.23290908e+01 5.26060000e-02
 8.33297736e+01 5.26060000e-02
 8.25685952e+01 5.31870000e-02
 8.21721339e+01 5.31870000e-02
 8.25982064e+01 5.23420000e-02
 8.26719443e+01 5.22113580e-02
 8.19075865e+01 5.21830000e-02
 8.31475647e+01 5.25603599e-02
 8.28880973e+01 5.27120000e-02
 8.33544217e+01 5.28700000e-02
 8.39530836e+01 5.28700000e-02
 8.28880862e+01 5.13910000e-02
 8.32536183e+01 5.13910000e-02
 8.28525178e+01 5.27120000e-02
 8.31695762e+01 5.27120000e-02
 8.28229024e+01 5.36100000e-02
 8.40690752e+01 5.21524322e-02
 8.34118558e+01 5.19190000e-02
 8.41050975e+01 5.37150000e-02
 8.45673708e+01 5.37150000e-02
 8.33512456e+01 5.17080000e-02
 8.41556204e+01 5.17383319e-02
 8.34397159e+01 5.42440000e-02
 8.35967762e+01 5.42429841e-02
 8.40484150e+01 5.23950000e-02
 8.51997555e+01 5.47661983e-02
 8.39320866e+01 5.47720000e-02
 8.46617213e+01 5.57230000e-02
 8.46631127e+01 5.57230000e-02
 8.36382148e+01 5.42440000e-02
 8.40502995e+01 5.43239107e-02
 8.34856271e+01 5.45080000e-02
 8.45725798e+01 5.43394632e-02
 8.50759569e+01 5.38210000e-02
 8.48571852e+01 5.51420000e-02
 8.51051790e+01 5.51420000e-02
 8.55360353e+01 5.42960000e-02
 8.43639224e+01 5.42960000e-02
 8.41583167e+01 5.49300000e-02
 8.52764028e+01 5.49300000e-02
 8.41532783e+01 5.49300000e-02
 8.52017256e+01 5.55247654e-02
 8.51516574e+01 5.59870000e-02
 8.53769638e+01 5.57230000e-02
 8.62371116e+01 5.57230000e-02
 8.62326358e+01 5.42960000e-02
 8.53058839e+01 5.42960000e-02
 8.56156943e+01 5.54590000e-02
 8.49754447e+01 5.51928050e-02
 8.53162785e+01 5.51420000e-02
 8.55740615e+01 5.60734031e-02
 8.50805880e+01 5.64100000e-02
 8.64212962e+01 5.55120000e-02
 8.58910715e+01 5.55120000e-02
 8.65665629e+01 5.58810000e-02
 8.66320354e+01 5.58810000e-02
 8.64974002e+01 5.59870000e-02
 8.62669798e+01 5.63390000e-02
 8.64179052e+01 5.63570000e-02
 8.54639957e+01 5.52432866e-02
 8.56024532e+01 5.50890000e-02
 8.56534275e+01 5.60400000e-02
 8.55893303e+01 5.60400000e-02
 8.68098204e+01 5.65680000e-02
 8.66622958e+01 5.65878699e-02
 8.66920686e+01 5.79420000e-02
 8.71850302e+01 5.63048578e-02
 8.69925859e+01 5.63040000e-02
 8.64600107e+01 5.58923209e-02
 8.75219309e+01 5.58810000e-02
 8.62134174e+01 5.61980000e-02
 8.63671226e+01 5.61980000e-02
 8.60524504e+01 5.60400000e-02
 8.59659342e+01 5.61068274e-02
 8.73378635e+01 5.66740000e-02
 8.63036674e+01 5.61460000e-02
 8.75870542e+01 5.61460000e-02
 8.77494219e+01 5.63040000e-02
 8.75180706e+01 5.63040000e-02
 8.66409950e+01 5.65680000e-02
 8.71146879e+01 5.65680000e-02
 8.61064548e+01 5.63570000e-02
 8.68667512e+01 5.71139019e-02
 8.65939981e+01 5.79420000e-02
 8.71921040e+01 5.68474057e-02
 8.78792688e+01 5.53000000e-02
 8.69217482e+01 5.78890000e-02
 8.86220525e+01 5.78890000e-02
 8.78973645e+01 5.63040000e-02
 8.80437547e+01 5.63040000e-02
 8.75304105e+01 5.77830000e-02
 8.71799536e+01 5.73209561e-02
 8.72944527e+01 5.72550000e-02
 8.76542765e+01 5.70910178e-02
 8.66987631e+01 5.70440000e-02
 8.78769741e+01 5.61460000e-02
 8.85008486e+01 5.61460000e-02
 8.81973042e+01 5.75720000e-02
 8.88422104e+01 5.75720000e-02
 8.84730520e+01 5.63570000e-02
 8.91848705e+01 5.71779527e-02
 8.81290133e+01 5.72020000e-02
 8.86129664e+01 5.63850371e-02
 8.82952502e+01 5.63040000e-02
 8.77222052e+01 5.68850000e-02
 8.78495081e+01 5.68948424e-02
 8.80195858e+01 5.69910000e-02
 8.72254571e+01 5.70290876e-02
 8.82303593e+01 5.82590000e-02
 8.82865365e+01 5.81000000e-02
 8.80382992e+01 5.81000000e-02
 8.86669733e+01 5.72652826e-02
 8.87671047e+01 5.72550000e-02
 8.95552425e+01 5.61460000e-02
 8.88955313e+01 5.62295757e-02
 8.96229579e+01 5.65150000e-02
 8.87007339e+01 5.67177063e-02
 8.83141315e+01 5.81000000e-02
 8.86471330e+01 5.82060000e-02
 8.83140573e+01 5.82060000e-02
 8.75801263e+01 5.75720000e-02
 8.85085191e+01 5.75720000e-02
 8.90693256e+01 5.74130000e-02
 8.88536863e+01 5.74560160e-02
 8.92666969e+01 5.75190000e-02
 8.89200403e+01 5.73623004e-02
 8.98274987e+01 5.69910000e-02
 8.88902048e+01 5.73610000e-02
 8.98818602e+01 5.73610000e-02
 8.93564106e+01 5.70960000e-02
 8.90162981e+01 5.70960000e-02
 8.87094288e+01 5.65680000e-02
 8.90347485e+01 5.65680000e-02
 8.82116638e+01 5.72020000e-02
 8.95352364e+01 5.80563533e-02
 8.81774123e+01 5.84170000e-02
 8.93552226e+01 5.82060000e-02
 8.92444512e+01 5.82060000e-02
 8.95679484e+01 5.94740000e-02
 9.05994537e+01 5.94719703e-02
 8.91643443e+01 5.88400000e-02
 9.02562925e+01 5.88400000e-02
 8.93210713e+01 5.70960000e-02
 8.90844269e+01 5.79305178e-02
 8.87190772e+01 5.79420000e-02
 8.88575308e+01 5.84006693e-02
 8.90523124e+01 5.84170000e-02
 8.92372999e+01 5.79420000e-02
 8.87975340e+01 5.79871955e-02
 8.99874855e+01 5.82060000e-02
 8.97712074e+01 5.82505312e-02
 8.98131976e+01 5.87340000e-02
 9.06246370e+01 5.77300000e-02
 9.00260740e+01 5.77300000e-02
 9.06255975e+01 5.82590000e-02
 8.94499131e+01 5.82590000e-02
 9.02704264e+01 5.91040000e-02
 8.94714977e+01 5.85841364e-02
 8.90149917e+01 5.75190000e-02
 8.95424283e+01 5.76097220e-02
 8.92788274e+01 5.79420000e-02
 8.91550821e+01 5.82590000e-02
 8.94424960e+01 5.82590000e-02
 8.91392039e+01 5.77300000e-02
 8.98194598e+01 5.77300000e-02
 8.96574045e+01 5.84700000e-02
 9.00232253e+01 5.90568232e-02
 9.11795444e+01 5.96320000e-02
 8.97249487e+01 5.94316488e-02
 9.11144598e+01 5.91040000e-02
 9.02386361e+01 5.92630000e-02
 9.02286023e+01 5.92630000e-02
 9.03389112e+01 5.84170000e-02
 9.00978505e+01 5.84170000e-02
 9.01551187e+01 5.88400000e-02
 8.96888499e+01 5.88045183e-02
 8.96367329e+01 5.87870000e-02
 8.99158703e+01 5.90407807e-02
 8.90723749e+01 5.92630000e-02
 8.97645423e+01 5.91570000e-02
 9.02773449e+01 5.91570000e-02
 8.97452845e+01 5.93150000e-02
 9.03395981e+01 5.93150000e-02
 8.99914374e+01 5.98440000e-02
 9.11303747e+01 5.96592309e-02
 9.08223659e+01 5.96320000e-02
 9.08966375e+01 6.13311956e-02
 9.10760061e+01 6.16930000e-02
 9.05078240e+01 5.91570000e-02
 9.03290810e+01 5.91570000e-02
 8.98526814e+01 6.03720000e-02
 8.96604627e+01 6.03884404e-02
 9.05348909e+01 6.07420000e-02
 8.97254319e+01 6.07398416e-02
 9.03430930e+01 6.06360000e-02
 8.98082236e+01 6.10060000e-02
 9.03855260e+01 6.10060000e-02
 9.16544919e+01 6.13230000e-02
 9.07574947e+01 6.13230000e-02
 9.16666945e+01 5.92630000e-02
 9.06110020e+01 5.97107358e-02
 9.11690483e+01 6.06360000e-02
 9.05690628e+01 6.06585574e-02
 9.05987992e+01 6.07420000e-02
 9.08624114e+01 6.15870000e-02
 9.04876935e+01 6.15870000e-02
 8.95511243e+01 6.03190000e-02
 9.04081157e+01 6.03190000e-02
 8.94704678e+01 6.17460000e-02
 9.03468114e+01 6.17974818e-02
 8.96884625e+01 6.18510000e-02
 9.06019433e+01 6.17352379e-02
 9.02704311e+01 6.15340000e-02
 9.01179820e+01 6.15870000e-02
 9.16057211e+01 6.15870000e-02
 9.11003698e+01 6.20630000e-02
 9.14054901e+01 6.20630000e-02
 9.12034578e+01 6.05310000e-02
 9.15680247e+01 6.19062029e-02
 9.08206132e+01 6.25910000e-02
 9.08833213e+01 6.23326743e-02
 9.11576922e+01 6.21160000e-02
 9.13455356e+01 6.24330000e-02
 8.97782533e+01 6.24330000e-02
 9.12000398e+01 6.25380000e-02
 8.91481847e+01 6.25380000e-02
 8.89097368e+01 6.25910000e-02
 8.76182056e+01 6.08474481e-02
 8.64283172e+01 6.04780000e-02
 8.67091718e+01 5.92268075e-02
 8.46517895e+01 5.87340000e-02
 8.45435530e+01 5.89460000e-02
 8.37970758e+01 5.89450281e-02
 8.23039305e+01 5.83120000e-02
 8.09190947e+01 5.83120000e-02
 7.97550148e+01 5.84700000e-02
 7.81196274e+01 5.79631934e-02
 7.77247350e+01 5.79420000e-02
 7.78447780e+01 5.75986057e-02
 7.61529956e+01 5.75720000e-02
 7.52129299e+01 5.77300000e-02
 7.36632146e+01 5.77300000e-02
 7.36978603e+01 5.75720000e-02
 7.26995443e+01 5.75506452e-02
 7.13430612e+01 5.74130000e-02
 7.04311753e+01 5.78890000e-02
 6.97806229e+01 5.78890000e-02
 6.90474641e+01 6.03720000e-02
 6.80436607e+01 6.03720000e-02
 6.67164518e+01 5.77300000e-02
 6.67608451e+01 5.77300000e-02
 6.54011321e+01 5.82060000e-02
 6.49820030e+01 5.90161776e-02
 6.32169840e+01 5.98440000e-02
 6.28320886e+01 5.95287865e-02
 6.29251769e+01 5.89460000e-02
 6.17517294e+01 5.85760000e-02
 6.06126283e+01 5.85760000e-02
 6.02686352e+01 5.73610000e-02
 5.88215143e+01 5.73610000e-02
 5.78461955e+01 5.78890000e-02
 5.77439101e+01 5.80269012e-02
 5.72862516e+01 5.81000000e-02
 5.65609018e+01 5.73454130e-02
 5.56242579e+01 5.66740000e-02
 5.49318436e+01 5.54590000e-02
 5.41121859e+01 5.54590000e-02
 5.35303313e+01 5.55120000e-02
 5.27418257e+01 5.55120000e-02
 5.16777636e+01 5.63040000e-02
 5.09439875e+01 5.50576702e-02
 5.03283452e+01 5.47720000e-02
 4.95014799e+01 5.41025413e-02
 4.87613722e+01 5.38210000e-02
 4.86662591e+01 5.44020000e-02
 4.74172854e+01 5.44026615e-02
 4.72026067e+01 5.57230000e-02
 4.69368858e+01 5.57230000e-02
 4.58551983e+01 5.37150000e-02
 4.54589042e+01 5.55781495e-02
 4.47648183e+01 5.57230000e-02
 4.41698915e+01 5.57230000e-02
 4.35118482e+01 5.57230000e-02
 4.34074423e+01 5.63570000e-02
 4.22100184e+01 5.63083669e-02
 4.16877928e+01 5.53530000e-02
 4.10547841e+01 5.53551826e-02
 4.03943068e+01 5.56700000e-02
 3.98935024e+01 5.65660377e-02
 3.98822028e+01 5.65680000e-02
 3.92594777e+01 5.58393202e-02
 3.85995005e+01 5.58290000e-02
 3.83441692e+01 5.68850000e-02
 3.79671930e+01 5.63703060e-02
 3.72440007e+01 5.51950000e-02
 3.63776392e+01 5.49990700e-02
 3.60166233e+01 5.44020000e-02
 3.51798128e+01 5.36100000e-02
 3.45318624e+01 5.36100000e-02
 3.45144931e+01 5.42440000e-02
 3.38912706e+01 5.42440000e-02
 3.38195214e+01 5.48250000e-02
 3.31443679e+01 5.48250000e-02
 3.25806433e+01 5.46130000e-02
 3.19016968e+01 5.39593919e-02
 3.11471246e+01 5.36100000e-02
 3.12976547e+01 5.41380000e-02
 3.10332132e+01 5.41380000e-02
 3.03832603e+01 5.21830000e-02
 2.96159989e+01 5.21830000e-02
 2.93088729e+01 5.20250000e-02
 2.88551019e+01 5.20250000e-02
 2.86656903e+01 5.14970000e-02
 2.82310584e+01 5.04736105e-02
 2.74808171e+01 5.02810000e-02
 2.70626996e+01 5.09680000e-02
 2.68261562e+01 5.09680000e-02
 2.65727571e+01 5.10210000e-02
 2.59742212e+01 5.10216393e-02
 2.53316840e+01 5.11800000e-02
 2.53331078e+01 5.11800000e-02
 2.49797839e+01 5.17080000e-02
 2.42816546e+01 5.25128563e-02
 2.39562671e+01 5.25530000e-02
 2.37792261e+01 5.47720000e-02
 2.32759294e+01 5.47720000e-02
 2.27573696e+01 5.60400000e-02
 2.25998218e+01 5.62188018e-02
 2.23114603e+01 5.87340000e-02
 2.16471988e+01 5.87212175e-02
 2.15212884e+01 5.78890000e-02
 2.13046884e+01 5.88396179e-02
 2.06281322e+01 5.88400000e-02
 2.02952894e+01 5.79420000e-02
 2.03841300e+01 5.79420000e-02
 1.97133374e+01 5.75720000e-02
 1.93765544e+01 5.75620308e-02
 1.92286989e+01 5.75190000e-02
 1.85688892e+01 5.73723614e-02
 1.84743233e+01 5.58810000e-02
 1.82772238e+01 5.67270000e-02
 1.76763406e+01 5.67270000e-02
 1.76724235e+01 5.55120000e-02
 1.71763514e+01 5.55120000e-02
 1.69614151e+01 5.57230000e-02
 1.68088103e+01 5.55597586e-02
 1.61506231e+01 5.53530000e-02
 1.61649235e+01 5.51531228e-02
 1.56459515e+01 5.48250000e-02
 1.55176733e+01 5.51950000e-02
 1.52830221e+01 5.51950000e-02
 1.47574404e+01 5.33980000e-02
 1.47816790e+01 5.33980000e-02
 1.42738274e+01 5.38210000e-02
 1.43007272e+01 5.38210000e-02
 1.38400317e+01 5.38210000e-02
 1.36987932e+01 5.33157053e-02
 1.32666633e+01 5.31870000e-02
 1.30159079e+01 5.21830000e-02
 1.29051005e+01 5.21830000e-02
 1.26084644e+01 5.13910000e-02
 1.24837067e+01 5.13827227e-02
 1.20091920e+01 4.99120000e-02
 1.19531749e+01 4.95971806e-02
 1.15398950e+01 4.95950000e-02
 1.15452536e+01 5.05998656e-02
 1.11356094e+01 5.06510000e-02
 1.10912504e+01 4.91190000e-02
 1.07335101e+01 4.91190000e-02
 1.05188430e+01 4.81160000e-02
 1.01921956e+01 4.80642025e-02
 1.01265029e+01 4.73230000e-02
 9.93229925e+00 4.84320000e-02
 9.68414381e+00 4.84320000e-02
 9.59179860e+00 4.52645814e-02
 9.20750591e+00 4.52630000e-02
 9.15590365e+00 4.48930000e-02
 8.79639570e+00 4.48930000e-02
 8.79737016e+00 4.60020000e-02
 8.45930701e+00 4.54898812e-02
 8.35565220e+00 4.32560000e-02
 8.18872381e+00 4.29910000e-02
 7.84873443e+00 4.29910000e-02
 7.84462501e+00 4.27270000e-02
 7.48177804e+00 4.27270000e-02
 7.46975981e+00 3.93990000e-02
 7.28540995e+00 3.93990000e-02
 7.05747085e+00 4.02970000e-02
 7.02281960e+00 3.99494878e-02
 6.69399745e+00 3.92940000e-02
 6.63008946e+00 3.89240000e-02
 6.48637685e+00 3.89240000e-02
 6.20227670e+00 3.92410000e-02
 6.18803783e+00 3.92410000e-02
 5.98155379e+00 3.87650000e-02
 5.78474375e+00 3.87650000e-02
 5.75075037e+00 3.81840000e-02
 5.53549249e+00 3.86663361e-02
 5.35710566e+00 3.90820000e-02
 5.29595126e+00 3.85635641e-02
 5.06762941e+00 3.79730000e-02
 4.94846544e+00 3.66530000e-02
 4.90968109e+00 3.66530000e-02
 4.75632526e+00 3.62830000e-02
 4.59720124e+00 3.62830000e-02
 4.53456826e+00 3.64410000e-02
 4.38857558e+00 3.59498873e-02
 4.21033987e+00 3.59130000e-02
 4.14018108e+00 3.42633507e-02
 4.05191387e+00 3.40640000e-02
 3.86954112e+00 3.42760000e-02
 3.77304909e+00 3.42760000e-02
 3.73418938e+00 3.59130000e-02
 3.60856773e+00 3.57643655e-02
 3.47175985e+00 3.40110000e-02
 3.40731023e+00 3.39060000e-02
 3.32504235e+00 3.39060000e-02
 3.16600350e+00 3.31660000e-02
 3.06853326e+00 3.31660000e-02
 3.01251887e+00 3.35890000e-02
 2.92664682e+00 3.35890000e-02
 2.81119925e+00 3.34830000e-02
 2.70853980e+00 3.31862432e-02
 2.65434972e+00 3.21100000e-02
 2.58601459e+00 3.32190000e-02
 2.51844595e+00 3.32190000e-02
 2.41565941e+00 3.13180000e-02
 2.35308007e+00 3.13180000e-02
 2.29389777e+00 3.12650000e-02
 2.22717065e+00 3.12650000e-02
 2.14210872e+00 3.21630000e-02
 2.05877027e+00 3.13245482e-02
 2.01495794e+00 2.98910000e-02
 1.98376453e+00 2.94160000e-02
 1.91310124e+00 2.94160000e-02
 1.85468197e+00 3.02080000e-02
 1.77199152e+00 3.02080000e-02
 1.74188993e+00 2.95750000e-02
 1.69012666e+00 2.95750000e-02
 1.66251576e+00 2.89940000e-02
 1.61186280e+00 2.83284141e-02
 1.55520138e+00 2.77790000e-02
 1.50640533e+00 2.78840000e-02
 1.46679842e+00 2.78840000e-02
 1.43771870e+00 2.82010000e-02
 1.40105717e+00 2.82010000e-02
 1.36722672e+00 2.73560000e-02
 1.33772083e+00 2.64374648e-02
 1.29836433e+00 2.62470000e-02
 1.25746466e+00 2.50284267e-02
 1.23540144e+00 2.45570000e-02
 1.21718553e+00 2.60890000e-02
 1.19857584e+00 2.60890000e-02
 1.17613721e+00 2.51910000e-02
 1.15594697e+00 2.51905242e-02
 1.13165257e+00 2.46630000e-02
 1.10950567e+00 2.46630000e-02
 1.09361495e+00 2.50320000e-02
 1.08155393e+00 2.52402569e-02
 1.06606816e+00 2.52430000e-02
 1.05543923e+00 2.54550000e-02
 1.04488866e+00 2.54550000e-02
 1.03713393e+00 2.45570000e-02
 1.02825077e+00 2.41999671e-02
 1.02170378e+00 2.31310000e-02
 1.01547684e+00 2.32586667e-02
 1.01130267e+00 2.38170000e-02
 1.00790662e+00 2.50850000e-02
 1.00604599e+00 2.50850000e-02
 1.00449998e+00 2.50320000e-02
 1.00293965e+00 2.50320000e-02
 1.00186080e+00 2.56130000e-02
 1.00097437e+00 2.51595161e-02
 1.00055621e+00 2.47150000e-02
 1.00018482e+00 2.42141440e-02
 1.00007649e+00 2.33950000e-02
 1.00001433e+00 2.35530000e-02
 1.00001433e+00 2.35530000e-02
 1.00001433e+00 2.24970000e-02
 1.00000057e+00 2.24970000e-02
 1.00000057e+00 2.14410000e-02
 1.00000057e+00 2.12249825e-02
 1.00000053e+00 2.11240000e-02
