 1.00001450e+00 0.00000000e+00
 1.00021357e+00 0.00000000e+00
 1.00041290e+00 0.00000000e+00
 1.00086186e+00 4.27927948e-02
 1.00133285e+00 9.67662054e-02
 1.00148451e+00 9.67662054e-02
 1.00342456e+00 9.67662054e-02
 1.00227303e+00 9.67662054e-02
 1.00525821e+00 1.26693476e-01
 1.00943479e+00 1.30075406e-01
 1.01240518e+00 1.30075406e-01
 1.01138535e+00 1.30075406e-01
 1.00960418e+00 1.30075406e-01
 1.01665356e+00 1.32484712e-01
 1.02715147e+00 1.68643954e-01
 1.03792933e+00 1.68643954e-01
 1.04944106e+00 1.68643954e-01
 1.04781778e+00 1.68643954e-01
 1.04987068e+00 1.71565524e-01
 1.04771264e+00 1.74605030e-01
 1.04009427e+00 1.74605030e-01
 1.07839029e+00 1.74605030e-01
 1.08056631e+00 1.74605030e-01
 1.07500928e+00 1.47629355e-01
 1.04710619e+00 1.45503790e-01
 1.14278339e+00 1.45503790e-01
 1.18897747e+00 1.45503790e-01
 1.11956825e+00 1.45503790e-01
 1.16427523e+00 1.52101183e-01
 1.18153420e+00 2.26149528e-01
 1.21212745e+00 2.26149528e-01
 1.28864972e+00 2.26149528e-01
 1.20340943e+00 2.26149528e-01
 1.15481159e+00 2.33517864e-01
 1.13264740e+00 2.40174455e-01
 1.10432441e+00 2.40174455e-01
 1.10688426e+00 2.40174455e-01
 1.81124608e+00 2.40174455e-01
 1.18835578e+00 2.40174455e-01
 1.25165648e+00 3.03721156e-01
 1.74720785e+00 3.18020514e-01
 1.48802293e+00 3.18020514e-01
 1.13412274e+00 3.18020514e-01
 1.16497284e+00 3.16028205e-01
 1.15203825e+00 2.98733828e-01
 1.14172798e+00 2.98733828e-01
 1.35561769e+00 2.98733828e-01
 1.28402835e+00 2.98733828e-01
 1.36645193e+00 3.68514284e-01
 1.47256396e+00 4.23224342e-01
 1.72954853e+00 4.23224342e-01
 3.31279424e+00 4.23224342e-01
 1.26335884e+00 4.23224342e-01
 3.22762200e+00 4.23224342e-01
 1.37134649e+00 4.58134206e-01
 1.19967514e+00 4.64607039e-01
 1.21392042e+00 4.64607039e-01
 1.75409101e+00 4.64607039e-01
 3.49926199e+00 4.61405474e-01
 1.55559151e+00 4.39356866e-01
 1.74784381e+00 4.39356866e-01
 3.78859499e+00 4.39356866e-01
 2.02911302e+00 4.39356866e-01
 1.71632686e+00 4.39356866e-01
 2.63081271e+00 4.42154295e-01
 3.87776332e+00 4.46369329e-01
 2.83117660e+00 4.46369329e-01
 1.89689928e+00 4.46369329e-01
 1.30842491e+00 4.46369329e-01
 1.40727664e+00 5.00561725e-01
 2.08684934e+00 5.08092510e-01
 2.14018227e+00 5.08092510e-01
 1.98084371e+00 5.08092510e-01
 2.29780650e+00 5.08092510e-01
 3.73427058e+00 5.10153511e-01
 2.13393477e+00 5.57532592e-01
 2.35086425e+00 5.57543880e-01
 1.65510488e+00 5.57543880e-01
 1.76067353e+00 5.57543880e-01
 1.77079728e+00 5.76017309e-01
 1.73404612e+00 5.98928988e-01
 2.26402141e+00 5.98928988e-01
 2.40181840e+00 5.98928988e-01
 2.31264014e+00 5.98928988e-01
 2.72308515e+00 5.90710928e-01
 2.59941381e+00 5.89808928e-01
 2.62064463e+00 5.89808928e-01
 2.46847243e+00 5.89808928e-01
 2.24619445e+00 5.89808928e-01
 2.75574738e+00 5.91215637e-01
 2.24310058e+00 6.14010125e-01
 2.61170692e+00 6.14010125e-01
 2.91205410e+00 6.14010125e-01
 2.75798906e+00 6.14010125e-01
 2.91449613e+00 6.49480399e-01
 3.15506173e+00 6.87665103e-01
 3.07054041e+00 6.87665103e-01
 3.09234848e+00 6.87665103e-01
 3.19684947e+00 6.87665103e-01
 3.49915058e+00 7.69824704e-01
 3.36516212e+00 7.76758111e-01
 3.37912469e+00 7.76758111e-01
 3.38168428e+00 7.76758111e-01
 3.35089291e+00 7.76758111e-01
 3.53722401e+00 7.83392718e-01
 3.75711026e+00 8.54278626e-01
 3.26082599e+00 8.54278626e-01
 3.61485114e+00 8.54278626e-01
 3.66510212e+00 8.54278626e-01
 3.70100829e+00 8.34714022e-01
 3.82663303e+00 8.20954957e-01
 4.01065887e+00 8.20954957e-01
 4.13239865e+00 8.20954957e-01
 4.18783252e+00 8.20954957e-01
 3.85606718e+00 8.20954957e-01
 3.81294784e+00 8.96082540e-01
 4.14143925e+00 9.03739641e-01
 4.31803101e+00 9.03739641e-01
 4.34132796e+00 9.03739641e-01
 4.31790745e+00 9.49829587e-01
 4.25794621e+00 1.09984506e+00
 4.60579131e+00 1.09984506e+00
 4.78146741e+00 1.09984506e+00
 4.76080431e+00 1.09984506e+00
 4.71788755e+00 1.09984506e+00
 4.62147643e+00 1.15650448e+00
 4.60402917e+00 1.19387187e+00
 4.74490426e+00 1.19387187e+00
 4.93366500e+00 1.19387187e+00
 4.90994169e+00 1.19475708e+00
 5.32174360e+00 1.25408105e+00
 5.16796848e+00 1.25457260e+00
 5.19765487e+00 1.25457260e+00
 5.39569816e+00 1.25457260e+00
 5.52467316e+00 1.25457260e+00
 5.60146440e+00 1.29052870e+00
 5.76938602e+00 1.39913834e+00
 5.84233008e+00 1.39913834e+00
 5.72778171e+00 1.39913834e+00
 5.62551145e+00 1.39913834e+00
 5.87579198e+00 1.45088550e+00
 5.89076798e+00 1.46475840e+00
 6.01547789e+00 1.46475840e+00
 6.22062625e+00 1.46475840e+00
 6.17653223e+00 1.47909332e+00
 6.12858937e+00 1.59495438e+00
 6.39448026e+00 1.59495438e+00
 6.55790402e+00 1.59495438e+00
 6.28337316e+00 1.59495438e+00
 6.30810497e+00 1.59495438e+00
 6.47809999e+00 1.63236153e+00
 6.77784575e+00 1.67988525e+00
 7.13779744e+00 1.67988525e+00
 6.68284171e+00 1.67988525e+00
 6.99275108e+00 1.67988525e+00
 7.30386687e+00 1.78258551e+00
 6.85774640e+00 1.79114420e+00
 6.95281899e+00 1.79114420e+00
 7.39668719e+00 1.79114420e+00
 7.52200006e+00 1.79114420e+00
 7.33872760e+00 1.80247598e+00
 7.22714627e+00 1.91153768e+00
 7.35617119e+00 1.91153768e+00
 7.51744070e+00 1.91153768e+00
 7.50744548e+00 1.91153768e+00
 7.96451973e+00 1.96998970e+00
 8.18733630e+00 2.01860073e+00
 7.91241757e+00 2.01860073e+00
 8.20029562e+00 2.01860073e+00
 8.29888543e+00 2.01860073e+00
 8.22242552e+00 2.01860073e+00
 8.27126226e+00 2.04460863e+00
 8.31585246e+00 2.04984332e+00
 8.59793127e+00 2.04984332e+00
 8.85389184e+00 2.04984332e+00
 8.77432781e+00 2.06415454e+00
 8.74470792e+00 2.17236369e+00
 8.68712805e+00 2.17236369e+00
 9.14546480e+00 2.17236369e+00
 9.13877732e+00 2.17236369e+00
 9.26891905e+00 2.24640651e+00
 9.32646053e+00 2.29980822e+00
 9.26143082e+00 2.29980822e+00
 9.32696390e+00 2.29980822e+00
 9.35466724e+00 2.29980822e+00
 9.79354564e+00 2.29980822e+00
 9.91177221e+00 2.40835742e+00
 9.84573962e+00 2.42620859e+00
 9.87076855e+00 2.42620859e+00
 9.91594369e+00 2.42620859e+00
 9.92044669e+00 2.44149991e+00
 1.02059677e+01 2.53435920e+00
 1.03588038e+01 2.53435920e+00
 1.04859972e+01 2.53435920e+00
 1.03601154e+01 2.53435920e+00
 1.04381582e+01 2.53435920e+00
 1.06346550e+01 2.59619337e+00
 1.08034881e+01 2.68185001e+00
 1.09081200e+01 2.68185001e+00
 1.07318873e+01 2.68185001e+00
 1.09171079e+01 2.68185001e+00
 1.09536725e+01 2.80780451e+00
 1.10955624e+01 2.82443837e+00
 1.14045765e+01 2.82443837e+00
 1.14729026e+01 2.82443837e+00
 1.13847587e+01 2.84652917e+00
 1.15177669e+01 2.95614874e+00
 1.15780330e+01 2.95614874e+00
 1.18211526e+01 2.95614874e+00
 1.20207969e+01 2.95614874e+00
 1.20694544e+01 2.95614874e+00
 1.21567395e+01 3.00944364e+00
 1.22446543e+01 3.07347004e+00
 1.22755648e+01 3.07347004e+00
 1.24737678e+01 3.07347004e+00
 1.26209340e+01 3.07347004e+00
 1.26219214e+01 3.17149558e+00
 1.26575693e+01 3.18166406e+00
 1.27022715e+01 3.18166406e+00
 1.28239311e+01 3.18166406e+00
 1.30917910e+01 3.18166406e+00
 1.32160861e+01 3.18996095e+00
 1.30918131e+01 3.31516129e+00
 1.31586159e+01 3.31516129e+00
 1.33275309e+01 3.31516129e+00
 1.36806513e+01 3.31516129e+00
 1.37318264e+01 3.38601590e+00
 1.37029155e+01 3.45991271e+00
 1.38026508e+01 3.45991271e+00
 1.39290988e+01 3.45991271e+00
 1.41808374e+01 3.45991271e+00
 1.43619353e+01 3.58461259e+00
 1.42456873e+01 3.59448786e+00
 1.42727060e+01 3.59448786e+00
 1.43713003e+01 3.59448786e+00
 1.45507636e+01 3.59448786e+00
 1.48496627e+01 3.60555196e+00
 1.45635758e+01 3.71888433e+00
 1.45756951e+01 3.71888433e+00
 1.47761616e+01 3.71888433e+00
 1.53025721e+01 3.71888433e+00
 1.53925599e+01 3.76610099e+00
 1.53106665e+01 3.80673786e+00
 1.53006160e+01 3.80673786e+00
 1.54562053e+01 3.80673786e+00
 1.55620554e+01 3.80673786e+00
 1.58536908e+01 3.80673786e+00
 1.56841413e+01 3.93821811e+00
 1.57927161e+01 3.96594586e+00
 1.60627547e+01 3.96594586e+00
 1.62440160e+01 3.96594586e+00
 1.62985987e+01 3.97773243e+00
 1.62141745e+01 4.06295320e+00
 1.62141745e+01 4.06295320e+00
 1.66731408e+01 4.06295320e+00
 1.69487824e+01 4.06295320e+00
 1.70116889e+01 4.12969980e+00
 1.69154835e+01 4.17332475e+00
 1.68137512e+01 4.17332475e+00
 1.70825294e+01 4.17332475e+00
 1.73505456e+01 4.17332475e+00
 1.74159466e+01 4.17332475e+00
 1.72510937e+01 4.27079624e+00
 1.73589103e+01 4.27948350e+00
 1.77792163e+01 4.27948350e+00
 1.79316866e+01 4.27948350e+00
 1.78393321e+01 4.31913576e+00
 1.77069361e+01 4.43768352e+00
 1.81139528e+01 4.43768352e+00
 1.83925586e+01 4.43768352e+00
 1.83937579e+01 4.43768352e+00
 1.83026743e+01 4.43768352e+00
 1.83776501e+01 4.52925208e+00
 1.87643409e+01 4.58534796e+00
 1.89365705e+01 4.58534796e+00
 1.86752603e+01 4.58534796e+00
 1.85995002e+01 4.58858382e+00
 1.90681191e+01 4.74875142e+00
 1.93520671e+01 4.74955486e+00
 1.92388560e+01 4.74955486e+00
 1.92845007e+01 4.74955486e+00
 1.95163493e+01 4.74955486e+00
 1.97996051e+01 4.79133526e+00
 1.99183171e+01 4.90744862e+00
 1.97256168e+01 4.90744862e+00
 1.98829166e+01 4.90744862e+00
 2.03669236e+01 4.90744862e+00
 2.02692925e+01 5.03995806e+00
 2.00977376e+01 5.07239102e+00
 2.01445910e+01 5.07239102e+00
 2.05377993e+01 5.07239102e+00
 2.08445367e+01 5.08935297e+00
 2.06584831e+01 5.21132364e+00
 2.05870456e+01 5.21132364e+00
 2.09163238e+01 5.21132364e+00
 2.12630378e+01 5.21132364e+00
 2.12491422e+01 5.21132364e+00
 2.12300621e+01 5.29482837e+00
 2.13924883e+01 5.39353435e+00
 2.17721099e+01 5.39353435e+00
 2.18427048e+01 5.39353435e+00
 2.14360578e+01 5.39353435e+00
 2.16080961e+01 5.54690794e+00
 2.21279849e+01 5.55676944e+00
 2.21671648e+01 5.55676944e+00
 2.19376184e+01 5.55676944e+00
 2.19786932e+01 5.55676944e+00
 2.26068352e+01 5.57628333e+00
 2.27233703e+01 5.70348377e+00
 2.25065953e+01 5.70348377e+00
 2.27197398e+01 5.70348377e+00
 2.31650489e+01 5.70348377e+00
 2.31248346e+01 5.80765444e+00
 2.30197293e+01 5.86358159e+00
 2.30834794e+01 5.86358159e+00
 2.34116999e+01 5.86358159e+00
 2.35172381e+01 5.86358159e+00
 2.33679031e+01 5.86358159e+00
 2.35539856e+01 6.03698928e+00
 2.40807470e+01 6.05325811e+00
 2.40193076e+01 6.05325811e+00
 2.39680487e+01 6.05325811e+00
 2.42703028e+01 6.08738995e+00
 2.45145438e+01 6.21022347e+00
 2.44499677e+01 6.21022347e+00
 2.41959409e+01 6.21022347e+00
 2.45731628e+01 6.21022347e+00
 2.49868125e+01 6.33577043e+00
 2.48430767e+01 6.38762094e+00
 2.46927971e+01 6.38762094e+00
 2.50084136e+01 6.38762094e+00
 2.53670879e+01 6.38762094e+00
 2.53222437e+01 6.38762094e+00
 2.52175115e+01 6.53462640e+00
 2.56725841e+01 6.54391592e+00
 2.58895699e+01 6.54391592e+00
 2.57209188e+01 6.54391592e+00
 2.55573350e+01 6.58962498e+00
 2.59898688e+01 6.72839097e+00
 2.62482325e+01 6.72839097e+00
 2.59773221e+01 6.72839097e+00
 2.62123118e+01 6.72839097e+00
 2.67536072e+01 6.72839097e+00
 2.66758478e+01 6.80211588e+00
 2.65459378e+01 6.86218481e+00
 2.67352725e+01 6.86218481e+00
 2.70034340e+01 6.86218481e+00
 2.70430813e+01 6.86220388e+00
 2.68300351e+01 6.98655398e+00
 2.73560116e+01 6.99211553e+00
 2.73743380e+01 6.99211553e+00
 2.71453105e+01 6.99211553e+00
 2.72140999e+01 7.04787943e+00
 2.78436912e+01 7.19178747e+00
 2.80096578e+01 7.19178747e+00
 2.76941399e+01 7.19178747e+00
 2.80449862e+01 7.19178747e+00
 2.83911176e+01 7.19178747e+00
 2.82229109e+01 7.28507570e+00
 2.82043540e+01 7.35097858e+00
 2.86344111e+01 7.35097858e+00
 2.88145480e+01 7.35097858e+00
 2.85696561e+01 7.35141201e+00
 2.87281681e+01 7.50459416e+00
 2.93328255e+01 7.50912795e+00
 2.91003360e+01 7.50912795e+00
 2.89820503e+01 7.50912795e+00
 2.92637013e+01 7.50912795e+00
 2.97110148e+01 7.53565398e+00
 2.94569364e+01 7.69195358e+00
 2.93941850e+01 7.69195358e+00
 2.98019100e+01 7.69195358e+00
 2.98498659e+01 7.69195358e+00
 2.97489491e+01 7.79384032e+00
 3.00507347e+01 7.85612672e+00
 3.04832637e+01 7.85612672e+00
 3.02335958e+01 7.85612672e+00
 3.02030291e+01 7.85739799e+00
 3.09107858e+01 8.00398944e+00
 3.09331682e+01 8.00657396e+00
 3.07042425e+01 8.00657396e+00
 3.09805480e+01 8.00657396e+00
 3.11661273e+01 8.00657396e+00
 3.09369564e+01 8.03337000e+00
 3.10256526e+01 8.16267361e+00
 3.17914633e+01 8.16267361e+00
 3.16746924e+01 8.16267361e+00
 3.16041356e+01 8.16267361e+00
 3.19352746e+01 8.26510709e+00
 3.20939262e+01 8.31914221e+00
 3.19177288e+01 8.31914221e+00
 3.17659884e+01 8.31914221e+00
 3.25739511e+01 8.31914221e+00
 3.22957492e+01 8.31914221e+00
 3.21412361e+01 8.50177811e+00
 3.26205648e+01 8.52003433e+00
 3.26161609e+01 8.52003433e+00
 3.25472927e+01 8.52003433e+00
 3.29153133e+01 8.55144520e+00
 3.34226419e+01 8.67724325e+00
 3.26692790e+01 8.67724325e+00
 3.27061468e+01 8.67724325e+00
 3.33506821e+01 8.67724325e+00
 3.31773224e+01 8.79463322e+00
 3.32132808e+01 8.84786217e+00
 3.37980781e+01 8.84786217e+00
 3.41004486e+01 8.84786217e+00
 3.36637338e+01 8.84786217e+00
 3.38661175e+01 8.84786692e+00
 3.42884246e+01 8.99326389e+00
 3.39008221e+01 9.00016621e+00
 3.41260668e+01 9.00016621e+00
 3.44709883e+01 9.00016621e+00
 3.44180814e+01 9.04792929e+00
 3.42531809e+01 9.15248473e+00
 3.48306525e+01 9.15248473e+00
 3.48814913e+01 9.15248473e+00
 3.47368737e+01 9.15248473e+00
 3.54894149e+01 9.15248473e+00
 3.54430878e+01 9.27518087e+00
 3.52289777e+01 9.33126637e+00
 3.53784858e+01 9.33126637e+00
 3.57002711e+01 9.33126637e+00
 3.52648901e+01 9.33832227e+00
 3.56993421e+01 9.48467244e+00
 3.63806454e+01 9.48467244e+00
 3.59544496e+01 9.48467244e+00
 3.59865103e+01 9.48467244e+00
 3.64257718e+01 9.48467244e+00
 3.64670413e+01 9.53968664e+00
 3.61243439e+01 9.65220472e+00
 3.64279890e+01 9.65220472e+00
 3.65403496e+01 9.65220472e+00
 3.63398716e+01 9.65220472e+00
 3.72175820e+01 9.78517574e+00
 3.71532740e+01 9.80740732e+00
 3.70739196e+01 9.80740732e+00
 3.73656084e+01 9.80740732e+00
 3.77258967e+01 9.80740732e+00
 3.71428336e+01 9.81711496e+00
 3.75160432e+01 9.98943476e+00
 3.77726119e+01 9.98943476e+00
 3.72168578e+01 9.98943476e+00
 3.77768503e+01 9.98943476e+00
 3.82839089e+01 1.00633105e+01
 3.82348368e+01 1.01294983e+01
 3.81749831e+01 1.01294983e+01
 3.88610097e+01 1.01294983e+01
 3.85137432e+01 1.01296986e+01
 3.82028157e+01 1.02794236e+01
 3.89347874e+01 1.02840402e+01
 3.84466379e+01 1.02840402e+01
 3.84539123e+01 1.02840402e+01
 3.90507682e+01 1.02840402e+01
 3.92372574e+01 1.03111486e+01
 3.90316360e+01 1.04304820e+01
 3.98349260e+01 1.04304820e+01
 3.94775945e+01 1.04304820e+01
 3.91597090e+01 1.04304820e+01
 3.98239707e+01 1.05355717e+01
 3.97080007e+01 1.05808184e+01
 3.94300712e+01 1.05808184e+01
 3.99943007e+01 1.05808184e+01
 4.03772925e+01 1.05808184e+01
 3.98622379e+01 1.05808184e+01
 4.06394963e+01 1.07476943e+01
 4.04593950e+01 1.07587005e+01
 4.03266170e+01 1.07587005e+01
 4.07002395e+01 1.07587005e+01
 4.10169306e+01 1.07905994e+01
 4.04757483e+01 1.08896513e+01
 4.12453223e+01 1.08896513e+01
 4.11796549e+01 1.08896513e+01
 4.10617291e+01 1.08896513e+01
 4.17013577e+01 1.09981592e+01
 4.14784589e+01 1.10372072e+01
 4.11579966e+01 1.10372072e+01
 4.14449255e+01 1.10372072e+01
 4.16697778e+01 1.10372072e+01
 4.13294339e+01 1.10372141e+01
 4.21417531e+01 1.11869142e+01
 4.18940886e+01 1.11939555e+01
 4.19077236e+01 1.11939555e+01
 4.24846089e+01 1.11939555e+01
 4.26609503e+01 1.12461815e+01
 4.19990771e+01 1.13839094e+01
 4.27980571e+01 1.13839094e+01
 4.27275768e+01 1.13839094e+01
 4.24850600e+01 1.13839094e+01
 4.33401374e+01 1.13839094e+01
 4.31841741e+01 1.14678595e+01
 4.31138242e+01 1.15283328e+01
 4.35154980e+01 1.15283328e+01
 4.34987646e+01 1.15283328e+01
 4.30854490e+01 1.15286912e+01
 4.39541770e+01 1.16861762e+01
 4.31871986e+01 1.16911315e+01
 4.37245025e+01 1.16911315e+01
 4.41405270e+01 1.16911315e+01
 4.40462432e+01 1.17383451e+01
 4.38974735e+01 1.18447642e+01
 4.46542102e+01 1.18447642e+01
 4.36107104e+01 1.18447642e+01
 4.39964165e+01 1.18447642e+01
 4.42714449e+01 1.18447642e+01
 4.41540615e+01 1.19217789e+01
 4.45321251e+01 1.19698021e+01
 4.50304661e+01 1.19698021e+01
 4.45788205e+01 1.19698021e+01
 4.51584072e+01 1.19712268e+01
 4.51584072e+01 1.21563172e+01
 4.48396354e+01 1.21598476e+01
 4.53443778e+01 1.21598476e+01
 4.52959380e+01 1.21598476e+01
 4.53332724e+01 1.21598476e+01
 4.58216070e+01 1.21838200e+01
 4.57085265e+01 1.23025734e+01
 4.56367091e+01 1.23025734e+01
 4.66788252e+01 1.23025734e+01
 4.57581556e+01 1.23025734e+01
 4.59751835e+01 1.24135094e+01
 4.62979942e+01 1.24732237e+01
 4.62942650e+01 1.24732237e+01
 4.62990109e+01 1.24732237e+01
 4.70178654e+01 1.24751691e+01
 4.63316724e+01 1.25953706e+01
 4.73503715e+01 1.25965422e+01
 4.67533413e+01 1.25965422e+01
 4.65585132e+01 1.25965422e+01
 4.68252473e+01 1.25965422e+01
 4.70600595e+01 1.26344095e+01
 4.68907949e+01 1.27898431e+01
 4.79310970e+01 1.27898431e+01
 4.73479116e+01 1.27898431e+01
 4.79456695e+01 1.27898431e+01
 4.80541725e+01 1.30807261e+01
 4.76973625e+01 1.32153969e+01
 4.76703856e+01 1.32153969e+01
 4.83706352e+01 1.32153969e+01
 4.76476799e+01 1.32153969e+01
 4.83596003e+01 1.32153969e+01
 4.83620784e+01 1.33664372e+01
 4.82648245e+01 1.33783692e+01
 4.87100396e+01 1.33783692e+01
 4.86943069e+01 1.33783692e+01
 4.84173878e+01 1.34061634e+01
 4.89374322e+01 1.34943304e+01
 4.84923586e+01 1.34943304e+01
 4.90815969e+01 1.34943304e+01
 4.95587834e+01 1.34943304e+01
 4.90552002e+01 1.36118023e+01
 4.96141542e+01 1.36449537e+01
 4.95971225e+01 1.36449537e+01
 4.90847459e+01 1.36449537e+01
 4.95751152e+01 1.36449537e+01
 4.94242011e+01 1.36459550e+01
 4.93016058e+01 1.37841321e+01
 5.03999977e+01 1.37863966e+01
 4.99600649e+01 1.37863966e+01
 5.03258035e+01 1.37863966e+01
 5.05183092e+01 1.38338048e+01
 5.00610752e+01 1.39218399e+01
 5.03749215e+01 1.39218399e+01
 4.98822733e+01 1.39218399e+01
 5.01580803e+01 1.39218399e+01
 5.10034539e+01 1.39218399e+01
 5.04493706e+01 1.40232027e+01
 5.07725946e+01 1.40636614e+01
 5.09051288e+01 1.40636614e+01
 5.02948010e+01 1.40636614e+01
 5.08250242e+01 1.40712069e+01
 5.10018158e+01 1.41878095e+01
 5.06459105e+01 1.41878095e+01
 5.16357763e+01 1.41878095e+01
 5.10495880e+01 1.41878095e+01
 5.15072054e+01 1.41878095e+01
 5.18979028e+01 1.42399438e+01
 5.14855036e+01 1.43335448e+01
 5.16169438e+01 1.43335448e+01
 5.19165364e+01 1.43335448e+01
 5.12958529e+01 1.43335448e+01
 5.25048516e+01 1.44345840e+01
 5.20435407e+01 1.44474539e+01
 5.24084230e+01 1.44474539e+01
 5.25437946e+01 1.44474539e+01
 5.21133530e+01 1.44474539e+01
 5.25375255e+01 1.44570714e+01
 5.26133439e+01 1.45758775e+01
 5.22729850e+01 1.45758775e+01
 5.35677984e+01 1.45758775e+01
 5.28330253e+01 1.45758775e+01
 5.33022585e+01 1.46601928e+01
 5.34798241e+01 1.47269565e+01
 5.28204482e+01 1.47269565e+01
 5.33360002e+01 1.47269565e+01
 5.34662195e+01 1.47275977e+01
 5.32021176e+01 1.48525515e+01
 5.41410307e+01 1.48550473e+01
 5.34689267e+01 1.48550473e+01
 5.38522704e+01 1.48550473e+01
 5.39023068e+01 1.48550473e+01
 5.33330893e+01 1.48827155e+01
 5.39389803e+01 1.49866878e+01
 5.36122864e+01 1.49866878e+01
 5.37800042e+01 1.49866878e+01
 5.47519569e+01 1.49866878e+01
 5.43861090e+01 1.50761325e+01
 5.47715199e+01 1.51059503e+01
 5.47295552e+01 1.51059503e+01
 5.42713685e+01 1.51059503e+01
 5.53500979e+01 1.51059503e+01
 5.44550758e+01 1.51063590e+01
 5.52682528e+01 1.52183754e+01
 5.49941370e+01 1.52209759e+01
 5.50874121e+01 1.52209759e+01
 5.54027191e+01 1.52209759e+01
 5.52184297e+01 1.52620119e+01
 5.47947088e+01 1.53455677e+01
 5.57843132e+01 1.53455677e+01
 5.47204947e+01 1.53455677e+01
 5.62210534e+01 1.53455677e+01
 5.56199664e+01 1.54676207e+01
 5.60255286e+01 1.54953011e+01
 5.61812045e+01 1.54953011e+01
 5.56967816e+01 1.54953011e+01
 5.55539036e+01 1.54953011e+01
 5.63399370e+01 1.54968775e+01
 5.60042176e+01 1.56180423e+01
 5.70554636e+01 1.56195602e+01
 5.63734240e+01 1.56195602e+01
 5.66862106e+01 1.56195602e+01
 5.66675092e+01 1.56618555e+01
 5.59635285e+01 1.57360399e+01
 5.65406767e+01 1.57360399e+01
 5.63446208e+01 1.57360399e+01
 5.70815130e+01 1.57360399e+01
 5.73752916e+01 1.57360399e+01
 5.71583247e+01 1.58257986e+01
 5.73819277e+01 1.58695226e+01
 5.74886965e+01 1.58695226e+01
 5.69922191e+01 1.58695226e+01
 5.80808484e+01 1.58722992e+01
 5.66642538e+01 1.59903580e+01
 5.80973539e+01 1.59909747e+01
 5.73868053e+01 1.59909747e+01
 5.78932944e+01 1.59909747e+01
 5.82032467e+01 1.60293998e+01
 5.78975946e+01 1.60876493e+01
 5.79074744e+01 1.60876493e+01
 5.81242054e+01 1.60876493e+01
 5.84324333e+01 1.60876493e+01
 5.91714423e+01 1.60876493e+01
 5.85259884e+01 1.61568448e+01
 5.84857548e+01 1.61857466e+01
 5.84209033e+01 1.61857466e+01
 5.79623917e+01 1.61857466e+01
 5.91014738e+01 1.61908122e+01
 5.80069432e+01 1.63272723e+01
 5.90729724e+01 1.63274114e+01
 5.88138586e+01 1.63274114e+01
 5.94190273e+01 1.63274114e+01
 5.95779391e+01 1.63274114e+01
 5.92540516e+01 1.63539384e+01
 5.92427251e+01 1.64354415e+01
 5.90991545e+01 1.64354415e+01
 5.90314946e+01 1.64354415e+01
 5.97999147e+01 1.64354415e+01
 5.95319858e+01 1.65122310e+01
 5.98803252e+01 1.65395818e+01
 5.98208197e+01 1.65395818e+01
 5.92952086e+01 1.65395818e+01
 6.06230669e+01 1.65453882e+01
 5.92541922e+01 1.66529363e+01
 6.08560246e+01 1.66529363e+01
 5.99379302e+01 1.66529363e+01
 6.05276684e+01 1.66529363e+01
 6.06231213e+01 1.66529363e+01
 6.03087383e+01 1.66907128e+01
 6.04151228e+01 1.67893297e+01
 6.04225183e+01 1.67893297e+01
 6.01690087e+01 1.67893297e+01
 6.13650055e+01 1.67893297e+01
 6.07591282e+01 1.68451295e+01
 6.12489019e+01 1.68619598e+01
 6.11783854e+01 1.68619598e+01
 6.05188089e+01 1.68619598e+01
 6.14242617e+01 1.68619598e+01
 6.07006749e+01 1.68623169e+01
 6.19942779e+01 1.70036146e+01
 6.12177367e+01 1.70079363e+01
 6.19114643e+01 1.70079363e+01
 6.16855420e+01 1.70079363e+01
 6.13062160e+01 1.70438970e+01
 6.16592013e+01 1.71241628e+01
 6.11108643e+01 1.71241628e+01
 6.18730347e+01 1.71241628e+01
 6.17261320e+01 1.71241628e+01
 6.25155951e+01 1.72242597e+01
 6.26036345e+01 1.72496082e+01
 6.20234565e+01 1.72496082e+01
 6.17330101e+01 1.72496082e+01
 6.21119212e+01 1.72496082e+01
 6.14910614e+01 1.72504437e+01
 6.30572344e+01 1.73529794e+01
 6.25102155e+01 1.73548651e+01
 6.30281679e+01 1.73548651e+01
 6.26595419e+01 1.73548651e+01
 6.25155612e+01 1.73914459e+01
 6.30098766e+01 1.74601268e+01
 6.22565180e+01 1.74601268e+01
 6.35665729e+01 1.74601268e+01
 6.24722944e+01 1.74601268e+01
 6.38521412e+01 1.74601268e+01
 6.30339455e+01 1.75218483e+01
 6.31312780e+01 1.75497985e+01
 6.32970278e+01 1.75497985e+01
 6.25844079e+01 1.75497985e+01
 6.34119051e+01 1.75553282e+01
 6.32505033e+01 1.76731533e+01
 6.42091297e+01 1.76731533e+01
 6.38753154e+01 1.76731533e+01
 6.37364267e+01 1.76731533e+01
 6.37011291e+01 1.76731533e+01
 6.35858416e+01 1.77060800e+01
 6.36111228e+01 1.77741805e+01
 6.45310614e+01 1.77741805e+01
 6.34198090e+01 1.77741805e+01
 6.48026638e+01 1.77741805e+01
 6.38362504e+01 1.78702504e+01
 6.44955258e+01 1.78865608e+01
 6.42383881e+01 1.78865608e+01
 6.41409685e+01 1.78865608e+01
 6.49215013e+01 1.78991490e+01
 6.41257645e+01 1.79603050e+01
 6.53969231e+01 1.79603050e+01
 6.39921738e+01 1.79603050e+01
 6.48277339e+01 1.79603050e+01
 6.45928655e+01 1.79603050e+01
 6.50006986e+01 1.80191073e+01
 6.52708896e+01 1.80723428e+01
 6.49602760e+01 1.80723428e+01
 6.56496853e+01 1.80723428e+01
 6.47029223e+01 1.80724488e+01
 6.50464077e+01 1.81664981e+01
 6.53489635e+01 1.81694948e+01
 6.54811392e+01 1.81694948e+01
 6.57546262e+01 1.81694948e+01
 6.57564678e+01 1.81694948e+01
 6.55178169e+01 1.81934453e+01
 6.56706383e+01 1.83003419e+01
 6.51292924e+01 1.83003419e+01
 6.61156711e+01 1.83003419e+01
 6.56103948e+01 1.83003419e+01
 6.62901832e+01 1.83708301e+01
 6.61854997e+01 1.83982198e+01
 6.60512187e+01 1.83982198e+01
 6.62915628e+01 1.83982198e+01
 6.55903797e+01 1.83982198e+01
 6.68616969e+01 1.83982582e+01
 6.55779763e+01 1.84769580e+01
 6.69164693e+01 1.84797867e+01
 6.63549475e+01 1.84797867e+01
 6.67329299e+01 1.84797867e+01
 6.68986428e+01 1.85173771e+01
 6.60265272e+01 1.85964738e+01
 6.72934736e+01 1.85964738e+01
 6.59070704e+01 1.85964738e+01
 6.75803530e+01 1.85964738e+01
 6.66729481e+01 1.86766624e+01
 6.75814422e+01 1.86943661e+01
 6.74244254e+01 1.86943661e+01
 6.68175256e+01 1.86943661e+01
 6.76728894e+01 1.86943661e+01
 6.62959580e+01 1.86952682e+01
 6.76996279e+01 1.87582145e+01
 6.71641964e+01 1.87589252e+01
 6.82780931e+01 1.87589252e+01
 6.75657865e+01 1.87589252e+01
 6.71336490e+01 1.87999160e+01
 6.77266746e+01 1.88703095e+01
 6.72953717e+01 1.88703095e+01
 6.86263924e+01 1.88703095e+01
 6.77493983e+01 1.88703095e+01
 6.85219378e+01 1.88703095e+01
 6.76349804e+01 1.89296491e+01
 6.75988351e+01 1.89579316e+01
 6.78826669e+01 1.89579316e+01
 6.76073350e+01 1.89579316e+01
 6.90721898e+01 1.89598913e+01
 6.83797149e+01 1.90374118e+01
 6.89178662e+01 1.90377550e+01
 6.80513237e+01 1.90377550e+01
 6.82688308e+01 1.90377550e+01
 6.83249733e+01 1.90813024e+01
 6.81829849e+01 1.91459635e+01
 6.89995241e+01 1.91459635e+01
 6.83806246e+01 1.91459635e+01
 6.92378385e+01 1.91459635e+01
 6.86350578e+01 1.91459635e+01
 6.91415821e+01 1.92258247e+01
 6.91401847e+01 1.92584402e+01
 6.90104260e+01 1.92584402e+01
 6.91578556e+01 1.92584402e+01
 6.88639729e+01 1.92607218e+01
 6.95566388e+01 1.93187205e+01
 6.92764623e+01 1.93187599e+01
 6.94660627e+01 1.93187599e+01
 6.95144268e+01 1.93187599e+01
 6.96016476e+01 1.93187599e+01
 6.96320508e+01 1.93391627e+01
 6.94288025e+01 1.94003751e+01
 6.98106401e+01 1.94003751e+01
 6.95184993e+01 1.94003751e+01
 6.97826450e+01 1.94003751e+01
 6.92484321e+01 1.94640865e+01
 6.96398159e+01 1.94862536e+01
 7.00230318e+01 1.94862536e+01
 7.00065554e+01 1.94862536e+01
 7.06434901e+01 1.94907461e+01
 6.99861894e+01 1.95700053e+01
 7.02761573e+01 1.95700053e+01
 6.99668166e+01 1.95700053e+01
 7.04512176e+01 1.95700053e+01
 7.03752230e+01 1.95700053e+01
 7.03664542e+01 1.95907900e+01
 7.12461996e+01 1.96438242e+01
 7.05469165e+01 1.96438242e+01
 7.05320087e+01 1.96438242e+01
 6.99907727e+01 1.96438242e+01
 7.06479896e+01 1.97107338e+01
 7.06757798e+01 1.97304262e+01
 7.09638835e+01 1.97304262e+01
 7.12560183e+01 1.97304262e+01
 7.00210034e+01 1.97304262e+01
 7.10302189e+01 1.97306630e+01
 7.04360945e+01 1.98059988e+01
 7.18332087e+01 1.98081565e+01
 7.12457845e+01 1.98081565e+01
 7.14861182e+01 1.98081565e+01
 7.15815684e+01 1.98274470e+01
 7.06983419e+01 1.98695638e+01
 7.15341766e+01 1.98695638e+01
 7.06820926e+01 1.98695638e+01
 7.22646676e+01 1.98695638e+01
 7.13673483e+01 1.99415961e+01
 7.20122069e+01 1.99593706e+01
 7.18272286e+01 1.99593706e+01
 7.11549503e+01 1.99593706e+01
 7.19985570e+01 1.99593706e+01
 7.10030762e+01 1.99602288e+01
 7.26234146e+01 2.00521925e+01
 7.15555067e+01 2.00534433e+01
 7.25706775e+01 2.00534433e+01
 7.20362955e+01 2.00534433e+01
 7.17971758e+01 2.00837118e+01
 7.24096253e+01 2.01375783e+01
 7.12623512e+01 2.01375783e+01
 7.29654172e+01 2.01375783e+01
 7.20936367e+01 2.01375783e+01
 7.32064069e+01 2.01375783e+01
 7.23154157e+01 2.01921071e+01
 7.22326671e+01 2.02181710e+01
 7.23532778e+01 2.02181710e+01
 7.18920063e+01 2.02181710e+01
 7.34381190e+01 2.02211434e+01
 7.26331566e+01 2.02898890e+01
 7.37029741e+01 2.02898896e+01
 7.23589969e+01 2.02898896e+01
 7.27234500e+01 2.02898896e+01
 7.26227324e+01 2.03303023e+01
 7.27624121e+01 2.03704871e+01
 7.37226240e+01 2.03704871e+01
 7.28612754e+01 2.03704871e+01
 7.35657887e+01 2.03704871e+01
 7.24206877e+01 2.03704871e+01
 7.31887715e+01 2.04392356e+01
 7.28893275e+01 2.04514439e+01
 7.32304613e+01 2.04514439e+01
 7.36005150e+01 2.04514439e+01
 7.33073646e+01 2.04654271e+01
 7.34348133e+01 2.05363121e+01
 7.34736578e+01 2.05363121e+01
 7.36079765e+01 2.05363121e+01
 7.34932147e+01 2.05363121e+01
 7.34730240e+01 2.05363121e+01
 7.33772744e+01 2.05675323e+01
 7.34214775e+01 2.05966825e+01
 7.39116282e+01 2.05966825e+01
 7.41251213e+01 2.05966825e+01
 7.40784360e+01 2.05967527e+01
 7.39564167e+01 2.07123154e+01
 7.37824025e+01 2.07163622e+01
 7.42144501e+01 2.07163622e+01
 7.41658702e+01 2.07163622e+01
 7.41370086e+01 2.07163622e+01
 7.44194453e+01 2.07245468e+01
 7.38131845e+01 2.07653722e+01
 7.47406845e+01 2.07653722e+01
 7.39674656e+01 2.07653722e+01
 7.49121450e+01 2.07653722e+01
 7.40803704e+01 2.08062227e+01
 7.44952246e+01 2.08236181e+01
 7.47744742e+01 2.08236181e+01
 7.40682535e+01 2.08236181e+01
 7.53024646e+01 2.08275555e+01
 7.42344081e+01 2.08971405e+01
 7.56532590e+01 2.08971405e+01
 7.43010225e+01 2.08971405e+01
 7.48859609e+01 2.08971405e+01
 7.44427110e+01 2.08971405e+01
 7.44192818e+01 2.09266893e+01
 7.55031614e+01 2.09830962e+01
 7.46771758e+01 2.09830962e+01
 7.59735845e+01 2.09830962e+01
 7.45931707e+01 2.09830962e+01
 7.51724970e+01 2.10710030e+01
 7.47931883e+01 2.10843332e+01
 7.52670226e+01 2.10843332e+01
 7.56942421e+01 2.10843332e+01
 7.53683963e+01 2.10843332e+01
 7.58608989e+01 2.10870740e+01
 7.50751882e+01 2.11489750e+01
 7.52112990e+01 2.11489863e+01
 7.49443621e+01 2.11489863e+01
 7.53358704e+01 2.11489863e+01
 7.61317843e+01 2.11975303e+01
 7.61980421e+01 2.12573371e+01
 7.56848565e+01 2.12573371e+01
 7.58322338e+01 2.12573371e+01
 7.51049830e+01 2.12573371e+01
 7.60814692e+01 2.12573371e+01
 7.55679910e+01 2.13056541e+01
 7.62367437e+01 2.13216405e+01
 7.63563368e+01 2.13216405e+01
 7.56546979e+01 2.13216405e+01
 7.66234279e+01 2.13278620e+01
 7.49332005e+01 2.14271626e+01
 7.70146927e+01 2.14271626e+01
 7.57917008e+01 2.14271626e+01
 7.65667244e+01 2.14271626e+01
 7.63158863e+01 2.14632181e+01
 7.59222016e+01 2.15017773e+01
 7.67306671e+01 2.15017773e+01
 7.58165423e+01 2.15017773e+01
 7.65293771e+01 2.15017773e+01
 7.59446426e+01 2.15017773e+01
 7.65089751e+01 2.15378875e+01
 7.65918712e+01 2.15479685e+01
 7.65444704e+01 2.15479685e+01
 7.66252815e+01 2.15479685e+01
 7.67059418e+01 2.15536124e+01
 7.64242754e+01 2.16204563e+01
 7.72078233e+01 2.16204563e+01
 7.63641555e+01 2.16204563e+01
 7.69043721e+01 2.16204563e+01
 7.66453952e+01 2.16204563e+01
 7.67378626e+01 2.16430407e+01
 7.77180916e+01 2.16901059e+01
 7.64431911e+01 2.16901059e+01
 7.79304795e+01 2.16901059e+01
 7.61511454e+01 2.16901059e+01
 7.72271931e+01 2.17373597e+01
 7.70136341e+01 2.17483855e+01
 7.73207387e+01 2.17483855e+01
 7.78701334e+01 2.17483855e+01
 7.72461875e+01 2.17523589e+01
 7.73694062e+01 2.17885432e+01
 7.66900353e+01 2.17885432e+01
 7.72938718e+01 2.17885432e+01
 7.73763261e+01 2.17885432e+01
 7.73773501e+01 2.17885432e+01
 7.74720965e+01 2.18082578e+01
 7.76305593e+01 2.18436277e+01
 7.75914525e+01 2.18436277e+01
 7.78254823e+01 2.18436277e+01
 7.69526413e+01 2.18436277e+01
 7.81500473e+01 2.19130531e+01
 7.75248626e+01 2.19264365e+01
 7.77057284e+01 2.19264365e+01
 7.79725178e+01 2.19264365e+01
 7.71188019e+01 2.19264365e+01
 7.85618875e+01 2.19276527e+01
 7.70866063e+01 2.19836702e+01
 7.86560279e+01 2.19840144e+01
 7.79399645e+01 2.19840144e+01
 7.84239454e+01 2.19840144e+01
 7.82662289e+01 2.20036681e+01
 7.74195438e+01 2.20341289e+01
 7.83677306e+01 2.20341289e+01
 7.86126718e+01 2.20341289e+01
 7.85945904e+01 2.20341289e+01
 7.88932658e+01 2.20279844e+01
 7.79850370e+01 2.20270200e+01
 7.80084224e+01 2.20270200e+01
 7.80328081e+01 2.20270200e+01
 7.75431595e+01 2.20270200e+01
 7.96335861e+01 2.20281908e+01
 7.82382717e+01 2.20618043e+01
 7.93945084e+01 2.20618532e+01
 7.82352547e+01 2.20618532e+01
 7.87935915e+01 2.20618532e+01
 7.87240659e+01 2.20928106e+01
 7.83034772e+01 2.21343652e+01
 7.93001947e+01 2.21343652e+01
 7.78996724e+01 2.21343652e+01
 7.94525053e+01 2.21343652e+01
 7.84092806e+01 2.21343652e+01
 7.83620053e+01 2.21428264e+01
 7.85821531e+01 2.21457400e+01
 7.88880525e+01 2.21457400e+01
 7.92487093e+01 2.21457400e+01
 7.95013516e+01 2.21479187e+01
 7.85943443e+01 2.21855504e+01
 7.94374448e+01 2.21855504e+01
 7.81772133e+01 2.21855504e+01
 7.91560385e+01 2.21855504e+01
 7.91754094e+01 2.22280208e+01
 7.90550249e+01 2.22715760e+01
 7.98321906e+01 2.22715760e+01
 7.85314452e+01 2.22715760e+01
 7.98874856e+01 2.22715760e+01
 7.89814346e+01 2.22715760e+01
 8.03222643e+01 2.23042592e+01
 7.94660803e+01 2.23103255e+01
 7.92929143e+01 2.23103255e+01
 7.93648614e+01 2.23103255e+01
 7.88228906e+01 2.23152403e+01
 7.91764418e+01 2.23412546e+01
 8.02230243e+01 2.23412546e+01
 7.95034222e+01 2.23412546e+01
 8.02733892e+01 2.23412546e+01
 7.97635185e+01 2.23412546e+01
 7.98475096e+01 2.23734904e+01
 7.98492638e+01 2.24045331e+01
 7.93955013e+01 2.24045331e+01
 8.07677912e+01 2.24045331e+01
 7.91287856e+01 2.24045416e+01
 8.08348053e+01 2.24391168e+01
 7.93839656e+01 2.24404419e+01
 7.98925397e+01 2.24404419e+01
 7.98028647e+01 2.24404419e+01
 7.99554564e+01 2.24404419e+01
 8.08480744e+01 2.24497399e+01
 7.99050043e+01 2.24948367e+01
 8.02227321e+01 2.24948367e+01
 7.97006282e+01 2.24948367e+01
 7.99247084e+01 2.24948367e+01
 8.04396633e+01 2.25279731e+01
 8.02823496e+01 2.25417681e+01
 8.04932551e+01 2.25417681e+01
 8.09836160e+01 2.25417681e+01
 7.91905139e+01 2.25450362e+01
 8.05596606e+01 2.26000791e+01
 7.96309398e+01 2.26000791e+01
 8.10519822e+01 2.26000791e+01
 8.01937733e+01 2.26000791e+01
 8.05397186e+01 2.26000791e+01
 8.08566621e+01 2.26183806e+01
 8.02183068e+01 2.26544811e+01
 8.10644723e+01 2.26544811e+01
 8.01559001e+01 2.26544811e+01
 8.08723798e+01 2.26544811e+01
 8.09005472e+01 2.26851369e+01
 8.05288883e+01 2.26903947e+01
 8.07202122e+01 2.26903947e+01
 8.07254619e+01 2.26903947e+01
 8.02413626e+01 2.26903947e+01
 8.16060815e+01 2.26918431e+01
 8.02237552e+01 2.27323307e+01
 8.18357081e+01 2.27323513e+01
 8.03573148e+01 2.27323513e+01
 8.08509623e+01 2.27323513e+01
 8.07477111e+01 2.27575665e+01
 8.05467888e+01 2.27896037e+01
 8.20575508e+01 2.27896037e+01
 8.09606455e+01 2.27896037e+01
 8.14861174e+01 2.27896037e+01
 8.12217411e+01 2.27896037e+01
 8.04117738e+01 2.28224375e+01
 8.13214824e+01 2.28336968e+01
 8.17894125e+01 2.28336968e+01
 8.12766966e+01 2.28336968e+01
 8.21400747e+01 2.28359527e+01
 8.05806506e+01 2.28745924e+01
 8.21358938e+01 2.28745924e+01
 8.06584161e+01 2.28745924e+01
 8.17044206e+01 2.28745924e+01
 8.17445759e+01 2.29014845e+01
 8.13511153e+01 2.29311382e+01
 8.19819581e+01 2.29311382e+01
 8.12820352e+01 2.29311382e+01
 8.16394685e+01 2.29311382e+01
 8.21995646e+01 2.29311382e+01
 8.13111771e+01 2.29680364e+01
 8.17492941e+01 2.29780817e+01
 8.16701127e+01 2.29780817e+01
 8.11977439e+01 2.29780817e+01
 8.21356187e+01 2.29803219e+01
 8.10565843e+01 2.30058229e+01
 8.28429568e+01 2.30058229e+01
 8.15753425e+01 2.30058229e+01
 8.19910723e+01 2.30058229e+01
 8.17310347e+01 2.30058229e+01
 8.14818098e+01 2.30239614e+01
 8.21551178e+01 2.30609484e+01
 8.23615768e+01 2.30609484e+01
 8.18835754e+01 2.30609484e+01
 8.31632537e+01 2.30609484e+01
 8.13747342e+01 2.30777569e+01
 8.18639533e+01 2.30815758e+01
 8.19201157e+01 2.30815758e+01
 8.16939825e+01 2.30815758e+01
 8.25952447e+01 2.30881517e+01
 8.14091195e+01 2.31459540e+01
 8.29156793e+01 2.31459540e+01
 8.14441281e+01 2.31459540e+01
 8.16851070e+01 2.31459540e+01
 8.20286806e+01 2.31459540e+01
 8.20821009e+01 2.31615671e+01
 8.23061947e+01 2.31889910e+01
 8.32019832e+01 2.31889910e+01
 8.17354807e+01 2.31889910e+01
 8.31792356e+01 2.31889910e+01
 8.15848602e+01 2.32234420e+01
 8.29415302e+01 2.32298962e+01
 8.31985639e+01 2.32298962e+01
 8.26288418e+01 2.32298962e+01
 8.26248110e+01 2.32298962e+01
 8.19009665e+01 2.32315307e+01
 8.30803701e+01 2.33013786e+01
 8.26224007e+01 2.33017474e+01
 8.26605949e+01 2.33017474e+01
 8.33640223e+01 2.33017474e+01
 8.28083127e+01 2.33099412e+01
 8.18615906e+01 2.33223797e+01
 8.34822062e+01 2.33223797e+01
 8.20877221e+01 2.33223797e+01
 8.35564028e+01 2.33223797e+01
 8.26719974e+01 2.33588095e+01
 8.34978188e+01 2.33643532e+01
 8.30438605e+01 2.33643532e+01
 8.23913887e+01 2.33643532e+01
 8.27026179e+01 2.33643532e+01
 8.25434290e+01 2.33651895e+01
 8.30732868e+01 2.33878097e+01
 8.40610839e+01 2.33878334e+01
 8.28808997e+01 2.33878334e+01
 8.35418433e+01 2.33878334e+01
 8.32092098e+01 2.34085770e+01
 8.25921775e+01 2.34358572e+01
 8.41920543e+01 2.34358572e+01
 8.29248828e+01 2.34358572e+01
 8.34346908e+01 2.34358572e+01
 8.33244161e+01 2.34358572e+01
 8.36716321e+01 2.34723040e+01
 8.35760548e+01 2.34853061e+01
 8.31042544e+01 2.34853061e+01
 8.31794828e+01 2.34853061e+01
 8.41991844e+01 2.34870681e+01
 8.20325205e+01 2.35198138e+01
 8.40772724e+01 2.35198138e+01
 8.28320409e+01 2.35198138e+01
 8.36119362e+01 2.35198138e+01
 8.36913547e+01 2.35385892e+01
 8.35934497e+01 2.35589490e+01
 8.42762391e+01 2.35589490e+01
 8.29391184e+01 2.35589490e+01
 8.32237037e+01 2.35589490e+01
 8.36757226e+01 2.35589490e+01
 8.36187794e+01 2.35863642e+01
 8.42304131e+01 2.35938136e+01
 8.38980746e+01 2.35938136e+01
 8.34145334e+01 2.35938136e+01
 8.46527182e+01 2.35987857e+01
 8.31731504e+01 2.36397105e+01
 8.48274465e+01 2.36397105e+01
 8.39740245e+01 2.36397105e+01
 8.40669849e+01 2.36397105e+01
 8.35064168e+01 2.36397105e+01
 8.35096978e+01 2.36621385e+01
 8.43982978e+01 2.36909439e+01
 8.46144121e+01 2.36909439e+01
 8.41253300e+01 2.36909439e+01
 8.53569100e+01 2.36909439e+01
 8.30597457e+01 2.37157262e+01
 8.42769487e+01 2.37176289e+01
 8.39021585e+01 2.37176289e+01
 8.40592133e+01 2.37176289e+01
 8.45075227e+01 2.37176289e+01
 8.38585492e+01 2.37214320e+01
 8.46498645e+01 2.37496504e+01
 8.38036905e+01 2.37496504e+01
 8.39162567e+01 2.37496504e+01
 8.45491312e+01 2.37496504e+01
 8.39046815e+01 2.37777086e+01
 8.42166594e+01 2.37944839e+01
 8.47044435e+01 2.37944839e+01
 8.34677147e+01 2.37944839e+01
 8.46459723e+01 2.37954114e+01
 8.30929843e+01 2.38373674e+01
 8.53108923e+01 2.38375401e+01
 8.42560321e+01 2.38375401e+01
 8.42989202e+01 2.38375401e+01
 8.44167399e+01 2.38375401e+01
 8.44147094e+01 2.38516567e+01
 8.46804664e+01 2.38898466e+01
 8.46704297e+01 2.38898466e+01
 8.42660199e+01 2.38898466e+01
 8.54879684e+01 2.38898466e+01
 8.37256316e+01 2.38915732e+01
 8.46155680e+01 2.38919832e+01
 8.45259147e+01 2.38919832e+01
 8.40388174e+01 2.38919832e+01
 8.52499898e+01 2.38919832e+01
 8.44918431e+01 2.38936346e+01
 8.52028825e+01 2.39534170e+01
 8.43798744e+01 2.39535448e+01
 8.39902174e+01 2.39535448e+01
 8.47333674e+01 2.39535448e+01
 8.48195564e+01 2.39623237e+01
 8.47030211e+01 2.39738274e+01
 8.56858149e+01 2.39738274e+01
 8.37697973e+01 2.39738274e+01
 8.57037106e+01 2.39738274e+01
 8.44685443e+01 2.39738274e+01
 8.52603221e+01 2.40076839e+01
 8.52776584e+01 2.40190226e+01
 8.50467141e+01 2.40190226e+01
 8.51759107e+01 2.40190226e+01
 8.56512098e+01 2.40211568e+01
 8.43177665e+01 2.40560333e+01
 8.62435540e+01 2.40560333e+01
 8.50670539e+01 2.40560333e+01
 8.58008709e+01 2.40560333e+01
 8.53267410e+01 2.40647575e+01
 8.46790960e+01 2.40741842e+01
 8.54597852e+01 2.40741842e+01
 8.46898356e+01 2.40741842e+01
 8.53265544e+01 2.40741842e+01
 8.65647663e+01 2.40741842e+01
 8.54795049e+01 2.41022041e+01
 8.54984110e+01 2.41101267e+01
 8.52276371e+01 2.41101267e+01
 8.48610344e+01 2.41101267e+01
 8.61412315e+01 2.41132538e+01
 8.46342271e+01 2.41510561e+01
 8.60172776e+01 2.41510561e+01
 8.52000242e+01 2.41510561e+01
 8.53152040e+01 2.41510561e+01
 8.58849790e+01 2.41510561e+01
 8.56968436e+01 2.41666332e+01
 8.50877260e+01 2.41994585e+01
 8.64210254e+01 2.41994585e+01
 8.48384530e+01 2.41994585e+01
 8.60306889e+01 2.41994585e+01
 8.47835902e+01 2.42118363e+01
 8.59409978e+01 2.42147639e+01
 8.61765969e+01 2.42147639e+01
 8.55318890e+01 2.42147639e+01
 8.60565652e+01 2.42187476e+01
 8.60483484e+01 2.42556932e+01
 8.46959972e+01 2.42556932e+01
 8.69382926e+01 2.42556932e+01
 8.60339265e+01 2.42556932e+01
 8.63021680e+01 2.42556932e+01
 8.61957750e+01 2.42666856e+01
 8.53937799e+01 2.42855902e+01
 8.63559977e+01 2.42855902e+01
 8.52048299e+01 2.42855902e+01
 8.58776922e+01 2.42855902e+01
 8.62382830e+01 2.43202210e+01
 8.56542404e+01 2.43265244e+01
 8.60577009e+01 2.43265244e+01
 8.63845709e+01 2.43265244e+01
 8.55758755e+01 2.43265244e+01
 8.69910334e+01 2.43278986e+01
 8.57388101e+01 2.43825169e+01
 8.72242985e+01 2.43827615e+01
 8.56711946e+01 2.43827615e+01
 8.55325799e+01 2.43827615e+01
 8.61916806e+01 2.43919220e+01
 8.62754709e+01 2.44055424e+01
 8.58580739e+01 2.44055424e+01
 8.73389878e+01 2.44055424e+01
 8.50508315e+01 2.44055424e+01
 8.66189598e+01 2.44359425e+01
 8.59086699e+01 2.44404263e+01
 8.61016415e+01 2.44404263e+01
 8.64555592e+01 2.44404263e+01
 8.61447590e+01 2.44404263e+01
 8.65827679e+01 2.44406544e+01
 8.62736287e+01 2.44464749e+01
 8.56063443e+01 2.44464790e+01
 8.71442991e+01 2.44464790e+01
 8.62833222e+01 2.44464790e+01
 8.64427569e+01 2.44800772e+01
 8.71486058e+01 2.45233677e+01
 8.59162840e+01 2.45233677e+01
 8.62973288e+01 2.45233677e+01
 8.68003217e+01 2.45233677e+01
 8.68057380e+01 2.45233677e+01
 8.72088562e+01 2.45363039e+01
 8.63356742e+01 2.45408120e+01
 8.61142928e+01 2.45408120e+01
 8.68531484e+01 2.45408120e+01
 8.54884912e+01 2.45430584e+01
 8.77329571e+01 2.45828193e+01
 8.62767364e+01 2.45828193e+01
 8.67096455e+01 2.45828193e+01
 8.68057380e+01 2.45828193e+01
 8.67291621e+01 2.45944159e+01
 8.67348645e+01 2.46073822e+01
 8.68814846e+01 2.46073822e+01
 8.63050693e+01 2.46073822e+01
 8.77821253e+01 2.46073822e+01
 8.58764948e+01 2.46073822e+01
 8.70269759e+01 2.46319104e+01
 8.63250470e+01 2.46379978e+01
 8.65418062e+01 2.46379978e+01
 8.75356803e+01 2.46379978e+01
 8.72536065e+01 2.46385500e+01
 8.68092126e+01 2.46433392e+01
 8.70211222e+01 2.46433392e+01
 8.60320347e+01 2.46433392e+01
 8.73501176e+01 2.46433392e+01
 8.65982026e+01 2.46433392e+01
 8.66115645e+01 2.46670727e+01
 8.72022387e+01 2.46985201e+01
 8.61611360e+01 2.46985201e+01
 8.68417460e+01 2.46985201e+01
 8.71841208e+01 2.46985201e+01
 8.71858782e+01 2.47579465e+01
 8.76139692e+01 2.47633179e+01
 8.66071027e+01 2.47633179e+01
 8.64414438e+01 2.47633179e+01
 8.68629630e+01 2.47633179e+01
 8.61258004e+01 2.47662401e+01
 8.80918277e+01 2.47910880e+01
 8.64925229e+01 2.47910880e+01
 8.71306056e+01 2.47910880e+01
 8.71858782e+01 2.47910880e+01
 8.69842419e+01 2.48106818e+01
 8.72612821e+01 2.48227767e+01
 8.73976173e+01 2.48227767e+01
 8.64704148e+01 2.48227767e+01
 8.80838834e+01 2.48232676e+01
 8.62765327e+01 2.48482774e+01
 8.73198743e+01 2.48484103e+01
 8.63284873e+01 2.48484103e+01
 8.71028734e+01 2.48484103e+01
 8.77332830e+01 2.48484103e+01
 8.75891674e+01 2.48578671e+01
 8.72047817e+01 2.48843721e+01
 8.73378021e+01 2.48843721e+01
 8.68079041e+01 2.48843721e+01
 8.82340321e+01 2.48843721e+01
 8.69786523e+01 2.49032177e+01
 8.80697375e+01 2.49078740e+01
 8.78596033e+01 2.49078740e+01
 8.68386588e+01 2.49078740e+01
 8.74477158e+01 2.49078740e+01
 8.69771420e+01 2.49088118e+01
 8.75449903e+01 2.49465693e+01
 8.84618285e+01 2.49466837e+01
 8.73065514e+01 2.49466837e+01
 8.77251881e+01 2.49466837e+01
 8.75186180e+01 2.49588742e+01
 8.72540193e+01 2.49733904e+01
 8.83033495e+01 2.49733904e+01
 8.71979908e+01 2.49733904e+01
 8.77303070e+01 2.49733904e+01
 8.67316975e+01 2.49733904e+01
 8.68197033e+01 2.50135415e+01
 8.79206711e+01 2.50246672e+01
 8.79348976e+01 2.50246672e+01
 8.75126218e+01 2.50246672e+01
 8.84848189e+01 2.50248401e+01
 8.66485425e+01 2.50268037e+01
 8.75478786e+01 2.50268037e+01
 8.69005208e+01 2.50268037e+01
 8.72265639e+01 2.50268037e+01
 8.81623402e+01 2.50465764e+01
 8.80717536e+01 2.50645500e+01
 8.73339210e+01 2.50645500e+01
 8.80535359e+01 2.50645500e+01
 8.64824842e+01 2.50645500e+01
 8.85650362e+01 2.50645500e+01
 8.74455305e+01 2.50992207e+01
 8.76493953e+01 2.51065693e+01
 8.73999948e+01 2.51065693e+01
 8.69061503e+01 2.51065693e+01
 8.76269986e+01 2.51075139e+01
 8.84923857e+01 2.51151154e+01
 8.75229460e+01 2.51151154e+01
 8.87700000e+01 2.51151154e+01
 8.74752906e+01 2.51151154e+01
 8.74285070e+01 2.51151154e+01
 8.75276059e+01 2.51300869e+01
 8.73288717e+01 2.51550006e+01
 8.82308175e+01 2.51550006e+01
 8.86743523e+01 2.51550006e+01
 8.76062645e+01 2.51550006e+01
 8.85113282e+01 2.51898900e+01
 8.73938887e+01 2.51959565e+01
 8.80220796e+01 2.51959565e+01
 8.88268831e+01 2.51959565e+01
 8.78075676e+01 2.51996958e+01
 8.82663259e+01 2.52237339e+01
 8.75708499e+01 2.52237339e+01
 8.78597912e+01 2.52237339e+01
 8.88670393e+01 2.52237339e+01
 8.82575586e+01 2.52237339e+01
 8.83712615e+01 2.52409598e+01
 8.88524784e+01 2.52657580e+01
 8.74308036e+01 2.52657580e+01
 8.83357105e+01 2.52657580e+01
 8.73709157e+01 2.52657580e+01
 8.79110992e+01 2.52763779e+01
 8.88674601e+01 2.52778682e+01
 8.82779404e+01 2.52778682e+01
 8.80084183e+01 2.52778682e+01
 8.85971344e+01 2.52778682e+01
 8.71060926e+01 2.52795627e+01
 8.90676986e+01 2.53191692e+01
 8.79619818e+01 2.53191810e+01
 8.82148109e+01 2.53191810e+01
 8.75803329e+01 2.53191810e+01
 8.73435348e+01 2.53328066e+01
 8.81425722e+01 2.53498111e+01
 8.87842261e+01 2.53498111e+01
 8.78125242e+01 2.53498111e+01
 8.96117922e+01 2.53498111e+01
 8.75617854e+01 2.53685368e+01
 8.79342061e+01 2.53704675e+01
 8.79927060e+01 2.53704675e+01
 8.79433806e+01 2.53704675e+01
 8.84406389e+01 2.53704675e+01
 8.93773174e+01 2.53727410e+01
 8.81212479e+01 2.54060844e+01
 8.92544328e+01 2.54060844e+01
 8.78203646e+01 2.54060844e+01
 8.90997954e+01 2.54060844e+01
 8.90567242e+01 2.54162637e+01
 8.84563653e+01 2.54267432e+01
 8.87147459e+01 2.54267432e+01
 8.79012202e+01 2.54267432e+01
 8.81073464e+01 2.54267432e+01
 8.95334339e+01 2.54267432e+01
 8.84806447e+01 2.54444634e+01
 8.92162618e+01 2.54491817e+01
 8.89981379e+01 2.54491817e+01
 8.79983060e+01 2.54491817e+01
 8.88345971e+01 2.54516752e+01
 8.81199587e+01 2.54791028e+01
 8.82610077e+01 2.54791028e+01
 8.95300482e+01 2.54791028e+01
 8.82813252e+01 2.54791028e+01
 8.85258123e+01 2.54791028e+01
 8.88084954e+01 2.54938220e+01
 8.82408668e+01 2.55232707e+01
 8.96650986e+01 2.55232707e+01
 8.81198772e+01 2.55232707e+01
 8.86460187e+01 2.55232707e+01
 8.85338984e+01 2.55309170e+01
 8.79448386e+01 2.55325306e+01
 8.88001433e+01 2.55325306e+01
 8.96022584e+01 2.55325306e+01
 8.87173153e+01 2.55367177e+01
 9.01509794e+01 2.55663703e+01
 8.81430291e+01 2.55663703e+01
 8.90093277e+01 2.55663703e+01
 8.87525433e+01 2.55663703e+01
 8.86757779e+01 2.55663703e+01
 8.90281381e+01 2.55700406e+01
 8.90405073e+01 2.55745644e+01
 8.81098824e+01 2.55745644e+01
 8.96294736e+01 2.55745644e+01
 8.66581873e+01 2.55745644e+01
 8.88908016e+01 2.55917395e+01
 8.79406762e+01 2.55930867e+01
 8.75963271e+01 2.55930867e+01
 8.74039742e+01 2.55930867e+01
 8.64931354e+01 2.55930867e+01
 8.55895882e+01 2.55339073e+01
 8.64030643e+01 2.50873405e+01
 8.53138820e+01 2.50873405e+01
 8.60516904e+01 2.50873405e+01
 8.40857783e+01 2.50873405e+01
 8.45167450e+01 2.47561914e+01
 8.42869959e+01 2.45664432e+01
 8.35680234e+01 2.45664432e+01
 8.40437878e+01 2.45664432e+01
 8.31946602e+01 2.45543660e+01
 8.22431630e+01 2.40829586e+01
 8.20745630e+01 2.40816573e+01
 8.12707945e+01 2.40816573e+01
 8.14627548e+01 2.40816573e+01
 8.11526071e+01 2.40816573e+01
 8.08053541e+01 2.39438102e+01
 8.11601677e+01 2.35877657e+01
 7.93041166e+01 2.35877657e+01
 8.05100669e+01 2.35877657e+01
 7.84203473e+01 2.35877657e+01
 7.93825580e+01 2.31861680e+01
 7.86218175e+01 2.30958033e+01
 7.83302397e+01 2.30958033e+01
 7.81143478e+01 2.30958033e+01
 7.69680961e+01 2.30958033e+01
 7.75257439e+01 2.30812925e+01
 7.67354924e+01 2.26212490e+01
 7.73883939e+01 2.26207017e+01
 7.62161353e+01 2.26207017e+01
 7.57785135e+01 2.26207017e+01
 7.54359472e+01 2.24080471e+01
 7.48304476e+01 2.21723984e+01
 7.45823855e+01 2.21723984e+01
 7.48634815e+01 2.21723984e+01
 7.42685010e+01 2.21723984e+01
 7.45790010e+01 2.21723984e+01
 7.29231042e+01 2.17717606e+01
 7.28531262e+01 2.16829994e+01
 7.25056297e+01 2.16829994e+01
 7.22611282e+01 2.16829994e+01
 7.29962759e+01 2.16118464e+01
 7.19257482e+01 2.11109748e+01
 7.21007197e+01 2.11109748e+01
 7.05146748e+01 2.11109748e+01
 7.08504120e+01 2.11109748e+01
 7.03457463e+01 2.07337766e+01
 7.02802866e+01 2.04738149e+01
 7.05806835e+01 2.04738149e+01
 6.96019189e+01 2.04738149e+01
 6.99804480e+01 2.04738149e+01
 6.84190665e+01 2.04738149e+01
 6.88848070e+01 1.99590006e+01
 6.79526592e+01 1.98798558e+01
 6.79617703e+01 1.98798558e+01
 6.80232642e+01 1.98798558e+01
 6.73950181e+01 1.98194543e+01
 6.80633934e+01 1.94759616e+01
 6.63044851e+01 1.94759616e+01
 6.66769491e+01 1.94759616e+01
 6.58714782e+01 1.94759616e+01
 6.59175267e+01 1.94759616e+01
 6.57231952e+01 1.92738137e+01
 6.53030363e+01 1.90061796e+01
 6.53480492e+01 1.90061796e+01
 6.46699374e+01 1.90061796e+01
 6.42538064e+01 1.90061796e+01
 6.42495534e+01 1.85628909e+01
 6.40241161e+01 1.85085142e+01
 6.43450276e+01 1.85085142e+01
 6.50161338e+01 1.85085142e+01
 6.53428558e+01 1.85191494e+01
 6.54908851e+01 1.85688074e+01
 6.47154383e+01 1.85688074e+01
 6.54953569e+01 1.85688074e+01
 6.50651338e+01 1.85688074e+01
 6.60355964e+01 1.85688074e+01
 6.64415813e+01 1.87076407e+01
 6.65700441e+01 1.88671168e+01
 6.71782352e+01 1.88671168e+01
 6.59305244e+01 1.88671168e+01
 6.71582084e+01 1.88671168e+01
 6.62327461e+01 1.91673019e+01
 6.77568537e+01 1.91959912e+01
 6.77492331e+01 1.91959912e+01
 6.76727305e+01 1.91959912e+01
 6.79257860e+01 1.91959912e+01
 6.72678270e+01 1.92177607e+01
 6.89608066e+01 1.95160638e+01
 6.79703878e+01 1.95160638e+01
 6.93281370e+01 1.95160638e+01
 6.87661368e+01 1.95160638e+01
 6.91153262e+01 1.96745640e+01
 6.93918908e+01 1.98326471e+01
 6.86997775e+01 1.98326471e+01
 7.02149150e+01 1.98326471e+01
 6.92611999e+01 1.98326471e+01
 7.08709879e+01 2.01399000e+01
 6.97113583e+01 2.01620761e+01
 7.05608180e+01 2.01620761e+01
 7.06908688e+01 2.01620761e+01
 7.03386448e+01 2.01620761e+01
 7.17618642e+01 2.01902325e+01
 7.01314846e+01 2.04819824e+01
 7.21975405e+01 2.04819824e+01
 7.12888048e+01 2.04819824e+01
 7.22713068e+01 2.04819824e+01
 7.18709856e+01 2.06481301e+01
 7.16212870e+01 2.07920090e+01
 7.24101190e+01 2.07920090e+01
 7.19980798e+01 2.07920090e+01
 7.36122563e+01 2.07920090e+01
 7.29105930e+01 2.07920090e+01
 7.33677996e+01 2.10433217e+01
 7.30533985e+01 2.10967666e+01
 7.32687878e+01 2.10967666e+01
 7.37986314e+01 2.10967666e+01
 7.38295304e+01 2.11323689e+01
 7.40742570e+01 2.14200561e+01
 7.37550749e+01 2.14200561e+01
 7.46480638e+01 2.14200561e+01
 7.47409610e+01 2.14200561e+01
 7.44704618e+01 2.16075317e+01
 7.46413126e+01 2.17483855e+01
 7.52575352e+01 2.17483855e+01
 7.52914353e+01 2.17483855e+01
 7.63834296e+01 2.17483855e+01
 7.52589108e+01 2.17483855e+01
 7.62027896e+01 2.20154592e+01
 7.57951561e+01 2.20646963e+01
 7.64687725e+01 2.20646963e+01
 7.70593105e+01 2.20646963e+01
 7.61533649e+01 2.21089698e+01
 7.79224963e+01 2.24180444e+01
 7.61624187e+01 2.24180444e+01
 7.77880166e+01 2.24180444e+01
 7.71131019e+01 2.24180444e+01
 7.79327211e+01 2.24180444e+01
 7.83701526e+01 2.25581428e+01
 7.79978565e+01 2.27711128e+01
 7.82290565e+01 2.27711128e+01
 7.81511968e+01 2.27711128e+01
 7.86482438e+01 2.27711128e+01
 7.86184909e+01 2.30566436e+01
 7.86783501e+01 2.30968692e+01
 7.91636312e+01 2.30968692e+01
 7.92927661e+01 2.30968692e+01
 7.91241752e+01 2.31473513e+01
 7.98310482e+01 2.33736035e+01
 7.89441366e+01 2.33736035e+01
 8.11770621e+01 2.33736035e+01
 7.96464984e+01 2.33736035e+01
 8.07268021e+01 2.33736035e+01
 8.06134384e+01 2.34924656e+01
 8.06476806e+01 2.35938136e+01
 8.13355071e+01 2.35938136e+01
 7.99811005e+01 2.35938136e+01
 8.20795405e+01 2.35942950e+01
 8.10873915e+01 2.37813999e+01
 8.17252815e+01 2.37862995e+01
 8.17578212e+01 2.37862995e+01
 8.18419699e+01 2.37862995e+01
 8.23537962e+01 2.37862995e+01
 8.26025404e+01 2.38394666e+01
 8.20870967e+01 2.40588812e+01
 8.35298195e+01 2.40588812e+01
 8.22319624e+01 2.40588812e+01
 8.33765338e+01 2.40588812e+01
 8.26768031e+01 2.43100753e+01
 8.37342855e+01 2.44012717e+01
 8.41678072e+01 2.44012717e+01
 8.33555567e+01 2.44012717e+01
 8.45800317e+01 2.44012717e+01
 8.37808723e+01 2.44026606e+01
 8.34465535e+01 2.46977172e+01
 8.39764194e+01 2.47038615e+01
 8.43128421e+01 2.47038615e+01
 8.51063967e+01 2.47038615e+01
 8.48961414e+01 2.47999545e+01
 8.43348025e+01 2.49580801e+01
 8.59832177e+01 2.49580801e+01
 8.45085502e+01 2.49580801e+01
 8.62350950e+01 2.49580801e+01
 8.57432131e+01 2.49580801e+01
 8.58391234e+01 2.51681407e+01
 8.56562591e+01 2.52390465e+01
 8.55703220e+01 2.52390465e+01
 8.63363895e+01 2.52390465e+01
 8.74127509e+01 2.52622158e+01
 8.62816103e+01 2.55261210e+01
 8.82539747e+01 2.55261210e+01
 8.66661452e+01 2.55261210e+01
 8.77161404e+01 2.55261210e+01
 8.76734318e+01 2.56793271e+01
 8.80896919e+01 2.57907981e+01
 8.89931631e+01 2.57907981e+01
 8.81284134e+01 2.57907981e+01
 8.83564067e+01 2.57907981e+01
 8.90529814e+01 2.57907981e+01
 8.77520509e+01 2.60564492e+01
 8.94617531e+01 2.60936482e+01
 8.95042352e+01 2.60936482e+01
 8.92912621e+01 2.60936482e+01
 8.98804130e+01 2.61372085e+01
 8.90315697e+01 2.63459450e+01
 8.88997509e+01 2.63459450e+01
 8.99790701e+01 2.63459450e+01
 8.95604828e+01 2.63459450e+01
 9.08594539e+01 2.63459450e+01
 9.04709559e+01 2.64708790e+01
 8.95522779e+01 2.66171740e+01
 9.05872012e+01 2.66171740e+01
 9.04614115e+01 2.66171740e+01
 9.19953049e+01 2.66171740e+01
 9.17048702e+01 2.68730881e+01
 9.08017386e+01 2.68984297e+01
 9.15442825e+01 2.68984297e+01
 9.15478350e+01 2.68984297e+01
 9.09983921e+01 2.69532831e+01
 9.32024855e+01 2.71715323e+01
 9.23637988e+01 2.71715323e+01
 9.24134887e+01 2.71715323e+01
 9.25927758e+01 2.71715323e+01
 9.17914226e+01 2.71715323e+01
 9.28099768e+01 2.72885886e+01
 9.35561830e+01 2.74075953e+01
 9.22309982e+01 2.74075953e+01
 9.36048015e+01 2.74075953e+01
 9.29624586e+01 2.74075953e+01
 9.29890044e+01 2.76321661e+01
 9.48114764e+01 2.76490406e+01
 9.41553663e+01 2.76490406e+01
 9.42298542e+01 2.76490406e+01
 9.48628714e+01 2.76490406e+01
 9.32972370e+01 2.76681197e+01
 9.39868595e+01 2.78730415e+01
 9.50179646e+01 2.78730415e+01
 9.43828843e+01 2.78730415e+01
 9.60955695e+01 2.78730415e+01
 9.54545369e+01 2.79990435e+01
 9.46672263e+01 2.81102764e+01
 9.58336854e+01 2.81102764e+01
 9.61250136e+01 2.81102764e+01
 9.53452382e+01 2.81102764e+01
 9.70825542e+01 2.81102764e+01
 9.53062311e+01 2.83252525e+01
 9.62444581e+01 2.83721659e+01
 9.65287419e+01 2.83721659e+01
 9.60526180e+01 2.83721659e+01
 9.66072887e+01 2.83949232e+01
 9.71857168e+01 2.85848475e+01
 9.55499060e+01 2.85848475e+01
 9.78342535e+01 2.85848475e+01
 9.71597045e+01 2.85848475e+01
 9.74011556e+01 2.86937740e+01
 9.84526724e+01 2.87772128e+01
 9.83809464e+01 2.87772128e+01
 9.67700036e+01 2.87772128e+01
 9.90574206e+01 2.87772128e+01
 9.72771346e+01 2.87772128e+01
 9.86232539e+01 2.89548637e+01
 9.87703591e+01 2.89867355e+01
 9.81296433e+01 2.89867355e+01
 9.82101551e+01 2.89867355e+01
 9.92209337e+01 2.90151270e+01
 9.77081893e+01 2.92037818e+01
 1.00790158e+02 2.92037818e+01
 1.00441683e+02 2.92037818e+01
 9.94830954e+01 2.92037818e+01
 9.98890555e+01 2.93267508e+01
 9.98588830e+01 2.94083610e+01
 9.94839806e+01 2.94083610e+01
 1.00333271e+02 2.94083610e+01
 1.00111756e+02 2.94083610e+01
 9.92588847e+01 2.94083610e+01
 1.01287508e+02 2.95655073e+01
 1.00261288e+02 2.95883243e+01
 1.00563952e+02 2.95883243e+01
 1.01960459e+02 2.95883243e+01
 1.01966661e+02 2.96190477e+01
 1.00371745e+02 2.97847383e+01
 1.02661532e+02 2.97847383e+01
 1.00999221e+02 2.97847383e+01
 1.02486290e+02 2.97847383e+01
 1.02696077e+02 2.97847383e+01
 1.01809436e+02 2.98698101e+01
 1.01640794e+02 2.99783166e+01
 1.02955279e+02 2.99783166e+01
 1.01602049e+02 2.99783166e+01
 1.02645671e+02 2.99783166e+01
 1.02724122e+02 3.01502343e+01
 1.02193368e+02 3.01683476e+01
 1.02880193e+02 3.01683476e+01
 1.03324090e+02 3.01683476e+01
 1.03133722e+02 3.02057861e+01
 1.03968277e+02 3.03516121e+01
 1.05253574e+02 3.03516121e+01
 1.02543697e+02 3.03516121e+01
 1.04565782e+02 3.03516121e+01
 1.03874633e+02 3.03516121e+01
 1.03734839e+02 3.04604313e+01
 1.04764615e+02 3.05513322e+01
 1.05157126e+02 3.05513322e+01
 1.03567102e+02 3.05513322e+01
 1.04669390e+02 3.05516846e+01
 1.04224682e+02 3.07523945e+01
 1.04378323e+02 3.07582240e+01
 1.05749054e+02 3.07582240e+01
 1.05229492e+02 3.07582240e+01
 1.04588764e+02 3.07582240e+01
 1.05231930e+02 3.07889271e+01
 1.05529532e+02 3.09208273e+01
 1.05534278e+02 3.09208273e+01
 1.07373761e+02 3.09208273e+01
 1.05180906e+02 3.09208273e+01
 1.06029792e+02 3.10680963e+01
 1.07156326e+02 3.11234774e+01
 1.06830696e+02 3.11234774e+01
 1.06348030e+02 3.11234774e+01
 1.08027020e+02 3.11234774e+01
 1.06860519e+02 3.11239551e+01
 1.06671437e+02 3.12572631e+01
 1.08116045e+02 3.12603796e+01
 1.07453930e+02 3.12603796e+01
 1.07561808e+02 3.12603796e+01
 1.07744402e+02 3.12977276e+01
 1.07205823e+02 3.13611849e+01
 1.07088157e+02 3.13611849e+01
 1.08998777e+02 3.13611849e+01
 1.07649927e+02 3.13611849e+01
 1.07944449e+02 3.14534901e+01
 1.08263192e+02 3.14652168e+01
 1.07537333e+02 3.14652168e+01
 1.08088181e+02 3.14652168e+01
 1.09665411e+02 3.14652168e+01
 1.08131479e+02 3.14760483e+01
 1.07842940e+02 3.16071517e+01
 1.10368647e+02 3.16071517e+01
 1.08104649e+02 3.16071517e+01
 1.08844232e+02 3.16071517e+01
 1.10612936e+02 3.16343086e+01
 1.09969453e+02 3.16557783e+01
 1.08448566e+02 3.16557783e+01
 1.10270660e+02 3.16557783e+01
 1.10444817e+02 3.16557783e+01
 1.09453310e+02 3.16557783e+01
 1.11523322e+02 3.16876312e+01
 1.10224060e+02 3.16926058e+01
 1.09755385e+02 3.16926058e+01
 1.10905735e+02 3.16926058e+01
 1.11653778e+02 3.17131635e+01
 1.10288879e+02 3.18234770e+01
 1.12434577e+02 3.18234770e+01
 1.11411305e+02 3.18234770e+01
 1.09983894e+02 3.18234770e+01
 1.11610400e+02 3.18234770e+01
 1.11972865e+02 3.18552848e+01
 1.11116105e+02 3.18957092e+01
 1.11298195e+02 3.18957092e+01
 1.12226031e+02 3.18957092e+01
 1.10731091e+02 3.18957092e+01
 1.12155538e+02 3.19502563e+01
 1.13424739e+02 3.19565016e+01
 1.11983241e+02 3.19565016e+01
 1.11287496e+02 3.19565016e+01
 1.12828131e+02 3.19725926e+01
 1.13141040e+02 3.20437619e+01
 1.12245399e+02 3.20437619e+01
 1.14475561e+02 3.20437619e+01
 1.12613686e+02 3.20437619e+01
 1.12528250e+02 3.20437619e+01
 1.13935507e+02 3.21192723e+01
 1.14240346e+02 3.22025575e+01
 1.12946510e+02 3.22025575e+01
 1.14561548e+02 3.22025575e+01
 1.13920473e+02 3.22025575e+01
 1.12414810e+02 3.22479047e+01
 1.14980307e+02 3.22519173e+01
 1.14625989e+02 3.22519173e+01
 1.13189144e+02 3.22519173e+01
 1.13374987e+02 3.22519173e+01
 1.14955532e+02 3.22572301e+01
 1.13674495e+02 3.23241688e+01
 1.14544612e+02 3.23241688e+01
 1.15904639e+02 3.23241688e+01
 1.14713402e+02 3.23241688e+01
 1.14302112e+02 3.23636347e+01
 1.15423511e+02 3.24014337e+01
 1.16395330e+02 3.24014337e+01
 1.14389624e+02 3.24014337e+01
 1.15474462e+02 3.24014337e+01
 1.16428526e+02 3.25078004e+01
 1.14604780e+02 3.25148316e+01
 1.16225426e+02 3.25148316e+01
 1.17359342e+02 3.25148316e+01
 1.16571801e+02 3.25148316e+01
 1.15739020e+02 3.25277330e+01
 1.17564869e+02 3.26518495e+01
 1.16066431e+02 3.26518495e+01
 1.16184717e+02 3.26518495e+01
 1.17198303e+02 3.26518495e+01
 1.16903210e+02 3.26973652e+01
 1.15804214e+02 3.27352105e+01
 1.16025222e+02 3.27352105e+01
 1.18508863e+02 3.27352105e+01
 1.16723951e+02 3.27352105e+01
 1.16752373e+02 3.27352105e+01
 1.16628113e+02 3.28183149e+01
 1.15614847e+02 3.28350369e+01
 1.15652647e+02 3.28350369e+01
 1.16164656e+02 3.28350369e+01
 1.15683361e+02 3.27859216e+01
 1.13409707e+02 3.24146701e+01
 1.14176875e+02 3.24146701e+01
 1.14709293e+02 3.24146701e+01
 1.12972026e+02 3.24146701e+01
 1.13292872e+02 3.20310718e+01
 1.13119977e+02 3.17544640e+01
 1.11411283e+02 3.17544640e+01
 1.11199000e+02 3.17544640e+01
 1.12138944e+02 3.17544640e+01
 1.10054804e+02 3.17544640e+01
 1.10214139e+02 3.13132525e+01
 1.10035642e+02 3.12407191e+01
 1.08430850e+02 3.12407191e+01
 1.08097944e+02 3.12407191e+01
 1.09440308e+02 3.11656282e+01
 1.07210025e+02 3.07425014e+01
 1.05997505e+02 3.07425014e+01
 1.06882638e+02 3.07425014e+01
 1.05267516e+02 3.07425014e+01
 1.05575982e+02 3.07425014e+01
 1.05883513e+02 3.05030223e+01
 1.04802014e+02 3.01879960e+01
 1.03194963e+02 3.01879960e+01
 1.04591997e+02 3.01879960e+01
 1.03386978e+02 3.01879960e+01
 1.03472398e+02 2.97312454e+01
 1.03551605e+02 2.96758161e+01
 1.01995446e+02 2.96758161e+01
 1.01249247e+02 2.96758161e+01
 1.01881938e+02 2.95619670e+01
 1.00187566e+02 2.90784762e+01
 9.99130516e+01 2.90784762e+01
 1.00511682e+02 2.90784762e+01
 9.87079277e+01 2.90784762e+01
 9.90719739e+01 2.90784762e+01
 9.83880235e+01 2.87669161e+01
 9.77260267e+01 2.85049107e+01
 9.81976390e+01 2.85049107e+01
 9.84020615e+01 2.85049107e+01
 9.63525186e+01 2.85034293e+01
 9.74691393e+01 2.78535797e+01
 9.53412888e+01 2.78359439e+01
 9.60320339e+01 2.78359439e+01
 9.60349959e+01 2.78359439e+01
 9.52367049e+01 2.78359439e+01
 9.46822851e+01 2.77249517e+01
 9.40258985e+01 2.72606760e+01
 9.26076946e+01 2.72606760e+01
 9.44341013e+01 2.72606760e+01
 9.26464874e+01 2.72606760e+01
 9.24167187e+01 2.68396892e+01
 9.18057725e+01 2.66909592e+01
 9.09457855e+01 2.66909592e+01
 9.09881553e+01 2.66909592e+01
 9.16057160e+01 2.66909592e+01
 8.96440682e+01 2.66872869e+01
 9.12889834e+01 2.61158601e+01
 8.86550561e+01 2.61057633e+01
 8.92278477e+01 2.61057633e+01
 8.91557432e+01 2.61057633e+01
 8.82092487e+01 2.58825454e+01
 8.79409343e+01 2.55303941e+01
 8.83239360e+01 2.55303941e+01
 8.64364595e+01 2.55303941e+01
 8.74972994e+01 2.55303941e+01
 8.58933266e+01 2.49865099e+01
 8.68259671e+01 2.49253207e+01
 8.61546913e+01 2.49253207e+01
 8.56251540e+01 2.49253207e+01
 8.56910183e+01 2.49253207e+01
 8.42515890e+01 2.48781386e+01
 8.35398356e+01 2.43809819e+01
 8.41021974e+01 2.43809819e+01
 8.34605202e+01 2.43809819e+01
 8.38215653e+01 2.43809819e+01
 8.27259772e+01 2.40609338e+01
 8.23617481e+01 2.38375401e+01
 8.26609393e+01 2.38375401e+01
 8.13326706e+01 2.38375401e+01
 8.22148508e+01 2.38375401e+01
 8.07274469e+01 2.38375401e+01
 8.16323905e+01 2.33751294e+01
 7.98751460e+01 2.33241569e+01
 7.96781254e+01 2.33241569e+01
 7.99173244e+01 2.33241569e+01
 7.95350407e+01 2.32160940e+01
 7.92381726e+01 2.27867582e+01
 7.94554686e+01 2.27867582e+01
 7.74836266e+01 2.27867582e+01
 7.79949196e+01 2.27867582e+01
 7.68775972e+01 2.27867582e+01
 7.72685498e+01 2.25351183e+01
 7.75258317e+01 2.23042824e+01
 7.65177009e+01 2.23042824e+01
 7.71424288e+01 2.23042824e+01
 7.49674073e+01 2.23042824e+01
 7.59809599e+01 2.18737113e+01
 7.44439895e+01 2.18478935e+01
 7.48952286e+01 2.18478935e+01
 7.46006295e+01 2.18478935e+01
 7.39517521e+01 2.17277787e+01
 7.46722388e+01 2.13728016e+01
 7.28128848e+01 2.13728016e+01
 7.39242053e+01 2.13728016e+01
 7.21274857e+01 2.13728016e+01
 7.28351494e+01 2.13728016e+01
 7.25400852e+01 2.10664595e+01
 7.22197230e+01 2.08225523e+01
 7.21454945e+01 2.08225523e+01
 7.05666912e+01 2.08225523e+01
 7.08559242e+01 2.08223342e+01
 7.02653971e+01 2.02238098e+01
 7.08687136e+01 2.01986432e+01
 7.01328442e+01 2.01986432e+01
 6.97615544e+01 2.01986432e+01
 6.94394188e+01 2.01986432e+01
 6.85351527e+01 2.01208603e+01
 6.87499487e+01 1.95721346e+01
 6.78075100e+01 1.95721346e+01
 6.85983531e+01 1.95721346e+01
 6.76435410e+01 1.95721346e+01
 6.77246391e+01 1.92964757e+01
 6.73811254e+01 1.91062278e+01
 6.65727803e+01 1.91062278e+01
 6.68949286e+01 1.91062278e+01
 6.57915461e+01 1.91047074e+01
 6.65603383e+01 1.86783982e+01
 6.55551696e+01 1.86666997e+01
 6.56144216e+01 1.86666997e+01
 6.51117057e+01 1.86666997e+01
 6.47211483e+01 1.86666997e+01
 6.48660906e+01 1.85884989e+01
 6.35787439e+01 1.81429015e+01
 6.46715239e+01 1.81429015e+01
 6.30686533e+01 1.81429015e+01
 6.39635377e+01 1.81429015e+01
 6.30899748e+01 1.78782776e+01
 6.27103185e+01 1.77202993e+01
 6.26928004e+01 1.77202993e+01
 6.15531968e+01 1.77202993e+01
 6.22656497e+01 1.77202993e+01
 6.13744637e+01 1.77202993e+01
 6.18181186e+01 1.72639044e+01
 6.10371488e+01 1.72077915e+01
 6.05115137e+01 1.72077915e+01
 6.03695376e+01 1.72077915e+01
 6.01556096e+01 1.71310293e+01
 5.98229285e+01 1.67719698e+01
 6.04275413e+01 1.67719698e+01
 5.90578992e+01 1.67719698e+01
 5.93348573e+01 1.67719698e+01
 5.83833682e+01 1.64778016e+01
 5.83353859e+01 1.63263504e+01
 5.85020028e+01 1.63263504e+01
 5.76211576e+01 1.63263504e+01
 5.84938564e+01 1.63263504e+01
 5.74046576e+01 1.63263504e+01
 5.77552258e+01 1.58887858e+01
 5.74108996e+01 1.58468599e+01
 5.65162566e+01 1.58468599e+01
 5.62062140e+01 1.58468599e+01
 5.60592557e+01 1.57595416e+01
 5.55309764e+01 1.54199027e+01
 5.61001561e+01 1.54199027e+01
 5.48624474e+01 1.54199027e+01
 5.58039244e+01 1.54199027e+01
 5.47117174e+01 1.54199027e+01
 5.44923765e+01 1.52102400e+01
 5.44834823e+01 1.50008429e+01
 5.37294436e+01 1.50008429e+01
 5.38615605e+01 1.50008429e+01
 5.41610905e+01 1.50008429e+01
 5.33135485e+01 1.46111596e+01
 5.38205312e+01 1.45829527e+01
 5.28511352e+01 1.45829527e+01
 5.24100277e+01 1.45829527e+01
 5.25589548e+01 1.44791887e+01
 5.19275112e+01 1.41400582e+01
 5.20084001e+01 1.41400582e+01
 5.15294224e+01 1.41400582e+01
 5.12144301e+01 1.41400582e+01
 5.14134612e+01 1.41400582e+01
 5.07326365e+01 1.38909140e+01
 5.03804679e+01 1.36856178e+01
 5.06177614e+01 1.36856178e+01
 4.95866835e+01 1.36856178e+01
 4.99790243e+01 1.36843470e+01
 4.97367452e+01 1.32417922e+01
 4.90583844e+01 1.32305986e+01
 4.94428755e+01 1.32305986e+01
 4.88716306e+01 1.32305986e+01
 4.83824739e+01 1.32305986e+01
 4.84583683e+01 1.31445701e+01
 4.77709015e+01 1.27940849e+01
 4.75397567e+01 1.27940849e+01
 4.81327988e+01 1.27940849e+01
 4.72635655e+01 1.27940849e+01
 4.75009853e+01 1.25077841e+01
 4.70863471e+01 1.24050330e+01
 4.66266961e+01 1.24050330e+01
 4.66164084e+01 1.24050330e+01
 4.65464006e+01 1.24050330e+01
 4.56687845e+01 1.24026721e+01
 4.63974869e+01 1.19402092e+01
 4.57425639e+01 1.19309466e+01
 4.55830391e+01 1.19309466e+01
 4.53799904e+01 1.19309466e+01
 4.48362286e+01 1.17615252e+01
 4.46171548e+01 1.14856046e+01
 4.49789121e+01 1.14856046e+01
 4.38496010e+01 1.14856046e+01
 4.42110508e+01 1.14856046e+01
 4.45038180e+01 1.11384096e+01
 4.37767184e+01 1.10972207e+01
 4.38652827e+01 1.10972207e+01
 4.37303644e+01 1.10972207e+01
 4.30418180e+01 1.10972207e+01
 4.30030193e+01 1.10652349e+01
 4.30499521e+01 1.07078746e+01
 4.21082969e+01 1.07078746e+01
 4.28018827e+01 1.07078746e+01
 4.23026808e+01 1.07078746e+01
 4.17813522e+01 1.04827518e+01
 4.18225755e+01 1.03288544e+01
 4.16806119e+01 1.03288544e+01
 4.06566749e+01 1.03288544e+01
 4.10302628e+01 1.03288544e+01
 4.10514372e+01 1.03288544e+01
 4.02818907e+01 9.99174460e+00
 4.07907853e+01 9.95909645e+00
 4.06188999e+01 9.95909645e+00
 4.01324907e+01 9.95909645e+00
 4.00576218e+01 9.85980485e+00
 4.00400189e+01 9.52734767e+00
 3.89844462e+01 9.52734767e+00
 3.93338477e+01 9.52734767e+00
 3.90710076e+01 9.52734767e+00
 3.84214810e+01 9.52734767e+00
 3.87270605e+01 9.31521217e+00
 3.86609311e+01 9.16764785e+00
 3.81095241e+01 9.16764785e+00
 3.82307391e+01 9.16764785e+00
 3.84418912e+01 9.16655975e+00
 3.73026177e+01 8.83773191e+00
 3.76252451e+01 8.82847179e+00
 3.74689537e+01 8.82847179e+00
 3.67994979e+01 8.82847179e+00
 3.67240743e+01 8.70917917e+00
 3.71450348e+01 8.46399491e+00
 3.66715853e+01 8.46399491e+00
 3.63325177e+01 8.46399491e+00
 3.67044882e+01 8.46399491e+00
 3.61548358e+01 8.46399491e+00
 3.56995259e+01 8.27800254e+00
 3.56984651e+01 8.17183708e+00
 3.55508010e+01 8.17183708e+00
 3.48723187e+01 8.17183708e+00
 3.50446312e+01 8.16794207e+00
 3.51852715e+01 7.85528308e+00
 3.46647066e+01 7.85119292e+00
 3.48109275e+01 7.85119292e+00
 3.47128753e+01 7.85119292e+00
 3.41311095e+01 7.85119292e+00
 3.38046617e+01 7.78491044e+00
 3.39324947e+01 7.49221895e+00
 3.35282713e+01 7.49221895e+00
 3.31234210e+01 7.49221895e+00
 3.36926368e+01 7.49221895e+00
 3.34023141e+01 7.27712692e+00
 3.29057027e+01 7.17136017e+00
 3.28416008e+01 7.17136017e+00
 3.28979386e+01 7.17136017e+00
 3.22359093e+01 7.16482176e+00
 3.20575388e+01 6.81531158e+00
 3.24073847e+01 6.81253812e+00
 3.19511259e+01 6.81253812e+00
 3.15675674e+01 6.81253812e+00
 3.15966024e+01 6.81253812e+00
 3.16562221e+01 6.74302906e+00
 3.12581725e+01 6.46999086e+00
 3.11611327e+01 6.46999086e+00
 3.13534312e+01 6.46999086e+00
 3.07214334e+01 6.46999086e+00
 3.03177369e+01 6.27282079e+00
 3.03806714e+01 6.18488407e+00
 3.03363805e+01 6.18488407e+00
 2.99224481e+01 6.18488407e+00
 2.98913257e+01 6.18488407e+00
 3.00748777e+01 6.18488407e+00
 2.96193138e+01 5.84627071e+00
 2.93539271e+01 5.82135730e+00
 2.95353863e+01 5.82135730e+00
 2.95098971e+01 5.82135730e+00
 2.89031644e+01 5.72159061e+00
 2.85239603e+01 5.39248055e+00
 2.88294734e+01 5.39248055e+00
 2.82778408e+01 5.39248055e+00
 2.81501827e+01 5.39248055e+00
 2.84111273e+01 5.10447167e+00
 2.82264962e+01 4.99466553e+00
 2.77525923e+01 4.99466553e+00
 2.76892289e+01 4.99466553e+00
 2.79345876e+01 4.99466553e+00
 2.75874662e+01 4.99466553e+00
 2.68837920e+01 4.69756716e+00
 2.70522286e+01 4.68168975e+00
 2.70657607e+01 4.68168975e+00
 2.67630126e+01 4.68168975e+00
 2.64399879e+01 4.61311632e+00
 2.64476601e+01 4.42151000e+00
 2.66965268e+01 4.42151000e+00
 2.62763241e+01 4.42151000e+00
 2.60352888e+01 4.42151000e+00
 2.61578305e+01 4.42151000e+00
 2.60842244e+01 4.26656203e+00
 2.56786226e+01 4.14907050e+00
 2.54491001e+01 4.14907050e+00
 2.55062424e+01 4.14907050e+00
 2.50973227e+01 4.14878345e+00
 2.48055826e+01 3.88731820e+00
 2.49157148e+01 3.87772820e+00
 2.50001402e+01 3.87772820e+00
 2.48379812e+01 3.87772820e+00
 2.44909810e+01 3.80865049e+00
 2.44184254e+01 3.64403328e+00
 2.45803771e+01 3.64403328e+00
 2.41619251e+01 3.64403328e+00
 2.37648376e+01 3.64403328e+00
 2.39015162e+01 3.64403328e+00
 2.38395728e+01 3.46865623e+00
 2.34874960e+01 3.35345735e+00
 2.32906332e+01 3.35345735e+00
 2.33336570e+01 3.35345735e+00
 2.33650840e+01 3.35217867e+00
 2.29734260e+01 3.11514196e+00
 2.27605906e+01 3.10965127e+00
 2.29354473e+01 3.10965127e+00
 2.28741346e+01 3.10965127e+00
 2.24217903e+01 3.10965127e+00
 2.21695196e+01 3.07412121e+00
 2.22372725e+01 2.90135603e+00
 2.22470158e+01 2.90135603e+00
 2.18924910e+01 2.90135603e+00
 2.16500797e+01 2.90135603e+00
 2.16717087e+01 2.71301536e+00
 2.17300120e+01 2.63444113e+00
 2.16142005e+01 2.63444113e+00
 2.12193939e+01 2.63444113e+00
 2.11223818e+01 2.63444113e+00
 2.14349811e+01 2.63417504e+00
 2.10580242e+01 2.39521439e+00
 2.05248051e+01 2.38758458e+00
 2.05739250e+01 2.38758458e+00
 2.06579315e+01 2.38758458e+00
 2.05323202e+01 2.29222933e+00
 2.01405150e+01 2.11373439e+00
 2.00438550e+01 2.11373439e+00
 2.01682504e+01 2.11373439e+00
 2.01353825e+01 2.11373439e+00
 1.98432577e+01 1.91364289e+00
 1.95841468e+01 1.88415821e+00
 1.96691983e+01 1.88415821e+00
 1.97134519e+01 1.88415821e+00
 1.93672223e+01 1.88415821e+00
 1.89979483e+01 1.87287587e+00
 1.89627618e+01 1.70725990e+00
 1.91646693e+01 1.70725990e+00
 1.89564665e+01 1.70725990e+00
 1.85938522e+01 1.70725990e+00
 1.85330793e+01 1.59470746e+00
 1.86383647e+01 1.50195484e+00
 1.87228684e+01 1.50195484e+00
 1.84033848e+01 1.50195484e+00
 1.80068668e+01 1.50195484e+00
 1.81236567e+01 1.50195484e+00
 1.81623668e+01 1.30225612e+00
 1.79310335e+01 1.27562446e+00
 1.76112299e+01 1.27562446e+00
 1.75031809e+01 1.27562446e+00
 1.75193643e+01 1.23643770e+00
 1.76206079e+01 1.08160252e+00
 1.73707031e+01 1.08160252e+00
 1.69630942e+01 1.08160252e+00
 1.70778683e+01 1.08160252e+00
 1.71276852e+01 1.08160252e+00
 1.70829899e+01 9.57973465e-01
 1.68310846e+01 8.62347299e-01
 1.65949951e+01 8.62347299e-01
 1.65823778e+01 8.62347299e-01
 1.66825572e+01 8.61444771e-01
 1.63796257e+01 6.36070705e-01
 1.61538983e+01 6.30142648e-01
 1.59421789e+01 6.30142648e-01
 1.59817720e+01 6.30142648e-01
 1.60222818e+01 5.62359339e-01
 1.58155404e+01 4.26028845e-01
 1.55473407e+01 4.26028845e-01
 1.55624139e+01 4.26028845e-01
 1.55197331e+01 4.26028845e-01
 1.55714235e+01 4.26028845e-01
 1.53698190e+01 2.88031140e-01
 1.51455806e+01 2.14929105e-01
 1.51287193e+01 2.14929105e-01
 1.51791157e+01 2.14929105e-01
 1.50732067e+01 2.11581826e-01
 1.49723109e+01 1.78565789e-02
 1.45033333e+01 1.61277009e-02
 1.45522795e+01 1.61277009e-02
 1.45410385e+01 1.61277009e-02
 1.44969883e+01 1.61277009e-02
 1.43926844e+01 -1.98567786e-02
 1.40637633e+01 -1.55658357e-01
 1.40432615e+01 -1.55658357e-01
 1.41087792e+01 -1.55658357e-01
 1.41048827e+01 -1.55658357e-01
 1.39619189e+01 -2.73259346e-01
 1.36871365e+01 -3.23918892e-01
 1.36197908e+01 -3.23918892e-01
 1.36795279e+01 -3.23918892e-01
 1.36208468e+01 -3.30615508e-01
 1.35231878e+01 -5.26544981e-01
 1.31462709e+01 -5.26858325e-01
 1.30500724e+01 -5.26858325e-01
 1.30459015e+01 -5.26858325e-01
 1.30888464e+01 -5.26858325e-01
 1.30667687e+01 -5.63112853e-01
 1.27520427e+01 -6.78258081e-01
 1.26419493e+01 -6.78258081e-01
 1.25881345e+01 -6.78258081e-01
 1.27204726e+01 -6.78258081e-01
 1.26381250e+01 -8.08153102e-01
 1.24658726e+01 -8.55925638e-01
 1.22660970e+01 -8.55925638e-01
 1.21630920e+01 -8.55925638e-01
 1.22144890e+01 -8.55925638e-01
 1.22144888e+01 -8.55925860e-01
 1.20602506e+01 -1.01553074e+00
 1.18065801e+01 -1.02341210e+00
 1.16933041e+01 -1.02341210e+00
 1.16578704e+01 -1.02341210e+00
 1.16643895e+01 -1.08163477e+00
 1.16831003e+01 -1.23852448e+00
 1.14628150e+01 -1.23852448e+00
 1.13043779e+01 -1.23852448e+00
 1.11798516e+01 -1.23852448e+00
 1.12249285e+01 -1.37523872e+00
 1.12336491e+01 -1.41788004e+00
 1.12015753e+01 -1.41788004e+00
 1.10789683e+01 -1.41788004e+00
 1.08464780e+01 -1.41788004e+00
 1.08241460e+01 -1.41815313e+00
 1.07705282e+01 -1.57109742e+00
 1.08022326e+01 -1.57620062e+00
 1.06741123e+01 -1.57620062e+00
 1.04866900e+01 -1.57620062e+00
 1.03250847e+01 -1.58299099e+00
 1.02291974e+01 -1.59861736e+00
 1.02614745e+01 -1.59861736e+00
 1.02664332e+01 -1.59861736e+00
 1.01664168e+01 -1.59861736e+00
 1.00351885e+01 -1.59861736e+00
 9.84366823e+00 -1.69174815e+00
 9.81084677e+00 -1.75096481e+00
 9.84829035e+00 -1.75096481e+00
 9.84179791e+00 -1.75096481e+00
 9.82370010e+00 -1.75196463e+00
 9.56754853e+00 -1.89922110e+00
 9.48036363e+00 -1.90224882e+00
 9.38684595e+00 -1.90224882e+00
 9.40859715e+00 -1.90224882e+00
 9.42981187e+00 -1.96320351e+00
 9.33962666e+00 -2.08363240e+00
 9.18962697e+00 -2.08363240e+00
 9.05819341e+00 -2.08363240e+00
 8.88892750e+00 -2.08363240e+00
 8.89254876e+00 -2.08363240e+00
 8.87337248e+00 -2.23592469e+00
 8.84493144e+00 -2.31260572e+00
 8.80851550e+00 -2.31260572e+00
 8.69611721e+00 -2.31260572e+00
 8.51373633e+00 -2.31645532e+00
 8.45801285e+00 -2.48701884e+00
 8.43969220e+00 -2.48798965e+00
 8.46421962e+00 -2.48798965e+00
 8.42352952e+00 -2.48798965e+00
 8.30047910e+00 -2.48798965e+00
 8.17815474e+00 -2.50396195e+00
 8.09822365e+00 -2.55834819e+00
 8.07110141e+00 -2.55834819e+00
 8.03729977e+00 -2.55834819e+00
 8.00298340e+00 -2.55834819e+00
 7.94768188e+00 -2.59084706e+00
 7.86225716e+00 -2.60070028e+00
 7.68630499e+00 -2.60070028e+00
 7.56266857e+00 -2.60070028e+00
 7.55312123e+00 -2.60070028e+00
 7.53899417e+00 -2.60147588e+00
 7.55358955e+00 -2.68325822e+00
 7.47954674e+00 -2.68435550e+00
 7.35246211e+00 -2.68435550e+00
 7.22973010e+00 -2.68435550e+00
 7.13533220e+00 -2.75670758e+00
 7.10809587e+00 -2.86389674e+00
 7.13841327e+00 -2.86389674e+00
 7.15023467e+00 -2.86389674e+00
 7.04402690e+00 -2.86389674e+00
 7.00574330e+00 -2.96562376e+00
 6.87893509e+00 -2.97588395e+00
 6.77843276e+00 -2.97588395e+00
 6.72262737e+00 -2.97588395e+00
 6.70662722e+00 -2.97588395e+00
 6.71558955e+00 -2.98041781e+00
 6.70171554e+00 -3.02312403e+00
 6.61669376e+00 -3.02312403e+00
 6.44750739e+00 -3.02312403e+00
 6.34839554e+00 -3.02312403e+00
 6.30328422e+00 -3.12964299e+00
 6.25446701e+00 -3.19947976e+00
 6.24192316e+00 -3.19947976e+00
 6.28501525e+00 -3.19947976e+00
 6.20418847e+00 -3.19947976e+00
 6.08356144e+00 -3.19947976e+00
 6.01286537e+00 -3.28941928e+00
 5.92036148e+00 -3.29814618e+00
 5.84809977e+00 -3.29814618e+00
 5.82602906e+00 -3.29814618e+00
 5.82536530e+00 -3.32822075e+00
 5.82650899e+00 -3.42409562e+00
 5.77078532e+00 -3.42409562e+00
 5.72915881e+00 -3.42409562e+00
 5.62456318e+00 -3.42409562e+00
 5.50674886e+00 -3.42409562e+00
 5.48020347e+00 -3.49060317e+00
 5.45691179e+00 -3.53499285e+00
 5.41228850e+00 -3.53499285e+00
 5.39079963e+00 -3.53499285e+00
 5.38522383e+00 -3.53626998e+00
 5.29969623e+00 -3.66827466e+00
 5.18540617e+00 -3.67001653e+00
 5.11905244e+00 -3.67001653e+00
 5.06756032e+00 -3.67001653e+00
 5.01175177e+00 -3.67001653e+00
 4.98884322e+00 -3.68883285e+00
 5.01137050e+00 -3.77180335e+00
 4.95805896e+00 -3.77180335e+00
 4.89238989e+00 -3.77180335e+00
 4.81399172e+00 -3.77180335e+00
 4.76376197e+00 -3.87922808e+00
 4.69475843e+00 -3.93198798e+00
 4.63278029e+00 -3.93198798e+00
 4.60395072e+00 -3.93198798e+00
 4.57886885e+00 -3.93352773e+00
 4.58768165e+00 -4.00085923e+00
 4.56464273e+00 -4.00123244e+00
 4.53601178e+00 -4.00123244e+00
 4.45651417e+00 -4.00123244e+00
 4.36656094e+00 -4.00123244e+00
 4.31447461e+00 -4.03157260e+00
 4.27587231e+00 -4.14321070e+00
 4.23895394e+00 -4.14321070e+00
 4.18272213e+00 -4.14321070e+00
 4.20365496e+00 -4.14321070e+00
 4.18139122e+00 -4.26853735e+00
 4.11523390e+00 -4.31944345e+00
 4.05683294e+00 -4.31944345e+00
 4.01038425e+00 -4.31944345e+00
 3.93490094e+00 -4.31944345e+00
 3.86954133e+00 -4.31944345e+00
 3.83258144e+00 -4.38418215e+00
 3.80980533e+00 -4.38797412e+00
 3.80147318e+00 -4.38797412e+00
 3.78374891e+00 -4.38797412e+00
 3.75785217e+00 -4.40982053e+00
 3.73558667e+00 -4.47363083e+00
 3.65138632e+00 -4.47363083e+00
 3.60465755e+00 -4.47363083e+00
 3.53042288e+00 -4.47363083e+00
 3.49301629e+00 -4.58199934e+00
 3.46893739e+00 -4.61871262e+00
 3.43976618e+00 -4.61871262e+00
 3.41277146e+00 -4.61871262e+00
 3.40123802e+00 -4.61871262e+00
 3.38856976e+00 -4.61877773e+00
 3.36096875e+00 -4.75304831e+00
 3.32079364e+00 -4.75853988e+00
 3.26046206e+00 -4.75853988e+00
 3.21600900e+00 -4.75853988e+00
 3.18344711e+00 -4.79573013e+00
 3.14101563e+00 -4.88821740e+00
 3.09029939e+00 -4.88821740e+00
 3.06671195e+00 -4.88821740e+00
 3.05376938e+00 -4.88821740e+00
 3.04917375e+00 -4.95180525e+00
 3.02032050e+00 -4.97000375e+00
 2.98295612e+00 -4.97000375e+00
 2.95509158e+00 -4.97000375e+00
 2.91202806e+00 -4.97000375e+00
 2.86931572e+00 -4.97051914e+00
 2.78446371e+00 -5.10211597e+00
 2.74849933e+00 -5.10560617e+00
 2.73470568e+00 -5.10560617e+00
 2.70957646e+00 -5.10560617e+00
 2.68523482e+00 -5.14066604e+00
 2.67250095e+00 -5.21533627e+00
 2.65322115e+00 -5.21533627e+00
 2.64219015e+00 -5.21533627e+00
 2.61955070e+00 -5.21533627e+00
 2.58762807e+00 -5.21533627e+00
 2.54858701e+00 -5.25970893e+00
 2.51084820e+00 -5.28592390e+00
 2.47210178e+00 -5.28592390e+00
 2.42843191e+00 -5.28592390e+00
 2.39338855e+00 -5.28705571e+00
 2.36544610e+00 -5.39504152e+00
 2.35002581e+00 -5.39669092e+00
 2.32587617e+00 -5.39669092e+00
 2.31440978e+00 -5.39669092e+00
 2.30918696e+00 -5.43826166e+00
 2.30048684e+00 -5.51443905e+00
 2.27647904e+00 -5.51443905e+00
 2.23991827e+00 -5.51443905e+00
 2.21426887e+00 -5.51443905e+00
 2.18890620e+00 -5.51443905e+00
 2.15992726e+00 -5.59036074e+00
 2.13875147e+00 -5.62903302e+00
 2.11170244e+00 -5.62903302e+00
 2.07138419e+00 -5.62903302e+00
 2.05623633e+00 -5.63016342e+00
 2.05126603e+00 -5.69962854e+00
 2.01889819e+00 -5.70030068e+00
 2.01765529e+00 -5.70030068e+00
 1.98653909e+00 -5.70030068e+00
 1.95462059e+00 -5.70030068e+00
 1.94864803e+00 -5.71037382e+00
 1.94057735e+00 -5.75165226e+00
 1.90520877e+00 -5.75165226e+00
 1.88422121e+00 -5.75165226e+00
 1.84815640e+00 -5.75165226e+00
 1.82570043e+00 -5.80381601e+00
 1.80784670e+00 -5.82710617e+00
 1.78706149e+00 -5.82710617e+00
 1.76612602e+00 -5.82710617e+00
 1.74974413e+00 -5.83915790e+00
 1.72839390e+00 -6.07580024e+00
 1.71009419e+00 -6.07580024e+00
 1.70011930e+00 -6.07580024e+00
 1.68322339e+00 -6.07580024e+00
 1.68224388e+00 -6.07580024e+00
 1.67372112e+00 -6.10526787e+00
 1.64170708e+00 -6.16416017e+00
 1.63083742e+00 -6.16416017e+00
 1.60816303e+00 -6.16416017e+00
 1.59336063e+00 -6.16416017e+00
 1.58051115e+00 -6.07578846e+00
 1.55310599e+00 -6.06148112e+00
 1.52870924e+00 -6.06148112e+00
 1.51424448e+00 -6.06148112e+00
 1.49985896e+00 -6.06148112e+00
 1.48033103e+00 -6.06219444e+00
 1.47155157e+00 -6.07580024e+00
 1.45870973e+00 -6.07580024e+00
 1.45123294e+00 -6.07580024e+00
 1.43915692e+00 -6.07580024e+00
 1.43031140e+00 -6.15898204e+00
 1.42047983e+00 -6.23575337e+00
 1.40570122e+00 -6.23575337e+00
 1.39407450e+00 -6.23575337e+00
 1.37571591e+00 -6.23575337e+00
 1.36596092e+00 -6.23575337e+00
 1.35936226e+00 -6.22611256e+00
 1.35056042e+00 -6.22457876e+00
 1.33651902e+00 -6.22457876e+00
 1.32305946e+00 -6.22457876e+00
 1.31128990e+00 -6.25086639e+00
 1.29497322e+00 -6.37124728e+00
 1.28295658e+00 -6.37124728e+00
 1.27338805e+00 -6.37124728e+00
 1.26154179e+00 -6.37124728e+00
 1.25135488e+00 -6.42748417e+00
 1.24285715e+00 -6.44981435e+00
 1.23747437e+00 -6.44981435e+00
 1.23062512e+00 -6.44981435e+00
 1.21358555e+00 -6.44981435e+00
 1.20776407e+00 -6.44977775e+00
 1.20181298e+00 -6.41211446e+00
 1.19262180e+00 -6.41070564e+00
 1.18759999e+00 -6.41070564e+00
 1.18274961e+00 -6.41070564e+00
 1.17538445e+00 -6.46938233e+00
 1.16576306e+00 -6.59541701e+00
 1.15592455e+00 -6.59541701e+00
 1.14562972e+00 -6.59541701e+00
 1.14069893e+00 -6.59541701e+00
 1.13578930e+00 -6.59541701e+00
 1.12802794e+00 -6.57176663e+00
 1.12082368e+00 -6.55840625e+00
 1.11502110e+00 -6.55840625e+00
 1.10942794e+00 -6.55840625e+00
 1.10510288e+00 -6.55960023e+00
 1.09736068e+00 -6.65084102e+00
 1.09377385e+00 -6.65197730e+00
 1.08577641e+00 -6.65197730e+00
 1.07942387e+00 -6.65197730e+00
 1.07356333e+00 -6.65197730e+00
 1.06866688e+00 -6.66696320e+00
 1.06661774e+00 -6.73227580e+00
 1.06201917e+00 -6.73227580e+00
 1.05788345e+00 -6.73227580e+00
 1.05567142e+00 -6.73227580e+00
 1.05334402e+00 -6.73086609e+00
 1.05046541e+00 -6.73018026e+00
 1.04845040e+00 -6.73018026e+00
 1.04680835e+00 -6.73018026e+00
 1.04198016e+00 -6.73248853e+00
 1.03916942e+00 -6.83021692e+00
 1.03727498e+00 -6.83072277e+00
 1.03524380e+00 -6.83072277e+00
 1.03177796e+00 -6.83072277e+00
 1.02851822e+00 -6.83072277e+00
 1.02609886e+00 -6.83787134e+00
 1.02374351e+00 -6.86388729e+00
 1.02207629e+00 -6.86388729e+00
 1.01999386e+00 -6.86388729e+00
 1.01903692e+00 -6.86388729e+00
 1.01773238e+00 -6.89295402e+00
 1.01578311e+00 -6.90507948e+00
 1.01416790e+00 -6.90507948e+00
 1.01287064e+00 -6.90507948e+00
 1.01124812e+00 -6.90507948e+00
 1.01098572e+00 -6.90507948e+00
 1.00938585e+00 -6.99886491e+00
 1.00835261e+00 -7.00491304e+00
 1.00702043e+00 -7.00491304e+00
 1.00611336e+00 -7.00491304e+00
 1.00527909e+00 -7.01137185e+00
 1.00418576e+00 -7.03004505e+00
 1.00377261e+00 -7.03004505e+00
 1.00322171e+00 -7.03004505e+00
 1.00282378e+00 -7.03004505e+00
 1.00243656e+00 -7.06533446e+00
 1.00180326e+00 -7.07716697e+00
 1.00157782e+00 -7.07716697e+00
 1.00153609e+00 -7.07716697e+00
 1.00124081e+00 -7.07716697e+00
 1.00101599e+00 -7.07717447e+00
 1.00081567e+00 -7.08958501e+00
 1.00064110e+00 -7.09008022e+00
 1.00045051e+00 -7.09008022e+00
 1.00041067e+00 -7.09008022e+00
 1.00036387e+00 -7.10409237e+00
 1.00026567e+00 -7.13859595e+00
 1.00026249e+00 -7.13859595e+00
 1.00015473e+00 -7.13859595e+00
 1.00015430e+00 -7.13859595e+00
 1.00009173e+00 -7.13859595e+00
 1.00007813e+00 -7.13963704e+00
 1.00005388e+00 -7.14034184e+00
 1.00002863e+00 -7.14034184e+00
 1.00002863e+00 -7.14034184e+00
 1.00002863e+00 -7.14036337e+00
 1.00002863e+00 -7.14544629e+00
 1.00002863e+00 -7.14557707e+00
 1.00000641e+00 -7.14557707e+00
 1.00000279e+00 -7.14557707e+00
 1.00000279e+00 -7.16241293e+00
 1.00000279e+00 -7.19792940e+00
 1.00000279e+00 -7.19792940e+00
 1.00000279e+00 -7.19792940e+00
 1.00000279e+00 -7.19792940e+00
 1.00000279e+00 -7.19792940e+00
 1.00000279e+00 -7.21994330e+00
 1.00000279e+00 -7.23283015e+00
 1.00000089e+00 -7.23283015e+00
