 1.00000755e+00 0.00000000e+00
 1.00004190e+00 8.04025210e-03
 1.00017288e+00 8.04025210e-03
 1.00048119e+00 8.04025210e-03
 1.00096531e+00 8.04025210e-03
 1.00195416e+00 9.96325210e-03
 1.00420509e+00 9.96325210e-03
 1.00324351e+00 9.96325210e-03
 1.00843773e+00 -3.72762557e-04
 1.00888236e+00 -3.12327479e-02
 1.00699915e+00 -3.12327479e-02
 1.01013975e+00 -3.12327479e-02
 1.01724157e+00 -3.12327479e-02
 1.02938875e+00 -3.12327479e-02
 1.04750524e+00 -3.12327479e-02
 1.06542280e+00 -3.12327479e-02
 1.03123031e+00 -3.12270162e-02
 1.03941501e+00 -3.09577479e-02
 1.07845193e+00 -3.09577479e-02
 1.07897235e+00 -3.09577479e-02
 1.07892346e+00 -2.97451733e-02
 1.15884825e+00 -2.82117479e-02
 1.09743788e+00 -2.82117479e-02
 1.10753927e+00 -2.82117479e-02
 1.18605379e+00 -2.82117479e-02
 1.24050161e+00 -8.56153235e-02
 1.29371097e+00 -8.64337479e-02
 1.25014591e+00 -8.64337479e-02
 1.23605582e+00 -8.60862920e-02
 1.50724055e+00 -8.34127479e-02
 1.42015159e+00 -8.34127479e-02
 1.06701918e+00 -8.34127479e-02
 1.15874852e+00 -8.34127479e-02
 1.29510470e+00 -1.09477903e-01
 2.05071972e+00 -1.18291748e-01
 1.45722889e+00 -1.18291748e-01
 1.16497781e+00 -1.18291748e-01
 1.18250360e+00 -1.16369748e-01
 2.76998375e+00 -1.16369748e-01
 1.09626524e+00 -1.16369748e-01
 1.25683572e+00 -1.16623255e-01
 1.62643381e+00 -1.17742748e-01
 1.50176293e+00 -1.17742748e-01
 1.25347109e+00 -1.17742748e-01
 1.60385093e+00 -1.17742748e-01
 3.05294073e+00 -9.43854206e-02
 1.60845722e+00 -8.78067479e-02
 1.49450550e+00 -8.78067479e-02
 3.30178124e+00 -8.78067479e-02
 1.71174634e+00 -6.66607479e-02
 1.72648121e+00 -6.66607479e-02
 1.93972263e+00 -6.66607479e-02
 3.73056329e+00 -6.66607479e-02
 2.45928803e+00 -5.64056993e-02
 1.88723652e+00 -3.39787479e-02
 2.10363550e+00 -3.39787479e-02
 1.88567100e+00 -3.39787479e-02
 2.97534329e+00 -3.06912300e-02
 2.83694451e+00 -2.98587479e-02
 2.15140132e+00 -2.98587479e-02
 3.46897434e+00 -2.98587479e-02
 2.02868383e+00 6.66725210e-03
 2.05176193e+00 6.66725210e-03
 2.21902644e+00 6.66725210e-03
 2.26300028e+00 6.66725210e-03
 2.53269022e+00 7.30881989e-03
 2.44628346e+00 8.58925210e-03
 2.26925272e+00 8.58925210e-03
 2.67503348e+00 8.58925210e-03
 2.68196423e+00 1.48576757e-02
 2.57205404e+00 1.62792521e-02
 2.70514351e+00 1.62792521e-02
 2.75743167e+00 1.62792521e-02
 2.84648250e+00 1.62316823e-02
 2.52232663e+00 1.21602521e-02
 2.87161125e+00 1.21602521e-02
 3.31504191e+00 1.21602521e-02
 3.15776712e+00 1.95509787e-02
 3.14994049e+00 3.30322521e-02
 2.97491830e+00 3.30322521e-02
 3.27975211e+00 3.30322521e-02
 3.67008077e+00 3.12048075e-02
 3.48623037e+00 3.08352521e-02
 3.62865198e+00 3.08352521e-02
 3.58011638e+00 3.08352521e-02
 3.62838946e+00 3.23019192e-02
 3.68966208e+00 1.16521252e-01
 3.99982773e+00 1.16521252e-01
 3.88679980e+00 1.16521252e-01
 3.94064256e+00 1.15080789e-01
 4.11612469e+00 1.12676252e-01
 4.08773330e+00 1.12676252e-01
 4.12797415e+00 1.12676252e-01
 4.23260670e+00 1.12676252e-01
 4.56858510e+00 1.75246983e-01
 4.51235962e+00 1.79962252e-01
 4.48090946e+00 1.79962252e-01
 4.76110599e+00 1.79884143e-01
 4.51393761e+00 1.76666252e-01
 5.01973066e+00 1.76666252e-01
 5.05562246e+00 1.76666252e-01
 4.89820140e+00 2.25943577e-01
 4.97303064e+00 3.02999252e-01
 5.27117094e+00 3.02999252e-01
 5.34205354e+00 3.02999252e-01
 5.49549888e+00 3.02999252e-01
 5.62028215e+00 3.06592340e-01
 5.58026433e+00 3.06844252e-01
 5.93850180e+00 3.06844252e-01
 5.93180154e+00 3.07363310e-01
 5.75881093e+00 3.26343252e-01
 5.67330170e+00 3.26343252e-01
 5.86940666e+00 3.26343252e-01
 6.16295794e+00 3.26343252e-01
 6.23880032e+00 3.25033197e-01
 6.43421420e+00 3.23871252e-01
 6.23921876e+00 3.23871252e-01
 6.19032380e+00 3.23871252e-01
 6.47285405e+00 5.44274578e-01
 6.73146949e+00 5.57037252e-01
 6.56595436e+00 5.57037252e-01
 6.94762642e+00 5.56923314e-01
 6.87547847e+00 5.53741252e-01
 7.09828089e+00 5.53741252e-01
 7.16301752e+00 5.53741252e-01
 7.18779064e+00 5.53741252e-01
 7.66102622e+00 6.39314649e-01
 7.37534655e+00 7.03692252e-01
 7.52361276e+00 7.03692252e-01
 7.32907448e+00 7.03692252e-01
 7.76988328e+00 7.06121891e-01
 7.72632920e+00 7.06164252e-01
 7.94968093e+00 7.06164252e-01
 8.09332914e+00 7.06164252e-01
 7.83518958e+00 7.30661567e-01
 8.25798674e+00 8.21236252e-01
 8.57747046e+00 8.21236252e-01
 8.63230020e+00 8.21236252e-01
 8.77260746e+00 8.27715813e-01
 8.64350931e+00 8.30024252e-01
 8.82082427e+00 8.30024252e-01
 9.00104041e+00 8.30024252e-01
 9.16923462e+00 1.02391725e+00
 9.30301862e+00 1.02391725e+00
 9.26114094e+00 1.02391725e+00
 9.40828909e+00 1.02391725e+00
 9.58417399e+00 1.03579406e+00
 9.68231288e+00 1.05577525e+00
 9.73428527e+00 1.05577525e+00
 9.74500851e+00 1.05577525e+00
 9.86364881e+00 1.40824525e+00
 1.00609934e+01 1.45372125e+00
 1.02651127e+01 1.45372125e+00
 1.02892893e+01 1.45372125e+00
 1.05516395e+01 1.46216185e+00
 1.04215361e+01 1.59708125e+00
 1.07426934e+01 1.59708125e+00
 1.08923826e+01 1.59708125e+00
 1.09257056e+01 1.66614083e+00
 1.09398543e+01 1.73824425e+00
 1.11764295e+01 1.73824425e+00
 1.13914196e+01 1.73824425e+00
 1.14555946e+01 1.73824425e+00
 1.14572561e+01 2.00031684e+00
 1.16072055e+01 2.00573925e+00
 1.17382142e+01 2.00573925e+00
 1.19306837e+01 2.00567666e+00
 1.19242554e+01 2.00491525e+00
 1.19595671e+01 2.00491525e+00
 1.21760924e+01 2.00491525e+00
 1.24905013e+01 2.20342883e+00
 1.25303966e+01 2.39379925e+00
 1.26014832e+01 2.39379925e+00
 1.26686097e+01 2.39379925e+00
 1.30501228e+01 2.39379925e+00
 1.31296367e+01 2.39515277e+00
 1.32032360e+01 2.39517225e+00
 1.31372563e+01 2.39517225e+00
 1.33909757e+01 2.43425846e+00
 1.35501795e+01 2.83788425e+00
 1.34855511e+01 2.83788425e+00
 1.35374740e+01 2.83788425e+00
 1.37199285e+01 2.83788425e+00
 1.41117837e+01 2.83878510e+00
 1.41153640e+01 2.83925725e+00
 1.41222219e+01 2.83925725e+00
 1.44772848e+01 2.83925725e+00
 1.45595019e+01 3.19900395e+00
 1.46776593e+01 3.20232625e+00
 1.44868564e+01 3.20232625e+00
 1.47310363e+01 3.20240968e+00
 1.50338800e+01 3.20314925e+00
 1.51562269e+01 3.20314925e+00
 1.51253627e+01 3.20314925e+00
 1.53620761e+01 3.20314925e+00
 1.56844424e+01 3.55640754e+00
 1.56138970e+01 3.72550625e+00
 1.55572325e+01 3.72550625e+00
 1.60663568e+01 3.72550625e+00
 1.61857697e+01 3.72332062e+00
 1.62225030e+01 3.72330925e+00
 1.59927186e+01 3.72330925e+00
 1.63068160e+01 3.72330925e+00
 1.66660570e+01 3.79153479e+00
 1.65568082e+01 4.04683025e+00
 1.65757055e+01 4.04683025e+00
 1.69532771e+01 4.04683025e+00
 1.71755405e+01 4.04205045e+00
 1.71450384e+01 4.03996425e+00
 1.72277972e+01 4.03996425e+00
 1.76944723e+01 4.03996425e+00
 1.75583522e+01 4.58495642e+00
 1.74924208e+01 4.58621425e+00
 1.78234616e+01 4.58621425e+00
 1.80739674e+01 4.58621425e+00
 1.80945216e+01 4.58717230e+00
 1.80582356e+01 4.59060825e+00
 1.84631902e+01 4.59060825e+00
 1.85639548e+01 4.59060825e+00
 1.85149446e+01 4.87871039e+00
 1.87645057e+01 4.99981525e+00
 1.91684357e+01 4.99981525e+00
 1.89395045e+01 4.99981525e+00
 1.87580365e+01 4.99981525e+00
 1.93917580e+01 5.00283625e+00
 1.96214132e+01 5.00283625e+00
 1.94286936e+01 5.00283625e+00
 1.97019777e+01 5.13047883e+00
 2.00359636e+01 5.54331925e+00
 2.00359636e+01 5.54331925e+00
 2.00359636e+01 5.54331925e+00
 2.04041937e+01 5.54570305e+00
 2.05121742e+01 5.54661425e+00
 2.03389450e+01 5.54661425e+00
 2.06319372e+01 5.54661425e+00
 2.10044708e+01 5.54661425e+00
 2.07870876e+01 6.00690325e+00
 2.07626328e+01 6.00690325e+00
 2.14030847e+01 6.00690325e+00
 2.14264400e+01 6.00606364e+00
 2.13162192e+01 6.00360725e+00
 2.17725826e+01 6.00360725e+00
 2.18374577e+01 6.00360725e+00
 2.16337924e+01 6.00360725e+00
 2.19250250e+01 6.47114848e+00
 2.22757918e+01 6.54985825e+00
 2.21090719e+01 6.54985825e+00
 2.22395159e+01 6.54985084e+00
 2.27543954e+01 6.54518925e+00
 2.28245155e+01 6.54518925e+00
 2.25857324e+01 6.54518925e+00
 2.31173414e+01 6.72760431e+00
 2.30888196e+01 7.06699625e+00
 2.28648209e+01 7.06699625e+00
 2.33486624e+01 7.06699625e+00
 2.35715191e+01 7.06699625e+00
 2.33243167e+01 7.15874659e+00
 2.37420155e+01 7.16339325e+00
 2.41438941e+01 7.16339325e+00
 2.38478948e+01 7.18291162e+00
 2.41024432e+01 7.49048425e+00
 2.46151315e+01 7.49048425e+00
 2.42993512e+01 7.49048425e+00
 2.44706378e+01 7.49048425e+00
 2.47241187e+01 7.66163568e+00
 2.46050425e+01 7.74479625e+00
 2.47825927e+01 7.74479625e+00
 2.55712305e+01 7.74479625e+00
 2.51195734e+01 7.97078453e+00
 2.51856127e+01 7.97082125e+00
 2.58065905e+01 7.97082125e+00
 2.56274372e+01 7.97082125e+00
 2.54673308e+01 8.13088523e+00
 2.59488525e+01 8.49345325e+00
 2.60230605e+01 8.49345325e+00
 2.59052043e+01 8.49345325e+00
 2.64466510e+01 8.49001027e+00
 2.65181395e+01 8.48933325e+00
 2.65744494e+01 8.48933325e+00
 2.69229137e+01 8.48933325e+00
 2.68216415e+01 8.87245025e+00
 2.69599709e+01 8.87245025e+00
 2.71641211e+01 8.87245025e+00
 2.70976488e+01 8.87245025e+00
 2.71078799e+01 8.87353542e+00
 2.77655329e+01 8.87519625e+00
 2.76468429e+01 8.87519625e+00
 2.76399784e+01 8.87519625e+00
 2.82679989e+01 9.19760112e+00
 2.78793863e+01 9.24870025e+00
 2.78849991e+01 9.24870025e+00
 2.85689826e+01 9.24870025e+00
 2.82558385e+01 9.24846897e+00
 2.84705271e+01 9.24128525e+00
 2.89554342e+01 9.24128525e+00
 2.86856353e+01 9.24128525e+00
 2.90851683e+01 9.43165945e+00
 2.92751805e+01 9.69882825e+00
 2.90000993e+01 9.69882825e+00
 2.94158543e+01 9.69882825e+00
 2.95464152e+01 9.69882825e+00
 2.94918655e+01 9.69543148e+00
 3.01401296e+01 9.69525725e+00
 2.99488764e+01 9.69525725e+00
 2.98569914e+01 9.70703115e+00
 3.06124227e+01 9.99186425e+00
 3.03937647e+01 9.99186425e+00
 3.02686772e+01 9.99186425e+00
 3.05782106e+01 9.99378493e+00
 3.06283551e+01 9.99625825e+00
 3.11803617e+01 9.99625825e+00
 3.12681871e+01 9.99625825e+00
 3.09568575e+01 9.99625825e+00
 3.14837567e+01 1.04320797e+01
 3.16785199e+01 1.04499563e+01
 3.12934142e+01 1.04499563e+01
 3.18977116e+01 1.04498888e+01
 3.16201288e+01 1.04485833e+01
 3.16165691e+01 1.04485833e+01
 3.23219791e+01 1.04485833e+01
 3.22503115e+01 1.06100496e+01
 3.24980600e+01 1.08009393e+01
 3.26492378e+01 1.08009393e+01
 3.21983479e+01 1.08009393e+01
 3.30182237e+01 1.08009393e+01
 3.28253558e+01 1.08033348e+01
 3.25780573e+01 1.08034113e+01
 3.35279683e+01 1.08034113e+01
 3.31118512e+01 1.08196793e+01
 3.32345490e+01 1.10772233e+01
 3.38486843e+01 1.10772233e+01
 3.33439190e+01 1.10772233e+01
 3.37398088e+01 1.10772233e+01
 3.37937531e+01 1.10736074e+01
 3.36798226e+01 1.10711813e+01
 3.44513631e+01 1.10711813e+01
 3.41373745e+01 1.10711813e+01
 3.49438046e+01 1.14305684e+01
 3.46059576e+01 1.14408403e+01
 3.43965390e+01 1.14408403e+01
 3.49436778e+01 1.14408928e+01
 3.48632048e+01 1.14416643e+01
 3.50153208e+01 1.14416643e+01
 3.54955245e+01 1.14416643e+01
 3.51839830e+01 1.14416643e+01
 3.56422186e+01 1.16608279e+01
 3.53879469e+01 1.17986913e+01
 3.54033500e+01 1.17986913e+01
 3.57711355e+01 1.17986913e+01
 3.56325823e+01 1.17973456e+01
 3.62401219e+01 1.17973173e+01
 3.65540482e+01 1.17973173e+01
 3.61342502e+01 1.17973173e+01
 3.67600088e+01 1.18415188e+01
 3.63455564e+01 1.20749743e+01
 3.65640175e+01 1.20749743e+01
 3.69463089e+01 1.20749743e+01
 3.69597215e+01 1.20721856e+01
 3.75404183e+01 1.20705793e+01
 3.69748143e+01 1.20705793e+01
 3.78096658e+01 1.20705793e+01
 3.75940721e+01 1.22944054e+01
 3.70331979e+01 1.22977033e+01
 3.78679594e+01 1.22977033e+01
 3.79195077e+01 1.22977033e+01
 3.77821636e+01 1.23214939e+01
 3.84584535e+01 1.24352963e+01
 3.81624615e+01 1.24352963e+01
 3.85678727e+01 1.24352963e+01
 3.83365367e+01 1.26107903e+01
 3.84557203e+01 1.26972983e+01
 3.85152966e+01 1.26972983e+01
 3.85146797e+01 1.26972983e+01
 3.94938604e+01 1.26972998e+01
 3.90476991e+01 1.28035823e+01
 3.91068919e+01 1.28035823e+01
 3.95403368e+01 1.28035823e+01
 3.91220181e+01 1.28329087e+01
 3.96032448e+01 1.28953093e+01
 3.95143975e+01 1.28953093e+01
 4.01203603e+01 1.28953093e+01
 4.00762123e+01 1.28953093e+01
 4.03357048e+01 1.31010370e+01
 4.06891255e+01 1.31150183e+01
 3.97328244e+01 1.31150183e+01
 4.06653735e+01 1.31147728e+01
 4.05310403e+01 1.31095263e+01
 4.05321425e+01 1.31095263e+01
 4.10990659e+01 1.31095263e+01
 4.08394759e+01 1.32045165e+01
 4.10201251e+01 1.33028703e+01
 4.07161473e+01 1.33028703e+01
 4.14851875e+01 1.33028703e+01
 4.09759330e+01 1.33028703e+01
 4.12439368e+01 1.33061370e+01
 4.22093833e+01 1.33061643e+01
 4.15406124e+01 1.33061643e+01
 4.21054346e+01 1.33437190e+01
 4.18919852e+01 1.36170523e+01
 4.18746644e+01 1.36170523e+01
 4.22779514e+01 1.36170523e+01
 4.23195932e+01 1.36170523e+01
 4.27232113e+01 1.36168555e+01
 4.22261504e+01 1.36167773e+01
 4.31398963e+01 1.36167773e+01
 4.28962267e+01 1.36167773e+01
 4.27988074e+01 1.38429466e+01
 4.31538704e+01 1.38430773e+01
 4.27048829e+01 1.38430773e+01
 4.39007771e+01 1.38430376e+01
 4.36125785e+01 1.38428033e+01
 4.38918528e+01 1.38428033e+01
 4.36777275e+01 1.38428033e+01
 4.38914402e+01 1.38428033e+01
 4.39409869e+01 1.39505549e+01
 4.36967733e+01 1.39894583e+01
 4.45606681e+01 1.39894583e+01
 4.38897212e+01 1.39894583e+01
 4.48805611e+01 1.39878103e+01
 4.43086744e+01 1.39878103e+01
 4.42074606e+01 1.39878103e+01
 4.48652934e+01 1.39878103e+01
 4.45637963e+01 1.40627291e+01
 4.52959228e+01 1.42695853e+01
 4.48685616e+01 1.42695853e+01
 4.53179867e+01 1.42695853e+01
 4.47530879e+01 1.42704383e+01
 4.54954405e+01 1.42706853e+01
 4.50848664e+01 1.42706853e+01
 4.52524797e+01 1.42706853e+01
 4.60343611e+01 1.42841423e+01
 4.53977970e+01 1.42841423e+01
 4.64441832e+01 1.42841423e+01
 4.57438470e+01 1.42841423e+01
 4.61527558e+01 1.42837183e+01
 4.62294179e+01 1.42827683e+01
 4.64991673e+01 1.42827683e+01
 4.64307917e+01 1.42827683e+01
 4.67765823e+01 1.44866961e+01
 4.69401372e+01 1.45398273e+01
 4.63507663e+01 1.45398273e+01
 4.75020175e+01 1.45398273e+01
 4.66520099e+01 1.45398388e+01
 4.77260745e+01 1.45417493e+01
 4.76924429e+01 1.45417493e+01
 4.74122186e+01 1.45417493e+01
 4.76637797e+01 1.46072446e+01
 4.75816309e+01 1.47411363e+01
 4.77314269e+01 1.47411363e+01
 4.75842282e+01 1.47411363e+01
 4.85099048e+01 1.47357917e+01
 4.80302222e+01 1.47345433e+01
 4.87702270e+01 1.47345433e+01
 4.79334054e+01 1.47345433e+01
 4.85441154e+01 1.47363819e+01
 4.81521582e+01 1.49138803e+01
 4.85341293e+01 1.49138803e+01
 4.90785731e+01 1.49138803e+01
 4.87712467e+01 1.49142638e+01
 4.91537366e+01 1.49149803e+01
 4.87781830e+01 1.49149803e+01
 4.93023434e+01 1.49149803e+01
 4.88811677e+01 1.49149803e+01
 4.96682129e+01 1.50081804e+01
 4.93462371e+01 1.50168703e+01
 5.01094445e+01 1.50168703e+01
 4.93886220e+01 1.50169044e+01
 4.97519270e+01 1.50190663e+01
 4.98898553e+01 1.50190663e+01
 4.96361365e+01 1.50190663e+01
 5.02944781e+01 1.50777724e+01
 5.02796294e+01 1.51780813e+01
 5.05330777e+01 1.51780813e+01
 4.98728877e+01 1.51780813e+01
 5.06154880e+01 1.51780813e+01
 5.01583130e+01 1.51849538e+01
 5.13162174e+01 1.51854963e+01
 5.06691228e+01 1.51854963e+01
 5.14873715e+01 1.51893696e+01
 5.10022903e+01 1.53337983e+01
 5.07266532e+01 1.53337983e+01
 5.12524467e+01 1.53337983e+01
 5.12226801e+01 1.53337983e+01
 5.16609957e+01 1.53520880e+01
 5.19431373e+01 1.53684033e+01
 5.19501928e+01 1.53684033e+01
 5.15617768e+01 1.53684033e+01
 5.19881712e+01 1.54289721e+01
 5.14975186e+01 1.54321173e+01
 5.27519783e+01 1.54321173e+01
 5.18342650e+01 1.54394246e+01
 5.25827542e+01 1.55930543e+01
 5.22766282e+01 1.55930543e+01
 5.24072924e+01 1.55930543e+01
 5.23669618e+01 1.55930543e+01
 5.28187639e+01 1.55873904e+01
 5.26794672e+01 1.55842663e+01
 5.33608667e+01 1.55842663e+01
 5.25541703e+01 1.55842663e+01
 5.26235238e+01 1.57339271e+01
 5.30681351e+01 1.57344923e+01
 5.29301012e+01 1.57344923e+01
 5.38229906e+01 1.57344923e+01
 5.32566427e+01 1.57424189e+01
 5.37477932e+01 1.57641533e+01
 5.35340989e+01 1.57641533e+01
 5.37940426e+01 1.57641533e+01
 5.35471343e+01 1.58249377e+01
 5.44811421e+01 1.58399523e+01
 5.38258857e+01 1.58399523e+01
 5.48236050e+01 1.58399523e+01
 5.35018086e+01 1.58400337e+01
 5.41616596e+01 1.58429723e+01
 5.41644420e+01 1.58429723e+01
 5.45227010e+01 1.58429723e+01
 5.47970286e+01 1.59008181e+01
 5.49455339e+01 1.59687563e+01
 5.45580926e+01 1.59687563e+01
 5.49780493e+01 1.59687563e+01
 5.47454574e+01 1.59702694e+01
 5.49213715e+01 1.59704043e+01
 5.55232249e+01 1.59704043e+01
 5.53029480e+01 1.59704043e+01
 5.61174219e+01 1.59717587e+01
 5.51118071e+01 1.59896283e+01
 5.57303289e+01 1.59896283e+01
 5.54209164e+01 1.59896283e+01
 5.59149044e+01 1.59936147e+01
 5.61396418e+01 1.59975933e+01
 5.61647893e+01 1.59975933e+01
 5.57528379e+01 1.59975933e+01
 5.62688879e+01 1.59975933e+01
 5.54783776e+01 1.60842598e+01
 5.70423027e+01 1.60857513e+01
 5.58944308e+01 1.60857513e+01
 5.70760661e+01 1.60875392e+01
 5.60732178e+01 1.61074473e+01
 5.68361598e+01 1.61074473e+01
 5.64735663e+01 1.61074473e+01
 5.69142184e+01 1.62020192e+01
 5.70424973e+01 1.62887083e+01
 5.74817455e+01 1.62887083e+01
 5.69001070e+01 1.62887083e+01
 5.74660417e+01 1.62887083e+01
 5.68027035e+01 1.62745487e+01
 5.81479507e+01 1.62744263e+01
 5.71742044e+01 1.62744263e+01
 5.78172150e+01 1.62697818e+01
 5.74549256e+01 1.62293863e+01
 5.77181021e+01 1.62293863e+01
 5.76617534e+01 1.62293863e+01
 5.80774085e+01 1.62293863e+01
 5.78866151e+01 1.62482174e+01
 5.86892834e+01 1.62571253e+01
 5.75760450e+01 1.62571253e+01
 5.88187034e+01 1.62571253e+01
 5.76520469e+01 1.64913713e+01
 5.90264626e+01 1.64924873e+01
 5.82801976e+01 1.64924873e+01
 5.88090614e+01 1.64935799e+01
 5.88513100e+01 1.65018243e+01
 5.88680625e+01 1.65018243e+01
 5.87934157e+01 1.65018243e+01
 5.89998289e+01 1.65018243e+01
 5.87906463e+01 1.65221975e+01
 5.96979678e+01 1.65314853e+01
 5.85438921e+01 1.65314853e+01
 5.97968252e+01 1.65314853e+01
 5.87391584e+01 1.65251904e+01
 6.01151458e+01 1.65251683e+01
 5.92740159e+01 1.65251683e+01
 5.97082230e+01 1.65251683e+01
 5.97419849e+01 1.65435041e+01
 5.97926258e+01 1.66083823e+01
 5.95996389e+01 1.66083823e+01
 6.00964587e+01 1.66083823e+01
 5.98614766e+01 1.66188615e+01
 6.05737138e+01 1.66232133e+01
 5.96375438e+01 1.66232133e+01
 6.05823191e+01 1.66232133e+01
 5.97807991e+01 1.66819125e+01
 6.13069157e+01 1.66819853e+01
 6.01987942e+01 1.66819853e+01
 6.11459835e+01 1.66819853e+01
 6.05804873e+01 1.66814614e+01
 6.08450376e+01 1.66797893e+01
 6.07998192e+01 1.66797893e+01
 6.10786462e+01 1.66797893e+01
 6.09610388e+01 1.67176699e+01
 6.14653255e+01 1.67319703e+01
 6.08772048e+01 1.67319703e+01
 6.17914992e+01 1.67319703e+01
 6.05123615e+01 1.67319703e+01
 6.20489199e+01 1.67893673e+01
 6.11783057e+01 1.67893673e+01
 6.21757406e+01 1.67893673e+01
 6.11707703e+01 1.67977014e+01
 6.15919853e+01 1.68217743e+01
 6.17378378e+01 1.68217743e+01
 6.19040065e+01 1.68217743e+01
 6.18152928e+01 1.68708751e+01
 6.23284215e+01 1.68876873e+01
 6.21692460e+01 1.68876873e+01
 6.22729126e+01 1.68876873e+01
 6.18753670e+01 1.68876833e+01
 6.29140152e+01 1.68827443e+01
 6.21725961e+01 1.68827443e+01
 6.30532920e+01 1.68827443e+01
 6.25039693e+01 1.68913588e+01
 6.27588441e+01 1.69126793e+01
 6.28498129e+01 1.69126793e+01
 6.31099778e+01 1.69126793e+01
 6.34016957e+01 1.69126793e+01
 6.24345389e+01 1.69347926e+01
 6.31737662e+01 1.69371213e+01
 6.27190156e+01 1.69371213e+01
 6.35677815e+01 1.69392628e+01
 6.35394459e+01 1.70296743e+01
 6.35277480e+01 1.70296743e+01
 6.31667459e+01 1.70296743e+01
 6.31662262e+01 1.70158734e+01
 6.35153431e+01 1.69989153e+01
 6.41676391e+01 1.69989153e+01
 6.37927086e+01 1.69989153e+01
 6.42096961e+01 1.69989153e+01
 6.31409172e+01 1.70743286e+01
 6.46231817e+01 1.70752643e+01
 6.34805998e+01 1.70752643e+01
 6.48546959e+01 1.70737176e+01
 6.40335429e+01 1.70623553e+01
 6.46778285e+01 1.70623553e+01
 6.42093195e+01 1.70623553e+01
 6.42165852e+01 1.70623553e+01
 6.47376101e+01 1.70482892e+01
 6.45502233e+01 1.70434053e+01
 6.53451842e+01 1.70434053e+01
 6.49943420e+01 1.70434053e+01
 6.45421551e+01 1.70401113e+01
 6.45072988e+01 1.70401113e+01
 6.48010429e+01 1.70401113e+01
 6.53588569e+01 1.70401113e+01
 6.55252515e+01 1.71182165e+01
 6.51436324e+01 1.72642123e+01
 6.50676751e+01 1.72642123e+01
 6.50451905e+01 1.72642123e+01
 6.58224838e+01 1.72542161e+01
 6.54156260e+01 1.72521293e+01
 6.65501415e+01 1.72521293e+01
 6.48567397e+01 1.72521293e+01
 6.61645175e+01 1.72378483e+01
 6.50711895e+01 1.72378483e+01
 6.63494566e+01 1.72378483e+01
 6.59854161e+01 1.72378483e+01
 6.61203145e+01 1.72346051e+01
 6.58110666e+01 1.72290593e+01
 6.58015263e+01 1.72290593e+01
 6.65958703e+01 1.72290593e+01
 6.60893117e+01 1.72946188e+01
 6.69497828e+01 1.73067803e+01
 6.54323944e+01 1.73067803e+01
 6.70774429e+01 1.73067803e+01
 6.58121204e+01 1.73068162e+01
 6.68299740e+01 1.73084283e+01
 6.66059013e+01 1.73084283e+01
 6.71051860e+01 1.73084283e+01
 6.65916277e+01 1.73006159e+01
 6.66317517e+01 1.72883803e+01
 6.67697712e+01 1.72883803e+01
 6.69035728e+01 1.72883803e+01
 6.75950662e+01 1.72895607e+01
 6.66556101e+01 1.72897543e+01
 6.71377279e+01 1.72897543e+01
 6.69836441e+01 1.72897543e+01
 6.74946609e+01 1.72949332e+01
 6.75786177e+01 1.74677173e+01
 6.76801597e+01 1.74677173e+01
 6.72903485e+01 1.74677173e+01
 6.72879221e+01 1.74692958e+01
 6.75395981e+01 1.74715623e+01
 6.79244465e+01 1.74715623e+01
 6.78750858e+01 1.74715623e+01
 6.80504700e+01 1.74715623e+01
 6.72572803e+01 1.73532896e+01
 6.78337102e+01 1.73468783e+01
 6.77993733e+01 1.73468783e+01
 6.83565255e+01 1.73469911e+01
 6.79080156e+01 1.73498983e+01
 6.83378281e+01 1.73498983e+01
 6.78527206e+01 1.73498983e+01
 6.81269058e+01 1.74133048e+01
 6.85198613e+01 1.74968283e+01
 6.84783108e+01 1.74968283e+01
 6.86826292e+01 1.74968283e+01
 6.80549165e+01 1.74968283e+01
 6.88717952e+01 1.75060395e+01
 6.79911308e+01 1.75064413e+01
 6.92144964e+01 1.75064413e+01
 6.86930469e+01 1.75087234e+01
 6.91477965e+01 1.75621923e+01
 6.84574666e+01 1.75621923e+01
 6.90008994e+01 1.75621923e+01
 6.89900263e+01 1.75621923e+01
 6.92757624e+01 1.75590811e+01
 6.96113626e+01 1.75567003e+01
 6.88844551e+01 1.75567003e+01
 6.93064318e+01 1.75567003e+01
 6.85755416e+01 1.75588124e+01
 7.01871972e+01 1.75588963e+01
 6.92680280e+01 1.75588963e+01
 7.03593731e+01 1.75590904e+01
 6.92584966e+01 1.75627423e+01
 6.93582522e+01 1.75627423e+01
 6.96928298e+01 1.75627423e+01
 7.00713663e+01 1.75627423e+01
 6.96316144e+01 1.75624191e+01
 6.92712196e+01 1.75621923e+01
 6.99281711e+01 1.75621923e+01
 6.97251856e+01 1.75621923e+01
 7.09917261e+01 1.76152147e+01
 6.96868072e+01 1.76168453e+01
 7.03649460e+01 1.76168453e+01
 6.95693542e+01 1.76168453e+01
 7.03346093e+01 1.76165006e+01
 7.01378382e+01 1.76143733e+01
 7.07732192e+01 1.76143733e+01
 7.03866265e+01 1.76143733e+01
 7.04328998e+01 1.76735195e+01
 7.05977973e+01 1.77115943e+01
 6.99556603e+01 1.77115943e+01
 7.09429674e+01 1.77115943e+01
 7.05587002e+01 1.77091680e+01
 7.10320638e+01 1.77091223e+01
 7.04230150e+01 1.77091223e+01
 7.05895935e+01 1.77091223e+01
 7.06894498e+01 1.77188414e+01
 7.12215352e+01 1.77610293e+01
 7.10023595e+01 1.77610293e+01
 7.09880413e+01 1.77610293e+01
 7.11151746e+01 1.77604354e+01
 7.11644835e+01 1.77602053e+01
 7.11644835e+01 1.77602053e+01
 7.09903022e+01 1.77602053e+01
 7.14288754e+01 1.77602093e+01
 7.07611963e+01 1.77621273e+01
 7.15661035e+01 1.77621273e+01
 7.14857075e+01 1.77621273e+01
 7.18862922e+01 1.77639003e+01
 7.17478098e+01 1.77667963e+01
 7.14080042e+01 1.77667963e+01
 7.14824908e+01 1.77667963e+01
 7.17061123e+01 1.78179059e+01
 7.23507742e+01 1.78241953e+01
 7.21096366e+01 1.78241953e+01
 7.17548113e+01 1.78241953e+01
 7.11992541e+01 1.78242142e+01
 7.20628167e+01 1.78244693e+01
 7.25804282e+01 1.78244693e+01
 7.24805144e+01 1.78244693e+01
 7.21108764e+01 1.78459171e+01
 7.19525900e+01 1.78631933e+01
 7.19985279e+01 1.78631933e+01
 7.24686340e+01 1.78631933e+01
 7.25090315e+01 1.78631933e+01
 7.29238164e+01 1.78601736e+01
 7.20681640e+01 1.78601723e+01
 7.27591512e+01 1.78601723e+01
 7.20303472e+01 1.78676198e+01
 7.32226353e+01 1.79101553e+01
 7.30820668e+01 1.79101553e+01
 7.27790442e+01 1.79101553e+01
 7.24428079e+01 1.79101553e+01
 7.22503519e+01 1.79126221e+01
 7.39372156e+01 1.79134513e+01
 7.22466595e+01 1.79134513e+01
 7.35886037e+01 1.79134513e+01
 7.20573077e+01 1.79156483e+01
 7.40440458e+01 1.79156483e+01
 7.27851491e+01 1.79156483e+01
 7.36071386e+01 1.79161688e+01
 7.30783267e+01 1.79186683e+01
 7.35222262e+01 1.79186683e+01
 7.31022275e+01 1.79186683e+01
 7.26376699e+01 1.79186683e+01
 7.37969170e+01 1.79648258e+01
 7.34498269e+01 1.79782653e+01
 7.44895346e+01 1.79782653e+01
 7.28413275e+01 1.79782653e+01
 7.36114339e+01 1.79799123e+01
 7.33904335e+01 1.79799123e+01
 7.44984708e+01 1.79799123e+01
 7.37146352e+01 1.79799123e+01
 7.36928376e+01 1.79831593e+01
 7.33693815e+01 1.79903493e+01
 7.40943109e+01 1.79903493e+01
 7.43596755e+01 1.79903493e+01
 7.45694583e+01 1.79894757e+01
 7.34727241e+01 1.79892513e+01
 7.37349007e+01 1.79892513e+01
 7.36128701e+01 1.79892513e+01
 7.50243878e+01 1.80422553e+01
 7.46097631e+01 1.80422553e+01
 7.46548634e+01 1.80422553e+01
 7.37412901e+01 1.80422553e+01
 7.47938780e+01 1.80416186e+01
 7.45197788e+01 1.80403323e+01
 7.43718579e+01 1.80403323e+01
 7.49204589e+01 1.80403323e+01
 7.39473549e+01 1.81124382e+01
 7.49529484e+01 1.81290403e+01
 7.37049107e+01 1.81290403e+01
 7.55549886e+01 1.81290403e+01
 7.42370686e+01 1.80820773e+01
 7.53346066e+01 1.80820773e+01
 7.43651312e+01 1.80820773e+01
 7.50724588e+01 1.80820773e+01
 7.48760551e+01 1.80667998e+01
 7.50587213e+01 1.80400583e+01
 7.49863459e+01 1.80400583e+01
 7.46033432e+01 1.80400583e+01
 7.47658869e+01 1.80642605e+01
 7.55425408e+01 1.80688943e+01
 7.53632838e+01 1.80688943e+01
 7.57499713e+01 1.80688943e+01
 7.45682521e+01 1.80690044e+01
 7.53605001e+01 1.80743873e+01
 7.49657546e+01 1.80743873e+01
 7.58283452e+01 1.80743873e+01
 7.54622746e+01 1.80951023e+01
 7.56119341e+01 1.81290403e+01
 7.56043142e+01 1.81290403e+01
 7.49702662e+01 1.81290403e+01
 7.61079083e+01 1.81290403e+01
 7.53021400e+01 1.81277647e+01
 7.65750482e+01 1.81276663e+01
 7.49664158e+01 1.81276663e+01
 7.59582368e+01 1.81289785e+01
 7.53125284e+01 1.81853393e+01
 7.62710004e+01 1.81853393e+01
 7.58875372e+01 1.81853393e+01
 7.59829817e+01 1.81864176e+01
 7.55636404e+01 1.81880863e+01
 7.55009523e+01 1.81880863e+01
 7.57682242e+01 1.81880863e+01
 7.67939744e+01 1.81880863e+01
 7.60924351e+01 1.82742724e+01
 7.61868894e+01 1.82798143e+01
 7.55576872e+01 1.82798143e+01
 7.68445137e+01 1.82799137e+01
 7.58874610e+01 1.82831103e+01
 7.69279998e+01 1.82831103e+01
 7.60198449e+01 1.82831103e+01
 7.63387863e+01 1.82683493e+01
 7.64314029e+01 1.82474073e+01
 7.64960596e+01 1.82474073e+01
 7.68193463e+01 1.82474073e+01
 7.58448798e+01 1.82474073e+01
 7.68383248e+01 1.82532437e+01
 7.60427418e+01 1.82534503e+01
 7.69050336e+01 1.82534503e+01
 7.63849766e+01 1.82555080e+01
 7.69507551e+01 1.82800903e+01
 7.66081216e+01 1.82800903e+01
 7.69069123e+01 1.82800903e+01
 7.68825957e+01 1.82800903e+01
 7.71801527e+01 1.82802830e+01
 7.63951970e+01 1.82803643e+01
 7.74672333e+01 1.82803643e+01
 7.62133928e+01 1.82803643e+01
 7.78706377e+01 1.82542743e+01
 7.62958885e+01 1.82542743e+01
 7.78468921e+01 1.82542743e+01
 7.66097728e+01 1.82542743e+01
 7.72220933e+01 1.82555701e+01
 7.69128998e+01 1.82581183e+01
 7.70090090e+01 1.82581183e+01
 7.76717124e+01 1.82581183e+01
 7.67487441e+01 1.83457435e+01
 7.77985382e+01 1.83600083e+01
 7.70828180e+01 1.83600083e+01
 7.77258754e+01 1.83600422e+01
 7.72066408e+01 1.83655003e+01
 7.77088543e+01 1.83655003e+01
 7.74618484e+01 1.83655003e+01
 7.75018573e+01 1.83655003e+01
 7.75451640e+01 1.83417050e+01
 7.79566825e+01 1.83188143e+01
 7.72185307e+01 1.83188143e+01
 7.80884031e+01 1.83188143e+01
 7.69653179e+01 1.83193284e+01
 7.87287460e+01 1.83193623e+01
 7.70293914e+01 1.83193623e+01
 7.87021807e+01 1.83193623e+01
 7.71300969e+01 1.83209471e+01
 7.79813640e+01 1.83366643e+01
 7.77255562e+01 1.83366643e+01
 7.83572736e+01 1.83366643e+01
 7.77512661e+01 1.83363693e+01
 7.74792636e+01 1.83361153e+01
 7.76353049e+01 1.83361153e+01
 7.85304005e+01 1.83361153e+01
 7.82545725e+01 1.83361153e+01
 7.89346204e+01 1.84799607e+01
 7.72349313e+01 1.84811233e+01
 7.82530087e+01 1.84811233e+01
 7.75634870e+01 1.84815552e+01
 7.88961360e+01 1.84852423e+01
 7.83334864e+01 1.84852423e+01
 7.87177946e+01 1.84852423e+01
 7.79631130e+01 1.85027224e+01
 7.77096763e+01 1.85165503e+01
 7.86435304e+01 1.85165503e+01
 7.84505250e+01 1.85165503e+01
 7.86034166e+01 1.85165503e+01
 7.82455978e+01 1.85143628e+01
 7.80880451e+01 1.85143533e+01
 7.87828606e+01 1.85143533e+01
 7.85566944e+01 1.85054080e+01
 7.91460853e+01 1.84391033e+01
 7.84641644e+01 1.84391033e+01
 7.84048238e+01 1.84391033e+01
 7.89129420e+01 1.84391033e+01
 7.85857595e+01 1.84575083e+01
 7.93527859e+01 1.84649193e+01
 7.81127725e+01 1.84649193e+01
 7.92788253e+01 1.84649193e+01
 7.81491949e+01 1.84876973e+01
 7.90746927e+01 1.84877143e+01
 7.86121718e+01 1.84877143e+01
 7.90115959e+01 1.84915927e+01
 7.90353016e+01 1.85149023e+01
 7.90666155e+01 1.85149023e+01
 7.90497378e+01 1.85149023e+01
 7.93255802e+01 1.85149023e+01
 7.85104947e+01 1.85183208e+01
 7.92351340e+01 1.85195713e+01
 7.85201941e+01 1.85195713e+01
 7.98569673e+01 1.85195713e+01
 7.89402853e+01 1.85206712e+01
 7.95353088e+01 1.85206713e+01
 7.86440718e+01 1.85206713e+01
 7.92584256e+01 1.85206713e+01
 7.92279541e+01 1.85196585e+01
 7.94756724e+01 1.85168253e+01
 7.91798482e+01 1.85168253e+01
 7.90218167e+01 1.85168253e+01
 7.87760727e+01 1.85205384e+01
 8.03981265e+01 1.85217693e+01
 7.94082097e+01 1.85217693e+01
 8.05088792e+01 1.85217693e+01
 7.85944086e+01 1.85234173e+01
 7.92947842e+01 1.85234173e+01
 7.86242638e+01 1.85234173e+01
 8.01143264e+01 1.85234173e+01
 7.96418704e+01 1.85304772e+01
 7.97184929e+01 1.85484083e+01
 7.93166972e+01 1.85484083e+01
 7.96079870e+01 1.85484083e+01
 7.95687379e+01 1.85507336e+01
 8.05734785e+01 1.85514303e+01
 7.91810360e+01 1.85514303e+01
 8.02085995e+01 1.85514303e+01
 7.89420307e+01 1.85514601e+01
 8.07007760e+01 1.85819133e+01
 7.94994787e+01 1.85819133e+01
 8.02283129e+01 1.85819133e+01
 7.97622384e+01 1.85832689e+01
 7.98745883e+01 1.85865833e+01
 7.95742708e+01 1.85865833e+01
 8.00833942e+01 1.85865833e+01
 7.94422398e+01 1.85872233e+01
 8.03926691e+01 1.85874073e+01
 7.91831331e+01 1.85874073e+01
 8.14204128e+01 1.85874073e+01
 7.94174609e+01 1.85874064e+01
 8.12083350e+01 1.85871313e+01
 7.95534095e+01 1.85871313e+01
 8.00305039e+01 1.85871313e+01
 7.99664795e+01 1.86333484e+01
 8.07557667e+01 1.87236263e+01
 8.03418015e+01 1.87236263e+01
 8.02135992e+01 1.87236263e+01
 7.97766844e+01 1.87236263e+01
 8.05351659e+01 1.87181675e+01
 8.02253105e+01 1.87178583e+01
 8.16433378e+01 1.87178583e+01
 7.98180307e+01 1.87179620e+01
 8.08853564e+01 1.87197803e+01
 8.00297477e+01 1.87197803e+01
 8.08923493e+01 1.87197803e+01
 8.03709890e+01 1.87197803e+01
 8.02466016e+01 1.87221439e+01
 8.04079989e+01 1.87233503e+01
 8.05607323e+01 1.87233503e+01
 8.12200093e+01 1.87233503e+01
 8.11186392e+01 1.86218045e+01
 8.00934295e+01 1.86217363e+01
 8.08469008e+01 1.86217363e+01
 8.04865825e+01 1.86216400e+01
 8.13868517e+01 1.86211863e+01
 8.12659795e+01 1.86211863e+01
 8.09856202e+01 1.86211863e+01
 8.09153222e+01 1.86211863e+01
 8.04624258e+01 1.87016488e+01
 8.13226735e+01 1.87206043e+01
 8.05866214e+01 1.87206043e+01
 8.10590163e+01 1.87206043e+01
 8.12393352e+01 1.87181333e+01
 8.10804621e+01 1.87181333e+01
 8.14400951e+01 1.87181333e+01
 8.12441919e+01 1.87181333e+01
 8.14389791e+01 1.87183441e+01
 8.11455200e+01 1.87186823e+01
 8.09748197e+01 1.87186823e+01
 8.15069863e+01 1.87186823e+01
 8.12096998e+01 1.87238480e+01
 8.20178805e+01 1.87247243e+01
 8.05490849e+01 1.87247243e+01
 8.11932614e+01 1.87247227e+01
 8.07207231e+01 1.87219783e+01
 8.16508908e+01 1.87219783e+01
 8.19396914e+01 1.87219783e+01
 8.09310637e+01 1.87219783e+01
 8.13084025e+01 1.87248692e+01
 8.15463396e+01 1.87291193e+01
 8.15287168e+01 1.87291193e+01
 8.19628784e+01 1.87291193e+01
 8.08864847e+01 1.87986604e+01
 8.17573960e+01 1.88090383e+01
 8.10539897e+01 1.88090383e+01
 8.14389032e+01 1.88090383e+01
 8.14371813e+01 1.88074513e+01
 8.14745596e+01 1.87637223e+01
 8.19456157e+01 1.87637223e+01
 8.14135085e+01 1.87637223e+01
 8.21910727e+01 1.87452455e+01
 8.18402825e+01 1.87203303e+01
 8.14835688e+01 1.87203303e+01
 8.17095566e+01 1.87203303e+01
 8.17519490e+01 1.88017217e+01
 8.24964554e+01 1.88123333e+01
 8.22228201e+01 1.88123333e+01
 8.11970677e+01 1.88123333e+01
 8.18465275e+01 1.88124177e+01
 8.12670190e+01 1.88142553e+01
 8.26508318e+01 1.88142553e+01
 8.19701329e+01 1.88142553e+01
 8.22599271e+01 1.88143782e+01
 8.19805161e+01 1.88145303e+01
 8.19219557e+01 1.88145303e+01
 8.23361504e+01 1.88145303e+01
 8.28678204e+01 1.88145303e+01
 8.26141647e+01 1.88163853e+01
 8.23909172e+01 1.88164533e+01
 8.12937154e+01 1.88164533e+01
 8.30415308e+01 1.88134696e+01
 8.15291374e+01 1.87609763e+01
 8.28085723e+01 1.87609763e+01
 8.18130266e+01 1.87609763e+01
 8.22147465e+01 1.87633532e+01
 8.26791152e+01 1.87659203e+01
 8.24845144e+01 1.87659203e+01
 8.22016782e+01 1.87659203e+01
 8.22016782e+01 1.87659203e+01
 8.18906886e+01 1.87680658e+01
 8.37492963e+01 1.87681163e+01
 8.19161154e+01 1.87681163e+01
 8.36015032e+01 1.87679793e+01
 8.18152807e+01 1.87661943e+01
 8.24041823e+01 1.87661943e+01
 8.24523965e+01 1.87661943e+01
 8.30345734e+01 1.87661943e+01
 8.28078831e+01 1.87944577e+01
 8.26250162e+01 1.88112343e+01
 8.19660974e+01 1.88112343e+01
 8.30031931e+01 1.88112343e+01
 8.22456754e+01 1.88125846e+01
 8.39545940e+01 1.88126073e+01
 8.19161968e+01 1.88126073e+01
 8.31673081e+01 1.88130649e+01
 8.25269024e+01 1.88181013e+01
 8.31125985e+01 1.88181013e+01
 8.28221033e+01 1.88181013e+01
 8.31183218e+01 1.88181013e+01
 8.28129575e+01 1.88166769e+01
 8.36303026e+01 1.88159033e+01
 8.26370403e+01 1.88159033e+01
 8.40604336e+01 1.88159033e+01
 8.19083427e+01 1.89139526e+01
 8.28831856e+01 1.89150463e+01
 8.22267298e+01 1.89150463e+01
 8.35891160e+01 1.89150463e+01
 8.32256976e+01 1.89152401e+01
 8.26178216e+01 1.89161443e+01
 8.28003321e+01 1.89161443e+01
 8.34077298e+01 1.89161443e+01
 8.31796837e+01 1.89192087e+01
 8.39329767e+01 1.89208143e+01
 8.29304057e+01 1.89208143e+01
 8.35641799e+01 1.89208143e+01
 8.29357600e+01 1.89205397e+01
 8.35917787e+01 1.89205393e+01
 8.32760053e+01 1.89205393e+01
 8.33236796e+01 1.89205393e+01
 8.34646038e+01 1.89111369e+01
 8.34727705e+01 1.88875833e+01
 8.37803067e+01 1.88875833e+01
 8.43498421e+01 1.88875833e+01
 8.28258442e+01 1.88864602e+01
 8.39634931e+01 1.88862103e+01
 8.27607989e+01 1.88862103e+01
 8.35956992e+01 1.88862103e+01
 8.31572973e+01 1.88877040e+01
 8.36413485e+01 1.89367423e+01
 8.34057915e+01 1.89367423e+01
 8.34397635e+01 1.89367423e+01
 8.35476579e+01 1.89345623e+01
 8.36609728e+01 1.89320743e+01
 8.30229080e+01 1.89320743e+01
 8.35794110e+01 1.89320743e+01
 8.24610913e+01 1.89320743e+01
 8.46098889e+01 1.89639451e+01
 8.39491444e+01 1.89642073e+01
 8.38727225e+01 1.89642073e+01
 8.37481297e+01 1.89649350e+01
 8.32210743e+01 1.89696993e+01
 8.38437808e+01 1.89696993e+01
 8.42868854e+01 1.89696993e+01
 8.36655710e+01 1.89696993e+01
 8.40308333e+01 1.89696993e+01
 8.35929527e+01 1.89696993e+01
 8.47448286e+01 1.89696993e+01
 8.37201338e+01 1.89696993e+01
 8.37504834e+01 1.89683253e+01
 8.39361353e+01 1.89683253e+01
 8.33904809e+01 1.89683253e+01
 8.46303465e+01 1.89680377e+01
 8.34587400e+01 1.89666773e+01
 8.41912992e+01 1.89666773e+01
 8.34844917e+01 1.89666773e+01
 8.32999368e+01 1.89666773e+01
 8.39492847e+01 1.89759745e+01
 8.46550939e+01 1.89787623e+01
 8.38006735e+01 1.89787623e+01
 8.43110712e+01 1.89787623e+01
 8.29386917e+01 1.89831563e+01
 8.47891799e+01 1.89831563e+01
 8.35967280e+01 1.89831563e+01
 8.45952250e+01 1.89827358e+01
 8.33400441e+01 1.89809593e+01
 8.42593750e+01 1.89809593e+01
 8.41239255e+01 1.89809593e+01
 8.45257224e+01 1.89809593e+01
 8.36748042e+01 1.89865807e+01
 8.48528367e+01 1.89880993e+01
 8.36025003e+01 1.89880993e+01
 8.51427014e+01 1.89880993e+01
 8.39620869e+01 1.89867273e+01
 8.53415681e+01 1.89867273e+01
 8.36540548e+01 1.89867273e+01
 8.40773962e+01 1.89867273e+01
 8.40673368e+01 1.89876106e+01
 8.48787312e+01 1.89894733e+01
 8.44009114e+01 1.89894733e+01
 8.47369639e+01 1.89894733e+01
 8.36515610e+01 1.90838533e+01
 8.52525515e+01 1.91067423e+01
 8.43085032e+01 1.91067423e+01
 8.44660512e+01 1.91067423e+01
 8.46683160e+01 1.91070163e+01
 8.44804901e+01 1.91070163e+01
 8.45420555e+01 1.91070163e+01
 8.43087295e+01 1.91070163e+01
 8.47375409e+01 1.90806382e+01
 8.41278759e+01 1.90298453e+01
 8.41917769e+01 1.90298453e+01
 8.47240886e+01 1.90298453e+01
 8.47737154e+01 1.90325523e+01
 8.49661149e+01 1.90331393e+01
 8.45320600e+01 1.90331393e+01
 8.38730179e+01 1.90331393e+01
 8.57109893e+01 1.90325366e+01
 8.42223191e+01 1.89889233e+01
 8.56143396e+01 1.89889233e+01
 8.42090549e+01 1.89889233e+01
 8.47484820e+01 1.89885256e+01
 8.45700851e+01 1.89878253e+01
 8.47647554e+01 1.89878253e+01
 8.45341255e+01 1.89878253e+01
 8.52224173e+01 1.90481400e+01
 8.40632510e+01 1.90597803e+01
 8.60612067e+01 1.90597803e+01
 8.44722524e+01 1.90597803e+01
 8.58571108e+01 1.90598021e+01
 8.41827570e+01 1.90608783e+01
 8.51280632e+01 1.90608783e+01
 8.51682226e+01 1.90608783e+01
 8.54596034e+01 1.90512176e+01
 8.49128264e+01 1.90364363e+01
 8.49701212e+01 1.90364363e+01
 8.43380520e+01 1.90364363e+01
 8.56265210e+01 1.90364363e+01
 8.45557623e+01 1.90364363e+01
 8.57186883e+01 1.90364363e+01
 8.48372426e+01 1.90364363e+01
 8.50311526e+01 1.90364791e+01
 8.54361976e+01 1.90378083e+01
 8.49009269e+01 1.90378083e+01
 8.55771346e+01 1.90378083e+01
 8.48168098e+01 1.90366655e+01
 8.46696831e+01 1.90350623e+01
 8.56313497e+01 1.90350623e+01
 8.53588001e+01 1.90350623e+01
 8.48506434e+01 1.90350623e+01
 8.53397523e+01 1.92146975e+01
 8.41054209e+01 1.92229133e+01
 8.64190943e+01 1.92229133e+01
 8.48943771e+01 1.92228511e+01
 8.59147488e+01 1.92215393e+01
 8.47781232e+01 1.92215393e+01
 8.54040954e+01 1.92215393e+01
 8.49002303e+01 1.92215393e+01
 8.53625354e+01 1.91366090e+01
 8.47121865e+01 1.90847703e+01
 8.55566633e+01 1.90847703e+01
 8.46917816e+01 1.90847703e+01
 8.60416579e+01 1.90902221e+01
 8.48462664e+01 1.90902653e+01
 8.65156907e+01 1.90902653e+01
 8.42695628e+01 1.91069992e+01
 8.52321973e+01 1.92154983e+01
 8.50378022e+01 1.92154983e+01
 8.57948922e+01 1.92154983e+01
 8.54330791e+01 1.92154983e+01
 8.55716652e+01 1.92174299e+01
 8.44743712e+01 1.92179693e+01
 8.65588947e+01 1.92179693e+01
 8.46308141e+01 1.92179693e+01
 8.64565144e+01 1.91193753e+01
 8.48488319e+01 1.91193753e+01
 8.49492058e+01 1.91193753e+01
 8.49042401e+01 1.91193753e+01
 8.58328532e+01 1.91178652e+01
 8.52726264e+01 1.91158053e+01
 8.58970557e+01 1.91158053e+01
 8.46712720e+01 1.91158053e+01
 8.62817328e+01 1.92117786e+01
 8.53930929e+01 1.92212653e+01
 8.54787653e+01 1.92212653e+01
 8.44832396e+01 1.92212653e+01
 8.55089895e+01 1.92229535e+01
 8.59565280e+01 1.92446093e+01
 8.56521794e+01 1.92446093e+01
 8.58660526e+01 1.92446093e+01
 8.51359023e+01 1.92582196e+01
 8.50121989e+01 1.92704243e+01
 8.58848634e+01 1.92704243e+01
 8.61586629e+01 1.92704243e+01
 8.57515789e+01 1.91978395e+01
 8.55874103e+01 1.91935273e+01
 8.46317036e+01 1.91935273e+01
 8.63692547e+01 1.91935273e+01
 8.48519128e+01 1.91931753e+01
 8.61149397e+01 1.91899563e+01
 8.50054397e+01 1.91899563e+01
 8.54786970e+01 1.91899563e+01
 8.58842605e+01 1.92363454e+01
 8.62669798e+01 1.92745443e+01
 8.51425478e+01 1.92745443e+01
 8.60977419e+01 1.92745443e+01
 8.45544820e+01 1.92745443e+01
 8.66306451e+01 1.92696315e+01
 8.53666269e+01 1.92696023e+01
 8.62266912e+01 1.92696023e+01
 8.51349933e+01 1.92668592e+01
 8.51361101e+01 1.92451583e+01
 8.55953819e+01 1.92451583e+01
 8.60299903e+01 1.92451583e+01
 8.55622609e+01 1.92435938e+01
 8.58852915e+01 1.92424113e+01
 8.53890958e+01 1.92424113e+01
 8.63537772e+01 1.92424113e+01
 8.57852556e+01 1.92424113e+01
 8.55251568e+01 1.92731263e+01
 8.53463554e+01 1.92731723e+01
 8.51115276e+01 1.92731723e+01
 8.67679553e+01 1.92730977e+01
 8.55913242e+01 1.92726223e+01
 8.62498941e+01 1.92726223e+01
 8.53094237e+01 1.92726223e+01
 8.54250494e+01 1.92726223e+01
 8.54215095e+01 1.92143817e+01
 8.66414590e+01 1.91907803e+01
 8.53874475e+01 1.91907803e+01
 8.62376025e+01 1.91907803e+01
 8.48383295e+01 1.91973657e+01
 8.70007403e+01 1.91973713e+01
 8.54189027e+01 1.91973713e+01
 8.62669798e+01 1.92147177e+01
 8.61175281e+01 1.93198593e+01
 8.59902980e+01 1.93198593e+01
 8.60700894e+01 1.93198593e+01
 8.63383705e+01 1.93198593e+01
 8.55520021e+01 1.93196583e+01
 8.62510913e+01 1.93195843e+01
 8.51586214e+01 1.93195843e+01
 8.68207870e+01 1.93195843e+01
 8.66443921e+01 1.92437868e+01
 8.61093846e+01 1.92437853e+01
 8.61882779e+01 1.92437853e+01
 8.54552790e+01 1.92437853e+01
 8.64263543e+01 1.92430656e+01
 8.59724971e+01 1.92410393e+01
 8.62604758e+01 1.92410393e+01
 8.60116912e+01 1.92410393e+01
 8.61797869e+01 1.92999311e+01
 8.57781968e+01 1.93195843e+01
 8.69364846e+01 1.93195843e+01
 8.50765789e+01 1.93195843e+01
 8.70218677e+01 1.93212333e+01
 8.50976161e+01 1.93212333e+01
 8.69390052e+01 1.93212333e+01
 8.61459151e+01 1.93212333e+01
 8.63549949e+01 1.92999185e+01
 8.55786078e+01 1.92454333e+01
 8.61127628e+01 1.92454333e+01
 8.60143059e+01 1.92454333e+01
 8.71290644e+01 1.92439567e+01
 8.57901388e+01 1.92435113e+01
 8.67849921e+01 1.92435113e+01
 8.57444182e+01 1.92435113e+01
 8.62665359e+01 1.92439457e+01
 8.60167923e+01 1.93703913e+01
 8.58650777e+01 1.93703913e+01
 8.66022130e+01 1.93703913e+01
 8.58525507e+01 1.93690187e+01
 8.67447355e+01 1.93659993e+01
 8.67096288e+01 1.93659993e+01
 8.59866211e+01 1.93659993e+01
 8.59123950e+01 1.92913757e+01
 8.59577670e+01 1.92723483e+01
 8.60733533e+01 1.92723483e+01
 8.73469086e+01 1.92723483e+01
 8.51776081e+01 1.92723414e+01
 8.71223994e+01 1.92717983e+01
 8.57865625e+01 1.92717983e+01
 8.68568232e+01 1.92717983e+01
 8.61746011e+01 1.92784719e+01
 8.60524639e+01 1.92880013e+01
 8.56881105e+01 1.92880013e+01
 8.71666089e+01 1.92880013e+01
 8.60850890e+01 1.92880013e+01
 8.74776517e+01 1.92987357e+01
 8.55741111e+01 1.92989873e+01
 8.67813542e+01 1.92989873e+01
 8.59439943e+01 1.93055861e+01
 8.63962653e+01 1.93679213e+01
 8.62669798e+01 1.93679213e+01
 8.65884978e+01 1.93679213e+01
 8.62274867e+01 1.93679213e+01
 8.72351827e+01 1.93365589e+01
 8.60437181e+01 1.93250773e+01
 8.76075923e+01 1.93250773e+01
 8.59636717e+01 1.93250773e+01
 8.62665511e+01 1.92882763e+01
 8.60814269e+01 1.92882763e+01
 8.68727297e+01 1.92882763e+01
 8.70393762e+01 1.93266864e+01
 8.64443836e+01 1.94692613e+01
 8.66939220e+01 1.94692613e+01
 8.68846603e+01 1.94692613e+01
 8.68063955e+01 1.94692613e+01
 8.66059969e+01 1.94713023e+01
 8.61027903e+01 1.94717333e+01
 8.63749316e+01 1.94717333e+01
 8.75682397e+01 1.94717333e+01
 8.64547672e+01 1.93396323e+01
 8.79675100e+01 1.93396323e+01
 8.61173537e+01 1.93396323e+01
 8.71165620e+01 1.93396323e+01
 8.64465907e+01 1.93400396e+01
 8.75296516e+01 1.93407323e+01
 8.71176408e+01 1.93407323e+01
 8.70447592e+01 1.93407323e+01
 8.60932460e+01 1.94495081e+01
 8.79570702e+01 1.94695353e+01
 8.63007133e+01 1.94695353e+01
 8.73494910e+01 1.94695353e+01
 8.60608298e+01 1.94709093e+01
 8.68024976e+01 1.94709093e+01
 8.74423763e+01 1.94709093e+01
 8.70568558e+01 1.94709093e+01
 8.70113991e+01 1.94305363e+01
 8.68418240e+01 1.93676453e+01
 8.65838777e+01 1.93676453e+01
 8.73004731e+01 1.93676453e+01
 8.76288485e+01 1.93711889e+01
 8.68471551e+01 1.93717653e+01
 8.71811057e+01 1.93717653e+01
 8.59480731e+01 1.93717653e+01
 8.78500262e+01 1.93707985e+01
 8.63865800e+01 1.93390843e+01
 8.73020526e+01 1.93390843e+01
 8.63132994e+01 1.93390843e+01
 8.71981783e+01 1.93395364e+01
 8.71443051e+01 1.93401823e+01
 8.75838458e+01 1.93401823e+01
 8.62137016e+01 1.93401823e+01
 8.73381754e+01 1.94288619e+01
 8.59775580e+01 1.94415223e+01
 8.77734003e+01 1.94415223e+01
 8.71858782e+01 1.94415223e+01
 8.71858782e+01 1.94414806e+01
 8.70716539e+01 1.94404243e+01
 8.64067190e+01 1.94404243e+01
 8.72014647e+01 1.94404243e+01
 8.69001445e+01 1.94546895e+01
 8.67914078e+01 1.94733813e+01
 8.68252107e+01 1.94733813e+01
 8.69267300e+01 1.94733813e+01
 8.72765333e+01 1.94733813e+01
 8.78849271e+01 1.94754867e+01
 8.57464045e+01 1.94755773e+01
 8.77262999e+01 1.94755773e+01
 8.61826082e+01 1.94698442e+01
 8.78318730e+01 1.93374363e+01
 8.70054315e+01 1.93374363e+01
 8.73813715e+01 1.93374363e+01
 8.64833009e+01 1.93385272e+01
 8.70980015e+01 1.93399083e+01
 8.68311701e+01 1.93399083e+01
 8.79161120e+01 1.93399083e+01
 8.64780722e+01 1.93399083e+01
 8.75193572e+01 1.94363773e+01
 8.66463764e+01 1.94401503e+01
 8.81167469e+01 1.94401503e+01
 8.73787965e+01 1.94401783e+01
 8.65911748e+01 1.94406983e+01
 8.74044577e+01 1.94406983e+01
 8.69660036e+01 1.94406983e+01
 8.77302806e+01 1.94406983e+01
 8.75378202e+01 1.94861371e+01
 8.72506876e+01 1.95178713e+01
 8.64735172e+01 1.95178713e+01
 8.74634981e+01 1.95178713e+01
 8.69859342e+01 1.95136062e+01
 8.86741383e+01 1.95134773e+01
 8.62855231e+01 1.95134773e+01
 8.76760323e+01 1.95110423e+01
 8.69895373e+01 1.94739293e+01
 8.79776169e+01 1.94739293e+01
 8.70630200e+01 1.94739293e+01
 8.74399768e+01 1.94739293e+01
 8.69877743e+01 1.94752693e+01
 8.77370737e+01 1.94761273e+01
 8.72299347e+01 1.94761273e+01
 8.80388854e+01 1.94761273e+01
 8.65113889e+01 1.94464641e+01
 8.68069622e+01 1.94459173e+01
 8.70226557e+01 1.94459173e+01
 8.71345543e+01 1.94459173e+01
 8.78385107e+01 1.94491263e+01
 8.65525486e+01 1.94632183e+01
 8.74845091e+01 1.94632183e+01
 8.74826438e+01 1.94632183e+01
 8.75526674e+01 1.94956319e+01
 8.68451682e+01 1.95096323e+01
 8.71566965e+01 1.95096323e+01
 8.62814980e+01 1.95096323e+01
 8.82838134e+01 1.94904083e+01
 8.64935676e+01 1.94904083e+01
 8.80614039e+01 1.94904083e+01
 8.65482395e+01 1.94904083e+01
 8.73806008e+01 1.94856854e+01
 8.70226557e+01 1.94766753e+01
 8.75667496e+01 1.94766753e+01
 8.68311079e+01 1.94766753e+01
 8.75639415e+01 1.94840416e+01
 8.64943602e+01 1.94851903e+01
 8.83310709e+01 1.94851903e+01
 8.68705326e+01 1.94851903e+01
 8.82233016e+01 1.94854705e+01
 8.72165280e+01 1.94901333e+01
 8.75868488e+01 1.94901333e+01
 8.75197099e+01 1.94901333e+01
 8.77969285e+01 1.95326056e+01
 8.70981899e+01 1.95703263e+01
 8.77795583e+01 1.95703263e+01
 8.66125102e+01 1.95703263e+01
 8.84334182e+01 1.95703263e+01
 8.79681061e+01 1.95686821e+01
 8.75143649e+01 1.95686783e+01
 8.75018131e+01 1.95686783e+01
 8.67227876e+01 1.95612148e+01
 8.77484527e+01 1.95181453e+01
 8.71926407e+01 1.95181453e+01
 8.71983161e+01 1.95181453e+01
 8.70619031e+01 1.95184860e+01
 8.75685214e+01 1.95186953e+01
 8.72458726e+01 1.95186953e+01
 8.82561065e+01 1.95186953e+01
 8.61482601e+01 1.95186953e+01
 8.81194923e+01 1.94884853e+01
 8.63067929e+01 1.94884853e+01
 8.80761978e+01 1.94884853e+01
 8.76314765e+01 1.94883954e+01
 8.78594369e+01 1.94879363e+01
 8.69252744e+01 1.94879363e+01
 8.74892378e+01 1.94879363e+01
 8.72035163e+01 1.94879363e+01
 8.80139306e+01 1.95232837e+01
 8.72317880e+01 1.95346253e+01
 8.75068496e+01 1.95346253e+01
 8.77322103e+01 1.95346253e+01
 8.70238911e+01 1.95403913e+01
 8.84001559e+01 1.95403913e+01
 8.67574469e+01 1.95403913e+01
 8.76425431e+01 1.95454854e+01
 8.71126634e+01 1.95686783e+01
 8.82210273e+01 1.95686783e+01
 8.77749589e+01 1.95686783e+01
 8.79536899e+01 1.95686783e+01
 8.69369940e+01 1.95708090e+01
 8.82718139e+01 1.95714263e+01
 8.70991735e+01 1.95714263e+01
 8.86621518e+01 1.95714263e+01
 8.70246907e+01 1.95151253e+01
 8.77304721e+01 1.95151253e+01
 8.76158364e+01 1.95151253e+01
 8.77096994e+01 1.95151253e+01
 8.77776746e+01 1.95152949e+01
 8.74447475e+01 1.95156753e+01
 8.73759115e+01 1.95156753e+01
 8.79720013e+01 1.95156753e+01
 8.77969098e+01 1.94906230e+01
 8.77148365e+01 1.94840923e+01
 8.77332830e+01 1.94840923e+01
 8.66484333e+01 1.94840923e+01
 8.79480869e+01 1.94851903e+01
 8.70885518e+01 1.94851903e+01
 8.82635719e+01 1.94851903e+01
 8.70470374e+01 1.94851903e+01
 8.75533382e+01 1.95196404e+01
 8.72954651e+01 1.95901003e+01
 8.81719346e+01 1.95901003e+01
 8.70487784e+01 1.95901003e+01
 8.81123480e+01 1.95887645e+01
 8.68259477e+01 1.95884523e+01
 8.82845777e+01 1.95884523e+01
 8.74059373e+01 1.95884523e+01
 8.83327363e+01 1.95879972e+01
 8.71852067e+01 1.95439623e+01
 8.70090457e+01 1.95439623e+01
 8.80380711e+01 1.95439623e+01
 8.76332618e+01 1.95429458e+01
 8.77520061e+01 1.95409413e+01
 8.74411426e+01 1.95409413e+01
 8.77665019e+01 1.95409413e+01
 8.74205330e+01 1.95750612e+01
 8.84053925e+01 1.95826853e+01
 8.70671336e+01 1.95826853e+01
 8.85067187e+01 1.95826853e+01
 8.68305070e+01 1.95827457e+01
 8.87661549e+01 1.95876283e+01
 8.76680308e+01 1.95876283e+01
 8.81587470e+01 1.95876283e+01
 8.72604450e+01 1.96004645e+01
 8.78961707e+01 1.96236053e+01
 8.76240928e+01 1.96236053e+01
 8.77606510e+01 1.96236053e+01
 8.62606135e+01 1.96236053e+01
 8.67321774e+01 1.96155246e+01
 8.56286702e+01 1.96148183e+01
 8.53637724e+01 1.96148183e+01
 8.50256837e+01 1.96139568e+01
 8.41618404e+01 1.95667563e+01
 8.45394093e+01 1.95667563e+01
 8.33200166e+01 1.95667563e+01
 8.37583647e+01 1.95611600e+01
 8.30937139e+01 1.95519263e+01
 8.19985010e+01 1.95519263e+01
 8.16746742e+01 1.95519263e+01
 8.08822231e+01 1.95519263e+01
 8.08592295e+01 1.95404146e+01
 8.12382742e+01 1.95395673e+01
 7.89409168e+01 1.95395673e+01
 7.95888592e+01 1.95396621e+01
 7.85615432e+01 1.95423143e+01
 7.92210510e+01 1.95423143e+01
 7.83319415e+01 1.95423143e+01
 7.78589485e+01 1.95423143e+01
 7.74743285e+01 1.95440156e+01
 7.64086961e+01 1.95450603e+01
 7.68727424e+01 1.95450603e+01
 7.56248539e+01 1.95450603e+01
 7.61862771e+01 1.95141445e+01
 7.46012181e+01 1.95140273e+01
 7.48426374e+01 1.95140273e+01
 7.43493091e+01 1.95145251e+01
 7.46454003e+01 1.95173213e+01
 7.34730240e+01 1.95173213e+01
 7.27062822e+01 1.95173213e+01
 7.25788246e+01 1.95173213e+01
 7.20649179e+01 1.92990951e+01
 7.23281957e+01 1.92451583e+01
 7.14862800e+01 1.92451583e+01
 7.11184699e+01 1.92451580e+01
 7.03937308e+01 1.92396653e+01
 7.02073217e+01 1.92396653e+01
 7.00723998e+01 1.92396653e+01
 6.99697349e+01 1.92396653e+01
 6.92357034e+01 1.92316632e+01
 6.82408325e+01 1.92209913e+01
 6.79623432e+01 1.92209913e+01
 6.78645750e+01 1.92209913e+01
 6.82049931e+01 1.92256160e+01
 6.72090211e+01 1.92262083e+01
 6.67408205e+01 1.92262083e+01
 6.57907918e+01 1.92262083e+01
 6.61101716e+01 1.92132092e+01
 6.55088031e+01 1.89383903e+01
 6.60230179e+01 1.89383903e+01
 6.49987212e+01 1.89383903e+01
 6.44760456e+01 1.89386375e+01
 6.40736772e+01 1.89389403e+01
 6.35029536e+01 1.89389403e+01
 6.39083599e+01 1.89389403e+01
 6.28226182e+01 1.88524102e+01
 6.35099792e+01 1.88428173e+01
 6.12081511e+01 1.88428173e+01
 6.22625650e+01 1.88428173e+01
 6.11143285e+01 1.88431200e+01
 6.21334781e+01 1.88483103e+01
 6.12051456e+01 1.88483103e+01
 6.08943671e+01 1.88483103e+01
 5.99524052e+01 1.87914192e+01
 5.97817757e+01 1.87274703e+01
 5.91844425e+01 1.87274703e+01
 5.95240034e+01 1.87274703e+01
 5.84683686e+01 1.87274703e+01
 5.92344327e+01 1.87263965e+01
 5.77538164e+01 1.87263723e+01
 5.83416105e+01 1.87263723e+01
 5.69636103e+01 1.87114223e+01
 5.76364428e+01 1.85209453e+01
 5.68185507e+01 1.85209453e+01
 5.65412680e+01 1.85209453e+01
 5.57163332e+01 1.85184499e+01
 5.56732164e+01 1.85160013e+01
 5.51562971e+01 1.85160013e+01
 5.57222324e+01 1.85160013e+01
 5.45815027e+01 1.85160013e+01
 5.53739975e+01 1.82583911e+01
 5.35798352e+01 1.82542743e+01
 5.41488456e+01 1.82542743e+01
 5.33549007e+01 1.82546238e+01
 5.30966614e+01 1.82583923e+01
 5.33008020e+01 1.82583923e+01
 5.25631310e+01 1.82583923e+01
 5.22821452e+01 1.82583923e+01
 5.17996715e+01 1.80863167e+01
 5.12838190e+01 1.79939193e+01
 5.09886780e+01 1.79939193e+01
 5.15469137e+01 1.79939193e+01
 5.06431642e+01 1.79941911e+01
 5.11322370e+01 1.79941933e+01
 4.97219855e+01 1.79941933e+01
 5.02103070e+01 1.79742540e+01
 4.92774813e+01 1.78057933e+01
 4.93771636e+01 1.78057933e+01
 4.92833425e+01 1.78057933e+01
 4.90433747e+01 1.78057933e+01
 4.83446284e+01 1.78005428e+01
 4.81911224e+01 1.77981043e+01
 4.80304175e+01 1.77981043e+01
 4.71738136e+01 1.77981043e+01
 4.78375307e+01 1.75341701e+01
 4.68246934e+01 1.75330813e+01
 4.72099364e+01 1.75330813e+01
 4.62772495e+01 1.75330813e+01
 4.59416565e+01 1.75123681e+01
 4.59469131e+01 1.74375083e+01
 4.56106672e+01 1.74375083e+01
 4.56891664e+01 1.74375083e+01
 4.50140649e+01 1.72783132e+01
 4.50531901e+01 1.72109333e+01
 4.39976044e+01 1.72109333e+01
 4.43153268e+01 1.72109333e+01
 4.35216420e+01 1.71200249e+01
 4.30926520e+01 1.71197543e+01
 4.37084649e+01 1.71197543e+01
 4.26968908e+01 1.71197543e+01
 4.31607518e+01 1.70938621e+01
 4.24263414e+01 1.70041333e+01
 4.23619642e+01 1.70041333e+01
 4.20328984e+01 1.70041333e+01
 4.19473842e+01 1.68010153e+01
 4.16960326e+01 1.67182373e+01
 4.10537459e+01 1.67182373e+01
 4.15963638e+01 1.67182373e+01
 4.02894649e+01 1.67182373e+01
 4.03959826e+01 1.66965413e+01
 4.03448088e+01 1.66965413e+01
 3.96352053e+01 1.66965413e+01
 3.99221290e+01 1.66158010e+01
 3.92901783e+01 1.63680773e+01
 3.94329211e+01 1.63680773e+01
 3.89918386e+01 1.63680773e+01
 3.87573916e+01 1.63536770e+01
 3.87243857e+01 1.63491273e+01
 3.78771246e+01 1.63491273e+01
 3.85119092e+01 1.63491273e+01
 3.78886773e+01 1.63467216e+01
 3.72283561e+01 1.60865753e+01
 3.76002539e+01 1.60865753e+01
 3.69092516e+01 1.60865753e+01
 3.68495020e+01 1.60814800e+01
 3.65226363e+01 1.60739423e+01
 3.63278215e+01 1.60739423e+01
 3.63640691e+01 1.60739423e+01
 3.55466768e+01 1.60739423e+01
 3.59332579e+01 1.57984837e+01
 3.54276116e+01 1.57918913e+01
 3.48911613e+01 1.57918913e+01
 3.52141274e+01 1.57923340e+01
 3.44978799e+01 1.57965603e+01
 3.43196630e+01 1.57965603e+01
 3.45426080e+01 1.57965603e+01
 3.40530684e+01 1.57965603e+01
 3.41466848e+01 1.55854430e+01
 3.35871249e+01 1.55076423e+01
 3.30649669e+01 1.55076423e+01
 3.32696598e+01 1.55076423e+01
 3.27706555e+01 1.55065443e+01
 3.27063241e+01 1.55065443e+01
 3.28907945e+01 1.55065443e+01
 3.21827359e+01 1.54142331e+01
 3.21535733e+01 1.50901973e+01
 3.19086748e+01 1.50901973e+01
 3.15924135e+01 1.50901973e+01
 3.15616022e+01 1.50901973e+01
 3.09199908e+01 1.50833819e+01
 3.09036528e+01 1.50819583e+01
 3.11413927e+01 1.50819583e+01
 3.04967606e+01 1.50819583e+01
 3.04436241e+01 1.48811993e+01
 3.04470534e+01 1.48811993e+01
 2.95429452e+01 1.48811993e+01
 2.98302909e+01 1.48811993e+01
 2.95928206e+01 1.48827191e+01
 2.91242639e+01 1.48853193e+01
 2.93454346e+01 1.48853193e+01
 2.90666959e+01 1.48853193e+01
 2.87144020e+01 1.46168496e+01
 2.89595648e+01 1.45670163e+01
 2.80948028e+01 1.45670163e+01
 2.80162639e+01 1.45670164e+01
 2.83259928e+01 1.45711363e+01
 2.76572925e+01 1.45711363e+01
 2.74430669e+01 1.45711363e+01
 2.77859603e+01 1.45711363e+01
 2.72076964e+01 1.43863683e+01
 2.71240348e+01 1.40968413e+01
 2.70369193e+01 1.40968413e+01
 2.65010188e+01 1.40968413e+01
 2.64740261e+01 1.40977845e+01
 2.63820292e+01 1.40979393e+01
 2.58021503e+01 1.40979393e+01
 2.59597032e+01 1.40979393e+01
 2.60711972e+01 1.40904064e+01
 2.54449278e+01 1.38386833e+01
 2.54277782e+01 1.38386833e+01
 2.55886253e+01 1.38386833e+01
 2.48733433e+01 1.38389086e+01
 2.47545175e+01 1.38392323e+01
 2.47873984e+01 1.38392323e+01
 2.42066278e+01 1.38392323e+01
 2.42885598e+01 1.35401244e+01
 2.44369473e+01 1.34970363e+01
 2.39638256e+01 1.34970363e+01
 2.37033414e+01 1.34970363e+01
 2.40347368e+01 1.34969851e+01
 2.34746620e+01 1.34956643e+01
 2.30431585e+01 1.34956643e+01
 2.32308010e+01 1.34956643e+01
 2.29745548e+01 1.33285976e+01
 2.26376115e+01 1.31084273e+01
 2.28533405e+01 1.31084273e+01
 2.26565725e+01 1.31084273e+01
 2.21783547e+01 1.31084273e+01
 2.22678510e+01 1.30486939e+01
 2.22370762e+01 1.30460853e+01
 2.17293156e+01 1.30460853e+01
 2.15032663e+01 1.30380804e+01
 2.16814011e+01 1.28738893e+01
 2.13213582e+01 1.28738893e+01
 2.10842075e+01 1.28738893e+01
 2.11737137e+01 1.27708573e+01
 2.10664322e+01 1.26462163e+01
 2.06890576e+01 1.26462163e+01
 2.06728395e+01 1.26462163e+01
 2.06802669e+01 1.26462163e+01
 2.01108850e+01 1.24401578e+01
 1.98142416e+01 1.24330993e+01
 2.01247278e+01 1.24330993e+01
 1.98143968e+01 1.24125981e+01
 1.94268682e+01 1.20705793e+01
 1.95406957e+01 1.20705793e+01
 1.95299172e+01 1.20705793e+01
 1.91624956e+01 1.20705793e+01
 1.90063331e+01 1.20690975e+01
 1.91219392e+01 1.20681093e+01
 1.89138427e+01 1.20681093e+01
 1.84174671e+01 1.20681093e+01
 1.85527382e+01 1.18261268e+01
 1.84879049e+01 1.18198373e+01
 1.81434379e+01 1.18198373e+01
 1.79350694e+01 1.18200562e+01
 1.80667358e+01 1.18231343e+01
 1.80125468e+01 1.18231343e+01
 1.75724471e+01 1.18231343e+01
 1.75430077e+01 1.18231343e+01
 1.75374262e+01 1.15334718e+01
 1.71926209e+01 1.13469153e+01
 1.69034150e+01 1.13469153e+01
 1.70169480e+01 1.13469153e+01
 1.69537383e+01 1.13434255e+01
 1.65534743e+01 1.13433453e+01
 1.63808269e+01 1.13433453e+01
 1.65364934e+01 1.13433453e+01
 1.65506108e+01 1.12720176e+01
 1.60599540e+01 1.09822003e+01
 1.59311679e+01 1.09822003e+01
 1.60315129e+01 1.09822003e+01
 1.59069778e+01 1.09834061e+01
 1.54507137e+01 1.09838473e+01
 1.54413029e+01 1.09838473e+01
 1.55281630e+01 1.09838473e+01
 1.52717127e+01 1.09831035e+01
 1.49943564e+01 1.07808913e+01
 1.48841139e+01 1.07808913e+01
 1.50515338e+01 1.07808913e+01
 1.48345119e+01 1.07796810e+01
 1.45526438e+01 1.07775953e+01
 1.45347623e+01 1.07775953e+01
 1.45635336e+01 1.07775953e+01
 1.44091240e+01 1.03561936e+01
 1.39760039e+01 1.02997303e+01
 1.38526255e+01 1.02997303e+01
 1.40309640e+01 1.02997303e+01
 1.37485575e+01 1.02997493e+01
 1.35536273e+01 1.03000053e+01
 1.34125769e+01 1.03000053e+01
 1.35140894e+01 1.03000053e+01
 1.34581562e+01 1.01397092e+01
 1.31904010e+01 9.99268825e+00
 1.30243150e+01 9.99268825e+00
 1.31008730e+01 9.99268825e+00
 1.30522013e+01 9.99268825e+00
 1.27304192e+01 9.99623621e+00
 1.25387994e+01 9.99625825e+00
 1.25181545e+01 9.99625825e+00
 1.25505276e+01 9.96286108e+00
 1.23003948e+01 9.69608225e+00
 1.20882442e+01 9.69608225e+00
 1.20467060e+01 9.69608225e+00
 1.20844593e+01 9.69592603e+00
 1.20470430e+01 9.69580725e+00
 1.17656175e+01 9.69580725e+00
 1.15852343e+01 9.69580725e+00
 1.16548846e+01 9.69580725e+00
 1.16027420e+01 9.35052706e+00
 1.14253412e+01 9.34949125e+00
 1.11686027e+01 9.34949125e+00
 1.10673218e+01 9.34969820e+00
 1.11282262e+01 9.35113925e+00
 1.10495339e+01 9.35113925e+00
 1.08128946e+01 9.35113925e+00
 1.06390553e+01 9.35113925e+00
 1.06163325e+01 9.06067886e+00
 1.06681318e+01 8.94220725e+00
 1.05462823e+01 8.94220725e+00
 1.03614951e+01 8.94220725e+00
 1.01813205e+01 8.94165777e+00
 1.02243602e+01 8.94165725e+00
 1.01655075e+01 8.94165725e+00
 1.00196779e+01 8.90699007e+00
 9.82710506e+00 8.69503525e+00
 9.75026464e+00 8.69503525e+00
 9.72077098e+00 8.69503525e+00
 9.67338633e+00 8.69503525e+00
 9.50133730e+00 8.69323172e+00
 9.32993449e+00 8.69256325e+00
 9.19596457e+00 8.69256325e+00
 9.25638296e+00 8.69256325e+00
 9.25787082e+00 8.26579577e+00
 9.15969813e+00 8.26577925e+00
 8.96310114e+00 8.26577925e+00
 8.83468536e+00 8.26577925e+00
 8.84866542e+00 8.24572767e+00
 8.80268183e+00 8.18888225e+00
 8.72447840e+00 8.18888225e+00
 8.48758576e+00 8.18888225e+00
 8.40330801e+00 8.02628080e+00
 8.30573327e+00 7.97164525e+00
 8.33615333e+00 7.97164525e+00
 8.18443434e+00 7.97164525e+00
 8.11673659e+00 7.87277625e+00
 7.96933808e+00 7.87277625e+00
 7.89199171e+00 7.87277625e+00
 7.91798705e+00 7.87277625e+00
 7.85835066e+00 7.84602842e+00
 7.78243126e+00 7.77720325e+00
 7.60337664e+00 7.77720325e+00
 7.51666687e+00 7.77720325e+00
 7.47473992e+00 7.43932658e+00
 7.46811098e+00 7.33668825e+00
 7.43136151e+00 7.33668825e+00
 7.24963822e+00 7.33668825e+00
 7.11320370e+00 7.33669271e+00
 7.01980371e+00 7.33916025e+00
 7.01162401e+00 7.33916025e+00
 6.99750023e+00 7.33916025e+00
 6.89989699e+00 7.25670292e+00
 6.78509610e+00 7.06370125e+00
 6.63425236e+00 7.06370125e+00
 6.59196765e+00 7.06370125e+00
 6.59120387e+00 7.06456324e+00
 6.55862260e+00 7.06479925e+00
 6.52035085e+00 7.06479925e+00
 6.33171483e+00 7.06479925e+00
 6.27633180e+00 7.06363388e+00
 6.20627785e+00 6.80114925e+00
 6.17970253e+00 6.80114925e+00
 6.18218089e+00 6.80114925e+00
 6.10585941e+00 6.80167520e+00
 5.96288902e+00 6.80279725e+00
 5.85345695e+00 6.80279725e+00
 5.75362282e+00 6.80279725e+00
 5.74131166e+00 6.80279725e+00
 5.69802373e+00 6.56054052e+00
 5.67952793e+00 6.53228125e+00
 5.57406190e+00 6.53228125e+00
 5.43773628e+00 6.53226559e+00
 5.38911504e+00 6.53035825e+00
 5.32523783e+00 6.53035825e+00
 5.30166377e+00 6.53035825e+00
 5.30353025e+00 6.41986025e+00
 5.23258230e+00 6.20464125e+00
 5.15430516e+00 6.20464125e+00
 5.03671083e+00 6.20464125e+00
 4.99130546e+00 6.20464125e+00
 4.91123281e+00 6.20489400e+00
 4.89471014e+00 6.20491525e+00
 4.87831678e+00 6.20491525e+00
 4.79757967e+00 6.19479931e+00
 4.73042707e+00 5.90693625e+00
 4.62982669e+00 5.90693625e+00
 4.54907666e+00 5.90693625e+00
 4.48875583e+00 5.90693625e+00
 4.45544697e+00 5.90812434e+00
 4.45748492e+00 5.90885825e+00
 4.42493409e+00 5.90885825e+00
 4.35896993e+00 5.90885825e+00
 4.21549369e+00 5.69756637e+00
 4.18383576e+00 5.69629025e+00
 4.13809622e+00 5.69629025e+00
 4.10193090e+00 5.69629025e+00
 4.08289533e+00 5.69698917e+00
 4.03906690e+00 5.69903725e+00
 3.98619382e+00 5.69903725e+00
 3.92502857e+00 5.69903725e+00
 3.84650917e+00 5.52387803e+00
 3.77908075e+00 5.47520925e+00
 3.75621145e+00 5.47520925e+00
 3.72268617e+00 5.47520925e+00
 3.71096430e+00 5.47218825e+00
 3.63918192e+00 5.47218825e+00
 3.61750895e+00 5.47218825e+00
 3.54455000e+00 5.47218825e+00
 3.45616447e+00 5.37284300e+00
 3.39598212e+00 5.19041225e+00
 3.35874486e+00 5.19041225e+00
 3.30755703e+00 5.19041225e+00
 3.29349400e+00 5.18790314e+00
 3.28415863e+00 5.18739125e+00
 3.25241151e+00 5.18739125e+00
 3.19099915e+00 5.18739125e+00
 3.11901456e+00 5.18331410e+00
 3.06166025e+00 4.94269125e+00
 3.00800120e+00 4.94269125e+00
 2.97336340e+00 4.94269125e+00
 2.96992584e+00 4.94484280e+00
 2.92485621e+00 4.94845825e+00
 2.90570947e+00 4.94845825e+00
 2.87386172e+00 4.94845825e+00
 2.79890969e+00 4.77685362e+00
 2.77934079e+00 4.74577725e+00
 2.73734353e+00 4.74577725e+00
 2.67726878e+00 4.74577725e+00
 2.64468190e+00 4.74574544e+00
 2.62165125e+00 4.74440425e+00
 2.60434544e+00 4.74440425e+00
 2.55636804e+00 4.74440425e+00
 2.53439004e+00 4.67973033e+00
 2.50143627e+00 4.58017225e+00
 2.46298612e+00 4.58017225e+00
 2.40374101e+00 4.58017225e+00
 2.37594760e+00 4.58017225e+00
 2.32208482e+00 4.50478797e+00
 2.31312340e+00 4.50052825e+00
 2.28592595e+00 4.50052825e+00
 2.23833419e+00 4.49313598e+00
 2.22852183e+00 4.29290325e+00
 2.21854678e+00 4.29290325e+00
 2.17899605e+00 4.29290325e+00
 2.13526718e+00 4.26898367e+00
 2.12775929e+00 4.23852525e+00
 2.10086597e+00 4.23852525e+00
 2.02926079e+00 4.23852525e+00
 2.01353014e+00 4.23852525e+00
 1.97123183e+00 4.19758502e+00
 1.94604462e+00 4.19595725e+00
 1.93779140e+00 4.19595725e+00
 1.92486071e+00 4.18085208e+00
 1.87807518e+00 3.89632925e+00
 1.87333808e+00 3.89632925e+00
 1.85581503e+00 3.89632925e+00
 1.82093838e+00 3.89632925e+00
 1.80721898e+00 3.89649077e+00
 1.75930916e+00 3.89660425e+00
 1.73457121e+00 3.89660425e+00
 1.72389263e+00 3.89660425e+00
 1.68828520e+00 3.80415359e+00
 1.67364096e+00 3.80130525e+00
 1.65023650e+00 3.80130525e+00
 1.62434544e+00 3.80158924e+00
 1.60842651e+00 3.80597425e+00
 1.60745134e+00 3.80597425e+00
 1.57759429e+00 3.80597425e+00
 1.56626278e+00 3.80597425e+00
 1.54836538e+00 3.69839913e+00
 1.52940191e+00 3.62910925e+00
 1.50117682e+00 3.62910925e+00
 1.48420117e+00 3.62910925e+00
 1.45704543e+00 3.62937807e+00
 1.43837168e+00 3.62938425e+00
 1.41784081e+00 3.62938425e+00
 1.39902820e+00 3.62938425e+00
 1.39039089e+00 3.59862098e+00
 1.37508120e+00 3.44235725e+00
 1.36552540e+00 3.44235725e+00
 1.35430894e+00 3.44235725e+00
 1.33933115e+00 3.44130051e+00
 1.31827160e+00 3.44070925e+00
 1.30820635e+00 3.44070925e+00
 1.30288357e+00 3.44070925e+00
 1.28943653e+00 3.29104035e+00
 1.27740520e+00 3.28911025e+00
 1.26191373e+00 3.28911025e+00
 1.24487360e+00 3.28911025e+00
 1.22783576e+00 3.28945833e+00
 1.21237719e+00 3.29103325e+00
 1.20543159e+00 3.29103325e+00
 1.19911514e+00 3.29103325e+00
 1.18661797e+00 3.15655344e+00
 1.17362127e+00 3.08395825e+00
 1.16857053e+00 3.08395825e+00
 1.15904064e+00 3.08395825e+00
 1.15219086e+00 3.08395825e+00
 1.14369619e+00 3.08807725e+00
 1.13323791e+00 3.08807725e+00
 1.12910142e+00 3.08807725e+00
 1.12199153e+00 3.08658828e+00
 1.11543436e+00 3.08093725e+00
 1.10542815e+00 3.08093725e+00
 1.09913025e+00 3.08093725e+00
 1.09119679e+00 3.07851128e+00
 1.08562616e+00 3.07764125e+00
 1.07968100e+00 3.07764125e+00
 1.07260095e+00 3.07764125e+00
 1.06910654e+00 3.07726878e+00
 1.06501770e+00 2.98920925e+00
 1.06049610e+00 2.98920925e+00
 1.05671656e+00 2.98920925e+00
 1.04991529e+00 2.98822305e+00
 1.04558979e+00 2.98646225e+00
 1.04133263e+00 2.98646225e+00
 1.03713054e+00 2.98646225e+00
 1.03366560e+00 2.98646225e+00
 1.02974460e+00 2.86959915e+00
 1.02726886e+00 2.86424925e+00
 1.02594956e+00 2.86424925e+00
 1.02238296e+00 2.86435930e+00
 1.02023127e+00 2.86617225e+00
 1.01927722e+00 2.86617225e+00
 1.01662971e+00 2.86617225e+00
 1.01459837e+00 2.86617225e+00
 1.01246591e+00 2.82490685e+00
 1.01096085e+00 2.80025925e+00
 1.00888475e+00 2.80025925e+00
 1.00802928e+00 2.80025925e+00
 1.00654120e+00 2.80107215e+00
 1.00569088e+00 2.80108325e+00
 1.00463242e+00 2.80108325e+00
 1.00400841e+00 2.79379676e+00
 1.00354112e+00 2.72006625e+00
 1.00286606e+00 2.72006625e+00
 1.00251124e+00 2.72006625e+00
 1.00222597e+00 2.72006625e+00
 1.00173675e+00 2.72223684e+00
 1.00147066e+00 2.72336125e+00
 1.00121519e+00 2.72336125e+00
 1.00097682e+00 2.72336125e+00
 1.00097026e+00 2.72308960e+00
 1.00076140e+00 2.72308725e+00
 1.00061110e+00 2.72308725e+00
 1.00046754e+00 2.72308725e+00
 1.00044663e+00 2.71051284e+00
 1.00026824e+00 2.65882225e+00
 1.00020551e+00 2.65882225e+00
 1.00013884e+00 2.65882225e+00
 1.00009843e+00 2.57324448e+00
 1.00009843e+00 2.53276425e+00
 1.00002953e+00 2.53276425e+00
 1.00002459e+00 2.53276425e+00
 1.00002459e+00 2.51527157e+00
 1.00002459e+00 2.51518825e+00
 1.00002459e+00 2.51518825e+00
 1.00002459e+00 2.51518825e+00
 1.00002459e+00 2.51284625e+00
 1.00000505e+00 2.50420225e+00
