 3.31362030e+00 0.00000000e+00 2.94046569e+00 2.37207084e+00
 1.31320262e+01 5.67650235e+00 4.63043488e+00 2.57843230e+00
 2.21603477e+01 1.13667887e+01 4.12760550e+00 2.61698754e+00
 3.11561239e+01 1.68565016e+01 3.03002227e+00 2.61222695e+00
 4.00822672e+01 2.17294888e+01 2.05510791e+00 2.59302489e+00
 4.89787010e+01 2.57992805e+01 1.45169648e+00 2.56455697e+00
 5.78127313e+01 2.91642115e+01 1.05603747e+00 2.58296276e+00
 6.68463431e+01 3.20209145e+01 8.51964033e-01 2.61285442e+00
 7.60385502e+01 3.45673858e+01 7.10853489e-01 2.57291090e+00
 8.50957306e+01 3.67347190e+01 5.32805694e-01 2.23801313e+00
