 3.50955612e+00 -3.03320459e-01 1.03372763e+00 2.56957773e+00
 1.40501441e+01 1.96219363e+00 1.63342076e+00 2.78140301e+00
 2.37219335e+01 4.07126687e+00 1.69697734e+00 2.80364131e+00
 3.33387682e+01 6.11601300e+00 1.59395147e+00 2.82024973e+00
 4.28710686e+01 8.12971095e+00 1.25624442e+00 2.73360490e+00
 5.23417167e+01 9.84242423e+00 7.83152270e-01 2.79629880e+00
 6.20747626e+01 1.12188763e+01 5.07469367e-01 2.82782587e+00
 7.18786629e+01 1.23725080e+01 8.60122864e-01 2.78018059e+00
 8.15479044e+01 1.32770857e+01 8.07529669e-01 2.72620009e+00
 9.24123864e+01 1.55630134e+01 1.04988113e+00 2.01251144e+00
