 3.50084938e+00 0.00000000e+00 2.45272392e+00 2.56480543e+00
 1.40768188e+01 -7.76093809e+00 1.92619343e+00 2.74139052e+00
 2.36858254e+01 -1.39051742e+01 1.71088735e+00 2.77444097e+00
 3.32452059e+01 -1.92002215e+01 1.44280742e+00 2.75017293e+00
 4.28341032e+01 -2.34909963e+01 1.17437768e+00 2.79215242e+00
 5.24797913e+01 -2.67024441e+01 7.56403939e-01 2.76240454e+00
 6.19726533e+01 -2.88415907e+01 5.10305373e-01 2.74279541e+00
 7.16208504e+01 -3.00181934e+01 4.09021519e-01 2.75948967e+00
 8.12934283e+01 -3.01013197e+01 3.20032054e-01 2.74420336e+00
 9.11325812e+01 -2.94035788e+01 2.50910180e-01 2.27245066e+00
