 1.00019661e+00 0.00000000e+00
 1.00047209e+00 0.00000000e+00
 1.00188465e+00 -8.24000000e-04
 1.00294389e+00 -7.02349658e-04
 1.00747054e+00 5.50000000e-04
 1.02003639e+00 2.74700000e-03
 1.01285296e+00 2.74700000e-03
 1.02189763e+00 -2.74000000e-04
 1.03023374e+00 -2.74000000e-04
 1.04220959e+00 -3.29500000e-03
 1.10369767e+00 -3.29500000e-03
 1.23224274e+00 5.50000000e-04
 1.16314292e+00 -8.89383603e-03
 1.36376980e+00 -4.22940000e-02
 1.38845888e+00 -2.11470000e-02
 1.12573839e+00 -2.11470000e-02
 1.15500700e+00 -2.19700000e-03
 1.35442823e+00 -2.19700000e-03
 1.67132203e+00 -4.09210000e-02
 1.43452041e+00 -4.09210000e-02
 2.86820780e+00 -4.42160000e-02
 1.54707283e+00 -4.17325617e-02
 1.71520686e+00 -3.95470000e-02
 1.63078819e+00 -3.81707815e-02
 1.76037035e+00 -3.65260000e-02
 3.23455222e+00 -9.44740000e-02
 1.86358082e+00 -9.44740000e-02
 1.45743248e+00 -9.74950000e-02
 1.54733680e+00 -9.74950000e-02
 1.72743508e+00 -9.14530000e-02
 3.58916377e+00 -9.02393130e-02
 2.24154190e+00 -9.00800000e-02
 2.42902648e+00 -6.26775050e-02
 2.61959544e+00 -5.73990000e-02
 2.87906557e+00 -5.63000000e-02
 2.87492159e+00 -5.63000000e-02
 2.77613093e+00 -9.22770000e-02
 3.44455340e+00 -9.23254141e-02
 3.40596569e+00 -9.66710000e-02
 3.46762156e+00 -5.74578632e-02
 3.51510901e+00 -5.73990000e-02
 3.88470722e+00 -5.31440101e-02
 4.04456019e+00 -5.30040000e-02
 4.25262185e+00 -1.13699000e-01
 4.28909751e+00 -1.13699000e-01
 4.64904512e+00 -1.05185000e-01
 4.88464997e+00 -1.06432412e-01
 5.08650031e+00 -1.19466000e-01
 5.35342099e+00 -1.17269000e-01
 5.51260383e+00 -1.17269000e-01
 5.50140393e+00 -6.61870000e-02
 5.91838905e+00 -6.61870000e-02
 5.89120902e+00 -6.59120000e-02
 6.16676081e+00 -6.59120000e-02
 6.49894373e+00 -1.50225000e-01
 6.36872390e+00 -1.51546637e-01
 6.98141527e+00 -1.56267000e-01
 7.15843913e+00 -1.02164000e-01
 7.12545482e+00 -1.02164000e-01
 7.87347173e+00 -9.91430000e-02
 7.82576848e+00 -9.91430000e-02
 7.58598257e+00 -9.61220000e-02
 8.14433750e+00 -9.61220000e-02
 8.35711406e+00 -5.38280000e-02
 8.92760403e+00 -3.48250944e-02
 8.99975334e+00 -4.39400000e-03
 9.26322443e+00 6.34410000e-02
 9.36851795e+00 6.34410000e-02
 9.59643566e+00 7.74470000e-02
 9.95537685e+00 7.74470000e-02
 9.99052419e+00 1.29354000e-01
 1.07119998e+01 1.29354000e-01
 1.07102241e+01 1.29628000e-01
 1.09958545e+01 1.65111195e-01
 1.10737591e+01 1.79063000e-01
 1.16394042e+01 1.82084000e-01
 1.17189411e+01 1.82084000e-01
 1.21807482e+01 1.85928000e-01
 1.23559180e+01 1.85926018e-01
 1.27146372e+01 1.85379000e-01
 1.27359467e+01 1.85379000e-01
 1.31544915e+01 2.90565000e-01
 1.33094399e+01 2.84566278e-01
 1.37671242e+01 2.84523000e-01
 1.41929785e+01 2.95149603e-01
 1.42024133e+01 2.95508000e-01
 1.46522336e+01 2.96057000e-01
 1.47367220e+01 3.07610932e-01
 1.54254959e+01 3.49062000e-01
 1.52862008e+01 3.48583504e-01
 1.57497919e+01 3.45766000e-01
 1.59420033e+01 3.98771000e-01
 1.61168990e+01 3.98771000e-01
 1.68546427e+01 3.95475000e-01
 1.68248514e+01 3.95475000e-01
 1.72799152e+01 5.38286000e-01
 1.75977565e+01 5.40004475e-01
 1.76640061e+01 5.42405000e-01
 1.82121009e+01 5.32415846e-01
 1.84801157e+01 5.08625000e-01
 1.86597793e+01 5.07801000e-01
 1.91519972e+01 5.07801000e-01
 1.92720242e+01 6.37704000e-01
 1.95572691e+01 6.37704000e-01
 2.01664333e+01 6.35507000e-01
 2.00897550e+01 5.86030650e-01
 2.03603506e+01 5.52567000e-01
 2.10581832e+01 5.52308710e-01
 2.10412064e+01 5.52018000e-01
 2.14505684e+01 7.86007000e-01
 2.19825107e+01 7.86007000e-01
 2.18998275e+01 7.43988000e-01
 2.22826068e+01 7.43988000e-01
 2.31064889e+01 6.98124000e-01
 2.31406104e+01 7.98087950e-01
 2.29157997e+01 8.30773000e-01
 2.36106111e+01 8.53668519e-01
 2.42338110e+01 8.66750000e-01
 2.40228639e+01 8.31322000e-01
 2.42499590e+01 8.31322000e-01
 2.51471282e+01 8.31871000e-01
 2.56661317e+01 8.31871000e-01
 2.53847718e+01 9.20578000e-01
 2.57352143e+01 9.24598716e-01
 2.63816585e+01 9.24973000e-01
 2.67341217e+01 9.63223146e-01
 2.65417852e+01 9.69189000e-01
 2.69620112e+01 9.68090000e-01
 2.75581092e+01 9.68090000e-01
 2.80911039e+01 1.01670100e+00
 2.76457884e+01 1.01672057e+00
 2.81506530e+01 1.01697500e+00
 2.89035984e+01 1.06448700e+00
 2.92163885e+01 1.06448700e+00
 2.91092192e+01 1.06036800e+00
 2.93532773e+01 1.06036800e+00
 2.97463536e+01 1.16747600e+00
 3.01662525e+01 1.16747600e+00
 3.07980321e+01 1.17214500e+00
 3.09095958e+01 1.12632380e+00
 3.11441833e+01 1.06503700e+00
 3.10930345e+01 1.06612812e+00
 3.16577364e+01 1.06860700e+00
 3.24499277e+01 1.17873600e+00
 3.29308436e+01 1.17873600e+00
 3.29325150e+01 1.17763700e+00
 3.30117453e+01 1.17763700e+00
 3.32191925e+01 1.21773400e+00
 3.34638075e+01 1.21673359e+00
 3.41562146e+01 1.21608600e+00
 3.44945186e+01 1.21436821e+00
 3.50285957e+01 1.21251600e+00
 3.50736287e+01 1.21443800e+00
 3.52078491e+01 1.21443800e+00
 3.53999662e+01 1.36905800e+00
 3.58237865e+01 1.36905800e+00
 3.58668223e+01 1.36438900e+00
 3.63785274e+01 1.32868543e+00
 3.70042919e+01 1.31825100e+00
 3.72541137e+01 1.32838405e+00
 3.77739050e+01 1.33363000e+00
 3.80558436e+01 1.36411500e+00
 3.79434635e+01 1.36411500e+00
 3.82244447e+01 1.40228900e+00
 3.85117613e+01 1.40228900e+00
 3.87546610e+01 1.43057700e+00
 3.88231811e+01 1.50932326e+00
 3.94168727e+01 1.51736100e+00
 3.95525306e+01 1.51461500e+00
 4.00740369e+01 1.51461500e+00
 4.06572129e+01 1.60689200e+00
 4.11932198e+01 1.60705696e+00
 4.10882885e+01 1.61266000e+00
 4.18610910e+01 1.61266794e+00
 4.16470577e+01 1.62227200e+00
 4.22794859e+01 1.62199978e+00
 4.24236986e+01 1.62199700e+00
 4.30526815e+01 1.61046300e+00
 4.25931057e+01 1.61046300e+00
 4.32664339e+01 1.61156100e+00
 4.31275227e+01 1.61383310e+00
 4.34071532e+01 1.62172300e+00
 4.35428953e+01 1.62326333e+00
 4.44656507e+01 1.63106100e+00
 4.43715744e+01 1.69889500e+00
 4.47406640e+01 1.69889500e+00
 4.47625028e+01 1.69807100e+00
 4.50163705e+01 1.69807100e+00
 4.53314808e+01 1.66346800e+00
 4.58402825e+01 1.66605668e+00
 4.58534873e+01 1.66731200e+00
 4.63876454e+01 1.75744075e+00
 4.63281152e+01 1.82083400e+00
 4.66301056e+01 1.82083400e+00
 4.70295446e+01 1.82083400e+00
 4.75528852e+01 1.77661700e+00
 4.75130546e+01 1.77661700e+00
 4.76928451e+01 1.77936400e+00
 4.83096875e+01 1.77936400e+00
 4.83728596e+01 1.82193200e+00
 4.92853277e+01 1.82236764e+00
 4.90355541e+01 1.82248100e+00
 4.96617851e+01 1.85900800e+00
 5.02761054e+01 1.85900800e+00
 5.01917289e+01 1.86532500e+00
 5.05696634e+01 1.86532500e+00
 5.09622538e+01 1.81836200e+00
 5.12915432e+01 1.81836200e+00
 5.12215175e+01 1.82934700e+00
 5.16926796e+01 1.87261010e+00
 5.20520560e+01 1.87631000e+00
 5.15692552e+01 1.87713400e+00
 5.18665209e+01 1.87713400e+00
 5.22536648e+01 1.87576100e+00
 5.21397617e+01 1.87776918e+00
 5.26560674e+01 1.92904000e+00
 5.26529680e+01 1.92904421e+00
 5.34662886e+01 1.93041300e+00
 5.39710971e+01 1.96501783e+00
 5.37011279e+01 1.96529200e+00
 5.47778068e+01 1.96968600e+00
 5.46781062e+01 1.96968600e+00
 5.45810360e+01 1.96034800e+00
 5.53442176e+01 1.96050377e+00
 5.49510980e+01 1.96144700e+00
 5.47394850e+01 1.96182545e+00
 5.55481939e+01 1.96748900e+00
 5.51700448e+01 1.96556600e+00
 5.59623481e+01 1.96556600e+00
 5.67965521e+01 2.02873300e+00
 5.63441347e+01 2.02873300e+00
 5.74911524e+01 2.02818300e+00
 5.70870946e+01 2.02915542e+00
 5.71948724e+01 2.03065500e+00
 5.74924494e+01 2.02974332e+00
 5.72936343e+01 2.02790900e+00
 5.76569937e+01 2.12265800e+00
 5.86651533e+01 2.12265800e+00
 5.81130065e+01 2.11524300e+00
 5.90987081e+01 2.11524300e+00
 5.91631093e+01 2.08448300e+00
 5.86595789e+01 2.08653378e+00
 5.90692930e+01 2.08695500e+00
 5.91095516e+01 2.11238033e+00
 5.92199635e+01 2.11963700e+00
 6.04035810e+01 2.11689100e+00
 6.02507063e+01 2.11689100e+00
 6.08136143e+01 2.21328800e+00
 6.06899537e+01 2.21329427e+00
 6.06540882e+01 2.21383700e+00
 6.05136659e+01 2.21575641e+00
 6.10610236e+01 2.21575900e+00
 6.21363774e+01 2.21735558e+00
 6.19095088e+01 2.21740700e+00
 6.18539938e+01 2.21301300e+00
 6.26699083e+01 2.21301300e+00
 6.17508384e+01 2.23031500e+00
 6.21808778e+01 2.23405285e+00
 6.31864802e+01 2.27260900e+00
 6.31750291e+01 2.27096100e+00
 6.33552476e+01 2.27096100e+00
 6.26826345e+01 2.26986300e+00
 6.35237522e+01 2.26986300e+00
 6.37253899e+01 2.27123600e+00
 6.38594677e+01 2.27123600e+00
 6.47730734e+01 2.26821500e+00
 6.46862180e+01 2.27637898e+00
 6.38107183e+01 2.30529000e+00
 6.44185059e+01 2.30666400e+00
 6.45613129e+01 2.30666400e+00
 6.56610922e+01 2.31023400e+00
 6.49955629e+01 2.31023400e+00
 6.52451583e+01 2.30638900e+00
 6.55586758e+01 2.30638900e+00
 6.57839598e+01 2.26794000e+00
 6.59213165e+01 2.26857628e+00
 6.64315134e+01 2.26958800e+00
 6.62752604e+01 2.42613000e+00
 6.62883674e+01 2.42613000e+00
 6.64121510e+01 2.42448200e+00
 6.73395065e+01 2.42448200e+00
 6.79596538e+01 2.36955500e+00
 6.69727161e+01 2.36955500e+00
 6.70125821e+01 2.37257600e+00
 6.76257567e+01 2.34615860e+00
 6.84400792e+01 2.32836000e+00
 6.80634000e+01 2.32733236e+00
 6.73479128e+01 2.32643700e+00
 6.85085843e+01 2.40882800e+00
 6.87674186e+01 2.40882800e+00
 6.89418434e+01 2.41487000e+00
 6.82715845e+01 2.41487000e+00
 6.89167475e+01 2.46100900e+00
 6.93573047e+01 2.45785560e+00
 6.94169874e+01 2.45771300e+00
 6.91343669e+01 2.43104166e+00
 6.95482106e+01 2.42887700e+00
 6.98445497e+01 2.41953900e+00
 7.00705429e+01 2.41953900e+00
 6.99649698e+01 2.56317300e+00
 7.06874711e+01 2.56257271e+00
 6.99584309e+01 2.55823000e+00
 7.07153043e+01 2.45963600e+00
 7.06586084e+01 2.45963600e+00
 7.08600452e+01 2.46018500e+00
 7.06803223e+01 2.46018500e+00
 7.12964581e+01 2.47336700e+00
 7.12297244e+01 2.47336700e+00
 7.14796106e+01 2.54669500e+00
 7.11841823e+01 2.56084681e+00
 7.24577877e+01 2.59832700e+00
 7.20567625e+01 2.47721300e+00
 7.17915440e+01 2.47721300e+00
 7.15258274e+01 2.47281800e+00
 7.24559235e+01 2.47281800e+00
 7.35651019e+01 2.60272100e+00
 7.22828457e+01 2.60272100e+00
 7.22208252e+01 2.60162200e+00
 7.28249058e+01 2.56836471e+00
 7.35932896e+01 2.52719600e+00
 7.34524325e+01 2.53213900e+00
 7.24824397e+01 2.53213900e+00
 7.39883950e+01 2.60546700e+00
 7.31980954e+01 2.60546700e+00
 7.40272994e+01 2.60299500e+00
 7.39029245e+01 2.60299500e+00
 7.41066511e+01 2.52472400e+00
 7.42038445e+01 2.52884899e+00
 7.32987496e+01 2.53131600e+00
 7.46528469e+01 2.60491800e+00
 7.50901200e+01 2.60491800e+00
 7.46720307e+01 2.60409400e+00
 7.41439458e+01 2.60409400e+00
 7.44079262e+01 2.56756800e+00
 7.52104661e+01 2.56756800e+00
 7.50075930e+01 2.56482100e+00
 7.57154046e+01 2.64488056e+00
 7.56601023e+01 2.66616200e+00
 7.53492352e+01 2.66588700e+00
 7.47989131e+01 2.66588700e+00
 7.63880450e+01 2.60848800e+00
 7.66568989e+01 2.60855850e+00
 7.58258364e+01 2.61343200e+00
 7.58964685e+01 2.61358329e+00
 7.57132285e+01 2.67797100e+00
 7.72262460e+01 2.68016669e+00
 7.64587557e+01 2.68016800e+00
 7.62842096e+01 2.72630700e+00
 7.74519849e+01 2.72630700e+00
 7.60426475e+01 2.72850400e+00
 7.67758466e+01 2.69722540e+00
 7.78334893e+01 2.62798700e+00
 7.74768912e+01 2.63171039e+00
 7.66807428e+01 2.64336700e+00
 7.74305078e+01 2.72136300e+00
 7.71683739e+01 2.72136300e+00
 7.74052280e+01 2.70241300e+00
 7.84328589e+01 2.70241300e+00
 7.82298516e+01 2.68730800e+00
 7.80704986e+01 2.71004531e+00
 7.73692467e+01 2.72465900e+00
 7.76710354e+01 2.72545483e+00
 7.84540037e+01 2.72630700e+00
 7.80616692e+01 2.68511100e+00
 7.92422838e+01 2.68511100e+00
 7.86298716e+01 2.68730800e+00
 7.83633723e+01 2.68730800e+00
 7.80633409e+01 2.77766400e+00
 7.84510444e+01 2.77511962e+00
 7.89693488e+01 2.77436800e+00
 7.94058959e+01 2.77563754e+00
 8.00535048e+01 2.77629000e+00
 7.90359793e+01 2.77821300e+00
 7.93177753e+01 2.77821300e+00
 7.88224581e+01 2.81885900e+00
 7.92791499e+01 2.81885900e+00
 7.89259628e+01 2.81803500e+00
 8.06940384e+01 2.81803500e+00
 8.04160546e+01 2.81803500e+00
 7.92394714e+01 2.81803500e+00
 8.01751720e+01 2.81803500e+00
 7.94891257e+01 2.76448100e+00
 7.95924769e+01 2.76448100e+00
 8.02290018e+01 2.76228400e+00
 8.10614888e+01 2.76228403e+00
 8.06103811e+01 2.77381900e+00
 8.07327108e+01 2.77570302e+00
 8.06862694e+01 2.77574100e+00
 7.96652674e+01 2.77881232e+00
 8.02526081e+01 2.77903700e+00
 8.05803675e+01 2.77793800e+00
 8.15355316e+01 2.77793800e+00
 8.07973901e+01 2.85126600e+00
 8.19478012e+01 2.85157393e+00
 8.09842563e+01 2.85648400e+00
 8.07609821e+01 2.78150800e+00
 8.13531930e+01 2.78150800e+00
 8.12464227e+01 2.77793800e+00
 8.15911913e+01 2.77793800e+00
 8.20820407e+01 2.81885900e+00
 8.20318710e+01 2.81885900e+00
 8.11225471e+01 2.83259100e+00
 8.16834610e+01 2.84094433e+00
 8.12828524e+01 2.85428700e+00
 8.13746388e+01 2.83326049e+00
 8.22970370e+01 2.78590300e+00
 8.19115159e+01 2.72081400e+00
 8.27239497e+01 2.72081400e+00
 8.22340723e+01 2.81995800e+00
 8.21368714e+01 2.81995800e+00
 8.16310606e+01 2.81419000e+00
 8.21761785e+01 2.85044762e+00
 8.22732799e+01 2.86472300e+00
 8.28433236e+01 2.86898563e+00
 8.35931610e+01 2.87186300e+00
 8.27605589e+01 2.81116900e+00
 8.33458604e+01 2.81116900e+00
 8.27585992e+01 2.81501400e+00
 8.26539650e+01 2.81501400e+00
 8.24930164e+01 2.91168600e+00
 8.30396311e+01 2.90788433e+00
 8.31646654e+01 2.90729200e+00
 8.38173143e+01 2.91275461e+00
 8.41787568e+01 2.91443200e+00
 8.34427183e+01 2.91113700e+00
 8.39111310e+01 2.91045390e+00
 8.32059723e+01 2.81721100e+00
 8.30403660e+01 2.81721100e+00
 8.29183312e+01 2.82242900e+00
 8.33675346e+01 2.90575058e+00
 8.36423439e+01 2.90866500e+00
 8.46277560e+01 2.90594292e+00
 8.43729410e+01 2.90564400e+00
 8.42631402e+01 2.81611300e+00
 8.47077425e+01 2.81606659e+00
 8.37798264e+01 2.81556300e+00
 8.39610482e+01 2.81770440e+00
 8.35958106e+01 2.90125000e+00
 8.39553961e+01 2.90591800e+00
 8.40708686e+01 2.90591800e+00
 8.51245823e+01 2.87240245e+00
 8.45411047e+01 2.87186300e+00
 8.51194454e+01 2.87186300e+00
 8.48887745e+01 2.87012883e+00
 8.37685614e+01 2.86389900e+00
 8.47624021e+01 2.86405834e+00
 8.40084666e+01 2.86499800e+00
 8.44664163e+01 2.86554700e+00
 8.49195463e+01 2.86554700e+00
 8.57023950e+01 2.88010300e+00
 8.46381034e+01 2.88010300e+00
 8.60547665e+01 2.97100700e+00
 8.51632951e+01 2.97100700e+00
 8.46925033e+01 2.93640300e+00
 8.47815740e+01 2.92036489e+00
 8.43176285e+01 2.90729200e+00
 8.56368166e+01 2.86197700e+00
 8.57299621e+01 2.86197700e+00
 8.53620416e+01 2.86197700e+00
 8.60851321e+01 2.86197700e+00
 8.62137251e+01 2.92129800e+00
 8.51128945e+01 2.92129800e+00
 8.53080363e+01 2.92019900e+00
 8.48109332e+01 2.92463902e+00
 8.49644264e+01 2.92514300e+00
 8.56219265e+01 2.92679100e+00
 8.55940829e+01 2.92679100e+00
 8.64503755e+01 2.93036100e+00
 8.60888912e+01 2.93016824e+00
 8.63898595e+01 2.92212200e+00
 8.62668081e+01 2.92212857e+00
 8.63687452e+01 2.97100700e+00
 8.52317853e+01 2.97046743e+00
 8.61512716e+01 2.97045800e+00
 8.53278601e+01 2.96606300e+00
 8.55612629e+01 2.96606300e+00
 8.66663303e+01 2.97018300e+00
 8.53693548e+01 2.96579145e+00
 8.70165793e+01 2.93200900e+00
 8.71214267e+01 2.93164491e+00
 8.66581164e+01 2.92377000e+00
 8.71807642e+01 2.92596700e+00
 8.70114657e+01 2.92596700e+00
 8.57478943e+01 2.92129800e+00
 8.69909942e+01 2.92129800e+00
 8.58509498e+01 2.96057100e+00
 8.64123476e+01 2.96009892e+00
 8.67526077e+01 2.95864800e+00
 8.64174938e+01 2.95935764e+00
 8.77288635e+01 2.96359200e+00
 8.69186698e+01 2.96578900e+00
 8.76480193e+01 2.96578900e+00
 8.77589471e+01 2.96221900e+00
 8.74152844e+01 2.96221900e+00
 8.73495450e+01 2.96551400e+00
 8.74174899e+01 2.96915410e+00
 8.63147685e+01 2.97402800e+00
 8.65590411e+01 2.97117633e+00
 8.62050130e+01 2.96469000e+00
 8.65809011e+01 2.97210500e+00
 8.74946781e+01 2.97210500e+00
 8.75610643e+01 2.99023200e+00
 8.84412899e+01 2.99023200e+00
 8.81321879e+01 3.00396300e+00
 8.72702843e+01 2.97229064e+00
 8.76950998e+01 2.96331700e+00
 8.74678231e+01 2.96252264e+00
 8.72042664e+01 2.96221900e+00
 8.73769421e+01 3.06081300e+00
 8.68484371e+01 3.06081300e+00
 8.79071720e+01 3.05861600e+00
 8.75127480e+01 3.05861353e+00
 8.79063992e+01 3.05806700e+00
 8.88991285e+01 3.06245825e+00
 8.76359918e+01 3.06246000e+00
 8.82821757e+01 2.96552118e+00
 8.78612238e+01 2.96441600e+00
 8.75574898e+01 2.96029600e+00
 8.72070401e+01 2.96029600e+00
 8.75319504e+01 2.96057100e+00
 8.74076233e+01 2.96089917e+00
 8.89144372e+01 2.96276800e+00
 8.76589119e+01 2.96280541e+00
 8.85630307e+01 2.96331700e+00
 8.90461440e+01 2.96414100e+00
 8.79849421e+01 2.96414100e+00
 8.96898046e+01 3.01494900e+00
 8.81834580e+01 3.01494900e+00
 8.82143570e+01 3.01577300e+00
 8.82771219e+01 3.00006718e+00
 8.78590967e+01 2.96359200e+00
 8.78642212e+01 2.96369673e+00
 8.81858572e+01 2.96414100e+00
 8.75196226e+01 3.01577300e+00
 8.82961492e+01 3.01577300e+00
 8.74211598e+01 3.02401200e+00
 8.87438678e+01 3.02401200e+00
 8.90671225e+01 3.00780800e+00
 8.81814480e+01 3.00767705e+00
 8.96121011e+01 3.00753300e+00
 8.85787327e+01 3.02226092e+00
 8.92031053e+01 3.05092600e+00
 8.89420178e+01 3.05202400e+00
 8.88096964e+01 3.05202400e+00
 8.84994684e+01 3.07124900e+00
 8.83577828e+01 3.07124900e+00
 8.79938797e+01 3.06081300e+00
 8.85656483e+01 3.03331200e+00
 8.77473434e+01 3.01797000e+00
 8.88123875e+01 3.02258821e+00
 8.92372028e+01 3.02648400e+00
 8.86860261e+01 3.02181500e+00
 8.96151319e+01 3.02181500e+00
 8.91868584e+01 3.01906800e+00
 8.98176816e+01 3.01906800e+00
 8.92538231e+01 3.01989200e+00
 8.87467023e+01 3.02192590e+00
 8.92823360e+01 3.02208900e+00
 8.85510008e+01 3.01672999e+00
 8.85717460e+01 3.01604700e+00
 8.89275847e+01 3.01632200e+00
 8.85257573e+01 3.01632200e+00
 8.95866665e+01 3.01604700e+00
 8.96010395e+01 3.02110166e+00
 8.93193039e+01 3.07234700e+00
 8.99389887e+01 3.07701600e+00
 8.93100383e+01 3.07701600e+00
 9.01455662e+01 3.01220200e+00
 8.91094172e+01 3.01220200e+00
 8.89047654e+01 3.02154000e+00
 8.90561844e+01 3.02154000e+00
 8.86830017e+01 3.06301000e+00
 8.88527206e+01 3.06100686e+00
 8.90336364e+01 3.05779200e+00
 8.88933517e+01 3.11821200e+00
 8.95898552e+01 3.11821200e+00
 8.93641208e+01 3.11436700e+00
 9.03927960e+01 3.11436700e+00
 9.03172491e+01 3.12123300e+00
 9.00686496e+01 3.12123300e+00
 9.07343287e+01 3.12040900e+00
 8.94572403e+01 3.11561558e+00
 9.00467318e+01 3.11189500e+00
 8.96640906e+01 3.11711300e+00
 8.96578270e+01 3.11711300e+00
 8.91647868e+01 3.06301000e+00
 8.90593751e+01 3.06301000e+00
 8.91122442e+01 3.06246000e+00
 8.93415406e+01 3.06246000e+00
 8.86727845e+01 3.02016700e+00
 9.03071620e+01 3.01855261e+00
 9.00392639e+01 3.01797000e+00
 9.02847172e+01 3.05280902e+00
 9.02605301e+01 3.07454500e+00
 9.00543514e+01 3.07344600e+00
 9.08259583e+01 3.07344600e+00
 8.94270144e+01 3.07674200e+00
 9.09616638e+01 3.07674200e+00
 9.06042323e+01 3.04351100e+00
 8.98690772e+01 3.02798404e+00
 9.02390543e+01 3.02565900e+00
 8.98971255e+01 3.06163809e+00
 8.90733739e+01 3.07234700e+00
 8.96902790e+01 3.07289700e+00
 8.90964089e+01 3.07336034e+00
 9.03319915e+01 3.10475400e+00
 8.90683371e+01 3.10475400e+00
 8.98377268e+01 3.10448000e+00
 9.01975817e+01 3.07998356e+00
 9.01524459e+01 3.07976300e+00
 9.13760800e+01 3.07519936e+00
 9.01640403e+01 3.07509400e+00
 9.11627931e+01 3.07921300e+00
 9.05177872e+01 3.07921300e+00
 8.99535502e+01 3.07838900e+00
 8.94870691e+01 3.07863274e+00
 8.99284610e+01 3.07948800e+00
 8.98761890e+01 3.07729100e+00
 9.00478594e+01 3.07729100e+00
 8.90477721e+01 3.16050500e+00
 9.05634305e+01 3.16050500e+00
 9.06535841e+01 3.16874500e+00
 9.10853321e+01 3.16874500e+00
 9.07371126e+01 3.07454500e+00
 9.07933519e+01 3.07388702e+00
 9.15888924e+01 3.07344600e+00
 9.01423875e+01 3.07509400e+00
 9.04320624e+01 3.07509400e+00
 9.04525196e+01 3.07948800e+00
 9.03126763e+01 3.07948800e+00
 8.98927383e+01 3.07564300e+00
 8.98692974e+01 3.07564300e+00
 8.97289009e+01 3.07784000e+00
 9.00105622e+01 3.13108535e+00
 8.97809000e+01 3.14540000e+00
 9.08376841e+01 3.14540000e+00
 9.06297073e+01 3.14540000e+00
 9.07713971e+01 3.14622400e+00
 9.09443847e+01 3.14622400e+00
 9.08057492e+01 3.15089300e+00
 9.19573504e+01 3.15089300e+00
 9.06457150e+01 3.20774300e+00
 9.17235308e+01 3.16994679e+00
 9.11955678e+01 3.16654700e+00
 9.04476791e+01 3.12150700e+00
 9.10760926e+01 3.12150700e+00
 9.08421080e+01 3.14842200e+00
 9.05098360e+01 3.14905736e+00
 9.05570091e+01 3.16654700e+00
 9.00329686e+01 3.16642236e+00
 9.06251171e+01 3.11244400e+00
 8.98770407e+01 3.11734253e+00
 9.05262982e+01 3.11738800e+00
 9.08212741e+01 3.07948800e+00
 9.02102248e+01 3.07948800e+00
 9.10016619e+01 3.07509400e+00
 9.03342924e+01 3.07530511e+00
 9.15821959e+01 3.07674200e+00
 9.08245217e+01 3.07669313e+00
 9.16418689e+01 3.07591800e+00
 9.14622802e+01 3.07756500e+00
 9.14446826e+01 3.07756500e+00
 9.13138615e+01 3.07756500e+00
 9.12151357e+01 3.07756500e+00
 9.10208236e+01 3.20005300e+00
 9.10621538e+01 3.19861095e+00
 9.02226567e+01 3.19675700e+00
 9.07291046e+01 3.17883936e+00
 9.03107643e+01 3.14897100e+00
 9.06068669e+01 3.15583700e+00
 9.11526169e+01 3.15583700e+00
 9.01767663e+01 3.16709700e+00
 9.15743598e+01 3.16709700e+00
 9.13524214e+01 3.16462500e+00
 9.19346691e+01 3.16462500e+00
 9.17065092e+01 3.21131300e+00
 9.13201438e+01 3.21043709e+00
 9.20400415e+01 3.21021400e+00
 9.13966255e+01 3.16517400e+00
 9.07353231e+01 3.16517400e+00
 9.13738838e+01 3.16901900e+00
 9.04339987e+01 3.16901900e+00
 9.11869153e+01 3.17286400e+00
 9.00955488e+01 3.17286400e+00
 9.12838023e+01 3.16929400e+00
 9.04080507e+01 3.16778393e+00
 9.03481161e+01 3.16764600e+00
 9.11912069e+01 3.16215300e+00
 9.11760707e+01 3.16215300e+00
 9.22027061e+01 3.16901900e+00
 9.11295830e+01 3.16906604e+00
 9.16491077e+01 3.17039200e+00
 9.22317794e+01 3.17037649e+00
 9.17359887e+01 3.16297700e+00
 9.22160130e+01 3.20649599e+00
 9.21958463e+01 3.20691900e+00
 9.15833670e+01 3.21241200e+00
 9.19082183e+01 3.21241200e+00
 9.18313700e+01 3.27585200e+00
 9.20261703e+01 3.27588930e+00
 9.10095170e+01 3.27612700e+00
 9.04778984e+01 3.27201147e+00
 9.09762664e+01 3.20554600e+00
 9.07940211e+01 3.20609500e+00
 9.12286425e+01 3.20609500e+00
 9.03793899e+01 3.17313900e+00
 9.13191770e+01 3.17313900e+00
 9.02370056e+01 3.16901900e+00
 9.16289040e+01 3.20663443e+00
 9.14289778e+01 3.30166800e+00
 9.14035354e+01 3.30282609e+00
 9.14445136e+01 3.30825900e+00
 9.21333045e+01 3.21653100e+00
 9.22627415e+01 3.21653100e+00
 9.27671421e+01 3.20664400e+00
 9.13562337e+01 3.20664400e+00
 9.21533613e+01 3.27750000e+00
 9.15169247e+01 3.27646403e+00
 9.20693789e+01 3.27585200e+00
 9.15775387e+01 3.27616339e+00
 9.05754914e+01 3.27640200e+00
 9.15200895e+01 3.27832400e+00
 9.07826136e+01 3.27832400e+00
 9.17822150e+01 3.21296100e+00
 9.07826945e+01 3.21296100e+00
 9.17185922e+01 3.20994000e+00
 9.19727528e+01 3.20488011e+00
 9.19696440e+01 3.20472200e+00
 9.22715667e+01 3.20368692e+00
 9.26481745e+01 3.20362300e+00
 9.15223594e+01 3.30716100e+00
 9.25032637e+01 3.30716100e+00
 9.17095527e+01 3.31183000e+00
 9.21379559e+01 3.30135436e+00
 9.14832643e+01 3.21378500e+00
 9.20489073e+01 3.21364638e+00
 9.16708090e+01 3.21021400e+00
 9.07880479e+01 3.17121600e+00
 9.17622752e+01 3.17121600e+00
 9.08418845e+01 3.20170100e+00
 9.16741936e+01 3.20170100e+00
 9.08590737e+01 3.23163600e+00
 9.16901534e+01 3.23225053e+00
 9.20967693e+01 3.23383300e+00
 9.17849646e+01 3.23383300e+00
 9.18067817e+01 3.23383300e+00
 9.21510196e+01 3.28216900e+00
 9.23654983e+01 3.28216900e+00
 9.27586430e+01 3.27365500e+00
 9.22524832e+01 3.27365500e+00
 9.30202407e+01 3.20746800e+00
 9.23519403e+01 3.20298886e+00
 9.26382114e+01 3.19758100e+00
 9.27111370e+01 3.23612570e+00
 9.20695377e+01 3.31457600e+00
 9.13088392e+01 3.31375200e+00
 8.89008155e+01 3.31375200e+00
 8.90741870e+01 3.21241200e+00
 8.67723160e+01 3.21241200e+00
 8.61285154e+01 3.21268600e+00
 8.55445478e+01 3.22425392e+00
 8.40466534e+01 3.23136100e+00
 8.31237752e+01 3.23344804e+00
 8.30835597e+01 3.23548100e+00
 8.16153468e+01 3.31155500e+00
 8.02490547e+01 3.31155500e+00
 7.97070610e+01 3.30963200e+00
 7.72711310e+01 3.30963200e+00
 7.72265870e+01 3.27832400e+00
 7.67152925e+01 3.28353008e+00
 7.62739724e+01 3.28436600e+00
 7.40157134e+01 3.19230279e+00
 7.32335114e+01 3.16819500e+00
 7.26911801e+01 3.17616000e+00
 7.17176852e+01 3.17579337e+00
 7.10245495e+01 3.16956900e+00
 6.90701362e+01 3.16949874e+00
 6.95402038e+01 3.16709700e+00
 6.82508485e+01 3.07619200e+00
 6.70485857e+01 3.07619200e+00
 6.60122727e+01 3.07152300e+00
 6.54837511e+01 3.07152300e+00
 6.56291142e+01 3.02126500e+00
 6.40869647e+01 3.02126500e+00
 6.27356882e+01 3.02016700e+00
 6.22539040e+01 3.00148782e+00
 6.15101657e+01 2.96551400e+00
 6.06399705e+01 2.96249300e+00
 6.04610472e+01 2.96249300e+00
 5.93279249e+01 2.97210500e+00
 5.82348244e+01 2.97210500e+00
 5.75072357e+01 2.88614500e+00
 5.63916255e+01 2.88614500e+00
 5.59741718e+01 2.87049000e+00
 5.53267918e+01 2.86989717e+00
 5.48192928e+01 2.86939200e+00
 5.40282475e+01 2.87104000e+00
 5.38093908e+01 2.87104000e+00
 5.28248960e+01 2.85071600e+00
 5.18888651e+01 2.85071600e+00
 5.13306935e+01 2.85318800e+00
 5.04973040e+01 2.85318800e+00
 4.98430102e+01 2.75294600e+00
 4.87893229e+01 2.75392683e+00
 4.85380315e+01 2.75432000e+00
 4.76005980e+01 2.68648400e+00
 4.66166947e+01 2.68648400e+00
 4.66588727e+01 2.68703400e+00
 4.53716996e+01 2.68703400e+00
 4.50886964e+01 2.66478800e+00
 4.43932304e+01 2.66478800e+00
 4.38458364e+01 2.66890800e+00
 4.28418896e+01 2.55073010e+00
 4.30024877e+01 2.53186500e+00
 4.20590071e+01 2.52911900e+00
 4.16054478e+01 2.52911900e+00
 4.13016646e+01 2.56949000e+00
 4.09199577e+01 2.56946229e+00
 3.98313207e+01 2.56646900e+00
 3.95716233e+01 2.56646900e+00
 3.88838952e+01 2.51154200e+00
 3.83597123e+01 2.51903302e+00
 3.74359201e+01 2.51923200e+00
 3.70507077e+01 2.32643700e+00
 3.62315331e+01 2.32643700e+00
 3.56290318e+01 2.33000800e+00
 3.56218137e+01 2.33975226e+00
 3.51945161e+01 2.37587200e+00
 3.46107061e+01 2.37600521e+00
 3.42930320e+01 2.37669600e+00
 3.35037784e+01 2.36763300e+00
 3.27888929e+01 2.36763300e+00
 3.21938582e+01 2.36268900e+00
 3.20249573e+01 2.36268900e+00
 3.19690731e+01 2.31160700e+00
 3.10671807e+01 2.31160700e+00
 3.06359082e+01 2.24377200e+00
 3.00049165e+01 2.20430502e+00
 2.94276157e+01 2.17209200e+00
 2.92221590e+01 2.18005700e+00
 2.92860931e+01 2.18005700e+00
 2.84496626e+01 2.17758500e+00
 2.76614062e+01 2.17758500e+00
 2.74958831e+01 2.12677700e+00
 2.72805609e+01 2.12677700e+00
 2.68691193e+01 2.13089700e+00
 2.60258898e+01 2.05874766e+00
 2.56132579e+01 2.03422500e+00
 2.56416325e+01 2.03065500e+00
 2.52739392e+01 2.03065500e+00
 2.43827735e+01 1.97243200e+00
 2.41076645e+01 1.97243200e+00
 2.41015632e+01 1.96584100e+00
 2.34526901e+01 1.96584100e+00
 2.28617041e+01 1.97051000e+00
 2.27371259e+01 1.96513889e+00
 2.24433985e+01 1.96446800e+00
 2.18604672e+01 1.92656800e+00
 2.16046481e+01 1.92656800e+00
 2.13501577e+01 1.93151200e+00
 2.07866344e+01 1.93122762e+00
 2.05865480e+01 1.91585700e+00
 2.04912473e+01 1.91585700e+00
 1.96945935e+01 1.92052600e+00
 1.93224707e+01 1.88078554e+00
 1.93440263e+01 1.87988000e+00
 1.87718395e+01 1.87960600e+00
 1.85835967e+01 1.87960600e+00
 1.82540815e+01 1.82385400e+00
 1.77524384e+01 1.82333936e+00
 1.78170739e+01 1.81891100e+00
 1.72822397e+01 1.81756735e+00
 1.69607426e+01 1.78265900e+00
 1.67731993e+01 1.78870100e+00
 1.62439095e+01 1.78870100e+00
 1.62717209e+01 1.66868600e+00
 1.57958942e+01 1.66868600e+00
 1.55662989e+01 1.67362900e+00
 1.52083042e+01 1.65842249e+00
 1.46560154e+01 1.63325700e+00
 1.48201555e+01 1.63212939e+00
 1.42490602e+01 1.62968700e+00
 1.42599758e+01 1.70411300e+00
 1.37087607e+01 1.70411300e+00
 1.35584608e+01 1.64012300e+00
 1.32915609e+01 1.64012300e+00
 1.31023767e+01 1.58327400e+00
 1.28986313e+01 1.61059442e+00
 1.25653630e+01 1.61705400e+00
 1.23513380e+01 1.62091952e+00
 1.19966159e+01 1.62227200e+00
 1.18966913e+01 1.52367800e+00
 1.15658749e+01 1.52367800e+00
 1.14602237e+01 1.52395200e+00
 1.10390835e+01 1.52395200e+00
 1.09083481e+01 1.43057700e+00
 1.05760200e+01 1.43111291e+00
 1.05049371e+01 1.43112600e+00
 1.02011043e+01 1.46968300e+00
 1.00118828e+01 1.47314500e+00
 9.84417373e+00 1.47534200e+00
 9.48950411e+00 1.47534200e+00
 9.43513910e+00 1.37125500e+00
 9.10339314e+00 1.37123570e+00
 9.08573934e+00 1.37070600e+00
 8.74616368e+00 1.32786300e+00
 8.68634328e+00 1.32786300e+00
 8.40599477e+00 1.33085636e+00
 8.18797915e+00 1.33088400e+00
 8.06118949e+00 1.36109400e+00
 7.76577901e+00 1.36109400e+00
 7.75925107e+00 1.36384000e+00
 7.45340418e+00 1.36504640e+00
 7.36550784e+00 1.37207900e+00
 7.20454995e+00 1.37262900e+00
 6.89893706e+00 1.37262900e+00
 6.86256533e+00 1.32237000e+00
 6.58669634e+00 1.32237000e+00
 6.45829119e+00 1.32044800e+00
 6.38806550e+00 1.32044800e+00
 6.11905695e+00 1.26250000e+00
 6.03908283e+00 1.26273506e+00
 5.90471214e+00 1.26332300e+00
 5.65330454e+00 1.22707100e+00
 5.59206865e+00 1.22707100e+00
 5.41729345e+00 1.22597300e+00
 5.21215029e+00 1.22597300e+00
 5.19796113e+00 1.22487500e+00
 5.03414485e+00 1.22487500e+00
 4.84315966e+00 1.22295200e+00
 4.78506969e+00 1.22238405e+00
 4.62722985e+00 1.22185300e+00
 4.42267818e+00 1.15182100e+00
 4.38828507e+00 1.15182100e+00
 4.27113354e+00 1.07025500e+00
 4.07860428e+00 1.07025500e+00
 4.00277813e+00 1.06805800e+00
 3.93064012e+00 1.06805800e+00
 3.79222780e+00 1.06943100e+00
 3.63788961e+00 1.06616512e+00
 3.59289615e+00 1.06586100e+00
 3.50534122e+00 1.06754088e+00
 3.35804195e+00 1.06778300e+00
 3.24128563e+00 1.06641000e+00
 3.18278392e+00 1.06666061e+00
 3.09042209e+00 1.06888100e+00
 2.95088791e+00 1.06874894e+00
 2.86818546e+00 1.06503700e+00
 2.82516768e+00 1.06641000e+00
 2.73198744e+00 1.06641000e+00
 2.64318176e+00 1.03186499e+00
 2.55912714e+00 1.03153100e+00
 2.47787900e+00 1.02796100e+00
 2.41868819e+00 1.02835019e+00
 2.33917304e+00 1.02960900e+00
 2.22905523e+00 1.02994458e+00
 2.16460599e+00 1.03208000e+00
 2.11727946e+00 9.75231000e-01
 2.07915005e+00 9.75231000e-01
 1.98654767e+00 9.76604000e-01
 1.92233683e+00 9.76604000e-01
 1.85682972e+00 1.02494000e+00
 1.83740824e+00 1.02460679e+00
 1.77340063e+00 1.02411600e+00
 1.73323869e+00 1.02271293e+00
 1.67159085e+00 1.01917200e+00
 1.60953395e+00 1.02219400e+00
 1.57229979e+00 1.02219400e+00
 1.53815734e+00 1.02356700e+00
 1.49910814e+00 1.02356700e+00
 1.46453753e+00 1.01944700e+00
 1.41840976e+00 1.01780972e+00
 1.37422076e+00 1.01670100e+00
 1.33836989e+00 1.01889626e+00
 1.30329397e+00 1.02137000e+00
 1.28019646e+00 9.26071000e-01
 1.26000763e+00 9.26071000e-01
 1.23447587e+00 9.30740000e-01
 1.20351195e+00 9.30740000e-01
 1.17384103e+00 9.32937000e-01
 1.15371626e+00 9.44647839e-01
 1.13090441e+00 9.48042000e-01
 1.11563226e+00 9.65223651e-01
 1.10027036e+00 9.73308000e-01
 1.08401014e+00 9.32662000e-01
 1.07120012e+00 9.32662000e-01
 1.05568389e+00 9.23325000e-01
 1.04743179e+00 9.23326769e-01
 1.03871706e+00 9.25522000e-01
 1.03204844e+00 9.25522000e-01
 1.02285507e+00 9.31838000e-01
 1.01679225e+00 9.69772994e-01
 1.01232500e+00 9.70287000e-01
 1.00875702e+00 9.69464000e-01
 1.00615915e+00 9.69464000e-01
 1.00399988e+00 9.74132000e-01
 1.00278364e+00 9.73721724e-01
 1.00169033e+00 9.72485000e-01
 1.00086298e+00 9.64780181e-01
 1.00040853e+00 9.30191000e-01
 1.00021471e+00 9.29092000e-01
 1.00010680e+00 9.29092000e-01
 1.00002835e+00 9.30191000e-01
 1.00002835e+00 9.30191000e-01
 1.00002835e+00 9.28543000e-01
 1.00001497e+00 8.27477000e-01
 1.00008338e+00 8.34343000e-01
 1.00078085e+00 8.35101500e-01
 1.00272658e+00 8.37364000e-01
 1.00425906e+00 8.36822575e-01
 1.01667806e+00 8.34617000e-01
 1.03219240e+00 8.27202000e-01
 1.02512856e+00 8.27202000e-01
 1.07938306e+00 8.33244000e-01
 1.07115886e+00 8.33244000e-01
 1.07652985e+00 8.51645000e-01
 1.15507772e+00 8.65156836e-01
 1.11843623e+00 8.72243000e-01
 1.23778258e+00 8.02865913e-01
 1.50772673e+00 7.49206000e-01
 1.32580784e+00 7.41241000e-01
 2.35302085e+00 7.41241000e-01
 2.26642327e+00 7.87930000e-01
 3.01487439e+00 7.87930000e-01
 1.69534540e+00 7.87106000e-01
 1.56582619e+00 7.52991482e-01
 2.64858253e+00 7.46734000e-01
 2.93610794e+00 7.45716896e-01
 2.52407433e+00 7.45361000e-01
 1.56895837e+00 7.89577000e-01
 2.01838282e+00 7.89577000e-01
 1.56763965e+00 7.86007000e-01
 2.52368159e+00 7.86007000e-01
 2.50396987e+00 6.79174000e-01
 2.73464607e+00 6.79960542e-01
 2.37543541e+00 6.79998000e-01
 2.41983937e+00 6.49925484e-01
 2.93169052e+00 6.45943000e-01
 2.20382179e+00 6.45394000e-01
 2.85583399e+00 6.45394000e-01
 3.00287158e+00 6.94279000e-01
 3.12496008e+00 6.94189092e-01
 3.42231205e+00 6.88786000e-01
 3.46192238e+00 6.47874035e-01
 3.70106267e+00 6.47865000e-01
 4.02594288e+00 6.45989796e-01
 3.87412500e+00 6.45943000e-01
 4.27892265e+00 6.86314000e-01
 4.15309237e+00 6.86314000e-01
 4.43810491e+00 6.87962000e-01
 4.73501893e+00 6.82698552e-01
 5.01824945e+00 6.39352000e-01
 5.08362328e+00 6.44295000e-01
 5.32374279e+00 6.44295000e-01
 5.81811881e+00 5.97882000e-01
 5.70668738e+00 5.97882000e-01
 5.78905636e+00 5.99530000e-01
 6.53872829e+00 5.99530000e-01
 6.54824908e+00 6.81371000e-01
 6.74330413e+00 6.78344714e-01
 7.36167364e+00 6.73956000e-01
 7.13758637e+00 6.44947133e-01
 8.06525475e+00 5.90192000e-01
 7.87121276e+00 5.93762000e-01
 7.68287256e+00 5.93762000e-01
 8.11019837e+00 5.92938000e-01
 8.16550851e+00 5.92938000e-01
 8.65228284e+00 6.34134000e-01
 8.82002378e+00 6.38060214e-01
 9.24305504e+00 6.38802000e-01
 9.31418202e+00 5.71264362e-01
 9.65964793e+00 5.50095000e-01
 9.94211845e+00 5.52567000e-01
 1.01554744e+01 5.52965788e-01
 1.05448587e+01 5.97058000e-01
 1.06141743e+01 5.97058000e-01
 1.10781611e+01 5.93487000e-01
 1.11762254e+01 6.37193447e-01
 1.15862004e+01 6.38802000e-01
 1.17030087e+01 6.44476871e-01
 1.22060306e+01 6.45119000e-01
 1.24301587e+01 7.47283000e-01
 1.26686790e+01 7.47170572e-01
 1.28357906e+01 7.45910000e-01
 1.32692419e+01 7.45877670e-01
 1.34392666e+01 7.44537000e-01
 1.37494190e+01 7.46734000e-01
 1.41974627e+01 7.46734000e-01
 1.42170169e+01 8.25020528e-01
 1.48478345e+01 8.26378000e-01
 1.48919003e+01 8.29949000e-01
 1.54000700e+01 8.29949000e-01
 1.55565285e+01 8.77461000e-01
 1.59148023e+01 8.77733310e-01
 1.63566888e+01 8.79658000e-01
 1.62883484e+01 8.82404000e-01
 1.69995809e+01 8.82404000e-01
 1.70375823e+01 8.78834000e-01
 1.73908775e+01 8.78834000e-01
 1.79709164e+01 9.76329000e-01
 1.78513229e+01 9.76329000e-01
 1.86864126e+01 9.77703000e-01
 1.86740594e+01 9.90898697e-01
 1.88917715e+01 1.02686200e+00
 1.95415711e+01 1.02796100e+00
 1.94591160e+01 1.02796100e+00
 1.98558656e+01 1.06888100e+00
 2.03525091e+01 1.06888100e+00
 2.02430073e+01 1.06476200e+00
 2.07686020e+01 1.06476200e+00
 2.13468849e+01 1.06641000e+00
 2.16329025e+01 1.07861973e+00
 2.16432952e+01 1.08865500e+00
 2.23393837e+01 1.10348600e+00
 2.24522637e+01 1.10348600e+00
 2.28002828e+01 1.25920400e+00
 2.32977696e+01 1.25920400e+00
 2.35111021e+01 1.26030300e+00
 2.35003119e+01 1.26030300e+00
 2.39435119e+01 1.25206300e+00
 2.46306466e+01 1.24898923e+00
 2.47091414e+01 1.24876800e+00
 2.47481345e+01 1.35082636e+00
 2.55302935e+01 1.36274200e+00
 2.60759599e+01 1.35505200e+00
 2.59902853e+01 1.35966268e+00
 2.61661774e+01 1.40311300e+00
 2.65210256e+01 1.40303409e+00
 2.70912680e+01 1.40064100e+00
 2.75320149e+01 1.33143300e+00
 2.73781846e+01 1.33143300e+00
 2.79471157e+01 1.32953211e+00
 2.84011941e+01 1.32951100e+00
 2.88536459e+01 1.42755500e+00
 2.87694784e+01 1.42850577e+00
 2.91729438e+01 1.43167500e+00
 2.97339258e+01 1.43733999e+00
 2.98760467e+01 1.47479300e+00
 3.06706057e+01 1.47369400e+00
 3.05685507e+01 1.47369400e+00
 3.07287484e+01 1.51983300e+00
 3.07611081e+01 1.51983300e+00
 3.12956814e+01 1.51928400e+00
 3.19442399e+01 1.56161081e+00
 3.22263416e+01 1.62556800e+00
 3.21349686e+01 1.62709561e+00
 3.24333119e+01 1.63106100e+00
 3.29190010e+01 1.66648800e+00
 3.32040865e+01 1.66648800e+00
 3.41698789e+01 1.66593900e+00
 3.43968965e+01 1.66593900e+00
 3.42371978e+01 1.63051100e+00
 3.48070223e+01 1.62597323e+00
 3.46667380e+01 1.62282100e+00
 3.51295387e+01 1.66028066e+00
 3.53503275e+01 1.70356400e+00
 3.60687249e+01 1.68708600e+00
 3.63805086e+01 1.68708600e+00
 3.65972708e+01 1.66950900e+00
 3.70117032e+01 1.66950900e+00
 3.70133700e+01 1.77469500e+00
 3.74043808e+01 1.81128088e+00
 3.72784342e+01 1.82110800e+00
 3.79649702e+01 1.81615354e+00
 3.84153964e+01 1.81424200e+00
 3.85246296e+01 1.81561600e+00
 3.91983190e+01 1.81561600e+00
 3.92698976e+01 1.87713400e+00
 3.98331980e+01 1.87712704e+00
 4.01802397e+01 1.87438800e+00
 4.06388256e+01 1.87438800e+00
 4.04682055e+01 1.91256200e+00
 4.09102336e+01 1.91147592e+00
 4.12468146e+01 1.91146300e+00
 4.13146897e+01 1.92272300e+00
 4.14107210e+01 1.92272300e+00
 4.17971107e+01 1.92299800e+00
 4.17171368e+01 1.92387874e+00
 4.21368927e+01 1.92684300e+00
 4.27878382e+01 1.92759264e+00
 4.29899210e+01 1.93261000e+00
 4.30945533e+01 1.96034800e+00
 4.36317046e+01 1.96034800e+00
 4.35104844e+01 1.96007400e+00
 4.41394005e+01 1.96007400e+00
 4.44263458e+01 1.96748900e+00
 4.46436404e+01 1.96962199e+00
 4.45445438e+01 1.97270700e+00
 4.56161224e+01 1.97318140e+00
 4.53957485e+01 1.97435500e+00
 4.58939305e+01 1.96584100e+00
 4.61082123e+01 1.96584100e+00
 4.66594712e+01 2.08420900e+00
 4.67687919e+01 2.08420900e+00
 4.75028106e+01 2.08585700e+00
 4.74649576e+01 2.05129221e+00
 4.72378163e+01 2.02708500e+00
 4.81743093e+01 2.02860710e+00
 4.78996335e+01 2.03038000e+00
 4.81597810e+01 2.15039600e+00
 4.84283566e+01 2.15039600e+00
 4.89449344e+01 2.15369200e+00
 4.89101517e+01 2.15369200e+00
 4.91544930e+01 2.21191500e+00
 4.95628170e+01 2.21441010e+00
 4.94824954e+01 2.21521000e+00
 5.05360189e+01 2.21732082e+00
 4.98908244e+01 2.21850600e+00
 5.08895123e+01 2.24981400e+00
 5.16126328e+01 2.24981400e+00
 5.11324773e+01 2.27123600e+00
 5.23088258e+01 2.27123600e+00
 5.23747148e+01 2.26684200e+00
 5.21986015e+01 2.26113554e+00
 5.29506533e+01 2.26052500e+00
 5.28323688e+01 2.35005644e+00
 5.29726786e+01 2.36680900e+00
 5.31587935e+01 2.36708400e+00
 5.28827740e+01 2.36708400e+00
 5.33417188e+01 2.31407900e+00
 5.35332895e+01 2.31381681e+00
 5.41646053e+01 2.30858600e+00
 5.39980985e+01 2.33412700e+00
 5.49012267e+01 2.33412700e+00
 5.52846725e+01 2.33440200e+00
 5.51960541e+01 2.33440200e+00
 5.59657274e+01 2.32616300e+00
 5.56228165e+01 2.32616300e+00
 5.58617775e+01 2.32945900e+00
 5.59404682e+01 2.36250178e+00
 5.55466802e+01 2.41212400e+00
 5.63004760e+01 2.41283016e+00
 5.69998567e+01 2.41432100e+00
 5.70291192e+01 2.45331900e+00
 5.78589346e+01 2.45331900e+00
 5.78975884e+01 2.45936100e+00
 5.77668723e+01 2.45936100e+00
 5.81003356e+01 2.45853700e+00
 5.77961086e+01 2.45682481e+00
 5.80124351e+01 2.45579100e+00
 5.85712077e+01 2.45838980e+00
 5.91372137e+01 2.46100900e+00
 5.89967090e+01 2.45826200e+00
 5.95902443e+01 2.45826200e+00
 6.01276613e+01 2.47529000e+00
 5.90611243e+01 2.47529000e+00
 5.96533975e+01 2.47144500e+00
 6.01893953e+01 2.54243663e+00
 6.01781725e+01 2.56152600e+00
 6.07758991e+01 2.56412031e+00
 6.16511090e+01 2.56537000e+00
 6.08106276e+01 2.60601600e+00
 6.09303098e+01 2.60601600e+00
 6.14207305e+01 2.58459500e+00
 6.15951429e+01 2.58459500e+00
 6.17379220e+01 2.57360900e+00
 6.25809686e+01 2.54891689e+00
 6.26541929e+01 2.54669500e+00
 6.21182977e+01 2.53528141e+00
 6.21309478e+01 2.53296300e+00
 6.30254131e+01 2.66506300e+00
 6.32504677e+01 2.66521948e+00
 6.33656526e+01 2.66945700e+00
 6.35378432e+01 2.66906790e+00
 6.36149192e+01 2.56921500e+00
 6.33829141e+01 2.57139730e+00
 6.39945458e+01 2.57141200e+00
 6.51987780e+01 2.62480633e+00
 6.45950040e+01 2.62716300e+00
 6.42739181e+01 2.63073400e+00
 6.46730780e+01 2.63193687e+00
 6.41816089e+01 2.63595200e+00
 6.51532707e+01 2.63609881e+00
 6.53802498e+01 2.63677600e+00
 6.59057543e+01 2.67989300e+00
 6.57621924e+01 2.67989300e+00
 6.51108047e+01 2.68373800e+00
 6.66565224e+01 2.68373800e+00
 6.70963178e+01 2.73207400e+00
 6.62190131e+01 2.73207400e+00
 6.64400231e+01 2.73015200e+00
 6.67191914e+01 2.70345812e+00
 6.72119426e+01 2.68401300e+00
 6.76761319e+01 2.68511100e+00
 6.71450020e+01 2.68511100e+00
 6.78743872e+01 2.72438400e+00
 6.74929666e+01 2.72438400e+00
 6.75717456e+01 2.72465900e+00
 6.88409745e+01 2.72465900e+00
 6.81726279e+01 2.77272000e+00
 6.83961199e+01 2.77226570e+00
 6.80398305e+01 2.77217100e+00
 6.93341410e+01 2.77236905e+00
 6.88938210e+01 2.77244600e+00
 6.90312694e+01 2.77134700e+00
 6.89129955e+01 2.77141916e+00
 6.93656885e+01 2.81116900e+00
 6.98066048e+01 2.81116900e+00
 6.99431413e+01 2.81473900e+00
 6.91545129e+01 2.81188798e+00
 7.00261794e+01 2.81171800e+00
 7.01311405e+01 2.81290876e+00
 7.09441727e+01 2.81309100e+00
 7.01547291e+01 2.81446500e+00
 7.01750940e+01 2.81226076e+00
 7.09824466e+01 2.77574100e+00
 7.09834146e+01 2.77569468e+00
 7.15142437e+01 2.77134700e+00
 7.11218496e+01 2.80973113e+00
 7.17872420e+01 2.80979600e+00
 7.10349790e+01 2.80636072e+00
 7.17182714e+01 2.80622600e+00
 7.23395831e+01 2.80869700e+00
 7.20428175e+01 2.80928169e+00
 7.19299604e+01 2.81226800e+00
 7.18689256e+01 2.81488412e+00
 7.29336204e+01 2.84549800e+00
 7.36086720e+01 2.84577300e+00
 7.27276667e+01 2.84577300e+00
 7.21925794e+01 2.84577300e+00
 7.29623691e+01 2.84577300e+00
 7.39164765e+01 2.84577300e+00
 7.33096650e+01 2.85200293e+00
 7.28581174e+01 2.86307500e+00
 7.35810371e+01 2.86323995e+00
 7.40101869e+01 2.86362500e+00
 7.41913588e+01 2.90399600e+00
 7.40573397e+01 2.90399600e+00
 7.36227050e+01 2.90509500e+00
 7.48522052e+01 2.90509500e+00
 7.40222600e+01 2.90015100e+00
 7.52696548e+01 2.90015100e+00
 7.52173835e+01 2.89328500e+00
 7.46216880e+01 2.94631308e+00
 7.44642883e+01 2.96524000e+00
 7.55691575e+01 2.96496500e+00
 7.58131244e+01 2.96496500e+00
 7.51095042e+01 2.86335000e+00
 7.52311392e+01 2.86336673e+00
 7.52802040e+01 2.86692000e+00
 7.61880342e+01 2.86692000e+00
 7.54931082e+01 2.92377000e+00
 7.64859163e+01 2.92245152e+00
 7.64177594e+01 2.92239700e+00
 7.53976622e+01 2.92460058e+00
 7.61320646e+01 2.92486800e+00
 7.66329904e+01 2.92981100e+00
 7.70360676e+01 2.92930978e+00
 7.64515431e+01 2.92322000e+00
 7.64962316e+01 2.92419384e+00
 7.64239023e+01 2.97128200e+00
 7.63848738e+01 3.00121700e+00
 7.74009967e+01 3.00121700e+00
 7.75511282e+01 2.92936172e+00
 7.81507780e+01 2.92788900e+00
 7.69502128e+01 2.93091000e+00
 7.69680502e+01 2.93702685e+00
 7.78774534e+01 2.96112000e+00
 7.70475459e+01 2.96135859e+00
 7.86101354e+01 2.96331700e+00
 7.86873108e+01 3.00368800e+00
 7.82862816e+01 3.00368800e+00
 7.70543950e+01 3.00725900e+00
 7.87491748e+01 3.00725900e+00
 7.79671448e+01 3.00863200e+00
 7.82782814e+01 3.00652452e+00
 7.95204799e+01 3.00286500e+00
 7.88827623e+01 3.00347821e+00
 7.85567163e+01 3.00533700e+00
 7.81047437e+01 3.00451200e+00
 7.91349081e+01 3.00451200e+00
 7.81726629e+01 3.00780800e+00
 7.93886557e+01 3.00780800e+00
 8.01823536e+01 3.00973000e+00
 7.92729799e+01 2.98268405e+00
 7.92700525e+01 2.96002200e+00
 7.93506421e+01 2.96162479e+00
 7.90879631e+01 2.96359200e+00
 7.93376768e+01 2.96935900e+00
 8.06624076e+01 2.96935900e+00
 8.04207360e+01 2.96826100e+00
 7.95056339e+01 2.96826100e+00
 8.05743280e+01 3.05834100e+00
 7.93658882e+01 3.05834100e+00
 8.02179458e+01 3.05861600e+00
 8.08350332e+01 3.00407456e+00
 8.10263335e+01 2.99599900e+00
 8.00683304e+01 3.00094200e+00
 8.00690832e+01 3.00094200e+00
 8.07831863e+01 3.05779200e+00
 7.98201355e+01 3.05813896e+00
 8.12358957e+01 3.06273500e+00
 8.12532396e+01 3.05972828e+00
 8.13816547e+01 2.97128200e+00
 8.08931741e+01 2.98199200e+00
 8.14185050e+01 2.98199200e+00
 8.04300934e+01 3.02016700e+00
 8.10914183e+01 3.02016700e+00
 8.18683858e+01 3.04406000e+00
 8.12987546e+01 3.05095975e+00
 8.25781952e+01 3.07234700e+00
 8.20160005e+01 3.06426204e+00
 8.16206668e+01 3.01549800e+00
 8.18833846e+01 3.02016700e+00
 8.20215981e+01 3.02016700e+00
 8.12188074e+01 3.07097400e+00
 8.23100115e+01 3.07097400e+00
 8.21816180e+01 3.07015000e+00
 8.23290908e+01 3.04915700e+00
 8.33297736e+01 3.01934300e+00
 8.25685952e+01 3.01926271e+00
 8.21721339e+01 3.01906800e+00
 8.25982064e+01 3.11519000e+00
 8.26719443e+01 3.11519000e+00
 8.19075865e+01 3.11848600e+00
 8.31475647e+01 3.11848600e+00
 8.28880973e+01 3.11354300e+00
 8.33544217e+01 3.11386830e+00
 8.39530836e+01 3.11409200e+00
 8.28880862e+01 3.08783336e+00
 8.32536183e+01 3.05779200e+00
 8.28525178e+01 3.05779200e+00
 8.31695762e+01 3.05779200e+00
 8.28229024e+01 3.11354300e+00
 8.40690752e+01 3.11354300e+00
 8.34118558e+01 3.11079700e+00
 8.41050975e+01 3.11306208e+00
 8.45673708e+01 3.11381700e+00
 8.33512456e+01 3.11204659e+00
 8.41556204e+01 3.11107100e+00
 8.34397159e+01 3.20444700e+00
 8.35967762e+01 3.20444670e+00
 8.40484150e+01 3.20389800e+00
 8.51997555e+01 3.20389800e+00
 8.39320866e+01 3.07152300e+00
 8.46617213e+01 3.07341814e+00
 8.46631127e+01 3.07344600e+00
 8.36382148e+01 3.13779393e+00
 8.40502995e+01 3.14018200e+00
 8.34856271e+01 3.13798600e+00
 8.45725798e+01 3.13798600e+00
 8.50759569e+01 3.20279900e+00
 8.48571852e+01 3.20238396e+00
 8.51051790e+01 3.20060200e+00
 8.55360353e+01 3.20166758e+00
 8.43639224e+01 3.20856700e+00
 8.41583167e+01 3.15116800e+00
 8.52764028e+01 3.15116800e+00
 8.41532783e+01 3.11326800e+00
 8.52017256e+01 3.11326800e+00
 8.51516574e+01 3.19785600e+00
 8.53769638e+01 3.19797903e+00
 8.62371116e+01 3.19813000e+00
 8.62326358e+01 3.16825963e+00
 8.53058839e+01 3.10640200e+00
 8.56156943e+01 3.10997200e+00
 8.49754447e+01 3.10997200e+00
 8.53162785e+01 3.19593400e+00
 8.55740615e+01 3.19593400e+00
 8.50805880e+01 3.19758100e+00
 8.64212962e+01 3.20299059e+00
 8.58910715e+01 3.20637000e+00
 8.65665629e+01 3.20744611e+00
 8.66320354e+01 3.20856700e+00
 8.64974002e+01 3.16544900e+00
 8.62669798e+01 3.16544900e+00
 8.64179052e+01 3.16215300e+00
 8.54639957e+01 3.16215300e+00
 8.56024532e+01 3.20554600e+00
 8.56534275e+01 3.20468749e+00
 8.55893303e+01 3.20444700e+00
 8.68098204e+01 3.18154579e+00
 8.66622958e+01 3.17011800e+00
 8.66920686e+01 3.16517400e+00
 8.71850302e+01 3.16517400e+00
 8.69925859e+01 3.30551300e+00
 8.64600107e+01 3.30551300e+00
 8.75219309e+01 3.30084400e+00
 8.62134174e+01 3.30710987e+00
 8.63671226e+01 3.30771000e+00
 8.60524504e+01 3.30657759e+00
 8.59659342e+01 3.30633700e+00
 8.73378635e+01 3.21186200e+00
 8.63036674e+01 3.21180858e+00
 8.75870542e+01 3.21076400e+00
 8.77494219e+01 3.20982789e+00
 8.75180706e+01 3.17066700e+00
 8.66409950e+01 3.16517400e+00
 8.71146879e+01 3.16517400e+00
 8.61064548e+01 3.19895400e+00
 8.68667512e+01 3.19895400e+00
 8.65939981e+01 3.23465700e+00
 8.71921040e+01 3.23465700e+00
 8.78792688e+01 3.26349400e+00
 8.69217482e+01 3.24723830e+00
 8.86220525e+01 3.21735500e+00
 8.78973645e+01 3.21719443e+00
 8.80437547e+01 3.21680600e+00
 8.75304105e+01 3.26404300e+00
 8.71799536e+01 3.26404300e+00
 8.72944527e+01 3.26624000e+00
 8.76542765e+01 3.26624000e+00
 8.66987631e+01 3.29590100e+00
 8.78769741e+01 3.29954070e+00
 8.85008486e+01 3.30139400e+00
 8.81973042e+01 3.30967763e+00
 8.88422104e+01 3.31677300e+00
 8.84730520e+01 3.31045600e+00
 8.91848705e+01 3.31045600e+00
 8.81290133e+01 3.27557800e+00
 8.86129664e+01 3.27557800e+00
 8.82952502e+01 3.27887300e+00
 8.77222052e+01 3.27796060e+00
 8.78495081e+01 3.27777500e+00
 8.80195858e+01 3.28012393e+00
 8.72254571e+01 3.28107100e+00
 8.82303593e+01 3.28079600e+00
 8.82865365e+01 3.28078812e+00
 8.80382992e+01 3.27365500e+00
 8.86669733e+01 3.27365500e+00
 8.87671047e+01 3.28107100e+00
 8.95552425e+01 3.27900574e+00
 8.88955313e+01 3.27887300e+00
 8.96229579e+01 3.27910989e+00
 8.87007339e+01 3.27914800e+00
 8.83141315e+01 3.28079600e+00
 8.86471330e+01 3.28229246e+00
 8.83140573e+01 3.30908300e+00
 8.75801263e+01 3.30911425e+00
 8.85085191e+01 3.31265400e+00
 8.90693256e+01 3.27014103e+00
 8.88536863e+01 3.27008500e+00
 8.92666969e+01 3.27703489e+00
 8.89200403e+01 3.27722600e+00
 8.98274987e+01 3.27255700e+00
 8.88902048e+01 3.27232516e+00
 8.98818602e+01 3.27145800e+00
 8.93564106e+01 3.27832829e+00
 8.90162981e+01 3.31704800e+00
 8.87094288e+01 3.31402700e+00
 8.90347485e+01 3.31402700e+00
 8.82116638e+01 3.31897000e+00
 8.95352364e+01 3.31897000e+00
 8.81774123e+01 3.28381700e+00
 8.93552226e+01 3.28381700e+00
 8.92444512e+01 3.27969700e+00
 8.95679484e+01 3.29772859e+00
 9.05994537e+01 3.31073100e+00
 8.91643443e+01 3.31649800e+00
 9.02562925e+01 3.31649800e+00
 8.93210713e+01 3.27695100e+00
 8.90844269e+01 3.27695100e+00
 8.87190772e+01 3.27695100e+00
 8.88575308e+01 3.27695100e+00
 8.90523124e+01 3.27502900e+00
 8.92372999e+01 3.27874026e+00
 8.87975340e+01 3.27914800e+00
 8.99874855e+01 3.31628581e+00
 8.97712074e+01 3.32501200e+00
 8.98131976e+01 3.32528700e+00
 9.06246370e+01 3.32525956e+00
 9.00260740e+01 3.32418800e+00
 9.06255975e+01 3.32419029e+00
 8.94499131e+01 3.33215300e+00
 9.02704264e+01 3.33161172e+00
 8.94714977e+01 3.33160300e+00
 8.90149917e+01 3.32545891e+00
 8.95424283e+01 3.32501200e+00
 8.92788274e+01 3.35714400e+00
 8.91550821e+01 3.35785795e+00
 8.94424960e+01 3.36318600e+00
 8.91392039e+01 3.36344023e+00
 8.98194598e+01 3.36867900e+00
 8.96574045e+01 3.36483400e+00
 9.00232253e+01 3.36483400e+00
 9.11795444e+01 3.31124362e+00
 8.97249487e+01 3.31100600e+00
 9.11144598e+01 3.31128000e+00
 9.02386361e+01 3.30211086e+00
 9.02286023e+01 3.27612700e+00
 9.03389112e+01 3.27659937e+00
 9.00978505e+01 3.27914800e+00
 9.01551187e+01 3.27338000e+00
 8.96888499e+01 3.27338000e+00
 8.96367329e+01 3.27997200e+00
 8.99158703e+01 3.27997200e+00
 8.90723749e+01 3.32226600e+00
 8.97645423e+01 3.33407683e+00
 9.02773449e+01 3.35220100e+00
 8.97452845e+01 3.35751309e+00
 9.03395981e+01 3.36977800e+00
 8.99914374e+01 3.31594900e+00
 9.11303747e+01 3.31594900e+00
 9.08223659e+01 3.32061800e+00
 9.08966375e+01 3.32061800e+00
 9.10760061e+01 3.31732300e+00
 9.05078240e+01 3.32135300e+00
 9.03290810e+01 3.32254100e+00
 8.98526814e+01 3.28950170e+00
 8.96604627e+01 3.27640200e+00
 9.05348909e+01 3.26843700e+00
 8.97254319e+01 3.26843700e+00
 9.03430930e+01 3.36840400e+00
 8.98082236e+01 3.36840862e+00
 9.03855260e+01 3.36977800e+00
 9.16544919e+01 3.36977800e+00
 9.07574947e+01 3.31183000e+00
 9.16666945e+01 3.31290997e+00
 9.06110020e+01 3.31292800e+00
 9.11690483e+01 3.27777500e+00
 9.05690628e+01 3.27777500e+00
 9.05987992e+01 3.27887300e+00
 9.08624114e+01 3.27797475e+00
 9.04876935e+01 3.27118400e+00
 8.95511243e+01 3.27144659e+00
 9.04081157e+01 3.27777500e+00
 8.94704678e+01 3.38378400e+00
 9.03468114e+01 3.38378400e+00
 8.96884625e+01 3.38405900e+00
 9.06019433e+01 3.38405900e+00
 9.02704311e+01 3.38598100e+00
 9.01179820e+01 3.38414332e+00
 9.16057211e+01 3.37856600e+00
 9.11003698e+01 3.37924523e+00
 9.14054901e+01 3.38323500e+00
 9.12034578e+01 3.39037500e+00
 9.15680247e+01 3.39037500e+00
 9.08206132e+01 3.37801700e+00
 9.08833213e+01 3.37801700e+00
 9.11576922e+01 3.37142600e+00
 9.13455356e+01 3.34784134e+00
 8.97782533e+01 3.31320300e+00
 9.12000398e+01 3.31255250e+00
 8.91481847e+01 3.31100600e+00
 8.89097368e+01 3.31430100e+00
 8.76182056e+01 3.31430100e+00
 8.64283172e+01 3.32336400e+00
 8.67091718e+01 3.32336400e+00
 8.46517895e+01 3.31924500e+00
 8.45435530e+01 3.37891839e+00
 8.37970758e+01 3.41921200e+00
 8.23039305e+01 3.42231555e+00
 8.09190947e+01 3.42580300e+00
 7.97550148e+01 3.44997100e+00
 7.81196274e+01 3.44997100e+00
 7.77247350e+01 3.45546400e+00
 7.78447780e+01 3.45546400e+00
 7.61529956e+01 3.46535100e+00
 7.52129299e+01 3.46241845e+00
 7.36632146e+01 3.46205500e+00
 7.36978603e+01 3.34764171e+00
 7.26995443e+01 3.32666000e+00
 7.13430612e+01 3.32968100e+00
 7.04311753e+01 3.32968100e+00
 6.97806229e+01 3.30853400e+00
 6.90474641e+01 3.30856193e+00
 6.80436607e+01 3.30908300e+00
 6.67164518e+01 3.31512500e+00
 6.67608451e+01 3.31512500e+00
 6.54011321e+01 3.31237900e+00
 6.49820030e+01 3.31237900e+00
 6.32169840e+01 3.17396300e+00
 6.28320886e+01 3.17396300e+00
 6.29251769e+01 3.16874500e+00
 6.17517294e+01 3.16893867e+00
 6.06126283e+01 3.16956900e+00
 6.02686352e+01 3.16901900e+00
 5.88215143e+01 3.16901900e+00
 5.78461955e+01 3.02099100e+00
 5.77439101e+01 3.02099100e+00
 5.72862516e+01 3.02044100e+00
 5.65609018e+01 3.02044100e+00
 5.56242579e+01 3.02483500e+00
 5.49318436e+01 3.02306374e+00
 5.41121859e+01 3.02044100e+00
 5.35303313e+01 2.96606300e+00
 5.27418257e+01 2.96606300e+00
 5.16777636e+01 2.96441600e+00
 5.09439875e+01 2.96441600e+00
 5.03283452e+01 2.92981100e+00
 4.95014799e+01 2.92981100e+00
 4.87613722e+01 2.93393100e+00
 4.86662591e+01 2.92353398e+00
 4.74172854e+01 2.91608000e+00
 4.72026067e+01 2.86060300e+00
 4.69368858e+01 2.86060300e+00
 4.58551983e+01 2.81007100e+00
 4.54589042e+01 2.81007100e+00
 4.47648183e+01 2.85593500e+00
 4.41698915e+01 2.85593500e+00
 4.35118482e+01 2.85428700e+00
 4.34074423e+01 2.83007017e+00
 4.22100184e+01 2.82160500e+00
 4.16877928e+01 2.82270400e+00
 4.10547841e+01 2.82270400e+00
 4.03943068e+01 2.69032900e+00
 3.98935024e+01 2.69032900e+00
 3.98822028e+01 2.68621000e+00
 3.92594777e+01 2.68621000e+00
 3.85995005e+01 2.63183200e+00
 3.83441692e+01 2.62891669e+00
 3.79671930e+01 2.62881100e+00
 3.72440007e+01 2.60311585e+00
 3.63776392e+01 2.60134800e+00
 3.60166233e+01 2.60601600e+00
 3.51798128e+01 2.59408829e+00
 3.45318624e+01 2.53708300e+00
 3.45144931e+01 2.53690971e+00
 3.38912706e+01 2.53571000e+00
 3.38195214e+01 2.41871500e+00
 3.31443679e+01 2.41871500e+00
 3.25806433e+01 2.41816600e+00
 3.19016968e+01 2.41816600e+00
 3.11471246e+01 2.45881200e+00
 3.12976547e+01 2.45699086e+00
 3.10332132e+01 2.45551600e+00
 3.03832603e+01 2.44358438e+00
 2.96159989e+01 2.42832700e+00
 2.93088729e+01 2.41899000e+00
 2.88551019e+01 2.41899000e+00
 2.86656903e+01 2.30886100e+00
 2.82310584e+01 2.30886100e+00
 2.74808171e+01 2.31243100e+00
 2.70626996e+01 2.28005618e+00
 2.68261562e+01 2.26848900e+00
 2.65727571e+01 2.27290153e+00
 2.59742212e+01 2.27563000e+00
 2.53316840e+01 2.23223700e+00
 2.53331078e+01 2.23223700e+00
 2.49797839e+01 2.22976600e+00
 2.42816546e+01 2.22976600e+00
 2.39562671e+01 2.17923300e+00
 2.37792261e+01 2.13645489e+00
 2.32759294e+01 2.13062200e+00
 2.27573696e+01 2.09857122e+00
 2.25998218e+01 2.08970200e+00
 2.23114603e+01 2.11853800e+00
 2.16471988e+01 2.11853800e+00
 2.15212884e+01 2.11826400e+00
 2.13046884e+01 2.11826400e+00
 2.06281322e+01 2.03450000e+00
 2.02952894e+01 2.03476788e+00
 2.03841300e+01 2.03477500e+00
 1.97133374e+01 1.97251790e+00
 1.93765544e+01 1.96666500e+00
 1.92286989e+01 1.96694000e+00
 1.85688892e+01 1.96694000e+00
 1.84743233e+01 2.01252900e+00
 1.82772238e+01 2.01254699e+00
 1.76763406e+01 2.01307800e+00
 1.76724235e+01 1.96419300e+00
 1.71763514e+01 1.96419300e+00
 1.69614151e+01 1.95596213e+00
 1.68088103e+01 1.95595400e+00
 1.61506231e+01 1.91832900e+00
 1.61649235e+01 1.91832900e+00
 1.56459515e+01 1.91750500e+00
 1.55176733e+01 1.88711115e+00
 1.52830221e+01 1.81808700e+00
 1.47574404e+01 1.81815218e+00
 1.47816790e+01 1.81836200e+00
 1.42738274e+01 1.85900800e+00
 1.43007272e+01 1.85900800e+00
 1.38400317e+01 1.85763500e+00
 1.36987932e+01 1.85763500e+00
 1.32666633e+01 1.78650400e+00
 1.30159079e+01 1.78489779e+00
 1.29051005e+01 1.78430700e+00
 1.26084644e+01 1.80829324e+00
 1.24837067e+01 1.82248100e+00
 1.20091920e+01 1.82303100e+00
 1.19531749e+01 1.82303100e+00
 1.15398950e+01 1.66978400e+00
 1.15452536e+01 1.66978400e+00
 1.11356094e+01 1.66484100e+00
 1.10912504e+01 1.67159698e+00
 1.07335101e+01 1.67253000e+00
 1.05188430e+01 1.65986610e+00
 1.01921956e+01 1.65632700e+00
 1.01265029e+01 1.58574600e+00
 9.93229925e+00 1.58574600e+00
 9.68414381e+00 1.60551900e+00
 9.59179860e+00 1.60551900e+00
 9.20750591e+00 1.61870200e+00
 9.15590365e+00 1.49011531e+00
 8.79639570e+00 1.48660200e+00
 8.79737016e+00 1.48559965e+00
 8.45930701e+00 1.48550400e+00
 8.35565220e+00 1.51598800e+00
 8.18872381e+00 1.51598800e+00
 7.84873443e+00 1.51846000e+00
 7.84462501e+00 1.51957633e+00
 7.48177804e+00 1.55333900e+00
 7.46975981e+00 1.55636000e+00
 7.28540995e+00 1.55636000e+00
 7.05747085e+00 1.56396496e+00
 7.02281960e+00 1.56404900e+00
 6.69399745e+00 1.56020400e+00
 6.63008946e+00 1.56020400e+00
 6.48637685e+00 1.47287100e+00
 6.20227670e+00 1.47272644e+00
 6.18803783e+00 1.47177200e+00
 5.98155379e+00 1.33060900e+00
 5.78474375e+00 1.33060900e+00
 5.75075037e+00 1.32923600e+00
 5.53549249e+00 1.32923600e+00
 5.35710566e+00 1.40640900e+00
 5.29595126e+00 1.40640900e+00
 5.06762941e+00 1.40503500e+00
 4.94846544e+00 1.38826513e+00
 4.90968109e+00 1.36356500e+00
 4.75632526e+00 1.36356500e+00
 4.59720124e+00 1.36356500e+00
 4.53456826e+00 1.40228900e+00
 4.38857558e+00 1.40228900e+00
 4.21033987e+00 1.40750700e+00
 4.14018108e+00 1.40750700e+00
 4.05191387e+00 1.27760500e+00
 3.86954112e+00 1.27737382e+00
 3.77304909e+00 1.27733000e+00
 3.73418938e+00 1.35005963e+00
 3.60856773e+00 1.37098100e+00
 3.47175985e+00 1.36356500e+00
 3.40731023e+00 1.36084608e+00
 3.32504235e+00 1.25755600e+00
 3.16600350e+00 1.25755427e+00
 3.06853326e+00 1.25288700e+00
 3.01251887e+00 1.25748448e+00
 2.92664682e+00 1.25755600e+00
 2.81119925e+00 1.22141778e+00
 2.70853980e+00 1.21883300e+00
 2.65434972e+00 1.18422800e+00
 2.58601459e+00 1.18383425e+00
 2.51844595e+00 1.18093300e+00
 2.41565941e+00 1.18101075e+00
 2.35308007e+00 1.18258100e+00
 2.29389777e+00 1.18285500e+00
 2.22717065e+00 1.18285500e+00
 2.14210872e+00 1.18203707e+00
 2.05877027e+00 1.18203200e+00
 2.01495794e+00 1.06998000e+00
 1.98376453e+00 1.06784017e+00
 1.91310124e+00 1.06146600e+00
 1.85468197e+00 1.08416524e+00
 1.77199152e+00 1.21443800e+00
 1.74188993e+00 1.21416400e+00
 1.69012666e+00 1.21416400e+00
 1.66251576e+00 1.17241900e+00
 1.61186280e+00 1.17241900e+00
 1.55520138e+00 1.17214500e+00
 1.50640533e+00 1.12931047e+00
 1.46679842e+00 1.07053000e+00
 1.43771870e+00 1.07094158e+00
 1.40105717e+00 1.07190300e+00
 1.36722672e+00 1.07107900e+00
 1.33772083e+00 1.07107900e+00
 1.29836433e+00 1.07162800e+00
 1.25746466e+00 1.07162800e+00
 1.23540144e+00 1.03345400e+00
 1.21718553e+00 1.02959933e+00
 1.19857584e+00 1.02741200e+00
 1.17613721e+00 1.04970347e+00
 1.15594697e+00 1.06695900e+00
 1.13165257e+00 1.06531100e+00
 1.10950567e+00 1.06531100e+00
 1.09361495e+00 1.06723400e+00
 1.08155393e+00 1.06723400e+00
 1.06606816e+00 1.06421300e+00
 1.05543923e+00 1.06421300e+00
 1.04488866e+00 1.02933400e+00
 1.03713393e+00 1.03216644e+00
 1.02825077e+00 1.03235500e+00
 1.02170378e+00 1.02823600e+00
 1.01547684e+00 1.02823600e+00
 1.01130267e+00 1.03620000e+00
 1.00790662e+00 1.03623249e+00
 1.00604599e+00 1.03647500e+00
 1.00449998e+00 1.03708494e+00
 1.00293965e+00 1.04965700e+00
 1.00186080e+00 1.06613500e+00
 1.00097437e+00 1.06613500e+00
 1.00055621e+00 1.10156300e+00
 1.00018482e+00 1.10156300e+00
 1.00007649e+00 1.09826800e+00
 1.00001433e+00 1.09146282e+00
 1.00001433e+00 1.07217700e+00
 1.00001433e+00 1.07226284e+00
 1.00000057e+00 1.07272600e+00
 1.00000057e+00 1.07053000e+00
 1.00000057e+00 1.07053000e+00
 1.00000053e+00 1.06943100e+00
