 1.22007000e-01 2.02433330e+01
 6.47935980e-01 2.02389390e+01
 1.17386496e+00 2.02079040e+01
 1.69979394e+00 2.02109260e+01
 2.22572292e+00 2.01216700e+01
 2.75165190e+00 2.01263380e+01
 3.27758088e+00 2.01540770e+01
 3.80350986e+00 2.01579210e+01
 4.32943884e+00 2.00925570e+01
 4.85536782e+00 2.00947550e+01
 5.38129680e+00 2.01477600e+01
 5.90722578e+00 1.97657420e+01
 6.43315476e+00 1.93400560e+01
 6.95908374e+00 1.93590060e+01
 7.48501272e+00 1.93073392e+01
 8.01094170e+00 1.71157820e+01
 8.53687068e+00 1.71133120e+01
 9.06279966e+00 1.55893580e+01
 9.58872864e+00 1.54623214e+01
 1.01146576e+01 1.43146835e+01
 1.06405866e+01 1.43158730e+01
 1.11665156e+01 1.49392911e+01
 1.16924446e+01 1.48965292e+01
 1.22183735e+01 1.47498285e+01
 1.27443025e+01 1.47489740e+01
 1.32702315e+01 1.47294453e+01
 1.37961605e+01 1.47529021e+01
 1.43220895e+01 1.47764959e+01
 1.48480184e+01 1.47780151e+01
 1.53739474e+01 1.48122343e+01
 1.58998764e+01 2.69248632e+00
 1.64258054e+01 1.97688000e-01
 1.69517344e+01 1.83248169e-01
 1.74776633e+01 1.43622032e-01
 1.80035923e+01 2.16548732e-01
 1.85295213e+01 1.98512000e-01
 1.90554503e+01 1.57507140e-01
 1.95813793e+01 9.44211062e-02
 2.01073082e+01 4.14200000e-02
 2.06332372e+01 7.62990000e-02
 2.11591662e+01 7.47746138e-02
 2.16850952e+01 7.51992565e-02
 2.22110242e+01 7.46510000e-02
 2.27369531e+01 -4.09710000e-02
 2.32628821e+01 -4.32068289e-02
 2.37888111e+01 -1.11552000e-01
 2.43147401e+01 -1.04686000e-01
 2.48406691e+01 -2.22950000e-02
 2.53665980e+01 -1.48800000e-02
 2.58925270e+01 -1.22262000e-01
 2.64184560e+01 -1.25833000e-01
 2.69443850e+01 -1.56317000e-01
 2.74703140e+01 -1.57141000e-01
 2.79962429e+01 -1.96414000e-01
 2.85221719e+01 -1.98062000e-01
 2.90481009e+01 -1.68676000e-01
 2.95740299e+01 -1.70598000e-01
 3.00999589e+01 -2.60678000e-01
 3.06258878e+01 -2.60404000e-01
 3.11518168e+01 -2.59305000e-01
 3.16777458e+01 -2.59854000e-01
 3.22036748e+01 -2.64798000e-01
 3.27296038e+01 -2.59305000e-01
 3.32555327e+01 -2.59305000e-01
 3.37814617e+01 -3.61469000e-01
 3.43073907e+01 -3.78497000e-01
 3.48333197e+01 -4.14748000e-01
 3.53592487e+01 -4.12826000e-01
 3.58851776e+01 -3.17528000e-01
 3.64111066e+01 -3.16704000e-01
 3.69370356e+01 -1.05784000e-01
 3.74629646e+01 -1.11002000e-01
 3.79888936e+01 -2.17286000e-01
 3.85148225e+01 -2.23877000e-01
 3.90407515e+01 -3.76025000e-01
 3.95666805e+01 -3.70807000e-01
 4.00926095e+01 -1.84065200e+00
 4.06185385e+01 -1.84175000e+00
 4.11444674e+01 -1.73464300e+00
 4.16703964e+01 -1.73354400e+00
 4.21963254e+01 -1.67065300e+00
 4.27222544e+01 -1.66735700e+00
 4.32481834e+01 -1.58222100e+00
 4.37741123e+01 -1.58441800e+00
 4.43000413e+01 -1.60693800e+00
 4.48259703e+01 -1.60776200e+00
 4.53518993e+01 -1.81044200e+00
 4.58778283e+01 -1.78654900e+00
 4.64037572e+01 -1.66104100e+00
 4.69296862e+01 -1.58661500e+00
 4.74556152e+01 -1.51823100e+00
 4.79815442e+01 -1.37267400e+00
 4.85074732e+01 -1.37075200e+00
 4.90334021e+01 -1.20075300e+00
 4.95593311e+01 -1.20432300e+00
 5.00852601e+01 -1.02086700e+00
 5.06111891e+01 -1.01329696e+00
 5.11371181e+01 -5.64699000e-01
 5.16630470e+01 -5.64424000e-01
 5.21889760e+01 -5.56735000e-01
 5.27149050e+01 -5.56628587e-01
 5.32408340e+01 -5.58657000e-01
 5.37667630e+01 -5.59481000e-01
 5.42926919e+01 -8.30271000e-01
 5.48186209e+01 -9.13369123e-01
 5.53445499e+01 -1.30786000e+00
 5.58704789e+01 -1.30813500e+00
 5.63964079e+01 -1.34767544e+00
 5.69223368e+01 -1.33734387e+00
 5.74482658e+01 -1.31318226e+00
 5.79741948e+01 -1.31225500e+00
 5.85001238e+01 -1.39265148e+00
 5.90260528e+01 -1.38433426e+00
 5.95519817e+01 -1.40866960e+00
 6.00779107e+01 -1.41613346e+00
 6.06038397e+01 -1.52993978e+00
 6.11297687e+01 -1.66498223e+00
 6.16556977e+01 -1.76265600e+00
 6.21816266e+01 -1.76292170e+00
 6.27075556e+01 -1.81448651e+00
 6.32334846e+01 -1.83626612e+00
 6.37594136e+01 -1.76320500e+00
 6.42853426e+01 -1.76385694e+00
 6.48112715e+01 -1.87158432e+00
 6.53372005e+01 -1.87717800e+00
 6.58631295e+01 -2.56651200e+00
 6.63890585e+01 -2.56698983e+00
 6.69149875e+01 -1.46550100e+00
 6.74409164e+01 -1.46989500e+00
 6.79668454e+01 -2.59030000e-01
 6.84927744e+01 -2.60088751e-01
 6.90187034e+01 -1.24459000e-01
 6.95446324e+01 -1.28579000e-01
 7.00705613e+01 -4.56390000e-02
 7.05964903e+01 -4.23440000e-02
 7.11224193e+01 -1.37820000e-02
 7.16483483e+01 -1.46060000e-02
 7.21742773e+01 -1.17868000e-01
 7.27002062e+01 -1.34346000e-01
 7.32261352e+01 -1.51923000e-01
 7.37520642e+01 -1.54120000e-01
 7.42779932e+01 -1.47529000e-01
 7.48039222e+01 -1.68401000e-01
 7.53298511e+01 -1.65655000e-01
 7.58557801e+01 -1.64556000e-01
 7.63817091e+01 -1.66753000e-01
 7.69076381e+01 -1.53021000e-01
 7.74335671e+01 -1.56042000e-01
 7.79594960e+01 2.60400000e-02
 7.84854250e+01 2.85120000e-02
 7.90113540e+01 -4.39910000e-02
 7.95372830e+01 -4.06960000e-02
 8.00632120e+01 6.75100000e-02
 8.05891409e+01 7.21790000e-02
 8.11150699e+01 4.71870000e-02
 8.16409989e+01 4.30680000e-02
 8.21669279e+01 7.46510000e-02
 8.26928569e+01 7.84960000e-02
 8.32187858e+01 -4.20690000e-02
 8.37447148e+01 -4.23440000e-02
 8.42706438e+01 -1.50550000e-01
 8.47965728e+01 -1.51099000e-01
 8.53225018e+01 -8.35390000e-02
 8.58484307e+01 -1.49177000e-01
 8.63743597e+01 -3.11486000e-01
 8.69002887e+01 -3.47463000e-01
 8.74262177e+01 -3.66138000e-01
 8.79521467e+01 -3.12584000e-01
 8.84780756e+01 -3.20274000e-01
 8.90040046e+01 -4.04587000e-01
 8.95299336e+01 -4.09805000e-01
 9.00558626e+01 -8.03357000e-01
 9.05817916e+01 -7.98413000e-01
 9.11077205e+01 -9.51110000e-01
 9.16336495e+01 -9.54680000e-01
 9.21595785e+01 -1.06783000e+00
 9.26855075e+01 -1.06755500e+00
 9.32114365e+01 -1.31060700e+00
 9.37373654e+01 -1.30950800e+00
 9.42632944e+01 -1.49461200e+00
 9.47892234e+01 -1.49598500e+00
 9.53151524e+01 -1.75579000e+00
 9.58410814e+01 -1.75922602e+00
 9.63670103e+01 -2.00488300e+00
 9.68929393e+01 -2.00653100e+00
 9.74188683e+01 -2.26825800e+00
 9.79447973e+01 -2.29133258e+00
 9.84707263e+01 -2.42205400e+00
 9.89966552e+01 -2.42013100e+00
 9.95225842e+01 -2.52226440e+00
 1.00048513e+02 -2.56842094e+00
 1.00574442e+02 -2.59864400e+00
 1.01100371e+02 -2.56925800e+00
 1.01626300e+02 -2.57390761e+00
 1.02152229e+02 -2.67076584e+00
 1.02678158e+02 -2.67059800e+00
 1.03204087e+02 -2.70245600e+00
 1.03730016e+02 -2.70771573e+00
 1.04255945e+02 -2.74743543e+00
 1.04781874e+02 -2.72241027e+00
 1.05307803e+02 -2.72000221e+00
 1.05833732e+02 -2.70481847e+00
 1.06359661e+02 -2.67433059e+00
 1.06885590e+02 -2.61362501e+00
 1.07411519e+02 -2.61326141e+00
 1.07937448e+02 -2.60817627e+00
 1.08463377e+02 -2.61006213e+00
 1.08989306e+02 -2.60056600e+00
 1.09515235e+02 -2.59909277e+00
 1.10041164e+02 -2.49136770e+00
 1.10567093e+02 -2.48412100e+00
 1.11093022e+02 -2.47945200e+00
 1.11618951e+02 -2.48632074e+00
 1.12144880e+02 -2.44814400e+00
 1.12670809e+02 -2.42919400e+00
 1.13196738e+02 -2.39953400e+00
 1.13722667e+02 -2.30018945e+00
 1.14248596e+02 -2.26798400e+00
 1.14774525e+02 -2.26908200e+00
 1.15300454e+02 -2.27018100e+00
 1.15826383e+02 -2.15098900e+00
 1.16352312e+02 -2.15318600e+00
 1.16878241e+02 -1.97659600e+00
 1.17404170e+02 -1.97302600e+00
 1.17930099e+02 -1.92496500e+00
 1.18456027e+02 -1.92002100e+00
 1.18981956e+02 -1.73107300e+00
 1.19507885e+02 -1.72915000e+00
 1.20033814e+02 -1.62643700e+00
 1.20559743e+02 -1.61874700e+00
 1.21085672e+02 -1.46248000e+00
 1.21611601e+02 -1.46165600e+00
 1.22137530e+02 -1.28891100e+00
 1.22663459e+02 -1.28616400e+00
 1.23189388e+02 -1.16971900e+00
 1.23715317e+02 -1.17219100e+00
 1.24241246e+02 -1.04888000e+00
 1.24767175e+02 -1.05354900e+00
 1.25293104e+02 -7.74795000e-01
 1.25819033e+02 -7.73971000e-01
 1.26344962e+02 -6.84440000e-01
 1.26870891e+02 -6.03972000e-01
 1.27396820e+02 -5.26799000e-01
 1.27922749e+02 -2.32116000e-01
 1.28448678e+02 -2.27448000e-01
 1.28974607e+02 -7.61240000e-02
 1.29500536e+02 -7.74970000e-02
 1.30026465e+02 4.05960000e-02
 1.30552394e+02 4.38920000e-02
 1.31078323e+02 2.51791000e-01
 1.31604252e+02 2.47397000e-01
 1.32130181e+02 4.65732000e-01
 1.32656110e+02 4.64908000e-01
 1.33182039e+02 5.81079000e-01
 1.33707968e+02 5.85748000e-01
 1.34233897e+02 7.32128000e-01
 1.34759826e+02 7.32952000e-01
 1.35285755e+02 8.96635000e-01
 1.35811684e+02 8.94163000e-01
 1.36337613e+02 1.04081900e+00
 1.36863542e+02 1.04219200e+00
 1.37389471e+02 1.22839500e+00
 1.37915400e+02 1.22729600e+00
 1.38441329e+02 1.35005800e+00
 1.38967258e+02 1.34319200e+00
 1.39493187e+02 1.49698800e+00
 1.40019116e+02 1.58130100e+00
 1.40545045e+02 1.67522700e+00
 1.41070974e+02 1.67221633e+00
 1.41596903e+02 1.68648700e+00
 1.42122832e+02 1.92679300e+00
 1.42648761e+02 1.92047600e+00
 1.43174690e+02 1.98057891e+00
 1.43700619e+02 1.97760000e+00
 1.44226548e+02 2.17506300e+00
 1.44752476e+02 2.17332286e+00
 1.45278405e+02 2.19529625e+00
 1.45804334e+02 2.19511200e+00
 1.46330263e+02 2.31924700e+00
 1.46856192e+02 2.34579393e+00
 1.47382121e+02 2.52527938e+00
 1.47908050e+02 2.56684833e+00
 1.48433979e+02 2.57221531e+00
 1.48959908e+02 2.58665426e+00
 1.49485837e+02 2.61704782e+00
 1.50011766e+02 2.67415792e+00
 1.50537695e+02 2.67662537e+00
 1.51063624e+02 2.68772777e+00
 1.51589553e+02 2.69626440e+00
 1.52115482e+02 2.79049336e+00
 1.52641411e+02 2.80617600e+00
 1.53167340e+02 2.88007380e+00
 1.53693269e+02 2.88430518e+00
 1.54219198e+02 2.84819500e+00
 1.54745127e+02 2.91905100e+00
 1.55271056e+02 2.91828520e+00
 1.55796985e+02 2.97535100e+00
 1.56322914e+02 2.97864700e+00
 1.56848843e+02 3.04587863e+00
 1.57374772e+02 3.05499500e+00
 1.57900701e+02 3.07147300e+00
 1.58426630e+02 3.07312100e+00
 1.58952559e+02 3.10305532e+00
 1.59478488e+02 3.10223300e+00
 1.60004417e+02 3.12200600e+00
 1.60530346e+02 3.12173200e+00
 1.61056275e+02 3.23900100e+00
 1.61582204e+02 3.24119800e+00
 1.62108133e+02 3.17610900e+00
 1.62634062e+02 3.17501100e+00
 1.63159991e+02 3.23543100e+00
 1.63685920e+02 3.23955000e+00
 1.64211849e+02 3.21483300e+00
 1.64737778e+02 3.20934100e+00
 1.65263707e+02 3.30079400e+00
 1.65789636e+02 3.30518800e+00
 1.66315565e+02 3.35682000e+00
 1.66841494e+02 3.34418600e+00
 1.67367423e+02 3.33347600e+00
 1.67893352e+02 3.42190800e+00
 1.68419281e+02 3.42355600e+00
 1.68945210e+02 3.42190800e+00
 1.69471139e+02 3.42657700e+00
 1.69997068e+02 3.42547900e+00
 1.70522997e+02 3.42877400e+00
 1.71048925e+02 3.45568800e+00
 1.71574854e+02 3.45925900e+00
 1.72100783e+02 3.45761100e+00
 1.72626712e+02 3.45074500e+00
 1.73152641e+02 3.42465500e+00
 1.73678570e+02 3.42520400e+00
 1.74204499e+02 3.51006600e+00
 1.74730428e+02 3.51638300e+00
 1.75256357e+02 3.51253800e+00
 1.75782286e+02 3.51034100e+00
 1.76308215e+02 3.54549400e+00
 1.76834144e+02 3.53862800e+00
 1.77360073e+02 3.50539800e+00
 1.77886002e+02 3.50237600e+00
 1.78411931e+02 3.45706200e+00
 1.78937860e+02 3.45486400e+00
 1.79463789e+02 3.51006600e+00
 1.79989718e+02 3.52791800e+00
 1.80515647e+02 3.54219900e+00
 1.81041576e+02 3.59849900e+00
 1.81567505e+02 3.60728700e+00
 1.82093434e+02 3.58147100e+00
 1.82619363e+02 3.57790100e+00
 1.83145292e+02 3.60893500e+00
 1.83671221e+02 3.61744900e+00
 1.84197150e+02 3.69379700e+00
 1.84723079e+02 3.69572000e+00
 1.85249008e+02 3.81271500e+00
 1.85774937e+02 3.81189100e+00
 1.86300866e+02 3.57845104e+00
 1.86826795e+02 3.58257000e+00
 1.87352724e+02 3.57597900e+00
 1.87878653e+02 3.57954900e+00
 1.88404582e+02 3.10551474e+00
 1.88930511e+02 3.10388000e+00
 1.89456440e+02 -1.27957300e+00
 1.89982369e+02 -1.42604393e+00
 1.90508298e+02 -3.35874368e+00
 1.91034227e+02 -3.35938200e+00
 1.91560156e+02 -3.47802399e+00
 1.92086085e+02 -3.47534383e+00
 1.92612014e+02 -3.45952258e+00
 1.93137943e+02 -3.45165900e+00
 1.93663872e+02 -3.42332406e+00
 1.94189801e+02 -3.42108024e+00
 1.94715730e+02 -3.52784229e+00
 1.95241659e+02 -3.56673100e+00
 1.95767588e+02 -3.56293583e+00
 1.96293517e+02 -3.51157389e+00
 1.96819446e+02 -3.53457903e+00
 1.97345374e+02 -3.53816900e+00
 1.97871303e+02 -3.51183545e+00
 1.98397232e+02 -3.42828537e+00
 1.98923161e+02 -3.35752587e+00
 1.99449090e+02 -3.35718500e+00
 1.99975019e+02 -3.31680791e+00
 2.00500948e+02 -3.27192347e+00
 2.01026877e+02 -3.21190300e+00
 2.01552806e+02 -3.21300200e+00
 2.02078735e+02 -3.20352926e+00
 2.02604664e+02 -3.20888200e+00
 2.03130593e+02 -3.17647500e+00
 2.03656522e+02 -3.17757400e+00
 2.04182451e+02 -3.12867703e+00
 2.04708380e+02 -3.11687900e+00
 2.05234309e+02 -3.17647500e+00
 2.05760238e+02 -3.18718600e+00
 2.06286167e+02 -3.35251600e+00
 2.06812096e+02 -3.42474500e+00
 2.07338025e+02 -3.50356500e+00
 2.07863954e+02 -3.49972000e+00
 2.08389883e+02 -3.49944600e+00
 2.08915812e+02 -3.35553700e+00
 2.09441741e+02 -3.35416400e+00
 2.09967670e+02 -3.17537700e+00
 2.10493599e+02 -3.17702400e+00
 2.11019528e+02 -3.05453700e+00
 2.11545457e+02 -3.05069300e+00
 2.12071386e+02 -2.81862600e+00
 2.12597315e+02 -2.82411900e+00
 2.13123244e+02 -2.76067800e+00
 2.13649173e+02 -2.75683300e+00
 2.14175102e+02 -2.60551000e+00
 2.14701031e+02 -2.61155200e+00
 2.15226960e+02 -2.52284500e+00
 2.15752889e+02 -2.52833700e+00
 2.16278818e+02 -2.45885500e+00
 2.16804747e+02 -2.45308700e+00
 2.17330676e+02 -2.41601200e+00
 2.17856605e+02 -2.41765900e+00
 2.18382534e+02 -2.30835500e+00
 2.18908463e+02 -2.30423500e+00
 2.19434392e+02 -2.18971300e+00
 2.19960321e+02 -2.08040800e+00
 2.20486250e+02 -1.97137800e+00
 2.21012179e+02 -1.82307500e+00
 2.21538108e+02 -1.79726000e+00
 2.22064037e+02 -1.57920000e+00
 2.22589966e+02 -1.58139700e+00
 2.23115895e+02 -1.37047700e+00
 2.23641823e+02 -1.36882900e+00
 2.24167752e+02 -1.10078600e+00
 2.24693681e+02 -1.10270800e+00
 2.25219610e+02 -7.09706000e-01
 2.25745539e+02 -7.07234000e-01
 2.26271468e+02 -1.69774000e-01
 2.26797397e+02 -1.70873000e-01
 2.27323326e+02 2.89416000e-01
 2.27849255e+02 2.94909000e-01
 2.28375184e+02 8.99931000e-01
 2.28901113e+02 8.98283000e-01
 2.29427042e+02 1.30391900e+00
 2.29952971e+02 1.30824984e+00
 2.30478900e+02 1.62084900e+00
 2.31004829e+02 1.62112300e+00
 2.31530758e+02 1.89905400e+00
 2.32056687e+02 1.95285672e+00
 2.32582616e+02 2.22559600e+00
 2.33108545e+02 2.22532200e+00
 2.33634474e+02 2.30156673e+00
 2.34160403e+02 2.46344597e+00
 2.34686332e+02 2.52577300e+00
 2.35212261e+02 2.64727888e+00
 2.35738190e+02 2.69362547e+00
 2.36264119e+02 2.72434447e+00
 2.36790048e+02 2.72516447e+00
 2.37315977e+02 2.72627405e+00
 2.37841906e+02 2.78510023e+00
 2.38367835e+02 2.82143072e+00
 2.38893764e+02 2.82147456e+00
 2.39419693e+02 2.82310209e+00
 2.39945622e+02 2.83987973e+00
 2.40471551e+02 2.83968194e+00
 2.40997480e+02 2.85259443e+00
 2.41523409e+02 2.91870696e+00
 2.42049338e+02 2.99657060e+00
 2.42575267e+02 3.00556100e+00
 2.43101196e+02 2.97974500e+00
 2.43627125e+02 2.97667560e+00
 2.44153054e+02 3.05537435e+00
 2.44678983e+02 3.05691800e+00
 2.45204912e+02 3.01215200e+00
 2.45730841e+02 3.00886283e+00
 2.46256770e+02 3.10607800e+00
 2.46782699e+02 2.99402600e+00
 2.47308628e+02 2.83061800e+00
 2.47834557e+02 7.47225654e-01
 2.48360486e+02 -5.58382000e-01
 2.48886415e+02 -3.79385400e+00
 2.49412344e+02 -3.79357900e+00
 2.49938272e+02 -4.01960400e+00
 2.50464201e+02 -4.02070200e+00
 2.50990130e+02 -4.05338400e+00
 2.51516059e+02 -4.04706700e+00
 2.52041988e+02 -3.95698700e+00
 2.52567917e+02 -3.96275400e+00
 2.53093846e+02 -4.05146100e+00
 2.53619775e+02 -4.04569400e+00
 2.54145704e+02 -3.95918400e+00
 2.54671633e+02 -3.96055700e+00
 2.55197562e+02 -3.94435400e+00
 2.55723491e+02 -3.94133300e+00
 2.56249420e+02 -3.84246400e+00
 2.56775349e+02 -3.84411200e+00
 2.57301278e+02 -3.84383800e+00
 2.57827207e+02 -3.84136600e+00
 2.58353136e+02 -3.75897500e+00
 2.58879065e+02 -3.75238400e+00
 2.59404994e+02 -3.66285300e+00
 2.59930923e+02 -3.65488900e+00
 2.60456852e+02 -3.62138300e+00
 2.60982781e+02 -3.56453400e+00
 2.61508710e+02 -3.51290300e+00
 2.62034639e+02 -3.47445400e+00
 2.62560568e+02 -3.47720000e+00
 2.63086497e+02 -3.42282200e+00
 2.63612426e+02 -3.42447000e+00
 2.64138355e+02 -3.47006000e+00
 2.64664284e+02 -3.47225700e+00
 2.65190213e+02 -3.42502000e+00
 2.65716142e+02 -3.42749100e+00
 2.66242071e+02 -3.38657100e+00
 2.66768000e+02 -3.39508500e+00
 2.67293929e+02 -3.32834800e+00
 2.67819858e+02 -3.32560200e+00
 2.68345787e+02 -3.30006100e+00
 2.68871716e+02 -3.29923700e+00
 2.69397645e+02 -3.08667000e+00
 2.69923574e+02 -3.08667000e+00
 2.70449503e+02 -2.81752800e+00
 2.70975432e+02 -2.81835200e+00
 2.71501361e+02 -2.57392700e+00
 2.72027290e+02 -2.57282800e+00
 2.72553219e+02 -2.15236200e+00
 2.73079148e+02 -2.07848500e+00
 2.73605077e+02 -1.51823100e+00
 2.74131006e+02 -1.09089900e+00
 2.74656935e+02 -6.81693000e-01
 2.75182864e+02 2.91613000e-01
 2.75708793e+02 2.92162000e-01
 2.76234721e+02 1.07624700e+00
 2.76760650e+02 1.07816900e+00
 2.77286579e+02 1.54131739e+00
 2.77812508e+02 1.54257800e+00
 2.78338437e+02 1.83671200e+00
 2.78864366e+02 1.83038045e+00
 2.79390295e+02 1.94958700e+00
 2.79916224e+02 1.95480500e+00
 2.80442153e+02 2.24781949e+00
 2.80968082e+02 2.28748675e+00
 2.81494011e+02 2.39999000e+00
 2.82019940e+02 2.39641900e+00
 2.82545869e+02 2.49695429e+00
 2.83071798e+02 2.52849200e+00
 2.83597727e+02 2.54774400e+00
 2.84123656e+02 2.55100000e+00
 2.84649585e+02 2.59263122e+00
 2.85175514e+02 2.63637459e+00
 2.85701443e+02 2.64853500e+00
 2.86227372e+02 2.66151075e+00
 2.86753301e+02 2.75238231e+00
 2.87279230e+02 2.81620851e+00
 2.87805159e+02 2.79409200e+00
 2.88331088e+02 2.79543560e+00
 2.88857017e+02 2.82702289e+00
 2.89382946e+02 2.84101963e+00
 2.89908875e+02 2.92289600e+00
 2.90434804e+02 2.91978662e+00
 2.90960733e+02 2.89947013e+00
 2.91486662e+02 2.89653100e+00
 2.92012591e+02 3.00638500e+00
 2.92538520e+02 3.00254000e+00
 2.93064449e+02 2.74628603e+00
 2.93590378e+02 2.73147500e+00
 2.94116307e+02 2.10310900e+00
 2.94642236e+02 2.10420700e+00
 2.95168165e+02 1.05235300e+00
 2.95694094e+02 1.04713500e+00
 2.96220023e+02 -1.65105000e-01
 2.96745952e+02 -1.62634000e-01
 2.97271881e+02 -1.42760100e+00
 2.97797810e+02 -1.43172100e+00
 2.98323739e+02 -3.05453700e+00
 2.98849668e+02 -3.05179100e+00
 2.99375597e+02 -3.89327200e+00
 2.99901526e+02 -3.91963700e+00
 3.00427455e+02 -3.94023400e+00
 3.00953384e+02 -3.91167300e+00
 3.01479313e+02 -3.90865100e+00
 3.02005242e+02 -3.84109100e+00
 3.02531170e+02 -3.84109100e+00
 3.03057099e+02 -3.81170500e+00
 3.03583028e+02 -3.80126900e+00
 3.04108957e+02 -3.89437000e+00
 3.04634886e+02 -3.89794100e+00
 3.05160815e+02 -3.76748900e+00
 3.05686744e+02 -3.76831300e+00
 3.06212673e+02 -3.68976700e+00
 3.06738602e+02 -3.68976700e+00
 3.07264531e+02 -3.50164300e+00
 3.07790460e+02 -3.50713500e+00
 3.08316389e+02 -3.54476000e+00
 3.08842318e+02 -3.54064100e+00
 3.09368247e+02 -3.45495500e+00
 3.09894176e+02 -3.45385600e+00
 3.10420105e+02 -3.35526200e+00
 3.10946034e+02 -3.35581200e+00
 3.11471963e+02 -3.06332600e+00
 3.11997892e+02 -3.05646000e+00
 3.12523821e+02 -2.84856100e+00
 3.13049750e+02 -2.80873900e+00
 3.13575679e+02 -2.44732000e+00
 3.14101608e+02 -2.05843700e+00
 3.14627537e+02 -1.66680800e+00
 3.15153466e+02 -5.43552000e-01
 3.15679395e+02 -5.26525000e-01
 3.16205324e+02 4.01742000e-01
 3.16731253e+02 3.98995000e-01
 3.17257182e+02 1.15644000e+00
 3.17783111e+02 1.16275700e+00
 3.18309040e+02 1.59475800e+00
 3.18834969e+02 1.59338500e+00
 3.19360898e+02 1.87598500e+00
 3.19886827e+02 1.87351300e+00
 3.20412756e+02 2.07592000e+00
 3.20938685e+02 2.07729300e+00
 3.21464614e+02 2.24866600e+00
 3.21990543e+02 2.24948900e+00
 3.22516472e+02 2.28641512e+00
 3.23042401e+02 2.29288200e+00
 3.23568330e+02 2.44393100e+00
 3.24094259e+02 2.43707234e+00
 3.24620188e+02 2.44621027e+00
 3.25146117e+02 2.44146000e+00
 3.25672046e+02 2.54225100e+00
 3.26197975e+02 2.55338976e+00
 3.26723904e+02 2.57882535e+00
 3.27249833e+02 2.57191200e+00
 3.27775762e+02 2.55409687e+00
 3.28301691e+02 2.58879651e+00
 3.28827619e+02 2.59113600e+00
 3.29353548e+02 2.67368101e+00
 3.29879477e+02 2.67897946e+00
 3.30405406e+02 2.67933509e+00
 3.30931335e+02 2.67903827e+00
 3.31457264e+02 2.72850877e+00
 3.31983193e+02 2.70152642e+00
 3.32509122e+02 2.67898882e+00
 3.33035051e+02 2.67907369e+00
 3.33560980e+02 2.68189392e+00
 3.34086909e+02 2.68945636e+00
 3.34612838e+02 2.69193192e+00
 3.35138767e+02 2.59690300e+00
 3.35664696e+02 2.59517526e+00
 3.36190625e+02 2.50946538e+00
 3.36716554e+02 2.49583700e+00
 3.37242483e+02 1.39482400e+00
 3.37768412e+02 1.39890006e+00
 3.38294341e+02 8.10343097e-02
 3.38820270e+02 3.07090000e-02
 3.39346199e+02 -7.07234000e-01
 3.39872128e+02 -8.42904000e-01
 3.40398057e+02 -1.07167500e+00
 3.40923986e+02 -1.40096200e+00
 3.41449915e+02 -1.61352900e+00
 3.41975844e+02 -3.08062800e+00
 3.42501773e+02 -3.08447300e+00
 3.43027702e+02 -3.53981700e+00
 3.43553631e+02 -3.54338700e+00
 3.44079560e+02 -3.50933300e+00
 3.44605489e+02 -3.51290300e+00
 3.45131418e+02 -3.51153000e+00
 3.45657347e+02 -3.51290300e+00
 3.46183276e+02 -3.22124100e+00
 3.46709205e+02 -3.22295492e+00
 3.47235134e+02 -3.18334100e+00
 3.47761063e+02 -3.18828400e+00
 3.48286992e+02 -2.91282600e+00
 3.48812921e+02 -2.91310000e+00
 3.49338850e+02 -1.95462500e+00
 3.49864779e+02 -1.95654800e+00
 3.50390708e+02 -2.61228000e-01
 3.50916637e+02 -2.59854000e-01
 3.51442566e+02 1.09409800e+00
 3.51968495e+02 1.08421100e+00
 3.52494424e+02 1.92432100e+00
 3.53020353e+02 1.95288300e+00
 3.53546282e+02 2.32089500e+00
 3.54072211e+02 2.39696900e+00
 3.54598140e+02 2.47688800e+00
 3.55124068e+02 2.61969800e+00
 3.55649997e+02 2.62271900e+00
 3.56175926e+02 2.72323600e+00
 3.56701855e+02 2.72433400e+00
 3.57227784e+02 2.79162000e+00
 3.57753713e+02 2.78832400e+00
 3.58279642e+02 2.88746800e+00
 3.58805571e+02 2.88884100e+00
 3.59331500e+02 3.00501200e+00
 3.59857429e+02 3.00226500e+00
 3.60383358e+02 2.85149000e+00
 3.60909287e+02 2.84599800e+00
 3.61435216e+02 2.91822700e+00
 3.61961145e+02 2.91712800e+00
 3.62487074e+02 2.91850100e+00
 3.63013003e+02 2.92124800e+00
 3.63538932e+02 2.89598100e+00
 3.64064861e+02 2.89708000e+00
 3.64590790e+02 2.44283300e+00
 3.65116719e+02 2.44146000e+00
 3.65642648e+02 -5.27349000e-01
 3.66168577e+02 -5.54812000e-01
 3.66694506e+02 -3.50521300e+00
 3.67220435e+02 -3.61616500e+00
 3.67746364e+02 -3.72327300e+00
 3.68272293e+02 -3.75238400e+00
 3.68798222e+02 -3.75815100e+00
 3.69324151e+02 -3.66257900e+00
 3.69850080e+02 -3.65738781e+00
 3.70376009e+02 -3.51647300e+00
 3.70901938e+02 -3.51153000e+00
 3.71427867e+02 -3.51372287e+00
 3.71953796e+02 -3.48997146e+00
 3.72479725e+02 -3.43023800e+00
 3.73005654e+02 -3.42447000e+00
 3.73531583e+02 -3.39674205e+00
 3.74057512e+02 -3.31580377e+00
 3.74583441e+02 -3.26765400e+00
 3.75109370e+02 -3.27306282e+00
 3.75635299e+02 -3.26588823e+00
 3.76161228e+02 -3.13983352e+00
 3.76687157e+02 -3.12762263e+00
 3.77213086e+02 -3.10536413e+00
 3.77739015e+02 -3.06150444e+00
 3.78264944e+02 -3.05073623e+00
 3.78790873e+02 -3.05081753e+00
 3.79316802e+02 -3.04932568e+00
 3.79842731e+02 -3.04151191e+00
 3.80368660e+02 -3.02322900e+00
 3.80894589e+02 -3.09847900e+00
 3.81420517e+02 -3.13385835e+00
 3.81946446e+02 -3.29607142e+00
 3.82472375e+02 -3.29978600e+00
 3.82998304e+02 -3.36130400e+00
 3.83524233e+02 -3.35749535e+00
 3.84050162e+02 -3.42721700e+00
 3.84576091e+02 -3.42364600e+00
 3.85102020e+02 -3.47692600e+00
 3.85627949e+02 -3.47829900e+00
 3.86153878e+02 -3.62138300e+00
 3.86679807e+02 -3.62083400e+00
 3.87205736e+02 -3.65708600e+00
 3.87731665e+02 -3.65928300e+00
 3.88257594e+02 -3.68839400e+00
 3.88783523e+02 -3.69031700e+00
 3.89309452e+02 -3.72080100e+00
 3.89835381e+02 -3.72244900e+00
 3.90361310e+02 -3.84164000e+00
 3.90887239e+02 -3.83807000e+00
 3.91413168e+02 -3.79769900e+00
 3.91939097e+02 -3.80099500e+00
 3.92465026e+02 -3.91249600e+00
 3.92990955e+02 -3.91194700e+00
 3.93516884e+02 -3.94078400e+00
 3.94042813e+02 -3.93858700e+00
 3.94568742e+02 -3.94105800e+00
 3.95094671e+02 -3.84603500e+00
 3.95620600e+02 -3.81582500e+00
 3.96146529e+02 -3.83834500e+00
 3.96672458e+02 -3.84109100e+00
 3.97198387e+02 -3.72437200e+00
 3.97724316e+02 -3.72437200e+00
 3.98250245e+02 -3.65543800e+00
 3.98776174e+02 -3.65736100e+00
 3.99302103e+02 -3.68674700e+00
 3.99828032e+02 -3.68152900e+00
 4.00353961e+02 -3.60133500e+00
 4.00879890e+02 -3.59831400e+00
 4.01405819e+02 -3.54311200e+00
 4.01931748e+02 -3.54338700e+00
 4.02457677e+02 -3.46978500e+00
 4.02983606e+02 -3.47720000e+00
 4.03509535e+02 -3.45275800e+00
 4.04035464e+02 -3.45193400e+00
 4.04561393e+02 -3.35526200e+00
 4.05087322e+02 -3.35334000e+00
 4.05613251e+02 -3.27122400e+00
 4.06139180e+02 -3.27040000e+00
 4.06665109e+02 -3.17922200e+00
 4.07191038e+02 -3.16851100e+00
 4.07716966e+02 -3.12868900e+00
 4.08242895e+02 -3.11330900e+00
 4.08768824e+02 -3.08886700e+00
 4.09294753e+02 -2.97104800e+00
 4.09820682e+02 -2.97049900e+00
 4.10346611e+02 -2.93726800e+00
 4.10872540e+02 -2.94193700e+00
 4.11398469e+02 -2.85153184e+00
 4.11924398e+02 -2.85103300e+00
 4.12450327e+02 -2.81285900e+00
 4.12976256e+02 -2.81836571e+00
 4.13502185e+02 -2.84433101e+00
 4.14028114e+02 -2.84389300e+00
 4.14554043e+02 -2.76122700e+00
 4.15079972e+02 -2.75179572e+00
 4.15605901e+02 -2.67327671e+00
 4.16131830e+02 -2.67032300e+00
 4.16657759e+02 -2.69943500e+00
 4.17183688e+02 -2.70027865e+00
 4.17709617e+02 -2.70106277e+00
 4.18235546e+02 -2.75173298e+00
 4.18761475e+02 -2.75506177e+00
 4.19287404e+02 -2.84127640e+00
 4.19813333e+02 -2.94479549e+00
 4.20339262e+02 -2.94767921e+00
 4.20865191e+02 -3.06905071e+00
 4.21391120e+02 -3.16288776e+00
 4.21917049e+02 -3.34098200e+00
 4.22442978e+02 -3.34556737e+00
 4.22968907e+02 -3.52878247e+00
 4.23494836e+02 -3.60215330e+00
 4.24020765e+02 -3.68647200e+00
 4.24546694e+02 -3.68580373e+00
 4.25072623e+02 -3.79070222e+00
 4.25598552e+02 -3.81527600e+00
 4.26124481e+02 -3.93886100e+00
 4.26650410e+02 -3.93993289e+00
 4.27176339e+02 -4.01579665e+00
 4.27702268e+02 -4.01548400e+00
 4.28228197e+02 -4.04871500e+00
 4.28754126e+02 -4.05365900e+00
 4.29280055e+02 -3.95408780e+00
 4.29805984e+02 -3.95836000e+00
 4.30331913e+02 -3.94682500e+00
 4.30857842e+02 -3.93996000e+00
 4.31383771e+02 -3.76556700e+00
 4.31909700e+02 -3.76364400e+00
 4.32435629e+02 -3.87075200e+00
 4.32961558e+02 -3.86828000e+00
 4.33487487e+02 -3.84109100e+00
 4.34013415e+02 -3.82983100e+00
 4.34539344e+02 -3.79934700e+00
 4.35065273e+02 -3.76996100e+00
 4.35591202e+02 -3.76144700e+00
 4.36117131e+02 -3.84328800e+00
 4.36643060e+02 -3.84054200e+00
 4.37168989e+02 -3.75265900e+00
 4.37694918e+02 -3.75320800e+00
 4.38220847e+02 -3.66148000e+00
 4.38746776e+02 -3.65900800e+00
 4.39272705e+02 -3.57085100e+00
 4.39798634e+02 -3.56563300e+00
 4.40324563e+02 -3.64829800e+00
 4.40850492e+02 -3.64774800e+00
 4.41376421e+02 -3.54228900e+00
 4.41902350e+02 -3.54613400e+00
 4.42428279e+02 -3.50658600e+00
 4.42954208e+02 -3.50603700e+00
 4.43480137e+02 -3.42227300e+00
 4.44006066e+02 -3.42035100e+00
 4.44531995e+02 -3.36267800e+00
 4.45057924e+02 -3.36240300e+00
 4.45583853e+02 -3.27369600e+00
 4.46109782e+02 -3.26985100e+00
 4.46635711e+02 -3.16164500e+00
 4.47161640e+02 -3.14406800e+00
 4.47687569e+02 -3.05124200e+00
 4.48213498e+02 -2.92875500e+00
 4.48739427e+02 -2.81807700e+00
 4.49265356e+02 -2.72030700e+00
 4.49791285e+02 -2.71756100e+00
 4.50317214e+02 -2.55799800e+00
 4.50843143e+02 -2.55332900e+00
 4.51369072e+02 -2.45583400e+00
 4.51895001e+02 -2.45638300e+00
 4.52420930e+02 -2.27402500e+00
 4.52946859e+02 -2.27292700e+00
 4.53472788e+02 -2.10128000e+00
 4.53998717e+02 -2.10155500e+00
 4.54524646e+02 -1.82060400e+00
 4.55050575e+02 -1.81511100e+00
 4.55576504e+02 -1.79368900e+00
 4.56102433e+02 -1.79094300e+00
 4.56628362e+02 -1.53850312e+00
 4.57154291e+02 -1.54734200e+00
 4.57680220e+02 -1.42567900e+00
 4.58206149e+02 -1.42924900e+00
 4.58732078e+02 -1.32006252e+00
 4.59258007e+02 -1.31774700e+00
 4.59783936e+02 -1.13099600e+00
 4.60309864e+02 -1.12333553e+00
 4.60835793e+02 -9.19177599e-01
 4.61361722e+02 -8.38784000e-01
 4.61887651e+02 -7.17671000e-01
 4.62413580e+02 -6.33653424e-01
 4.62939509e+02 -5.27118498e-01
 4.63465438e+02 -4.14247947e-01
 4.63991367e+02 -4.14043376e-01
 4.64517296e+02 -3.15868609e-01
 4.65043225e+02 -2.00094670e-01
 4.65569154e+02 -1.51931046e-01
 4.66095083e+02 -1.33199780e-01
 4.66621012e+02 -4.79116437e-02
 4.67146941e+02 1.39383304e-01
 4.67672870e+02 1.45507000e-01
 4.68198799e+02 2.15042649e-01
 4.68724728e+02 2.76409942e-01
 4.69250657e+02 4.25086000e-01
 4.69776586e+02 4.25935658e-01
 4.70302515e+02 4.94018670e-01
 4.70828444e+02 5.16264744e-01
 4.71354373e+02 6.68687000e-01
 4.71880302e+02 6.73082000e-01
 4.72406231e+02 7.25607783e-01
 4.72932160e+02 7.33227000e-01
 4.73458089e+02 8.55714000e-01
 4.73984018e+02 8.84002000e-01
 4.74509947e+02 9.24349186e-01
 4.75035876e+02 9.36457000e-01
 4.75561805e+02 9.38105000e-01
 4.76087734e+02 9.74631000e-01
 4.76613663e+02 9.74631000e-01
 4.77139592e+02 1.04301600e+00
 4.77665521e+02 1.04274100e+00
 4.78191450e+02 1.18582600e+00
 4.78717379e+02 1.18610100e+00
 4.79243308e+02 1.15534200e+00
 4.79769237e+02 1.16303100e+00
 4.80295166e+02 1.24240100e+00
 4.80821095e+02 1.23635900e+00
 4.81347024e+02 1.28085000e+00
 4.81872953e+02 1.27865300e+00
 4.82398882e+02 1.33660100e+00
 4.82924811e+02 1.33824900e+00
 4.83450740e+02 1.34731200e+00
 4.83976669e+02 1.35280500e+00
 4.84502598e+02 1.38960600e+00
 4.85028527e+02 1.39592200e+00
 4.85554456e+02 1.42695600e+00
 4.86080385e+02 1.42421000e+00
 4.86606313e+02 1.48737600e+00
 4.87132242e+02 1.48133400e+00
 4.87658171e+02 1.50000900e+00
 4.88184100e+02 1.50303000e+00
 4.88710029e+02 1.50110800e+00
 4.89235958e+02 1.50055800e+00
 4.89761887e+02 1.49808700e+00
 4.90287816e+02 1.50220600e+00
 4.90813745e+02 1.50412900e+00
 4.91339674e+02 1.53653600e+00
 4.91865603e+02 1.53873300e+00
 4.92391532e+02 1.53543700e+00
 4.92917461e+02 1.53736000e+00
 4.93443390e+02 1.53790900e+00
 4.93969319e+02 1.53214100e+00
 4.94495248e+02 -7.95117000e-01
 4.95021177e+02 -7.97589000e-01
 4.95547106e+02 -4.16268900e+00
 4.96073035e+02 -4.16213900e+00
 4.96598964e+02 -4.77073000e+00
 4.97124893e+02 -4.77430000e+00
 4.97650822e+02 -4.77100500e+00
 4.98176751e+02 -4.77127900e+00
 4.98702680e+02 -4.69959900e+00
 4.99228609e+02 -4.69822600e+00
 4.99754538e+02 -4.59359100e+00
 5.00280467e+02 -4.58974600e+00
 5.00806396e+02 -4.50296100e+00
 5.01332325e+02 -4.43018300e+00
 5.01858254e+02 -4.35465800e+00
 5.02384183e+02 -4.32335000e+00
 5.02910112e+02 -4.32499800e+00
 5.03436041e+02 -4.25826200e+00
 5.03961970e+02 -4.25954194e+00
 5.04487899e+02 -4.25908500e+00
 5.05013828e+02 -4.25469100e+00
 5.05539757e+02 -4.05165740e+00
 5.06065686e+02 -3.87947760e+00
 5.06591615e+02 -3.50631100e+00
 5.07117544e+02 -3.50658600e+00
 5.07643473e+02 -1.92106360e+00
 5.08169402e+02 -1.05360405e+00
 5.08695331e+02 -4.17940000e-02
 5.09221260e+02 -4.29436411e-02
 5.09747189e+02 7.90553537e-01
 5.10273118e+02 1.03838649e+00
 5.10799047e+02 1.18566300e+00
 5.11324976e+02 1.18688123e+00
 5.11850905e+02 1.19984522e+00
 5.12376834e+02 1.29920078e+00
 5.12902762e+02 1.30529300e+00
 5.13428691e+02 1.29503111e+00
 5.13954620e+02 1.07814946e-01
 5.14480549e+02 -2.41463900e+00
 5.15006478e+02 -2.79910414e+00
 5.15532407e+02 -4.27360706e+00
 5.16058336e+02 -3.65019340e+00
 5.16584265e+02 -3.65296600e+00
 5.17110194e+02 -1.94907189e+00
 5.17636123e+02 -7.43261991e-01
 5.18162052e+02 8.57362000e-01
 5.18687981e+02 8.59559000e-01
 5.19213910e+02 1.22894400e+00
 5.19739839e+02 1.23277126e+00
 5.20265768e+02 1.15644000e+00
 5.20791697e+02 1.16303100e+00
 5.21317626e+02 1.24377400e+00
 5.21843555e+02 1.24514700e+00
 5.22369484e+02 1.27892800e+00
 5.22895413e+02 1.28387100e+00
 5.23421342e+02 1.27892800e+00
 5.23947271e+02 1.28139900e+00
 5.24473200e+02 1.16440500e+00
 5.24999129e+02 1.16165800e+00
 5.25525058e+02 1.24954200e+00
