 1.22007000e-01 2.10805450e+01
 6.47935980e-01 2.10768927e+01
 1.17386496e+00 2.10480560e+01
 1.69979394e+00 2.10628780e+01
 2.22572292e+00 2.10572490e+01
 2.75165190e+00 2.10442810e+01
 3.27758088e+00 2.10276070e+01
 3.80350986e+00 2.10368750e+01
 4.32943884e+00 2.10368750e+01
 4.85536782e+00 2.10498390e+01
 5.38129680e+00 2.10591700e+01
 5.90722578e+00 2.10526870e+01
 6.43315476e+00 2.10573180e+01
 6.95908374e+00 2.10624593e+01
 7.48501272e+00 2.10632946e+01
 8.01094170e+00 2.10926610e+01
 8.53687068e+00 2.10871010e+01
 9.06279966e+00 2.10908070e+01
 9.58872864e+00 2.10861740e+01
 1.01146576e+01 2.10982840e+01
 1.06405866e+01 2.11084152e+01
 1.11665156e+01 2.10945130e+01
 1.16924446e+01 2.10908070e+01
 1.22183735e+01 2.10768430e+01
 1.27443025e+01 2.10601690e+01
 1.32702315e+01 2.10916630e+01
 1.37961605e+01 2.10800506e+01
 1.43220895e+01 2.10471310e+01
 1.48480184e+01 2.10600950e+01
 1.53739474e+01 2.10768430e+01
 1.58998764e+01 2.10768430e+01
 1.64258054e+01 2.11102620e+01
 1.69517344e+01 2.11110771e+01
 1.74776633e+01 2.11130370e+01
 1.80035923e+01 2.10982170e+01
 1.85295213e+01 2.10954400e+01
 1.90554503e+01 2.10992402e+01
 1.95813793e+01 2.10916630e+01
 2.01073082e+01 2.10526870e+01
 2.06332372e+01 2.10585807e+01
 2.11591662e+01 2.10675070e+01
 2.16850952e+01 2.10619510e+01
 2.22110242e+01 2.10721380e+01
 2.27369531e+01 2.10665780e+01
 2.32628821e+01 2.10489818e+01
 2.37888111e+01 2.10472824e+01
 2.43147401e+01 2.10703600e+01
 2.48406691e+01 2.10999980e+01
 2.53665980e+01 2.10656550e+01
 2.58925270e+01 2.10730650e+01
 2.64184560e+01 2.10638030e+01
 2.69443850e+01 2.10598276e+01
 2.74703140e+01 2.10591700e+01
 2.79962429e+01 2.10730650e+01
 2.85221719e+01 2.10758440e+01
 2.90481009e+01 2.10702900e+01
 2.95740299e+01 2.10786230e+01
 3.00999589e+01 2.10866300e+01
 3.06258878e+01 2.10925140e+01
 3.11518168e+01 2.10684340e+01
 3.16777458e+01 2.10758440e+01
 3.22036748e+01 2.10712130e+01
 3.27296038e+01 2.10749190e+01
 3.32555327e+01 2.10731890e+01
 3.37814617e+01 2.10702900e+01
 3.43073907e+01 2.10768430e+01
 3.48333197e+01 2.10796240e+01
 3.53592487e+01 2.10963650e+01
 3.58851776e+01 2.10815430e+01
 3.64111066e+01 2.10880280e+01
 3.69370356e+01 2.10899743e+01
 3.74629646e+01 2.10926610e+01
 3.79888936e+01 2.10639480e+01
 3.85148225e+01 2.10601690e+01
 3.90407515e+01 2.10610960e+01
 3.95666805e+01 2.10739521e+01
 4.00926095e+01 2.10746868e+01
 4.06185385e+01 2.10657270e+01
 4.11444674e+01 2.10694290e+01
 4.16703964e+01 2.10787660e+01
 4.21963254e+01 2.10778410e+01
 4.27222544e+01 2.10769140e+01
 4.32481834e+01 2.10689149e+01
 4.37741123e+01 2.10676576e+01
 4.43000413e+01 2.10768430e+01
 4.48259703e+01 2.10638750e+01
 4.53518993e+01 2.10369430e+01
 4.58778283e+01 2.10341640e+01
 4.64037572e+01 2.10359943e+01
 4.69296862e+01 2.10369430e+01
 4.74556152e+01 2.10443520e+01
 4.79815442e+01 2.10295310e+01
 4.85074732e+01 2.10424980e+01
 4.90334021e+01 2.10360150e+01
 4.95593311e+01 2.10522576e+01
 5.00852601e+01 2.10527610e+01
 5.06111891e+01 2.10546130e+01
 5.11371181e+01 2.10518340e+01
 5.16630470e+01 2.10592440e+01
 5.21889760e+01 2.10527610e+01
 5.27149050e+01 2.10313820e+01
 5.32408340e+01 2.10317427e+01
 5.37667630e+01 2.10322440e+01
 5.42926919e+01 2.10118640e+01
 5.48186209e+01 2.10211280e+01
 5.53445499e+01 2.09887070e+01
 5.58704789e+01 2.10218494e+01
 5.63964079e+01 2.10245754e+01
 5.69223368e+01 2.10155680e+01
 5.74482658e+01 2.10230450e+01
 5.79741948e+01 2.10147130e+01
 5.85001238e+01 2.10277500e+01
 5.90260528e+01 2.10444240e+01
 5.95519817e+01 2.10498573e+01
 6.00779107e+01 2.10484076e+01
 6.06038397e+01 2.10760560e+01
 6.11297687e+01 2.10501210e+01
 6.16556977e+01 2.10519080e+01
 6.21816266e+01 2.10519080e+01
 6.27075556e+01 2.10384493e+01
 6.32334846e+01 2.10324550e+01
 6.37594136e+01 2.10212690e+01
 6.42853426e+01 2.10212690e+01
 6.48112715e+01 2.10333100e+01
 6.53372005e+01 2.10308986e+01
 6.58631295e+01 2.10498665e+01
 6.63890585e+01 2.10546840e+01
 6.69149875e+01 2.10482010e+01
 6.74409164e+01 2.10502883e+01
 6.79668454e+01 2.10343740e+01
 6.84927744e+01 2.10491920e+01
 6.90187034e+01 2.10510480e+01
 6.95446324e+01 2.10359850e+01
 7.00705613e+01 2.10370860e+01
 7.05964903e+01 2.10417180e+01
 7.11224193e+01 2.10222680e+01
 7.16483483e+01 2.10360870e+01
 7.21742773e+01 2.10233536e+01
 7.27002062e+01 2.10063989e+01
 7.32261352e+01 2.10073010e+01
 7.37520642e+01 2.10202670e+01
 7.42779932e+01 2.10017430e+01
 7.48039222e+01 2.10211960e+01
 7.53298511e+01 2.10017430e+01
 7.58557801e+01 2.10298792e+01
 7.63817091e+01 2.10303055e+01
 7.69076381e+01 2.10277500e+01
 7.74335671e+01 2.10212690e+01
 7.79594960e+01 2.10147860e+01
 7.84854250e+01 2.10321607e+01
 7.90113540e+01 2.10206218e+01
 7.95372830e+01 2.10202619e+01
 8.00632120e+01 2.10184150e+01
 8.05891409e+01 2.10073010e+01
 8.11150699e+01 2.10295310e+01
 8.16409989e+01 2.10323830e+01
 8.21669279e+01 2.10231190e+01
 8.26928569e+01 2.10231190e+01
 8.32187858e+01 2.10397950e+01
 8.37447148e+01 2.10416430e+01
 8.42706438e+01 2.10351640e+01
 8.47965728e+01 2.10546840e+01
 8.53225018e+01 2.10695020e+01
 8.58484307e+01 2.10641187e+01
 8.63743597e+01 2.10565380e+01
 8.69002887e+01 2.10788350e+01
 8.74262177e+01 2.10788350e+01
 8.79521467e+01 2.10519080e+01
 8.84780756e+01 2.10602420e+01
 8.90040046e+01 2.10445664e+01
 8.95299336e+01 2.10439250e+01
 9.00558626e+01 2.10387940e+01
 9.05817916e+01 2.10471310e+01
 9.11077205e+01 2.10359460e+01
 9.16336495e+01 2.10239050e+01
 9.21595785e+01 2.10443555e+01
 9.26855075e+01 2.10595333e+01
 9.32114365e+01 2.10452770e+01
 9.37373654e+01 2.10332360e+01
 9.42632944e+01 2.10508350e+01
 9.47892234e+01 2.10583190e+01
 9.53151524e+01 2.10629129e+01
 9.58410814e+01 2.10796760e+01
 9.63670103e+01 2.10769140e+01
 9.68929393e+01 2.10583190e+01
 9.74188683e+01 2.10712850e+01
 9.79447973e+01 2.10658000e+01
 9.84707263e+01 2.10806200e+01
 9.89966552e+01 2.10717752e+01
 9.95225842e+01 2.10704310e+01
 1.00048513e+02 2.10759910e+01
 1.00574442e+02 2.10898840e+01
 1.01100371e+02 2.10685810e+01
 1.01626300e+02 2.10732120e+01
 1.02152229e+02 2.10706850e+01
 1.02678158e+02 2.10667270e+01
 1.03204087e+02 2.10546840e+01
 1.03730016e+02 2.10537620e+01
 1.04255945e+02 2.10528340e+01
 1.04781874e+02 2.10569679e+01
 1.05307803e+02 2.10695720e+01
 1.05833732e+02 2.10437253e+01
 1.06359661e+02 2.10296760e+01
 1.06885590e+02 2.10157110e+01
 1.07411519e+02 2.10259000e+01
 1.07937448e+02 2.10231190e+01
 1.08463377e+02 2.10104930e+01
 1.08989306e+02 2.09931359e+01
 1.09515235e+02 2.09841440e+01
 1.10041164e+02 2.10166380e+01
 1.10567093e+02 2.10073720e+01
 1.11093022e+02 2.09971850e+01
 1.11618951e+02 2.09963873e+01
 1.12144880e+02 2.09963552e+01
 1.12670809e+02 2.10018180e+01
 1.13196738e+02 2.09907000e+01
 1.13722667e+02 2.09981140e+01
 1.14248596e+02 2.09813650e+01
 1.14774525e+02 2.09795110e+01
 1.15300454e+02 2.09915602e+01
 1.15826383e+02 2.09767972e+01
 1.16352312e+02 2.09609170e+01
 1.16878241e+02 2.09775940e+01
 1.17404170e+02 2.09803700e+01
 1.17930099e+02 2.09896340e+01
 1.18456027e+02 2.09921499e+01
 1.18981956e+02 2.09961170e+01
 1.19507885e+02 2.09646220e+01
 1.20033814e+02 2.09859260e+01
 1.20559743e+02 2.09951900e+01
 1.21085672e+02 2.09535060e+01
 1.21611601e+02 2.09674020e+01
 1.22137530e+02 2.09832190e+01
 1.22663459e+02 2.09832190e+01
 1.23189388e+02 2.09961870e+01
 1.23715317e+02 2.10091530e+01
 1.24241246e+02 2.10184880e+01
 1.24767175e+02 2.10138713e+01
 1.25293104e+02 2.10298513e+01
 1.25819033e+02 2.10306030e+01
 1.26344962e+02 2.10482010e+01
 1.26870891e+02 2.10352360e+01
 1.27396820e+02 2.10417180e+01
 1.27922749e+02 2.10332095e+01
 1.28448678e+02 2.10326317e+01
 1.28974607e+02 2.10370860e+01
 1.29500536e+02 2.10556110e+01
 1.30026465e+02 2.10223022e+01
 1.30552394e+02 2.10240480e+01
 1.31078323e+02 2.10306030e+01
 1.31604252e+02 2.10404130e+01
 1.32130181e+02 2.10416361e+01
 1.32656110e+02 2.10343070e+01
 1.33182039e+02 2.10166380e+01
 1.33707968e+02 2.10138570e+01
 1.34233897e+02 2.10120770e+01
 1.34759826e+02 2.10128371e+01
 1.35285755e+02 2.10139290e+01
 1.35811684e+02 2.10074480e+01
 1.36337613e+02 2.10111480e+01
 1.36863542e+02 2.10157830e+01
 1.37389471e+02 2.10186290e+01
 1.37915400e+02 2.10250572e+01
 1.38441329e+02 2.10052931e+01
 1.38967258e+02 2.09853632e+01
 1.39493187e+02 2.09879210e+01
 1.40019116e+02 2.09851460e+01
 1.40545045e+02 2.09897730e+01
 1.41070974e+02 2.09822920e+01
 1.41596903e+02 2.09795143e+01
 1.42122832e+02 2.09711760e+01
 1.42648761e+02 2.09637680e+01
 1.43174690e+02 2.09990410e+01
 1.43700619e+02 2.09999640e+01
 1.44226548e+02 2.09916290e+01
 1.44752476e+02 2.09897730e+01
 1.45278405e+02 2.10055920e+01
 1.45804334e+02 2.10111480e+01
 1.46330263e+02 2.10157830e+01
 1.46856192e+02 2.09954050e+01
 1.47382121e+02 2.09916970e+01
 1.47908050e+02 2.10006803e+01
 1.48433979e+02 2.10019078e+01
 1.48959908e+02 2.10037400e+01
 1.49485837e+02 2.10028130e+01
 1.50011766e+02 2.10111480e+01
 1.50537695e+02 2.09991090e+01
 1.51063624e+02 2.10139290e+01
 1.51589553e+02 2.10139290e+01
 1.52115482e+02 2.10055920e+01
 1.52641411e+02 2.10055920e+01
 1.53167340e+02 2.09963844e+01
 1.53693269e+02 2.09981140e+01
 1.54219198e+02 2.10259720e+01
 1.54745127e+02 2.10204674e+01
 1.55271056e+02 2.10157830e+01
 1.55796985e+02 2.10204140e+01
 1.56322914e+02 2.09971850e+01
 1.56848843e+02 2.09962600e+01
 1.57374772e+02 2.09953310e+01
 1.57900701e+02 2.09934485e+01
 1.58426630e+02 2.09739550e+01
 1.58952559e+02 2.09693260e+01
 1.59478488e+02 2.09479480e+01
 1.60004417e+02 2.09711060e+01
 1.60530346e+02 2.09535060e+01
 1.61056275e+02 2.09618450e+01
 1.61582204e+02 2.09618450e+01
 1.62108133e+02 2.09646220e+01
 1.62634062e+02 2.09544320e+01
 1.63159991e+02 2.09572140e+01
 1.63685920e+02 2.09488740e+01
 1.64211849e+02 2.09578469e+01
 1.64737778e+02 2.09591328e+01
 1.65263707e+02 2.09655480e+01
 1.65789636e+02 2.09498000e+01
 1.66315565e+02 2.09516530e+01
 1.66841494e+02 2.09405400e+01
 1.67367423e+02 2.09581380e+01
 1.67893352e+02 2.09468745e+01
 1.68419281e+02 2.09442420e+01
 1.68945210e+02 2.09451680e+01
 1.69471139e+02 2.09460960e+01
 1.69997068e+02 2.09442420e+01
 1.70522997e+02 2.09498000e+01
 1.71048925e+02 2.09464009e+01
 1.71574854e+02 2.09442420e+01
 1.72100783e+02 2.09488740e+01
 1.72626712e+02 2.09507270e+01
 1.73152641e+02 2.09544320e+01
 1.73678570e+02 2.09442420e+01
 1.74204499e+02 2.09510567e+01
 1.74730428e+02 2.09609170e+01
 1.75256357e+02 2.09581380e+01
 1.75782286e+02 2.09516530e+01
 1.76308215e+02 2.09674020e+01
 1.76834144e+02 2.09599930e+01
 1.77360073e+02 2.09507270e+01
 1.77886002e+02 2.09553396e+01
 1.78411931e+02 2.09627700e+01
 1.78937860e+02 2.09572140e+01
 1.79463789e+02 2.09683280e+01
 1.79989718e+02 2.09711060e+01
 1.80515647e+02 2.09603255e+01
 1.81041576e+02 2.09592886e+01
 1.81567505e+02 2.09729600e+01
 1.82093434e+02 2.09692520e+01
 1.82619363e+02 2.09832190e+01
 1.83145292e+02 2.09980390e+01
 1.83671221e+02 2.09758090e+01
 1.84197150e+02 2.09908385e+01
 1.84723079e+02 2.09937454e+01
 1.85249008e+02 2.10174900e+01
 1.85774937e+02 2.10110030e+01
 1.86300866e+02 2.09943330e+01
 1.86826795e+02 2.09887770e+01
 1.87352724e+02 2.09907187e+01
 1.87878653e+02 2.09916290e+01
 1.88404582e+02 2.09981140e+01
 1.88930511e+02 2.10064490e+01
 1.89456440e+02 2.10008890e+01
 1.89982369e+02 2.10120050e+01
 1.90508298e+02 2.09949563e+01
 1.91034227e+02 2.09943330e+01
 1.91560156e+02 2.09924790e+01
 1.92086085e+02 2.09832190e+01
 1.92612014e+02 2.10082280e+01
 1.93137943e+02 2.09822920e+01
 1.93663872e+02 2.10017430e+01
 1.94189801e+02 2.10008129e+01
 1.94715730e+02 2.09989620e+01
 1.95241659e+02 2.10026720e+01
 1.95767588e+02 2.09980390e+01
 1.96293517e+02 2.09869210e+01
 1.96819446e+02 2.09981140e+01
 1.97345374e+02 2.09981361e+01
 1.97871303e+02 2.10250470e+01
 1.98397232e+02 2.10157830e+01
 1.98923161e+02 2.10083710e+01
 1.99449090e+02 2.10037400e+01
 1.99975019e+02 2.10009650e+01
 2.00500948e+02 2.09772950e+01
 2.01026877e+02 2.09738713e+01
 2.01552806e+02 2.09675450e+01
 2.02078735e+02 2.09860690e+01
 2.02604664e+02 2.10009650e+01
 2.03130593e+02 2.10055920e+01
 2.03656522e+02 2.09836709e+01
 2.04182451e+02 2.09823630e+01
 2.04708380e+02 2.09888460e+01
 2.05234309e+02 2.09869980e+01
 2.05760238e+02 2.09888460e+01
 2.06286167e+02 2.09758820e+01
 2.06812096e+02 2.09776630e+01
 2.07338025e+02 2.09798964e+01
 2.07863954e+02 2.09804380e+01
 2.08389883e+02 2.09739550e+01
 2.08915812e+02 2.09730280e+01
 2.09441741e+02 2.09646910e+01
 2.09967670e+02 2.09590660e+01
 2.10493599e+02 2.09584708e+01
 2.11019528e+02 2.09730280e+01
 2.11545457e+02 2.09498670e+01
 2.12071386e+02 2.09638370e+01
 2.12597315e+02 2.09582820e+01
 2.13123244e+02 2.09832880e+01
 2.13649173e+02 2.09795860e+01
 2.14175102e+02 2.09787496e+01
 2.14701031e+02 2.09600600e+01
 2.15226960e+02 2.09600600e+01
 2.15752889e+02 2.09368340e+01
 2.16278818e+02 2.09238620e+01
 2.16804747e+02 2.09179210e+01
 2.17330676e+02 2.09173363e+01
 2.17856605e+02 2.09164580e+01
 2.18382534e+02 2.09118230e+01
 2.18908463e+02 2.09128190e+01
 2.19434392e+02 2.09331970e+01
 2.19960321e+02 2.09310665e+01
 2.20486250e+02 2.09304180e+01
 2.21012179e+02 2.09508690e+01
 2.21538108e+02 2.09360490e+01
 2.22064037e+02 2.09314160e+01
 2.22589966e+02 2.09360490e+01
 2.23115895e+02 2.09360490e+01
 2.23641823e+02 2.09360490e+01
 2.24167752e+02 2.09360490e+01
 2.24693681e+02 2.09193760e+01
 2.25219610e+02 2.09193760e+01
 2.25745539e+02 2.09110390e+01
 2.26271468e+02 2.09240070e+01
 2.26797397e+02 2.08988557e+01
 2.27323326e+02 2.08859540e+01
 2.27849255e+02 2.08942890e+01
 2.28375184e+02 2.08942890e+01
 2.28901113e+02 2.08831770e+01
 2.29427042e+02 2.08831770e+01
 2.29952971e+02 2.08915840e+01
 2.30478900e+02 2.08945816e+01
 2.31004829e+02 2.09194470e+01
 2.31530758e+02 2.09064770e+01
 2.32056687e+02 2.09120350e+01
 2.32582616e+02 2.09296360e+01
 2.33108545e+02 2.08951511e+01
 2.33634474e+02 2.08965413e+01
 2.34160403e+02 2.09175220e+01
 2.34686332e+02 2.09156700e+01
 2.35212261e+02 2.08970720e+01
 2.35738190e+02 2.09035550e+01
 2.36264119e+02 2.08794670e+01
 2.36790048e+02 2.08794779e+01
 2.37315977e+02 2.08822480e+01
 2.37841906e+02 2.08785734e+01
 2.38367835e+02 2.08756940e+01
 2.38893764e+02 2.09081860e+01
 2.39419693e+02 2.08878060e+01
 2.39945622e+02 2.08996955e+01
 2.40471551e+02 2.09026280e+01
 2.40997480e+02 2.08942890e+01
 2.41523409e+02 2.08961430e+01
 2.42049338e+02 2.09110390e+01
 2.42575267e+02 2.09073310e+01
 2.43101196e+02 2.09007760e+01
 2.43627125e+02 2.09007760e+01
 2.44153054e+02 2.09267850e+01
 2.44678983e+02 2.09193760e+01
 2.45204912e+02 2.09221520e+01
 2.45730841e+02 2.09388290e+01
 2.46256770e+02 2.09146710e+01
 2.46782699e+02 2.09180396e+01
 2.47308628e+02 2.09257870e+01
 2.47834557e+02 2.09155960e+01
 2.48360486e+02 2.09183040e+01
 2.48886415e+02 2.09108940e+01
 2.49412344e+02 2.09090787e+01
 2.49938272e+02 2.09085487e+01
 2.50464201e+02 2.09053380e+01
 2.50990130e+02 2.09108940e+01
 2.51516059e+02 2.09108940e+01
 2.52041988e+02 2.09210870e+01
 2.52567917e+02 2.09192310e+01
 2.53093846e+02 2.09192022e+01
 2.53619775e+02 2.09155270e+01
 2.54145704e+02 2.09099690e+01
 2.54671633e+02 2.09229370e+01
 2.55197562e+02 2.09331260e+01
 2.55723491e+02 2.09396110e+01
 2.56249420e+02 2.09251522e+01
 2.56775349e+02 2.09210870e+01
 2.57301278e+02 2.09155270e+01
 2.57827207e+02 2.09090440e+01
 2.58353136e+02 2.09127460e+01
 2.58879065e+02 2.09183040e+01
 2.59404994e+02 2.09238620e+01
 2.59930923e+02 2.09238620e+01
 2.60456852e+02 2.09257160e+01
 2.60982781e+02 2.09081170e+01
 2.61508710e+02 2.09173810e+01
 2.62034639e+02 2.09071880e+01
 2.62560568e+02 2.09118230e+01
 2.63086497e+02 2.09068415e+01
 2.63612426e+02 2.08970030e+01
 2.64138355e+02 2.09034860e+01
 2.64664284e+02 2.09053380e+01
 2.65190213e+02 2.09090440e+01
 2.65716142e+02 2.09181882e+01
 2.66242071e+02 2.09174690e+01
 2.66768000e+02 2.09127460e+01
 2.67293929e+02 2.09118230e+01
 2.67819858e+02 2.09118230e+01
 2.68345787e+02 2.08988530e+01
 2.68871716e+02 2.08942200e+01
 2.69397645e+02 2.09016331e+01
 2.69923574e+02 2.09013029e+01
 2.70449503e+02 2.08997800e+01
 2.70975432e+02 2.08988530e+01
 2.71501361e+02 2.08988530e+01
 2.72027290e+02 2.09053380e+01
 2.72553219e+02 2.08858420e+01
 2.73079148e+02 2.08784750e+01
 2.73605077e+02 2.08840310e+01
 2.74131006e+02 2.08868100e+01
 2.74656935e+02 2.08729130e+01
 2.75182864e+02 2.08682820e+01
 2.75708793e+02 2.08840310e+01
 2.76234721e+02 2.08851901e+01
 2.76760650e+02 2.08858830e+01
 2.77286579e+02 2.08970030e+01
 2.77812508e+02 2.08942200e+01
 2.78338437e+02 2.08747650e+01
 2.78864366e+02 2.08886620e+01
 2.79390295e+02 2.09072220e+01
 2.79916224e+02 2.09118880e+01
 2.80442153e+02 2.09081860e+01
 2.80968082e+02 2.09239370e+01
 2.81494011e+02 2.09304180e+01
 2.82019940e+02 2.09211880e+01
 2.82545869e+02 2.09194244e+01
 2.83071798e+02 2.09118880e+01
 2.83597727e+02 2.09294910e+01
 2.84123656e+02 2.09396800e+01
 2.84649585e+02 2.09294910e+01
 2.85175514e+02 2.09369050e+01
 2.85701443e+02 2.09304286e+01
 2.86227372e+02 2.09332086e+01
 2.86753301e+02 2.09480190e+01
 2.87279230e+02 2.09439862e+01
 2.87805159e+02 2.09173810e+01
 2.88331088e+02 2.09340520e+01
 2.88857017e+02 2.09282946e+01
 2.89382946e+02 2.09257160e+01
 2.89908875e+02 2.09525790e+01
 2.90434804e+02 2.09238620e+01
 2.90960733e+02 2.09312740e+01
 2.91486662e+02 2.09090440e+01
 2.92012591e+02 2.09386840e+01
 2.92538520e+02 2.09352803e+01
 2.93064449e+02 2.09331260e+01
 2.93590378e+02 2.09322010e+01
 2.94116307e+02 2.09284930e+01
 2.94642236e+02 2.09396110e+01
 2.95168165e+02 2.09544320e+01
 2.95694094e+02 2.09463290e+01
 2.96220023e+02 2.09331260e+01
 2.96745952e+02 2.09711760e+01
 2.97271881e+02 2.09758090e+01
 2.97797810e+02 2.09869210e+01
 2.98323739e+02 2.09906230e+01
 2.98849668e+02 2.09849171e+01
 2.99375597e+02 2.09628410e+01
 2.99901526e+02 2.09887770e+01
 3.00427455e+02 2.09655480e+01
 3.00953384e+02 2.09692520e+01
 3.01479313e+02 2.09646220e+01
 3.02005242e+02 2.09701635e+01
 3.02531170e+02 2.09690823e+01
 3.03057099e+02 2.09627700e+01
 3.03583028e+02 2.09674020e+01
 3.04108957e+02 2.09581380e+01
 3.04634886e+02 2.09599930e+01
 3.05160815e+02 2.09675243e+01
 3.05686744e+02 2.09711060e+01
 3.06212673e+02 2.09831490e+01
 3.06738602e+02 2.09701810e+01
 3.07264531e+02 2.09785180e+01
 3.07790460e+02 2.09812950e+01
 3.08316389e+02 2.09914860e+01
 3.08842318e+02 2.09954905e+01
 3.09368247e+02 2.09979690e+01
 3.09894176e+02 2.10016730e+01
 3.10420105e+02 2.09887070e+01
 3.10946034e+02 2.09933380e+01
 3.11471963e+02 2.10081580e+01
 3.11997892e+02 2.10089264e+01
 3.12523821e+02 2.10100100e+01
 3.13049750e+02 2.09877800e+01
 3.13575679e+02 2.09887070e+01
 3.14101608e+02 2.09859260e+01
 3.14627537e+02 2.09905570e+01
 3.15153466e+02 2.09951900e+01
 3.15679395e+02 2.09892492e+01
 3.16205324e+02 2.09850010e+01
 3.16731253e+02 2.09887070e+01
 3.17257182e+02 2.09905570e+01
 3.17783111e+02 2.09914860e+01
 3.18309040e+02 2.09887342e+01
 3.18834969e+02 2.09881460e+01
 3.19360898e+02 2.09840770e+01
 3.19886827e+02 2.09692520e+01
 3.20412756e+02 2.09729600e+01
 3.20938685e+02 2.09775940e+01
 3.21464614e+02 2.09711060e+01
 3.21990543e+02 2.09631507e+01
 3.22516472e+02 2.09627700e+01
 3.23042401e+02 2.09757390e+01
 3.23568330e+02 2.09812950e+01
 3.24094259e+02 2.09868530e+01
 3.24620188e+02 2.09626960e+01
 3.25146117e+02 2.09607573e+01
 3.25672046e+02 2.09440980e+01
 3.26197975e+02 2.09357620e+01
 3.26723904e+02 2.09663300e+01
 3.27249833e+02 2.09589210e+01
 3.27775762e+02 2.09607720e+01
 3.28301691e+02 2.09649316e+01
 3.28827619e+02 2.09849280e+01
 3.29353548e+02 2.09960440e+01
 3.29879477e+02 2.10044520e+01
 3.30405406e+02 2.10266820e+01
 3.30931335e+02 2.10071600e+01
 3.31457264e+02 2.10210530e+01
 3.31983193e+02 2.10199401e+01
 3.32509122e+02 2.10191990e+01
 3.33035051e+02 2.09987510e+01
 3.33560980e+02 2.09965717e+01
 3.34086909e+02 2.09783060e+01
 3.34612838e+02 2.10005231e+01
 3.35138767e+02 2.10012781e+01
 3.35664696e+02 2.09894200e+01
 3.36190625e+02 2.10033150e+01
 3.36716554e+02 2.09801580e+01
 3.37242483e+02 2.10060940e+01
 3.37768412e+02 2.10144310e+01
 3.38294341e+02 2.10206809e+01
 3.38820270e+02 2.10047042e+01
 3.39346199e+02 2.09995380e+01
 3.39872128e+02 2.09884200e+01
 3.40398057e+02 2.10013870e+01
 3.40923986e+02 2.10087990e+01
 3.41449915e+02 2.10094947e+01
 3.41975844e+02 2.10097240e+01
 3.42501773e+02 2.10106510e+01
 3.43027702e+02 2.10329550e+01
 3.43553631e+02 2.10394400e+01
 3.44079560e+02 2.10218410e+01
 3.44605489e+02 2.10246180e+01
 3.45131418e+02 2.10246180e+01
 3.45657347e+02 2.10209140e+01
 3.46183276e+02 2.10172100e+01
 3.46709205e+02 2.10110120e+01
 3.47235134e+02 2.09995380e+01
 3.47761063e+02 2.10209140e+01
 3.48286992e+02 2.10144215e+01
 3.48812921e+02 2.10023900e+01
 3.49338850e+02 2.10014610e+01
 3.49864779e+02 2.10088730e+01
 3.50390708e+02 2.10023900e+01
 3.50916637e+02 2.10117170e+01
 3.51442566e+02 2.10107900e+01
 3.51968495e+02 2.09949820e+01
 3.52494424e+02 2.09866410e+01
 3.53020353e+02 2.09950450e+01
 3.53546282e+02 2.10006030e+01
 3.54072211e+02 2.10284630e+01
 3.54598140e+02 2.10158394e+01
 3.55124068e+02 2.10127190e+01
 3.55649997e+02 2.10210530e+01
 3.56175926e+02 2.10276070e+01
 3.56701855e+02 2.10294590e+01
 3.57227784e+02 2.10164220e+01
 3.57753713e+02 2.10080850e+01
 3.58279642e+02 2.10080850e+01
 3.58805571e+02 2.09931930e+01
 3.59331500e+02 2.09848580e+01
 3.59857429e+02 2.09560904e+01
 3.60383358e+02 2.09579240e+01
 3.60909287e+02 2.09987510e+01
 3.61435216e+02 2.09842286e+01
 3.61961145e+02 2.09634860e+01
 3.62487074e+02 2.09727480e+01
 3.63013003e+02 2.09867080e+01
 3.63538932e+02 2.09765210e+01
 3.64064861e+02 2.09728150e+01
 3.64590790e+02 2.09718567e+01
 3.65116719e+02 2.09532930e+01
 3.65642648e+02 2.09764520e+01
 3.66168577e+02 2.09477390e+01
 3.66694506e+02 2.09560760e+01
 3.67220435e+02 2.09485870e+01
 3.67746364e+02 2.09495139e+01
 3.68272293e+02 2.09471857e+01
 3.68798222e+02 2.09455379e+01
 3.69324151e+02 2.09449600e+01
 3.69850080e+02 2.09560760e+01
 3.70376009e+02 2.09551470e+01
 3.70901938e+02 2.09470226e+01
 3.71427867e+02 2.09449777e+01
 3.71953796e+02 2.09737400e+01
 3.72479725e+02 2.09737400e+01
 3.73005654e+02 2.09607070e+01
 3.73531583e+02 2.09560760e+01
 3.74057512e+02 2.09904120e+01
 3.74583441e+02 2.09823824e+01
 3.75109370e+02 2.09981763e+01
 3.75635299e+02 2.10006750e+01
 3.76161228e+02 2.09978980e+01
 3.76687157e+02 2.10062290e+01
 3.77213086e+02 2.09914110e+01
 3.77739015e+02 2.10034296e+01
 3.78264944e+02 2.10071600e+01
 3.78790873e+02 2.09997480e+01
 3.79316802e+02 2.09728150e+01
 3.79842731e+02 2.09737400e+01
 3.80368660e+02 2.09579240e+01
 3.80894589e+02 2.09558553e+01
 3.81420517e+02 2.09672570e+01
 3.81946446e+02 2.09672570e+01
 3.82472375e+02 2.09765210e+01
 3.82998304e+02 2.09626260e+01
 3.83524233e+02 2.09626260e+01
 3.84050162e+02 2.09960440e+01
 3.84576091e+02 2.09929301e+01
 3.85102020e+02 2.09802990e+01
 3.85627949e+02 2.09636250e+01
 3.86153878e+02 2.09701060e+01
 3.86679807e+02 2.09812260e+01
 3.87205736e+02 2.09887070e+01
 3.87731665e+02 2.09646220e+01
 3.88257594e+02 2.09646220e+01
 3.88783523e+02 2.09859260e+01
 3.89309452e+02 2.09757390e+01
 3.89835381e+02 2.09572140e+01
 3.90361310e+02 2.09683280e+01
 3.90887239e+02 2.09646584e+01
 3.91413168e+02 2.09674180e+01
 3.91939097e+02 2.09822240e+01
 3.92465026e+02 2.09571400e+01
 3.92990955e+02 2.09580650e+01
 3.93516884e+02 2.09802990e+01
 3.94042813e+02 2.09732116e+01
 3.94568742e+02 2.09710350e+01
 3.95094671e+02 2.09830760e+01
 3.95620600e+02 2.09728850e+01
 3.96146529e+02 2.09887190e+01
 3.96672458e+02 2.09961170e+01
 3.97198387e+02 2.09942670e+01
 3.97724316e+02 2.09917866e+01
 3.98250245e+02 2.09905570e+01
 3.98776174e+02 2.09905570e+01
 3.99302103e+02 2.09979690e+01
 3.99828032e+02 2.09766650e+01
 4.00353961e+02 2.09868512e+01
 4.00879890e+02 2.09898034e+01
 4.01405819e+02 2.10035270e+01
 4.01931748e+02 2.09970460e+01
 4.02457677e+02 2.10016730e+01
 4.02983606e+02 2.09738850e+01
 4.03509535e+02 2.09877800e+01
 4.04035464e+02 2.09711060e+01
 4.04561393e+02 2.09755832e+01
 4.05087322e+02 2.09850010e+01
 4.05613251e+02 2.09951900e+01
 4.06139180e+02 2.09877800e+01
 4.06665109e+02 2.09738850e+01
 4.07191038e+02 2.09720633e+01
 4.07716966e+02 2.09711283e+01
 4.08242895e+02 2.09655480e+01
 4.08768824e+02 2.09850010e+01
 4.09294753e+02 2.09877800e+01
 4.09820682e+02 2.09738850e+01
 4.10346611e+02 2.09859260e+01
 4.10872540e+02 2.09859260e+01
 4.11398469e+02 2.09655480e+01
 4.11924398e+02 2.09877800e+01
 4.12450327e+02 2.09738850e+01
 4.12976256e+02 2.09905570e+01
 4.13502185e+02 2.09552900e+01
 4.14028114e+02 2.09591552e+01
 4.14554043e+02 2.09617730e+01
 4.15079972e+02 2.09506530e+01
 4.15605901e+02 2.09488030e+01
 4.16131830e+02 2.09589960e+01
 4.16657759e+02 2.09645500e+01
 4.17183688e+02 2.09643046e+01
 4.17709617e+02 2.09626960e+01
 4.18235546e+02 2.09552900e+01
 4.18761475e+02 2.09654770e+01
 4.19287404e+02 2.09534320e+01
 4.19813333e+02 2.09460240e+01
 4.20339262e+02 2.09534320e+01
 4.20865191e+02 2.09498078e+01
 4.21391120e+02 2.09590660e+01
 4.21917049e+02 2.09711060e+01
 4.22442978e+02 2.09516530e+01
 4.22968907e+02 2.09683280e+01
 4.23494836e+02 2.09518262e+01
 4.24020765e+02 2.09529799e+01
 4.24546694e+02 2.09627700e+01
 4.25072623e+02 2.09562850e+01
 4.25598552e+02 2.09284930e+01
 4.26124481e+02 2.09525790e+01
 4.26650410e+02 2.09599930e+01
 4.27176339e+02 2.09582150e+01
 4.27702268e+02 2.09581380e+01
 4.28228197e+02 2.09553620e+01
 4.28754126e+02 2.09636960e+01
 4.29280055e+02 2.09692520e+01
 4.29805984e+02 2.09599930e+01
 4.30331913e+02 2.09665701e+01
 4.30857842e+02 2.09720330e+01
 4.31383771e+02 2.09785180e+01
 4.31909700e+02 2.09701810e+01
 4.32435629e+02 2.09738850e+01
 4.32961558e+02 2.09738850e+01
 4.33487487e+02 2.09692520e+01
 4.34013415e+02 2.09692520e+01
 4.34539344e+02 2.09646220e+01
 4.35065273e+02 2.09775940e+01
 4.35591202e+02 2.09785180e+01
 4.36117131e+02 2.09720330e+01
 4.36643060e+02 2.09738850e+01
 4.37168989e+02 2.09795737e+01
 4.37694918e+02 2.09896340e+01
 4.38220847e+02 2.09655480e+01
 4.38746776e+02 2.09850010e+01
 4.39272705e+02 2.09729600e+01
 4.39798634e+02 2.09640121e+01
 4.40324563e+02 2.09643067e+01
 4.40850492e+02 2.09720330e+01
 4.41376421e+02 2.09951900e+01
 4.41902350e+02 2.09840770e+01
 4.42428279e+02 2.09803700e+01
 4.42954208e+02 2.09859260e+01
 4.43480137e+02 2.09664579e+01
 4.44006066e+02 2.09646220e+01
 4.44531995e+02 2.09850010e+01
 4.45057924e+02 2.09701810e+01
 4.45583853e+02 2.09887070e+01
 4.46109782e+02 2.09757390e+01
 4.46635711e+02 2.09693566e+01
 4.47161640e+02 2.09618450e+01
 4.47687569e+02 2.09720330e+01
 4.48213498e+02 2.09609170e+01
 4.48739427e+02 2.09664750e+01
 4.49265356e+02 2.09609170e+01
 4.49791285e+02 2.09772156e+01
 4.50317214e+02 2.09804380e+01
 4.50843143e+02 2.09971850e+01
 4.51369072e+02 2.10129320e+01
 4.51895001e+02 2.10083710e+01
 4.52420930e+02 2.10055920e+01
 4.52946859e+02 2.10306700e+01
 4.53472788e+02 2.10283598e+01
 4.53998717e+02 2.10241180e+01
 4.54524646e+02 2.10120550e+01
 4.55050575e+02 2.09805130e+01
 4.55576504e+02 2.09916290e+01
 4.56102433e+02 2.10065842e+01
 4.56628362e+02 2.09901120e+01
 4.57154291e+02 2.09841440e+01
 4.57680220e+02 2.09879210e+01
 4.58206149e+02 2.09897730e+01
 4.58732078e+02 2.09999640e+01
 4.59258007e+02 2.10027410e+01
 4.59783936e+02 2.09869210e+01
 4.60309864e+02 2.09868735e+01
 4.60835793e+02 2.09999640e+01
 4.61361722e+02 2.09953310e+01
 4.61887651e+02 2.09795110e+01
 4.62413580e+02 2.09609850e+01
 4.62939509e+02 2.09658027e+01
 4.63465438e+02 2.09720990e+01
 4.63991367e+02 2.09730280e+01
 4.64517296e+02 2.09813650e+01
 4.65043225e+02 2.09748130e+01
 4.65569154e+02 2.09748130e+01
 4.66095083e+02 2.09738850e+01
 4.66621012e+02 2.09738850e+01
 4.67146941e+02 2.09711060e+01
 4.67672870e+02 2.09952620e+01
 4.68198799e+02 2.09906270e+01
 4.68724728e+02 2.09897020e+01
 4.69250657e+02 2.09980390e+01
 4.69776586e+02 2.09991137e+01
 4.70302515e+02 2.10008180e+01
 4.70828444e+02 2.09758090e+01
 4.71354373e+02 2.09841440e+01
 4.71880302e+02 2.09609170e+01
 4.72406231e+02 2.09857371e+01
 4.72932160e+02 2.09871721e+01
 4.73458089e+02 2.09711060e+01
 4.73984018e+02 2.09887070e+01
 4.74509947e+02 2.09674020e+01
 4.75035876e+02 2.09794430e+01
 4.75561805e+02 2.09748130e+01
 4.76087734e+02 2.09618837e+01
 4.76613663e+02 2.09602261e+01
 4.77139592e+02 2.09897020e+01
 4.77665521e+02 2.10054490e+01
 4.78191450e+02 2.09822920e+01
 4.78717379e+02 2.09758090e+01
 4.79243308e+02 2.09804736e+01
 4.79769237e+02 2.09869210e+01
 4.80295166e+02 2.09841440e+01
 4.80821095e+02 2.09683280e+01
 4.81347024e+02 2.09840770e+01
 4.81872953e+02 2.09887770e+01
 4.82398882e+02 2.09887770e+01
 4.82924811e+02 2.09935777e+01
 4.83450740e+02 2.09961870e+01
 4.83976669e+02 2.10138570e+01
 4.84502598e+02 2.10203420e+01
 4.85028527e+02 2.10110800e+01
 4.85554456e+02 2.10082990e+01
 4.86080385e+02 2.09979444e+01
 4.86606313e+02 2.10054490e+01
 4.87132242e+02 2.09943330e+01
 4.87658171e+02 2.09813650e+01
 4.88184100e+02 2.09498000e+01
 4.88710029e+02 2.09525790e+01
 4.89235958e+02 2.09688631e+01
 4.89761887e+02 2.09856942e+01
 4.90287816e+02 2.10073720e+01
 4.90813745e+02 2.09962600e+01
 4.91339674e+02 2.09944780e+01
 4.91865603e+02 2.10005262e+01
 4.92391532e+02 2.10140885e+01
 4.92917461e+02 2.10148812e+01
 4.93443390e+02 2.10093630e+01
 4.93969319e+02 2.10084400e+01
 4.94495248e+02 2.10065840e+01
 4.95021177e+02 2.09862060e+01
 4.95547106e+02 2.09911484e+01
 4.96073035e+02 2.09805850e+01
 4.96598964e+02 2.09639090e+01
 4.97124893e+02 2.09759540e+01
 4.97650822e+02 2.09852160e+01
 4.98176751e+02 2.09592060e+01
 4.98702680e+02 2.09610600e+01
 4.99228609e+02 2.09665248e+01
 4.99754538e+02 2.09684680e+01
 5.00280467e+02 2.09954050e+01
 5.00806396e+02 2.09833640e+01
 5.01332325e+02 2.09693970e+01
 5.01858254e+02 2.09537946e+01
 5.02384183e+02 2.09733865e+01
 5.02910112e+02 2.09691856e+01
 5.03436041e+02 2.09592060e+01
 5.03961970e+02 2.09739550e+01
 5.04487899e+02 2.09591310e+01
 5.05013828e+02 2.09755489e+01
 5.05539757e+02 2.09786590e+01
 5.06065686e+02 2.09628410e+01
 5.06591615e+02 2.09591310e+01
 5.07117544e+02 2.09842170e+01
 5.07643473e+02 2.09981140e+01
 5.08169402e+02 2.09814380e+01
 5.08695331e+02 2.09915976e+01
 5.09221260e+02 2.09935058e+01
 5.09747189e+02 2.10064490e+01
 5.10273118e+02 2.10055920e+01
 5.10799047e+02 2.10083710e+01
 5.11324976e+02 2.10092980e+01
 5.11850905e+02 2.10078870e+01
 5.12376834e+02 2.10065190e+01
 5.12902762e+02 2.10046670e+01
 5.13428691e+02 2.09972550e+01
 5.13954620e+02 2.09926240e+01
 5.14480549e+02 2.10018880e+01
 5.15006478e+02 2.09824390e+01
 5.15532407e+02 2.09881324e+01
 5.16058336e+02 2.10056298e+01
 5.16584265e+02 2.09973220e+01
 5.17110194e+02 2.10038070e+01
 5.17636123e+02 2.09991780e+01
 5.18162052e+02 2.10139960e+01
 5.18687981e+02 2.10076664e+01
 5.19213910e+02 2.09954700e+01
 5.19739839e+02 2.10121420e+01
 5.20265768e+02 2.10158500e+01
 5.20791697e+02 2.10195540e+01
 5.21317626e+02 2.10056610e+01
 5.21843555e+02 2.10260390e+01
 5.22369484e+02 2.10213602e+01
 5.22895413e+02 2.10084400e+01
 5.23421342e+02 2.10149230e+01
 5.23947271e+02 2.10139960e+01
 5.24473200e+02 2.10139960e+01
 5.24999129e+02 2.10132431e+01
 5.25525058e+02 2.10130710e+01
