 9.00294494e+02 3.72516251e+02
 9.01153970e+02 3.72517802e+02
 9.02013445e+02 3.72511731e+02
 9.02872921e+02 3.72509479e+02
 9.03732396e+02 3.72510223e+02
 9.04591872e+02 3.72510060e+02
 9.05451348e+02 3.72502395e+02
 9.06310823e+02 3.72499393e+02
 9.07170299e+02 3.72498661e+02
 9.08029774e+02 3.72496237e+02
 9.08889250e+02 3.72493846e+02
 9.09748725e+02 3.72494436e+02
 9.10608201e+02 3.72486492e+02
 9.11467677e+02 3.72483135e+02
 9.12327152e+02 3.72481465e+02
 9.13186628e+02 3.72480367e+02
 9.14046103e+02 3.72480286e+02
 9.14905579e+02 3.72477731e+02
 9.15765055e+02 3.72474233e+02
 9.16624530e+02 3.72480286e+02
 9.17484006e+02 3.72469575e+02
 9.18343481e+02 3.72466193e+02
 9.19202957e+02 3.72468986e+02
 9.20062432e+02 3.72467020e+02
 9.20921908e+02 3.72467645e+02
 9.21781384e+02 3.72463090e+02
 9.22640859e+02 3.72462795e+02
 9.23500335e+02 3.72458073e+02
 9.24359810e+02 3.72455721e+02
 9.25219286e+02 3.72459061e+02
 9.26078762e+02 3.72455953e+02
 9.26938237e+02 3.72449727e+02
 9.27797713e+02 3.72453166e+02
 9.28657188e+02 3.72449080e+02
 9.29516664e+02 3.72448351e+02
 9.30376139e+02 3.72445797e+02
 9.31235615e+02 3.72440982e+02
 9.32095091e+02 3.72441867e+02
 9.32954566e+02 3.72437360e+02
 9.33814042e+02 3.72433908e+02
 9.34673517e+02 3.72434498e+02
 9.35532993e+02 3.72432348e+02
 9.36392469e+02 3.72427718e+02
 9.37251944e+02 3.72426539e+02
 9.38111420e+02 3.72430140e+02
 9.38970895e+02 3.72429094e+02
 9.39830371e+02 3.72431353e+02
 9.40689847e+02 3.72423271e+02
 9.41549322e+02 3.72424869e+02
 9.42408798e+02 3.72423395e+02
 9.43268273e+02 3.72421124e+02
 9.44127749e+02 3.72417500e+02
 9.44987224e+02 3.72416026e+02
 9.45846700e+02 3.72417971e+02
 9.46706176e+02 3.72408953e+02
 9.47565651e+02 3.72413275e+02
 9.48425127e+02 3.72407397e+02
 9.49284602e+02 3.72403647e+02
 9.50144078e+02 3.72403058e+02
 9.51003554e+02 3.72406854e+02
 9.51863029e+02 3.72407577e+02
 9.52722505e+02 3.72403766e+02
 9.53581980e+02 3.72404891e+02
 9.54441456e+02 3.72399619e+02
 9.55300931e+02 3.72402158e+02
 9.56160407e+02 3.72394485e+02
 9.57019883e+02 3.72391170e+02
 9.57879358e+02 3.72396553e+02
 9.58738834e+02 3.72392524e+02
 9.59598309e+02 3.72392840e+02
 9.60457785e+02 3.72395021e+02
 9.61317261e+02 3.72390089e+02
 9.62176736e+02 3.72392546e+02
 9.63036212e+02 3.72392152e+02
 9.63895687e+02 3.72392349e+02
 9.64755163e+02 3.72390875e+02
 9.65614639e+02 3.72394404e+02
 9.66474114e+02 3.72389795e+02
 9.67333590e+02 3.72385472e+02
 9.68193065e+02 3.72384259e+02
 9.69052541e+02 3.72382427e+02
 9.69912016e+02 3.72381837e+02
 9.70771492e+02 3.72378481e+02
 9.71630968e+02 3.72377318e+02
 9.72490443e+02 3.72376139e+02
 9.73349919e+02 3.72376496e+02
 9.74209394e+02 3.72377318e+02
 9.75068870e+02 3.72381542e+02
 9.75928346e+02 3.72378185e+02
 9.76787821e+02 3.72377907e+02
 9.77647297e+02 3.72371129e+02
 9.78506772e+02 3.72370969e+02
 9.79366248e+02 3.72376729e+02
 9.80225723e+02 3.72374174e+02
 9.81085199e+02 3.72375320e+02
 9.81944675e+02 3.72375353e+02
 9.82804150e+02 3.72372799e+02
 9.83663626e+02 3.72373989e+02
 9.84523101e+02 3.72364842e+02
 9.85382577e+02 3.72375573e+02
 9.86242053e+02 3.72369655e+02
 9.87101528e+02 3.72372504e+02
 9.87961004e+02 3.72371423e+02
 9.88820479e+02 3.72367396e+02
 9.89679955e+02 3.72367985e+02
 9.90539430e+02 3.72361769e+02
 9.91398906e+02 3.72366315e+02
 9.92258382e+02 3.72367396e+02
 9.93117857e+02 3.72360558e+02
 9.93977333e+02 3.72362877e+02
 9.94836808e+02 3.72360617e+02
 9.95696284e+02 3.72360150e+02
 9.96555760e+02 3.72359242e+02
 9.97415235e+02 3.72358358e+02
 9.98274711e+02 3.72358431e+02
 9.99134186e+02 3.72361207e+02
 9.99993662e+02 3.72361502e+02
 1.00085314e+03 3.72359188e+02
 1.00171261e+03 3.72356099e+02
 1.00257209e+03 3.72356393e+02
 1.00343156e+03 3.72354536e+02
 1.00429104e+03 3.72361207e+02
 1.00515052e+03 3.72358647e+02
 1.00600999e+03 3.72353101e+02
 1.00686947e+03 3.72357474e+02
 1.00772894e+03 3.72359242e+02
 1.00858842e+03 3.72355523e+02
 1.00944789e+03 3.72355509e+02
 1.01030737e+03 3.72356678e+02
 1.01116684e+03 3.72354429e+02
 1.01202632e+03 3.72347650e+02
 1.01288580e+03 3.72352366e+02
 1.01374527e+03 3.72352169e+02
 1.01460475e+03 3.72350106e+02
 1.01546422e+03 3.72353233e+02
 1.01632370e+03 3.72351285e+02
 1.01718317e+03 3.72350106e+02
 1.01804265e+03 3.72348560e+02
 1.01890212e+03 3.72349026e+02
 1.01976160e+03 3.72344802e+02
 1.02062108e+03 3.72347113e+02
 1.02148055e+03 3.72349320e+02
 1.02234003e+03 3.72341364e+02
 1.02319950e+03 3.72345297e+02
 1.02405898e+03 3.72342542e+02
 1.02491845e+03 3.72345882e+02
 1.02577793e+03 3.72344211e+02
 1.02663741e+03 3.72348731e+02
 1.02749688e+03 3.72347847e+02
 1.02835636e+03 3.72347715e+02
 1.02921583e+03 3.72347356e+02
 1.03007531e+03 3.72346767e+02
 1.03093478e+03 3.72349098e+02
 1.03179426e+03 3.72348142e+02
 1.03265373e+03 3.72341364e+02
 1.03351321e+03 3.72340774e+02
 1.03437269e+03 3.72338809e+02
 1.03523216e+03 3.72342454e+02
 1.03609164e+03 3.72342248e+02
 1.03695111e+03 3.72337729e+02
 1.03781059e+03 3.72341426e+02
 1.03867006e+03 3.72341658e+02
 1.03952954e+03 3.72341069e+02
 1.04038901e+03 3.72343859e+02
 1.04124849e+03 3.72343033e+02
 1.04210797e+03 3.72345391e+02
 1.04296744e+03 3.72344153e+02
 1.04382692e+03 3.72347356e+02
 1.04468639e+03 3.72345588e+02
 1.04554587e+03 3.72342221e+02
 1.04640534e+03 3.72346177e+02
 1.04726482e+03 3.72345588e+02
 1.04812429e+03 3.72342162e+02
 1.04898377e+03 3.72339399e+02
 1.04984325e+03 3.72341069e+02
 1.05070272e+03 3.72336306e+02
 1.05156220e+03 3.72343918e+02
 1.05242167e+03 3.72345391e+02
 1.05328115e+03 3.72340550e+02
 1.05414062e+03 3.72338809e+02
 1.05500010e+03 3.72338318e+02
 1.05585957e+03 3.72339758e+02
 1.05671905e+03 3.72339694e+02
 1.05757853e+03 3.72344245e+02
 1.05843800e+03 3.72347664e+02
 1.05929748e+03 3.72342542e+02
 1.06015695e+03 3.72338365e+02
 1.06101643e+03 3.72335764e+02
 1.06187590e+03 3.72339988e+02
 1.06273538e+03 3.72340622e+02
 1.06359486e+03 3.72339104e+02
 1.06445433e+03 3.72339988e+02
 1.06531381e+03 3.72338182e+02
 1.06617328e+03 3.72342542e+02
 1.06703276e+03 3.72332916e+02
 1.06789223e+03 3.72339930e+02
 1.06875171e+03 3.72337729e+02
 1.06961118e+03 3.72339988e+02
 1.07047066e+03 3.72338063e+02
 1.07133014e+03 3.72337729e+02
 1.07218961e+03 3.72343033e+02
 1.07304909e+03 3.72340200e+02
 1.07390856e+03 3.72347061e+02
 1.07476804e+03 3.72345391e+02
 1.07562751e+03 3.72340341e+02
 1.07648699e+03 3.72346472e+02
 1.07734646e+03 3.72342542e+02
 1.07820594e+03 3.72346675e+02
 1.07906542e+03 3.72344802e+02
 1.07992489e+03 3.72343623e+02
 1.08078437e+03 3.72355836e+02
 1.08164384e+03 3.72353250e+02
 1.08250332e+03 3.72350990e+02
 1.08336279e+03 3.72348073e+02
 1.08422227e+03 3.72358063e+02
 1.08508174e+03 3.72358063e+02
 1.08594122e+03 3.72364098e+02
 1.08680070e+03 3.72360028e+02
 1.08766017e+03 3.72364252e+02
 1.08851965e+03 3.72373099e+02
 1.08937912e+03 3.72381248e+02
 1.09023860e+03 3.72379913e+02
 1.09109807e+03 3.72396574e+02
 1.09195755e+03 3.72386651e+02
 1.09281703e+03 3.72387903e+02
 1.09367650e+03 3.72393430e+02
 1.09453598e+03 3.72401093e+02
 1.09539545e+03 3.72400875e+02
 1.09625493e+03 3.72405907e+02
 1.09711440e+03 3.72410426e+02
 1.09797388e+03 3.72420124e+02
 1.09883335e+03 3.72416321e+02
 1.09969283e+03 3.72415240e+02
 1.10055231e+03 3.72422454e+02
 1.10141178e+03 3.72423100e+02
 1.10227126e+03 3.72430469e+02
 1.10313073e+03 3.72423282e+02
 1.10399021e+03 3.72431943e+02
 1.10484968e+03 3.72443242e+02
 1.10570916e+03 3.72445337e+02
 1.10656863e+03 3.72446583e+02
 1.10742811e+03 3.72443832e+02
 1.10828759e+03 3.72445886e+02
 1.10914706e+03 3.72452576e+02
 1.11000654e+03 3.72450906e+02
 1.11086601e+03 3.72461641e+02
 1.11172549e+03 3.72463581e+02
 1.11258496e+03 3.72459061e+02
 1.11344444e+03 3.72467310e+02
 1.11430391e+03 3.72467020e+02
 1.11516339e+03 3.72470923e+02
 1.11602287e+03 3.72476023e+02
 1.11688234e+03 3.72472425e+02
 1.11774182e+03 3.72475088e+02
 1.11860129e+03 3.72472425e+02
 1.11946077e+03 3.72475471e+02
 1.12032024e+03 3.72474132e+02
 1.12117972e+03 3.72476945e+02
 1.12203920e+03 3.72475766e+02
 1.12289867e+03 3.72478378e+02
 1.12375815e+03 3.72473506e+02
 1.12461762e+03 3.72478026e+02
 1.12547710e+03 3.72484026e+02
 1.12633657e+03 3.72483135e+02
 1.12719605e+03 3.72483430e+02
 1.12805552e+03 3.72485108e+02
 1.12891500e+03 3.72473506e+02
 1.12977448e+03 3.72488540e+02
 1.13063395e+03 3.72488047e+02
 1.13149343e+03 3.72486280e+02
 1.13235290e+03 3.72487950e+02
 1.13321238e+03 3.72489568e+02
 1.13407185e+03 3.72491095e+02
 1.13493133e+03 3.72489916e+02
 1.13579080e+03 3.72486588e+02
 1.13665028e+03 3.72488835e+02
 1.13750976e+03 3.72486280e+02
 1.13836923e+03 3.72490009e+02
 1.13922871e+03 3.72495910e+02
 1.14008818e+03 3.72490210e+02
 1.14094766e+03 3.72496554e+02
 1.14180713e+03 3.72488540e+02
 1.14266661e+03 3.72489450e+02
 1.14352608e+03 3.72491923e+02
 1.14438556e+03 3.72495320e+02
 1.14524504e+03 3.72491919e+02
 1.14610451e+03 3.72499251e+02
 1.14696399e+03 3.72495910e+02
 1.14782346e+03 3.72494599e+02
 1.14868294e+03 3.72501511e+02
 1.14954241e+03 3.72502690e+02
 1.15040189e+03 3.72496768e+02
 1.15126136e+03 3.72502690e+02
 1.15212084e+03 3.72507211e+02
 1.15298032e+03 3.72506035e+02
 1.15383979e+03 3.72504656e+02
 1.15469927e+03 3.72510552e+02
 1.15555874e+03 3.72515297e+02
 1.15641822e+03 3.72516546e+02
 1.15727769e+03 3.72514876e+02
 1.15813717e+03 3.72513764e+02
 1.15899665e+03 3.72506621e+02
 1.15985612e+03 3.72516546e+02
 1.16071560e+03 3.72514895e+02
 1.16157507e+03 3.72511731e+02
 1.16243455e+03 3.72519101e+02
 1.16329402e+03 3.72517214e+02
 1.16415350e+03 3.72517136e+02
 1.16501297e+03 3.72515662e+02
 1.16587245e+03 3.72518512e+02
 1.16673193e+03 3.72519396e+02
 1.16759140e+03 3.72522442e+02
 1.16845088e+03 3.72523327e+02
 1.16931035e+03 3.72528732e+02
 1.17016983e+03 3.72534923e+02
 1.17102930e+03 3.72538068e+02
 1.17188878e+03 3.72531287e+02
 1.17274825e+03 3.72543033e+02
 1.17360773e+03 3.72547699e+02
 1.17446721e+03 3.72548780e+02
 1.17532668e+03 3.72560452e+02
 1.17618616e+03 3.72567159e+02
 1.17704563e+03 3.72572859e+02
 1.17790511e+03 3.72581241e+02
 1.17876458e+03 3.72586717e+02
 1.17962406e+03 3.72593204e+02
 1.18048353e+03 3.72605470e+02
 1.18134301e+03 3.72613059e+02
 1.18220249e+03 3.72628589e+02
 1.18306196e+03 3.72636311e+02
 1.18392144e+03 3.72649035e+02
 1.18478091e+03 3.72658079e+02
 1.18564039e+03 3.72669519e+02
 1.18649986e+03 3.72687767e+02
 1.18735934e+03 3.72700252e+02
 1.18821882e+03 3.72711047e+02
 1.18907829e+03 3.72734466e+02
 1.18993777e+03 3.72746068e+02
 1.19079724e+03 3.72755189e+02
 1.19165672e+03 3.72775860e+02
 1.19251619e+03 3.72800443e+02
 1.19337567e+03 3.72806166e+02
 1.19423514e+03 3.72821388e+02
 1.19509462e+03 3.72841843e+02
 1.19595410e+03 3.72852267e+02
 1.19681357e+03 3.72875772e+02
 1.19767305e+03 3.72898196e+02
 1.19853252e+03 3.72908622e+02
 1.19939200e+03 3.72931343e+02
 1.20025147e+03 3.72952124e+02
 1.20111095e+03 3.72971870e+02
 1.20197042e+03 3.72989971e+02
 1.20282990e+03 3.73012740e+02
 1.20368938e+03 3.73026764e+02
 1.20454885e+03 3.73047229e+02
 1.20540833e+03 3.73066247e+02
 1.20626780e+03 3.73077828e+02
 1.20712728e+03 3.73105871e+02
 1.20798675e+03 3.73121399e+02
 1.20884623e+03 3.73140116e+02
 1.20970570e+03 3.73162849e+02
 1.21056518e+03 3.73180060e+02
 1.21142466e+03 3.73200838e+02
 1.21228413e+03 3.73216979e+02
 1.21314361e+03 3.73232161e+02
 1.21400308e+03 3.73250642e+02
 1.21486256e+03 3.73273675e+02
 1.21572203e+03 3.73286722e+02
 1.21658151e+03 3.73313643e+02
 1.21744099e+03 3.73331757e+02
 1.21830046e+03 3.73341896e+02
 1.21915994e+03 3.73365822e+02
 1.22001941e+03 3.73387089e+02
 1.22087889e+03 3.73398260e+02
 1.22173836e+03 3.73420469e+02
 1.22259784e+03 3.73440360e+02
 1.22345731e+03 3.73447046e+02
 1.22431679e+03 3.73474434e+02
 1.22517627e+03 3.73493638e+02
 1.22603574e+03 3.73499941e+02
 1.22689522e+03 3.73516093e+02
 1.22775469e+03 3.73544459e+02
 1.22861417e+03 3.73548990e+02
 1.22947364e+03 3.73564848e+02
 1.23033312e+03 3.73583610e+02
 1.23119259e+03 3.73599227e+02
 1.23205207e+03 3.73616466e+02
 1.23291155e+03 3.73633892e+02
 1.23377102e+03 3.73648582e+02
 1.23463050e+03 3.73666119e+02
 1.23548997e+03 3.73676958e+02
 1.23634945e+03 3.73685430e+02
 1.23720892e+03 3.73699323e+02
 1.23806840e+03 3.73709666e+02
 1.23892787e+03 3.73729178e+02
 1.23978735e+03 3.73740215e+02
 1.24064683e+03 3.73745623e+02
 1.24150630e+03 3.73759233e+02
 1.24236578e+03 3.73775395e+02
 1.24322525e+03 3.73783592e+02
 1.24408473e+03 3.73805453e+02
 1.24494420e+03 3.73815407e+02
 1.24580368e+03 3.73825385e+02
 1.24666315e+03 3.73836400e+02
 1.24752263e+03 3.73848030e+02
 1.24838211e+03 3.73854012e+02
 1.24924158e+03 3.73866757e+02
 1.25010106e+03 3.73880698e+02
 1.25096053e+03 3.73888480e+02
 1.25182001e+03 3.73902243e+02
 1.25267948e+03 3.73921553e+02
 1.25353896e+03 3.73920775e+02
 1.25439844e+03 3.73933788e+02
 1.25525791e+03 3.73940237e+02
 1.25611739e+03 3.73947688e+02
 1.25697686e+03 3.73960505e+02
 1.25783634e+03 3.73967672e+02
 1.25869581e+03 3.73980321e+02
 1.25955529e+03 3.73986927e+02
 1.26041476e+03 3.73995085e+02
 1.26127424e+03 3.74005069e+02
 1.26213372e+03 3.74020647e+02
 1.26299319e+03 3.74028033e+02
 1.26385267e+03 3.74041453e+02
 1.26471214e+03 3.74044509e+02
 1.26557162e+03 3.74058763e+02
 1.26643109e+03 3.74060681e+02
 1.26729057e+03 3.74061865e+02
 1.26815004e+03 3.74069591e+02
 1.26900952e+03 3.74076656e+02
 1.26986900e+03 3.74096478e+02
 1.27072847e+03 3.74095116e+02
 1.27158795e+03 3.74101310e+02
 1.27244742e+03 3.74116991e+02
 1.27330690e+03 3.74119259e+02
 1.27416637e+03 3.74124881e+02
 1.27502585e+03 3.74133461e+02
 1.27588532e+03 3.74141351e+02
 1.27674480e+03 3.74149636e+02
 1.27760428e+03 3.74150317e+02
 1.27846375e+03 3.74160387e+02
 1.27932323e+03 3.74167488e+02
 1.28018270e+03 3.74176166e+02
 1.28104218e+03 3.74183171e+02
 1.28190165e+03 3.74189386e+02
 1.28276113e+03 3.74193188e+02
 1.28362061e+03 3.74199841e+02
 1.28448008e+03 3.74207535e+02
 1.28533956e+03 3.74215533e+02
 1.28619903e+03 3.74221444e+02
 1.28705851e+03 3.74223713e+02
 1.28791798e+03 3.74225711e+02
 1.28877746e+03 3.74227166e+02
 1.28963693e+03 3.74243344e+02
 1.29049641e+03 3.74243251e+02
 1.29135589e+03 3.74249559e+02
 1.29221536e+03 3.74254985e+02
 1.29307484e+03 3.74259853e+02
 1.29393431e+03 3.74262384e+02
 1.29479379e+03 3.74267514e+02
 1.29565326e+03 3.74269997e+02
 1.29651274e+03 3.74275505e+02
 1.29737221e+03 3.74279747e+02
 1.29823169e+03 3.74287762e+02
 1.29909117e+03 3.74293066e+02
 1.29995064e+03 3.74298197e+02
 1.30081012e+03 3.74296257e+02
 1.30166959e+03 3.74304117e+02
 1.30252907e+03 3.74302735e+02
 1.30338854e+03 3.74308162e+02
 1.30424802e+03 3.74313292e+02
 1.30510749e+03 3.74318620e+02
 1.30596697e+03 3.74322863e+02
 1.30682645e+03 3.74329770e+02
 1.30768592e+03 3.74331051e+02
 1.30854540e+03 3.74333125e+02
 1.30940487e+03 3.74336578e+02
 1.31026435e+03 3.74338377e+02
 1.31112382e+03 3.74335690e+02
 1.31198330e+03 3.74343682e+02
 1.31284278e+03 3.74353272e+02
 1.31370225e+03 3.74355326e+02
 1.31456173e+03 3.74357891e+02
 1.31542120e+03 3.74363156e+02
 1.31628068e+03 3.74364404e+02
 1.31714015e+03 3.74369535e+02
 1.31799963e+03 3.74367555e+02
 1.31885910e+03 3.74378910e+02
 1.31971858e+03 3.74381475e+02
 1.32057806e+03 3.74379975e+02
 1.32143753e+03 3.74389074e+02
 1.32229701e+03 3.74388284e+02
 1.32315648e+03 3.74389390e+02
 1.32401596e+03 3.74395686e+02
 1.32487543e+03 3.74393909e+02
 1.32573491e+03 3.74398560e+02
 1.32659438e+03 3.74403580e+02
 1.32745386e+03 3.74405758e+02
 1.32831334e+03 3.74408769e+02
 1.32917281e+03 3.74414140e+02
 1.33003229e+03 3.74413273e+02
 1.33089176e+03 3.74420061e+02
 1.33175124e+03 3.74420653e+02
 1.33261071e+03 3.74419091e+02
 1.33347019e+03 3.74421245e+02
 1.33432966e+03 3.74428055e+02
 1.33518914e+03 3.74433859e+02
 1.33604862e+03 3.74433976e+02
 1.33690809e+03 3.74429239e+02
 1.33776757e+03 3.74434894e+02
 1.33862704e+03 3.74438023e+02
 1.33948652e+03 3.74443944e+02
 1.34034599e+03 3.74442359e+02
 1.34120547e+03 3.74450754e+02
 1.34206494e+03 3.74455097e+02
 1.34292442e+03 3.74457950e+02
 1.34378390e+03 3.74452827e+02
 1.34464337e+03 3.74453913e+02
 1.34550285e+03 3.74456077e+02
 1.34636232e+03 3.74461907e+02
 1.34722180e+03 3.74464671e+02
 1.34808127e+03 3.74465981e+02
 1.34894075e+03 3.74464967e+02
 1.34980023e+03 3.74471283e+02
 1.35065970e+03 3.74473850e+02
 1.35151918e+03 3.74468421e+02
 1.35237865e+03 3.74475232e+02
 1.35323813e+03 3.74475232e+02
 1.35409760e+03 3.74476120e+02
 1.35495708e+03 3.74480956e+02
 1.35581655e+03 3.74485200e+02
 1.35667603e+03 3.74489149e+02
 1.35753551e+03 3.74486778e+02
 1.35839498e+03 3.74492899e+02
 1.35925446e+03 3.74489445e+02
 1.36011393e+03 3.74491853e+02
 1.36097341e+03 3.74499118e+02
 1.36183288e+03 3.74501684e+02
 1.36269236e+03 3.74503040e+02
 1.36355183e+03 3.74501980e+02
 1.36441131e+03 3.74506521e+02
 1.36527079e+03 3.74504251e+02
 1.36613026e+03 3.74506225e+02
 1.36698974e+03 3.74505632e+02
 1.36784921e+03 3.74508623e+02
 1.36870869e+03 3.74508199e+02
 1.36956816e+03 3.74510469e+02
 1.37042764e+03 3.74508306e+02
 1.37128711e+03 3.74513628e+02
 1.37214659e+03 3.74520143e+02
 1.37300607e+03 3.74520024e+02
 1.37386554e+03 3.74517872e+02
 1.37472502e+03 3.74514714e+02
 1.37558449e+03 3.74522129e+02
 1.37644397e+03 3.74515898e+02
 1.37730344e+03 3.74527250e+02
 1.37816292e+03 3.74530105e+02
 1.37902240e+03 3.74526164e+02
 1.37988187e+03 3.74531495e+02
 1.38074135e+03 3.74530113e+02
 1.38160082e+03 3.74536332e+02
 1.38246030e+03 3.74533469e+02
 1.38331977e+03 3.74537220e+02
 1.38417925e+03 3.74533469e+02
 1.38503872e+03 3.74536628e+02
 1.38589820e+03 3.74542057e+02
 1.38675768e+03 3.74540083e+02
 1.38761715e+03 3.74538010e+02
 1.38847663e+03 3.74543439e+02
 1.38933610e+03 3.74551139e+02
 1.39019558e+03 3.74543694e+02
 1.39105505e+03 3.74544328e+02
 1.39191453e+03 3.74546006e+02
 1.39277400e+03 3.74543653e+02
 1.39363348e+03 3.74548868e+02
 1.39449296e+03 3.74549165e+02
 1.39535243e+03 3.74547466e+02
 1.39621191e+03 3.74550251e+02
 1.39707138e+03 3.74553706e+02
 1.39793086e+03 3.74552447e+02
 1.39879033e+03 3.74553409e+02
 1.39964981e+03 3.74538602e+02
 1.40050928e+03 3.74513455e+02
 1.40136876e+03 3.74458749e+02
 1.40222824e+03 3.74406146e+02
 1.40308771e+03 3.74381768e+02
 1.40394719e+03 3.74337959e+02
 1.40480666e+03 3.74287640e+02
 1.40566614e+03 3.74262976e+02
 1.40652561e+03 3.74220359e+02
 1.40738509e+03 3.74181726e+02
 1.40824457e+03 3.74153799e+02
 1.40910404e+03 3.74104170e+02
 1.40996352e+03 3.74073555e+02
 1.41082299e+03 3.74040861e+02
 1.41168247e+03 3.74008224e+02
 1.41254194e+03 3.73967603e+02
 1.41340142e+03 3.73941478e+02
 1.41426089e+03 3.73901159e+02
 1.41512037e+03 3.73876470e+02
 1.41597985e+03 3.73845763e+02
 1.41683932e+03 3.73802693e+02
 1.41769880e+03 3.73788207e+02
 1.41855827e+03 3.73750758e+02
 1.41941775e+03 3.73722872e+02
 1.42027722e+03 3.73700038e+02
 1.42113670e+03 3.73665035e+02
 1.42199617e+03 3.73634691e+02
 1.42285565e+03 3.73616089e+02
 1.42371513e+03 3.73592430e+02
 1.42457460e+03 3.73558938e+02
 1.42543408e+03 3.73546522e+02
 1.42629355e+03 3.73514123e+02
 1.42715303e+03 3.73484577e+02
 1.42801250e+03 3.73472177e+02
 1.42887198e+03 3.73441542e+02
 1.42973145e+03 3.73410819e+02
 1.43059093e+03 3.73402646e+02
 1.43145041e+03 3.73371729e+02
 1.43230988e+03 3.73352137e+02
 1.43316936e+03 3.73337172e+02
 1.43402883e+03 3.73309409e+02
 1.43488831e+03 3.73297162e+02
 1.43574778e+03 3.73278203e+02
 1.43660726e+03 3.73262552e+02
 1.43746673e+03 3.73239614e+02
 1.43832621e+03 3.73221802e+02
 1.43918569e+03 3.73206743e+02
 1.44004516e+03 3.73198532e+02
 1.44090464e+03 3.73181843e+02
 1.44176411e+03 3.73151728e+02
 1.44262359e+03 3.73149345e+02
 1.44348306e+03 3.73134507e+02
 1.44434254e+03 3.73130177e+02
 1.44520202e+03 3.73123485e+02
 1.44606149e+03 3.73104986e+02
 1.44692097e+03 3.73095343e+02
 1.44778044e+03 3.73082266e+02
 1.44863992e+03 3.73073007e+02
 1.44949939e+03 3.73057363e+02
 1.45035887e+03 3.73055591e+02
 1.45121834e+03 3.73048016e+02
 1.45207782e+03 3.73033061e+02
 1.45293730e+03 3.73031851e+02
 1.45379677e+03 3.73015746e+02
 1.45465625e+03 3.73011515e+02
 1.45551572e+03 3.73007278e+02
 1.45637520e+03 3.72998136e+02
 1.45723467e+03 3.72989085e+02
 1.45809415e+03 3.72984559e+02
 1.45895362e+03 3.72983478e+02
 1.45981310e+03 3.72973542e+02
 1.46067258e+03 3.72961345e+02
 1.46153205e+03 3.72965574e+02
 1.46239153e+03 3.72957115e+02
 1.46325100e+03 3.72958197e+02
 1.46411048e+03 3.72951705e+02
 1.46496995e+03 3.72961784e+02
 1.46582943e+03 3.72951114e+02
 1.46668890e+03 3.72946885e+02
 1.46754838e+03 3.72947281e+02
 1.46840786e+03 3.72934392e+02
 1.46926733e+03 3.72947180e+02
 1.47012681e+03 3.72937331e+02
 1.47098628e+03 3.72944622e+02
 1.47184576e+03 3.72943245e+02
 1.47270523e+03 3.72938117e+02
 1.47356471e+03 3.72932720e+02
 1.47442419e+03 3.72925048e+02
 1.47528366e+03 3.72926613e+02
 1.47614314e+03 3.72919737e+02
 1.47700261e+03 3.72922589e+02
 1.47786209e+03 3.72920334e+02
 1.47872156e+03 3.72916884e+02
 1.47958104e+03 3.72917179e+02
 1.48044051e+03 3.72914162e+02
 1.48129999e+03 3.72916884e+02
 1.48215947e+03 3.72918851e+02
 1.48301894e+03 3.72914519e+02
 1.48387842e+03 3.72921999e+02
 1.48473789e+03 3.72914032e+02
 1.48559737e+03 3.72914056e+02
 1.48645684e+03 3.72916884e+02
 1.48731632e+03 3.72914327e+02
 1.48817579e+03 3.72909802e+02
 1.48903527e+03 3.72912360e+02
 1.48989475e+03 3.72911179e+02
 1.49075422e+03 3.72913442e+02
 1.49161370e+03 3.72908130e+02
 1.49247317e+03 3.72910884e+02
 1.49333265e+03 3.72916589e+02
 1.49419212e+03 3.72911179e+02
 1.49505160e+03 3.72910802e+02
 1.49591107e+03 3.72905278e+02
 1.49677055e+03 3.72910688e+02
 1.49763003e+03 3.72908284e+02
 1.49848950e+03 3.72912950e+02
 1.49934898e+03 3.72922294e+02
 1.50020845e+03 3.72918807e+02
 1.50106793e+03 3.72926819e+02
 1.50192740e+03 3.72925343e+02
 1.50278688e+03 3.72917728e+02
 1.50364636e+03 3.72916589e+02
 1.50450583e+03 3.72926523e+02
 1.50536531e+03 3.72920960e+02
 1.50622478e+03 3.72917474e+02
 1.50708426e+03 3.72928491e+02
 1.50794373e+03 3.72935276e+02
 1.50880321e+03 3.72927605e+02
 1.50966268e+03 3.72928196e+02
 1.51052216e+03 3.72931382e+02
 1.51138164e+03 3.72934196e+02
 1.51224111e+03 3.72948065e+02
 1.51310059e+03 3.72945672e+02
 1.51396006e+03 3.72953672e+02
 1.51481954e+03 3.72969617e+02
 1.51567901e+03 3.72966274e+02
 1.51653849e+03 3.72988298e+02
 1.51739796e+03 3.72994759e+02
 1.51825744e+03 3.73003547e+02
 1.51911692e+03 3.73025387e+02
 1.51997639e+03 3.73042591e+02
 1.52083587e+03 3.73055395e+02
 1.52169534e+03 3.73077238e+02
 1.52255482e+03 3.73089317e+02
 1.52341429e+03 3.73108135e+02
 1.52427377e+03 3.73130472e+02
 1.52513324e+03 3.73146498e+02
 1.52599272e+03 3.73169934e+02
 1.52685220e+03 3.73196802e+02
 1.52771167e+03 3.73212917e+02
 1.52857115e+03 3.73248968e+02
 1.52943062e+03 3.73268557e+02
 1.53029010e+03 3.73285094e+02
 1.53114957e+03 3.73316497e+02
 1.53200905e+03 3.73345934e+02
 1.53286852e+03 3.73363589e+02
 1.53372800e+03 3.73391028e+02
 1.53458748e+03 3.73415939e+02
 1.53544695e+03 3.73437536e+02
 1.53630643e+03 3.73456510e+02
 1.53716590e+03 3.73490880e+02
 1.53802538e+03 3.73501615e+02
 1.53888485e+03 3.73527124e+02
 1.53974433e+03 3.73559726e+02
 1.54060381e+03 3.73576767e+02
 1.54146328e+03 3.73594695e+02
 1.54232276e+03 3.73623961e+02
 1.54318223e+03 3.73638041e+02
 1.54404171e+03 3.73664148e+02
 1.54490118e+03 3.73678694e+02
 1.54576066e+03 3.73695086e+02
 1.54662013e+03 3.73711245e+02
 1.54747961e+03 3.73734600e+02
 1.54833909e+03 3.73750463e+02
 1.54919856e+03 3.73768595e+02
 1.55005804e+03 3.73790335e+02
 1.55091751e+03 3.73806931e+02
 1.55177699e+03 3.73823390e+02
 1.55263646e+03 3.73834737e+02
 1.55349594e+03 3.73854634e+02
 1.55435541e+03 3.73870207e+02
 1.55521489e+03 3.73882117e+02
 1.55607437e+03 3.73898891e+02
 1.55693384e+03 3.73919888e+02
 1.55779332e+03 3.73929787e+02
 1.55865279e+03 3.73943449e+02
 1.55951227e+03 3.73962368e+02
 1.56037174e+03 3.73972753e+02
 1.56123122e+03 3.73989195e+02
 1.56209069e+03 3.74005738e+02
 1.56295017e+03 3.74007649e+02
 1.56380965e+03 3.74028042e+02
 1.56466912e+03 3.74033328e+02
 1.56552860e+03 3.74049471e+02
 1.56638807e+03 3.74065020e+02
 1.56724755e+03 3.74074757e+02
 1.56810702e+03 3.74083757e+02
 1.56896650e+03 3.74102790e+02
 1.56982598e+03 3.74105237e+02
 1.57068545e+03 3.74116103e+02
 1.57154493e+03 3.74137406e+02
 1.57240440e+03 3.74145342e+02
 1.57326388e+03 3.74157231e+02
 1.57412335e+03 3.74170645e+02
 1.57498283e+03 3.74174745e+02
 1.57584230e+03 3.74185144e+02
 1.57670178e+03 3.74193923e+02
 1.57756126e+03 3.74206606e+02
 1.57842073e+03 3.74213849e+02
 1.57928021e+03 3.74225193e+02
 1.58013968e+03 3.74231485e+02
 1.58099916e+03 3.74241371e+02
 1.58185863e+03 3.74249855e+02
 1.58271811e+03 3.74257562e+02
 1.58357758e+03 3.74269783e+02
 1.58443706e+03 3.74274913e+02
 1.58529654e+03 3.74277715e+02
 1.58615601e+03 3.74290501e+02
 1.58701549e+03 3.74293362e+02
 1.58787496e+03 3.74300544e+02
 1.58873444e+03 3.74312996e+02
 1.58959391e+03 3.74323297e+02
 1.59045339e+03 3.74330999e+02
 1.59131286e+03 3.74337959e+02
 1.59217234e+03 3.74342535e+02
 1.59303182e+03 3.74346741e+02
 1.59389129e+03 3.74354734e+02
 1.59475077e+03 3.74357608e+02
 1.59561024e+03 3.74367759e+02
 1.59646972e+03 3.74377725e+02
 1.59732919e+03 3.74380863e+02
 1.59818867e+03 3.74387988e+02
 1.59904815e+03 3.74388876e+02
 1.59990762e+03 3.74399680e+02
 1.60076710e+03 3.74402495e+02
 1.60162657e+03 3.74417002e+02
 1.60248605e+03 3.74417686e+02
 1.60334552e+03 3.74428647e+02
 1.60420500e+03 3.74430917e+02
 1.60506447e+03 3.74430757e+02
 1.60592395e+03 3.74432595e+02
 1.60678343e+03 3.74440589e+02
 1.60764290e+03 3.74450643e+02
 1.60850238e+03 3.74455887e+02
 1.60936185e+03 3.74453320e+02
 1.61022133e+03 3.74458255e+02
 1.61108080e+03 3.74472073e+02
 1.61194028e+03 3.74470395e+02
 1.61279975e+03 3.74468487e+02
 1.61365923e+03 3.74472073e+02
 1.61451871e+03 3.74484608e+02
 1.61537818e+03 3.74480467e+02
 1.61623766e+03 3.74486286e+02
 1.61709713e+03 3.74483226e+02
 1.61795661e+03 3.74487471e+02
 1.61881608e+03 3.74495959e+02
 1.61967556e+03 3.74493521e+02
 1.62053503e+03 3.74494577e+02
 1.62139451e+03 3.74503066e+02
 1.62225399e+03 3.74503718e+02
 1.62311346e+03 3.74504843e+02
 1.62397294e+03 3.74513924e+02
 1.62483241e+03 3.74517512e+02
 1.62569189e+03 3.74518761e+02
 1.62655136e+03 3.74522117e+02
 1.62741084e+03 3.74522875e+02
 1.62827031e+03 3.74520439e+02
 1.62912979e+03 3.74529520e+02
 1.62998927e+03 3.74535518e+02
 1.63084874e+03 3.74539787e+02
 1.63170822e+03 3.74538306e+02
 1.63256769e+03 3.74543685e+02
 1.63342717e+03 3.74546598e+02
 1.63428664e+03 3.74549165e+02
 1.63514612e+03 3.74552611e+02
 1.63600560e+03 3.74552225e+02
 1.63686507e+03 3.74555384e+02
 1.63772455e+03 3.74554773e+02
 1.63858402e+03 3.74558247e+02
 1.63944350e+03 3.74556272e+02
 1.64030297e+03 3.74563380e+02
 1.64116245e+03 3.74563972e+02
 1.64202192e+03 3.74569189e+02
 1.64288140e+03 3.74570948e+02
 1.64374088e+03 3.74570488e+02
 1.64460035e+03 3.74573364e+02
 1.64545983e+03 3.74571128e+02
 1.64631930e+03 3.74570784e+02
 1.64717878e+03 3.74576411e+02
 1.64803825e+03 3.74576411e+02
 1.64889773e+03 3.74580953e+02
 1.64975720e+03 3.74582730e+02
 1.65061668e+03 3.74581249e+02
 1.65147616e+03 3.74587271e+02
 1.65233563e+03 3.74585039e+02
 1.65319511e+03 3.74586383e+02
 1.65405458e+03 3.74592602e+02
 1.65491406e+03 3.74594426e+02
 1.65577353e+03 3.74598032e+02
 1.65663301e+03 3.74596946e+02
 1.65749248e+03 3.74597398e+02
 1.65835196e+03 3.74596650e+02
 1.65921144e+03 3.74601981e+02
 1.66007091e+03 3.74607215e+02
 1.66093039e+03 3.74610867e+02
 1.66178986e+03 3.74568810e+02
 1.66264934e+03 3.74535725e+02
 1.66350881e+03 3.74489445e+02
 1.66436829e+03 3.74439108e+02
 1.66522777e+03 3.74409304e+02
 1.66608724e+03 3.74370029e+02
 1.66694672e+03 3.74322666e+02
 1.66780619e+03 3.74301843e+02
 1.66866567e+03 3.74248178e+02
 1.66952514e+03 3.74206944e+02
 1.67038462e+03 3.74184723e+02
 1.67124409e+03 3.74149044e+02
 1.67210357e+03 3.74101606e+02
 1.67296305e+03 3.74081488e+02
 1.67382252e+03 3.74038593e+02
 1.67468200e+03 3.74001618e+02
 1.67554147e+03 3.73984857e+02
 1.67640095e+03 3.73948576e+02
 1.67726042e+03 3.73905102e+02
 1.67811990e+03 3.73886668e+02
 1.67897937e+03 3.73849508e+02
 1.67983885e+03 3.73826112e+02
 1.68069833e+03 3.73800426e+02
 1.68155780e+03 3.73758938e+02
 1.68241728e+03 3.73741799e+02
 1.68327675e+03 3.73713216e+02
 1.68413623e+03 3.73678632e+02
 1.68499570e+03 3.73663747e+02
 1.68585518e+03 3.73633804e+02
 1.68671465e+03 3.73605137e+02
 1.68757413e+03 3.73586934e+02
 1.68843361e+03 3.73572532e+02
 1.68929308e+03 3.73538451e+02
 1.69015256e+03 3.73527701e+02
 1.69101203e+03 3.73502797e+02
 1.69187151e+03 3.73480047e+02
 1.69273098e+03 3.73459905e+02
 1.69359046e+03 3.73441739e+02
 1.69444994e+03 3.73413379e+02
 1.69530941e+03 3.73406880e+02
 1.69616889e+03 3.73380492e+02
 1.69702836e+03 3.73366314e+02
 1.69788784e+03 3.73347115e+02
 1.69874731e+03 3.73331462e+02
 1.69960679e+03 3.73312069e+02
 1.70046626e+03 3.73307047e+02
 1.70132574e+03 3.73286078e+02
 1.70218522e+03 3.73266680e+02
 1.70304469e+03 3.73252709e+02
 1.70390417e+03 3.73240503e+02
 1.70476364e+03 3.73235742e+02
 1.70562312e+03 3.73220325e+02
 1.70648259e+03 3.73199952e+02
 1.70734207e+03 3.73201145e+02
 1.70820154e+03 3.73184303e+02
 1.70906102e+03 3.73171608e+02
 1.70992050e+03 3.73167110e+02
 1.71077997e+03 3.73153204e+02
 1.71163945e+03 3.73145233e+02
 1.71249892e+03 3.73137967e+02
 1.71335840e+03 3.73132735e+02
 1.71421787e+03 3.73116007e+02
 1.71507735e+03 3.73116269e+02
 1.71593682e+03 3.73108725e+02
 1.71679630e+03 3.73099377e+02
 1.71765578e+03 3.73085874e+02
 1.71851525e+03 3.73076647e+02
 1.71937473e+03 3.73071540e+02
 1.72023420e+03 3.73076365e+02
 1.72109368e+03 3.73064447e+02
 1.72195315e+03 3.73060897e+02
 1.72281263e+03 3.73065037e+02
 1.72367210e+03 3.73053132e+02
 1.72453158e+03 3.73043569e+02
 1.72539106e+03 3.73048606e+02
 1.72625053e+03 3.73039554e+02
 1.72711001e+03 3.73041390e+02
 1.72796948e+03 3.73036701e+02
 1.72882896e+03 3.73027945e+02
 1.72968843e+03 3.73032700e+02
 1.73054791e+03 3.73026273e+02
 1.73140739e+03 3.73024207e+02
 1.73226686e+03 3.73024831e+02
 1.73312634e+03 3.73026273e+02
 1.73398581e+03 3.73010630e+02
 1.73484529e+03 3.73011017e+02
 1.73570476e+03 3.73006400e+02
 1.73656424e+03 3.73012302e+02
 1.73742371e+03 3.73007473e+02
 1.73828319e+03 3.73005809e+02
 1.73914267e+03 3.73001579e+02
 1.74000214e+03 3.73001999e+02
 1.74086162e+03 3.73001284e+02
 1.74172109e+03 3.72999316e+02
 1.74258057e+03 3.72999145e+02
 1.74344004e+03 3.72998726e+02
 1.74429952e+03 3.73001868e+02
 1.74515899e+03 3.73003547e+02
 1.74601847e+03 3.73000694e+02
 1.74687795e+03 3.73000202e+02
 1.74773742e+03 3.73003005e+02
 1.74859690e+03 3.72997939e+02
 1.74945637e+03 3.72997508e+02
 1.75031585e+03 3.72998725e+02
 1.75117532e+03 3.72994496e+02
 1.75203480e+03 3.72995458e+02
 1.75289427e+03 3.72995381e+02
 1.75375375e+03 3.72994201e+02
 1.75461323e+03 3.72993952e+02
 1.75547270e+03 3.72993906e+02
 1.75633218e+03 3.72991053e+02
 1.75719165e+03 3.72989984e+02
 1.75805113e+03 3.72988003e+02
 1.75891060e+03 3.72983773e+02
