 9.00294494e+02 -9.97835400e+00
 9.01153970e+02 -1.00336620e+01
 9.02013445e+02 -1.00673360e+01
 9.02872921e+02 -1.00401470e+01
 9.03732396e+02 -1.00368694e+01
 9.04591872e+02 -1.00360270e+01
 9.05451348e+02 -1.00409710e+01
 9.06310823e+02 -9.97631629e+00
 9.07170299e+02 -9.97176300e+00
 9.08029774e+02 -9.97478400e+00
 9.08889250e+02 -9.97200889e+00
 9.09748725e+02 -9.97313600e+00
 9.10608201e+02 -9.97203700e+00
 9.11467677e+02 -9.97533400e+00
 9.12327152e+02 -9.95885500e+00
 9.13186628e+02 -9.95171400e+00
 9.14046103e+02 -9.91711100e+00
 9.14905579e+02 -9.90914600e+00
 9.15765055e+02 -9.88552800e+00
 9.16624530e+02 -9.88388000e+00
 9.17484006e+02 -9.88223200e+00
 9.18343481e+02 -9.87948600e+00
 9.19202957e+02 -9.82593200e+00
 9.20062432e+02 -9.91189300e+00
 9.20921908e+02 -9.85531800e+00
 9.21781384e+02 -9.85229700e+00
 9.22640859e+02 -9.84652900e+00
 9.23500335e+02 -9.77210300e+00
 9.24359810e+02 -9.85339600e+00
 9.25219286e+02 -9.85147300e+00
 9.26078762e+02 -9.77814600e+00
 9.26938237e+02 -9.77073000e+00
 9.27797713e+02 -9.80588300e+00
 9.28657188e+02 -9.77155400e+00
 9.29516664e+02 -9.76798400e+00
 9.30376139e+02 -9.73365500e+00
 9.31235615e+02 -9.77098262e+00
 9.32095091e+02 -9.76221700e+00
 9.32954566e+02 -9.62215300e+00
 9.33814042e+02 -9.75934528e+00
 9.34673517e+02 -9.77073000e+00
 9.35532993e+02 -9.76716000e+00
 9.36392469e+02 -9.58370400e+00
 9.37251944e+02 -9.65016600e+00
 9.38111420e+02 -9.65044100e+00
 9.38970895e+02 -9.64439757e+00
 9.39830371e+02 -9.60128100e+00
 9.40689847e+02 -9.53262200e+00
 9.41549322e+02 -9.53152300e+00
 9.42408798e+02 -9.61144200e+00
 9.43268273e+02 -9.53262200e+00
 9.44127749e+02 -9.58233100e+00
 9.44987224e+02 -9.58095800e+00
 9.45846700e+02 -9.53481900e+00
 9.46706176e+02 -9.53262200e+00
 9.47565651e+02 -9.52548200e+00
 9.48425127e+02 -9.55898700e+00
 9.49284602e+02 -9.47934300e+00
 9.50144078e+02 -9.50296100e+00
 9.51003554e+02 -9.48016700e+00
 9.51863029e+02 -9.47467400e+00
 9.52722505e+02 -9.52850300e+00
 9.53581980e+02 -9.44501400e+00
 9.54441456e+02 -9.50103900e+00
 9.55300931e+02 -9.40574100e+00
 9.56160407e+02 -9.37610618e+00
 9.57019883e+02 -9.50378600e+00
 9.57879358e+02 -9.32280100e+00
 9.58738834e+02 -9.32839068e+00
 9.59598309e+02 -9.37827800e+00
 9.60457785e+02 -9.35246200e+00
 9.61317261e+02 -9.32389900e+00
 9.62176736e+02 -9.36866600e+00
 9.63036212e+02 -9.32389900e+00
 9.63895687e+02 -9.32554800e+00
 9.64755163e+02 -9.40601500e+00
 9.65614639e+02 -9.32005500e+00
 9.66474114e+02 -9.37992500e+00
 9.67333590e+02 -9.36015200e+00
 9.68193065e+02 -9.31785800e+00
 9.69052541e+02 -9.28297900e+00
 9.69912016e+02 -9.23079800e+00
 9.70771492e+02 -9.35273600e+00
 9.71630968e+02 -9.35053900e+00
 9.72490443e+02 -9.28709900e+00
 9.73349919e+02 -9.28270400e+00
 9.74209394e+02 -9.31566100e+00
 9.75068870e+02 -9.26293100e+00
 9.75928346e+02 -9.25606500e+00
 9.76787821e+02 -9.25826200e+00
 9.77647297e+02 -9.22420700e+00
 9.78506772e+02 -9.28545100e+00
 9.79366248e+02 -9.25743800e+00
 9.80225723e+02 -9.17230100e+00
 9.81085199e+02 -9.16488600e+00
 9.81944675e+02 -9.14099300e+00
 9.82804150e+02 -9.22722800e+00
 9.83663626e+02 -9.22337712e+00
 9.84523101e+02 -9.22613000e+00
 9.85382577e+02 -9.16653400e+00
 9.86242053e+02 -9.09834301e+00
 9.87101528e+02 -9.16598400e+00
 9.87961004e+02 -9.16378800e+00
 9.88820479e+02 -9.16593534e+00
 9.89679955e+02 -9.10336800e+00
 9.90539430e+02 -9.10144500e+00
 9.91398906e+02 -9.07151000e+00
 9.92258382e+02 -9.07041200e+00
 9.93117857e+02 -9.22860100e+00
 9.93977333e+02 -9.22667900e+00
 9.94836808e+02 -9.06821500e+00
 9.95696284e+02 -9.02537200e+00
 9.96555760e+02 -9.01795600e+00
 9.97415235e+02 -9.09485400e+00
 9.98274711e+02 -9.04761700e+00
 9.99134186e+02 -9.00944300e+00
 9.99993662e+02 -9.00834400e+00
 1.00085314e+03 -9.13577500e+00
 1.00171261e+03 -9.13550000e+00
 1.00257209e+03 -9.01960400e+00
 1.00343156e+03 -9.06986200e+00
 1.00429104e+03 -9.13522500e+00
 1.00515052e+03 -9.04487100e+00
 1.00600999e+03 -9.03910300e+00
 1.00686947e+03 -9.04349800e+00
 1.00772894e+03 -9.04102600e+00
 1.00858842e+03 -9.04267400e+00
 1.00944789e+03 -9.03471000e+00
 1.01030737e+03 -9.04322300e+00
 1.01116684e+03 -9.04431406e+00
 1.01202632e+03 -9.01081600e+00
 1.01288580e+03 -9.04047600e+00
 1.01374527e+03 -9.04594581e+00
 1.01460475e+03 -8.98637300e+00
 1.01546422e+03 -9.07041200e+00
 1.01632370e+03 -9.01244232e+00
 1.01718317e+03 -9.01219000e+00
 1.01804265e+03 -9.04102600e+00
 1.01890212e+03 -9.04487100e+00
 1.01976160e+03 -9.00752000e+00
 1.02062108e+03 -9.01411200e+00
 1.02148055e+03 -8.97895800e+00
 1.02234003e+03 -8.97538700e+00
 1.02319950e+03 -9.04212400e+00
 1.02405898e+03 -8.98143000e+00
 1.02491845e+03 -8.98005700e+00
 1.02577793e+03 -8.97895800e+00
 1.02663741e+03 -8.97456400e+00
 1.02749688e+03 -8.92210800e+00
 1.02835636e+03 -8.98280300e+00
 1.02921583e+03 -8.98033100e+00
 1.03007531e+03 -8.97428900e+00
 1.03093478e+03 -8.96087843e+00
 1.03179426e+03 -8.92018600e+00
 1.03265373e+03 -8.91853800e+00
 1.03351321e+03 -8.97654746e+00
 1.03437269e+03 -8.97456400e+00
 1.03523216e+03 -8.97621100e+00
 1.03609164e+03 -8.96776064e+00
 1.03695111e+03 -8.95094500e+00
 1.03781059e+03 -8.92458000e+00
 1.03867006e+03 -8.91964029e+00
 1.03952954e+03 -8.92018600e+00
 1.04038901e+03 -9.00889300e+00
 1.04124849e+03 -8.95204400e+00
 1.04210797e+03 -9.00175300e+00
 1.04296744e+03 -8.92265800e+00
 1.04382692e+03 -8.91991200e+00
 1.04468639e+03 -8.92101000e+00
 1.04554587e+03 -8.97566200e+00
 1.04640534e+03 -8.92210800e+00
 1.04726482e+03 -8.96907100e+00
 1.04812429e+03 -8.91386900e+00
 1.04898377e+03 -8.91908800e+00
 1.04984325e+03 -8.91359500e+00
 1.05070272e+03 -8.91826400e+00
 1.05156220e+03 -8.91689100e+00
 1.05242167e+03 -9.00202800e+00
 1.05328115e+03 -8.94902300e+00
 1.05414062e+03 -8.94682600e+00
 1.05500010e+03 -8.94765000e+00
 1.05585957e+03 -8.94627600e+00
 1.05671905e+03 -8.94929800e+00
 1.05757853e+03 -8.94765000e+00
 1.05843800e+03 -8.94600200e+00
 1.05929748e+03 -8.91689100e+00
 1.06015695e+03 -8.91853800e+00
 1.06101643e+03 -8.91661600e+00
 1.06187590e+03 -8.91496800e+00
 1.06273538e+03 -8.91771500e+00
 1.06359486e+03 -8.94763966e+00
 1.06445433e+03 -8.94765000e+00
 1.06531381e+03 -8.94215700e+00
 1.06617328e+03 -8.94111953e+00
 1.06703276e+03 -8.94325500e+00
 1.06789223e+03 -8.91606700e+00
 1.06875171e+03 -8.91744000e+00
 1.06961118e+03 -8.86828000e+00
 1.07047066e+03 -8.91908800e+00
 1.07133014e+03 -8.86663200e+00
 1.07218961e+03 -8.86196300e+00
 1.07304909e+03 -8.91908800e+00
 1.07390856e+03 -8.91551700e+00
 1.07476804e+03 -8.91744000e+00
 1.07562751e+03 -8.94682600e+00
 1.07648699e+03 -8.94792500e+00
 1.07734646e+03 -8.94545200e+00
 1.07820594e+03 -9.00752000e+00
 1.07906542e+03 -8.98417600e+00
 1.07992489e+03 -8.92430500e+00
 1.08078437e+03 -8.92046100e+00
 1.08164384e+03 -8.92018600e+00
 1.08250332e+03 -8.91908800e+00
 1.08336279e+03 -8.92155900e+00
 1.08422227e+03 -8.91689100e+00
 1.08508174e+03 -8.92101000e+00
 1.08594122e+03 -8.91881300e+00
 1.08680070e+03 -8.92018600e+00
 1.08766017e+03 -8.86910400e+00
 1.08851965e+03 -8.91744000e+00
 1.08937912e+03 -8.91826400e+00
 1.09023860e+03 -8.89903900e+00
 1.09109807e+03 -8.90043898e+00
 1.09195755e+03 -8.94737500e+00
 1.09281703e+03 -8.90590500e+00
 1.09367650e+03 -8.86378324e+00
 1.09453598e+03 -8.86306200e+00
 1.09539545e+03 -8.86635800e+00
 1.09625493e+03 -8.89133254e+00
 1.09711440e+03 -8.89546900e+00
 1.09797388e+03 -8.86937900e+00
 1.09883335e+03 -8.86388600e+00
 1.09969283e+03 -8.83010600e+00
 1.10055231e+03 -8.86882900e+00
 1.10141178e+03 -8.86635800e+00
 1.10227126e+03 -8.86251300e+00
 1.10313073e+03 -8.86361200e+00
 1.10399021e+03 -8.85702000e+00
 1.10484968e+03 -8.86361200e+00
 1.10570916e+03 -8.77188400e+00
 1.10656863e+03 -8.83093000e+00
 1.10742811e+03 -8.83257800e+00
 1.10828759e+03 -8.77298200e+00
 1.10914706e+03 -8.82900700e+00
 1.11000654e+03 -8.85729500e+00
 1.11086601e+03 -8.86251300e+00
 1.11172549e+03 -8.85866800e+00
 1.11258496e+03 -8.83147900e+00
 1.11344444e+03 -8.77106000e+00
 1.11430391e+03 -8.82571200e+00
 1.11516339e+03 -8.85537300e+00
 1.11602287e+03 -8.86059000e+00
 1.11688234e+03 -8.85702000e+00
 1.11774182e+03 -8.86031500e+00
 1.11860129e+03 -8.83285300e+00
 1.11946077e+03 -8.82955600e+00
 1.12032024e+03 -8.77270700e+00
 1.12117972e+03 -8.78369300e+00
 1.12203920e+03 -8.76529200e+00
 1.12289867e+03 -8.73068800e+00
 1.12375815e+03 -8.73542756e+00
 1.12461762e+03 -8.75705300e+00
 1.12547710e+03 -8.73370900e+00
 1.12633657e+03 -8.62907300e+00
 1.12719605e+03 -8.76199700e+00
 1.12805552e+03 -8.62413000e+00
 1.12891500e+03 -8.62522900e+00
 1.12977448e+03 -8.65269200e+00
 1.13063395e+03 -8.65159300e+00
 1.13149343e+03 -8.58952600e+00
 1.13235290e+03 -8.61479200e+00
 1.13321238e+03 -8.53130300e+00
 1.13407185e+03 -8.56178800e+00
 1.13493133e+03 -8.59556800e+00
 1.13579080e+03 -8.58458300e+00
 1.13665028e+03 -8.58458300e+00
 1.13750976e+03 -8.61479200e+00
 1.13836923e+03 -8.53405000e+00
 1.13922871e+03 -8.61287000e+00
 1.14008818e+03 -8.46676400e+00
 1.14094766e+03 -8.49560100e+00
 1.14180713e+03 -8.49395300e+00
 1.14266661e+03 -8.49944600e+00
 1.14352608e+03 -8.46512708e+00
 1.14438556e+03 -8.49477700e+00
 1.14524504e+03 -8.37421200e+00
 1.14610451e+03 -8.37668400e+00
 1.14696399e+03 -8.46978500e+00
 1.14782346e+03 -8.39398600e+00
 1.14868294e+03 -8.37503600e+00
 1.14954241e+03 -8.37448700e+00
 1.15040189e+03 -8.31379300e+00
 1.15126136e+03 -8.22948000e+00
 1.15212084e+03 -8.13390700e+00
 1.15298032e+03 -8.13225900e+00
 1.15383979e+03 -8.13418200e+00
 1.15469927e+03 -8.13171000e+00
 1.15555874e+03 -8.10973900e+00
 1.15641822e+03 -8.10726700e+00
 1.15727769e+03 -8.10589400e+00
 1.15813717e+03 -8.05893200e+00
 1.15899665e+03 -8.05536100e+00
 1.15985612e+03 -8.02020800e+00
 1.16071560e+03 -7.98670300e+00
 1.16157507e+03 -8.02487700e+00
 1.16243455e+03 -8.02158100e+00
 1.16329402e+03 -7.98835000e+00
 1.16415350e+03 -7.98587900e+00
 1.16501297e+03 -7.98615400e+00
 1.16587245e+03 -7.94012389e+00
 1.16673193e+03 -7.94056400e+00
 1.16759140e+03 -7.93974000e+00
 1.16845088e+03 -7.93916515e+00
 1.16931035e+03 -7.93974000e+00
 1.17016983e+03 -7.93699400e+00
 1.17102930e+03 -7.93507100e+00
 1.17188878e+03 -7.93726800e+00
 1.17274825e+03 -7.96610500e+00
 1.17360773e+03 -7.90129200e+00
 1.17446721e+03 -7.86943400e+00
 1.17532668e+03 -7.86256800e+00
 1.17618616e+03 -7.87932100e+00
 1.17704563e+03 -7.87822200e+00
 1.17790511e+03 -7.78512100e+00
 1.17876458e+03 -7.78594500e+00
 1.17962406e+03 -7.72662400e+00
 1.18048353e+03 -7.75353800e+00
 1.18134301e+03 -7.63956500e+00
 1.18220249e+03 -7.66565400e+00
 1.18306196e+03 -7.57200400e+00
 1.18392144e+03 -7.56953300e+00
 1.18478091e+03 -7.48879000e+00
 1.18564039e+03 -7.54344200e+00
 1.18649986e+03 -7.49016300e+00
 1.18735934e+03 -7.41765900e+00
 1.18821882e+03 -7.30148900e+00
 1.18907829e+03 -7.30011600e+00
 1.18993777e+03 -7.20783800e+00
 1.19079724e+03 -7.13533500e+00
 1.19165672e+03 -7.13313800e+00
 1.19251619e+03 -7.04086100e+00
 1.19337567e+03 -7.03729000e+00
 1.19423514e+03 -6.93155600e+00
 1.19509462e+03 -6.88349500e+00
 1.19595410e+03 -6.86750079e+00
 1.19681357e+03 -6.86207300e+00
 1.19767305e+03 -6.82115300e+00
 1.19853252e+03 -6.63187451e+00
 1.19939200e+03 -6.65225200e+00
 1.20025147e+03 -6.48252800e+00
 1.20111095e+03 -6.47925461e+00
 1.20197042e+03 -6.47676100e+00
 1.20282990e+03 -6.40618000e+00
 1.20368938e+03 -6.30786000e+00
 1.20454885e+03 -6.13209400e+00
 1.20540833e+03 -6.15928300e+00
 1.20626780e+03 -6.11204600e+00
 1.20712728e+03 -6.00548800e+00
 1.20798675e+03 -5.93682900e+00
 1.20884623e+03 -5.93216000e+00
 1.20970570e+03 -5.88766900e+00
 1.21056518e+03 -5.77699200e+00
 1.21142466e+03 -5.76600600e+00
 1.21228413e+03 -5.76600600e+00
 1.21314361e+03 -5.56634700e+00
 1.21400308e+03 -5.56552300e+00
 1.21486256e+03 -5.47544200e+00
 1.21572203e+03 -5.56003000e+00
 1.21658151e+03 -5.35707500e+00
 1.21744099e+03 -5.28567000e+00
 1.21830046e+03 -5.24282700e+00
 1.21915994e+03 -5.23843300e+00
 1.22001941e+03 -5.10193900e+00
 1.22087889e+03 -5.03355500e+00
 1.22173836e+03 -5.02861200e+00
 1.22259784e+03 -4.93880600e+00
 1.22345731e+03 -4.93358800e+00
 1.22431679e+03 -4.83142400e+00
 1.22517627e+03 -4.85614100e+00
 1.22603574e+03 -4.81181708e+00
 1.22689522e+03 -4.81741800e+00
 1.22775469e+03 -4.64137700e+00
 1.22861417e+03 -4.66543335e+00
 1.22947364e+03 -4.57464100e+00
 1.23033312e+03 -4.56420400e+00
 1.23119259e+03 -4.39925196e+00
 1.23205207e+03 -4.38761500e+00
 1.23291155e+03 -4.38953700e+00
 1.23377102e+03 -4.37662900e+00
 1.23463050e+03 -4.26787400e+00
 1.23548997e+03 -4.27007100e+00
 1.23634945e+03 -4.15362600e+00
 1.23720892e+03 -4.11380300e+00
 1.23806840e+03 -4.10474100e+00
 1.23892787e+03 -4.10446600e+00
 1.23978735e+03 -4.06464400e+00
 1.24064683e+03 -3.99873200e+00
 1.24150630e+03 -3.99680900e+00
 1.24236578e+03 -3.92265800e+00
 1.24322525e+03 -3.88585700e+00
 1.24408473e+03 -3.88997600e+00
 1.24494420e+03 -3.83120400e+00
 1.24580368e+03 -3.82571200e+00
 1.24666315e+03 -3.81555000e+00
 1.24752263e+03 -3.81198000e+00
 1.24838211e+03 -3.58705400e+00
 1.24924158e+03 -3.61369400e+00
 1.25010106e+03 -3.58320900e+00
 1.25096053e+03 -3.55876700e+00
 1.25182001e+03 -3.55739400e+00
 1.25267948e+03 -3.55492200e+00
 1.25353896e+03 -3.52718416e+00
 1.25439844e+03 -3.51702200e+00
 1.25525791e+03 -3.36789600e+00
 1.25611739e+03 -3.33649894e+00
 1.25697686e+03 -3.33768600e+00
 1.25783634e+03 -3.39893000e+00
 1.25869581e+03 -3.31903863e+00
 1.25955529e+03 -3.22838100e+00
 1.26041476e+03 -3.23085300e+00
 1.26127424e+03 -3.27750323e+00
 1.26213372e+03 -3.17839800e+00
 1.26299319e+03 -3.10671800e+00
 1.26385267e+03 -3.10479600e+00
 1.26471214e+03 -3.09710600e+00
 1.26557162e+03 -3.06451400e+00
 1.26643109e+03 -3.06909300e+00
 1.26729057e+03 -3.13500500e+00
 1.26815004e+03 -3.03311600e+00
 1.26900952e+03 -3.03970700e+00
 1.26986900e+03 -3.06662100e+00
 1.27072847e+03 -3.03915800e+00
 1.27158795e+03 -2.92683200e+00
 1.27244742e+03 -2.92024100e+00
 1.27330690e+03 -2.91792876e+00
 1.27416637e+03 -2.91145300e+00
 1.27502585e+03 -2.89827000e+00
 1.27588532e+03 -2.91457257e+00
 1.27674480e+03 -2.90980500e+00
 1.27760428e+03 -2.83125900e+00
 1.27846375e+03 -2.83046631e+00
 1.27932323e+03 -2.85899800e+00
 1.28018270e+03 -2.80132400e+00
 1.28104218e+03 -2.76562207e+00
 1.28190165e+03 -2.76726900e+00
 1.28276113e+03 -2.73239100e+00
 1.28362061e+03 -2.76287500e+00
 1.28448008e+03 -2.62665700e+00
 1.28533956e+03 -2.76205100e+00
 1.28619903e+03 -2.76287500e+00
 1.28705851e+03 -2.75710800e+00
 1.28791798e+03 -2.63214900e+00
 1.28877746e+03 -2.65357100e+00
 1.28963693e+03 -2.64972600e+00
 1.29049641e+03 -2.61786800e+00
 1.29135589e+03 -2.58408800e+00
 1.29221536e+03 -2.61484700e+00
 1.29307484e+03 -2.46544600e+00
 1.29393431e+03 -2.47093900e+00
 1.29479379e+03 -2.61814300e+00
 1.29565326e+03 -2.58656000e+00
 1.29651274e+03 -2.56678600e+00
 1.29737221e+03 -2.47313600e+00
 1.29823169e+03 -2.49400800e+00
 1.29909117e+03 -2.49455700e+00
 1.29995064e+03 -2.46956500e+00
 1.30081012e+03 -2.56623700e+00
 1.30166959e+03 -2.47066400e+00
 1.30252907e+03 -2.49208500e+00
 1.30338854e+03 -2.32109188e+00
 1.30424802e+03 -2.38387900e+00
 1.30510749e+03 -2.40942000e+00
 1.30596697e+03 -2.33482489e+00
 1.30682645e+03 -2.32346000e+00
 1.30768592e+03 -2.40804700e+00
 1.30854540e+03 -2.35302710e+00
 1.30940487e+03 -2.28830700e+00
 1.31026435e+03 -2.40832200e+00
 1.31112382e+03 -2.40887100e+00
 1.31198330e+03 -2.31549500e+00
 1.31284278e+03 -2.28144100e+00
 1.31370225e+03 -2.34982500e+00
 1.31456173e+03 -2.31329800e+00
 1.31542120e+03 -2.28006700e+00
 1.31628068e+03 -2.29654600e+00
 1.31714015e+03 -2.30313700e+00
 1.31799963e+03 -2.31357300e+00
 1.31885910e+03 -2.31604500e+00
 1.31971858e+03 -2.27127900e+00
 1.32057806e+03 -2.16362200e+00
 1.32143753e+03 -2.16609400e+00
 1.32229701e+03 -2.13258900e+00
 1.32315648e+03 -2.23255600e+00
 1.32401596e+03 -2.23145700e+00
 1.32487543e+03 -2.23338000e+00
 1.32573491e+03 -2.16334800e+00
 1.32659438e+03 -2.11116700e+00
 1.32745386e+03 -2.11254000e+00
 1.32831334e+03 -2.13561000e+00
 1.32917281e+03 -2.12709600e+00
 1.33003229e+03 -2.13231400e+00
 1.33089176e+03 -2.15478949e+00
 1.33175124e+03 -2.08535100e+00
 1.33261071e+03 -2.08452800e+00
 1.33347019e+03 -2.13595700e+00
 1.33432966e+03 -2.08947100e+00
 1.33518914e+03 -2.12846900e+00
 1.33604862e+03 -2.13076203e+00
 1.33690809e+03 -2.13396200e+00
 1.33776757e+03 -2.11913200e+00
 1.33862704e+03 -2.05884886e+00
 1.33948652e+03 -2.05431800e+00
 1.34034599e+03 -2.05816300e+00
 1.34120547e+03 -2.05223817e+00
 1.34206494e+03 -2.05212100e+00
 1.34292442e+03 -2.02053800e+00
 1.34378390e+03 -2.05239500e+00
 1.34464337e+03 -2.05651500e+00
 1.34550285e+03 -2.01861500e+00
 1.34636232e+03 -2.05459200e+00
 1.34722180e+03 -2.05788800e+00
 1.34808127e+03 -2.02026300e+00
 1.34894075e+03 -2.02081200e+00
 1.34980023e+03 -2.01586900e+00
 1.35065970e+03 -1.98400986e+00
 1.35151918e+03 -1.98813100e+00
 1.35237865e+03 -1.98044100e+00
 1.35323813e+03 -2.02147656e+00
 1.35409760e+03 -2.02410800e+00
 1.35495708e+03 -2.02438300e+00
 1.35581655e+03 -1.98952446e+00
 1.35667603e+03 -2.02603000e+00
 1.35753551e+03 -1.98868000e+00
 1.35839498e+03 -2.01249211e+00
 1.35925446e+03 -1.98456000e+00
 1.36011393e+03 -2.01394600e+00
 1.36097341e+03 -1.96948594e+00
 1.36183288e+03 -1.96835700e+00
 1.36269236e+03 -2.01367200e+00
 1.36355183e+03 -1.97041294e+00
 1.36441131e+03 -1.96698400e+00
 1.36527079e+03 -1.93622500e+00
 1.36613026e+03 -1.93542120e+00
 1.36698974e+03 -1.93897100e+00
 1.36784921e+03 -1.89969800e+00
 1.36870869e+03 -1.93532991e+00
 1.36956816e+03 -1.93869600e+00
 1.37042764e+03 -1.96890600e+00
 1.37128711e+03 -1.97137800e+00
 1.37214659e+03 -1.96863200e+00
 1.37300607e+03 -1.94748500e+00
 1.37386554e+03 -1.93018300e+00
 1.37472502e+03 -1.92908400e+00
 1.37558449e+03 -1.90381800e+00
 1.37644397e+03 -1.89860000e+00
 1.37730344e+03 -1.90052200e+00
 1.37816292e+03 -1.89942400e+00
 1.37902240e+03 -1.90024800e+00
 1.37988187e+03 -1.89722700e+00
 1.38074135e+03 -1.93047731e+00
 1.38160082e+03 -1.92771100e+00
 1.38246030e+03 -1.92606300e+00
 1.38331977e+03 -1.90226264e+00
 1.38417925e+03 -1.89310700e+00
 1.38503872e+03 -1.90326900e+00
 1.38589820e+03 -1.90145294e+00
 1.38675768e+03 -1.90107200e+00
 1.38761715e+03 -1.90079700e+00
 1.38847663e+03 -1.92839665e+00
 1.38933610e+03 -1.92826000e+00
 1.39019558e+03 -1.83241300e+00
 1.39105505e+03 -1.83268700e+00
 1.39191453e+03 -1.82499800e+00
 1.39277400e+03 -1.82692000e+00
 1.39363348e+03 -1.85438400e+00
 1.39449296e+03 -1.86097500e+00
 1.39535243e+03 -1.86399600e+00
 1.39621191e+03 -1.86070000e+00
 1.39707138e+03 -1.82801900e+00
 1.39793086e+03 -1.85960200e+00
 1.39879033e+03 -1.85685500e+00
 1.39964981e+03 -1.82417400e+00
 1.40050928e+03 -1.82197700e+00
 1.40136876e+03 -1.95874500e+00
 1.40222824e+03 -2.01504500e+00
 1.40308771e+03 -2.01147500e+00
 1.40394719e+03 -2.01394600e+00
 1.40480666e+03 -2.16032700e+00
 1.40566614e+03 -2.23173200e+00
 1.40652561e+03 -2.38827400e+00
 1.40738509e+03 -2.56266700e+00
 1.40824457e+03 -2.64862700e+00
 1.40910404e+03 -2.65192300e+00
 1.40996352e+03 -2.77001600e+00
 1.41082299e+03 -2.88502472e+00
 1.41168247e+03 -2.97764000e+00
 1.41254194e+03 -3.13528000e+00
 1.41340142e+03 -3.32391784e+00
 1.41426089e+03 -3.36514900e+00
 1.41512037e+03 -3.65324100e+00
 1.41597985e+03 -3.74942819e+00
 1.41683932e+03 -3.77874900e+00
 1.41769880e+03 -3.88311000e+00
 1.41855827e+03 -3.96924594e+00
 1.41941775e+03 -4.07453100e+00
 1.42027722e+03 -4.33543400e+00
 1.42113670e+03 -4.33653200e+00
 1.42199617e+03 -4.55596600e+00
 1.42285565e+03 -4.63863100e+00
 1.42371513e+03 -4.81247400e+00
 1.42457460e+03 -4.89925900e+00
 1.42543408e+03 -5.05085700e+00
 1.42629355e+03 -5.05113200e+00
 1.42715303e+03 -5.11594600e+00
 1.42801250e+03 -5.32411900e+00
 1.42887198e+03 -5.41310000e+00
 1.42973145e+03 -5.50455400e+00
 1.43059093e+03 -5.60957338e+00
 1.43145041e+03 -5.62566800e+00
 1.43230988e+03 -5.85910800e+00
 1.43316936e+03 -5.91368458e+00
 1.43402883e+03 -5.91073900e+00
 1.43488831e+03 -5.86130400e+00
 1.43574778e+03 -5.92337135e+00
 1.43660726e+03 -6.02773300e+00
 1.43746673e+03 -6.02581100e+00
 1.43832621e+03 -6.22309255e+00
 1.43918569e+03 -6.22821600e+00
 1.44004516e+03 -6.24853900e+00
 1.44090464e+03 -6.35451786e+00
 1.44176411e+03 -6.37377300e+00
 1.44262359e+03 -6.52180100e+00
 1.44348306e+03 -6.59625434e+00
 1.44434254e+03 -6.62369100e+00
 1.44520202e+03 -6.80851900e+00
 1.44606149e+03 -6.84202010e+00
 1.44692097e+03 -6.85932700e+00
 1.44778044e+03 -6.91095800e+00
 1.44863992e+03 -6.93164976e+00
 1.44949939e+03 -6.97906800e+00
 1.45035887e+03 -7.03866300e+00
 1.45121834e+03 -7.08848587e+00
 1.45207782e+03 -7.11254000e+00
 1.45293730e+03 -7.11693500e+00
 1.45379677e+03 -7.16005200e+00
 1.45465625e+03 -7.26578700e+00
 1.45551572e+03 -7.26221700e+00
 1.45637520e+03 -7.31274900e+00
 1.45723467e+03 -7.33719200e+00
 1.45809415e+03 -7.47917700e+00
 1.45895362e+03 -7.48110000e+00
 1.45981310e+03 -7.50993600e+00
 1.46067258e+03 -7.53865164e+00
 1.46153205e+03 -7.51103500e+00
 1.46239153e+03 -7.57365200e+00
 1.46325100e+03 -7.65608437e+00
 1.46411048e+03 -7.66428100e+00
 1.46496995e+03 -7.63434600e+00
 1.46582943e+03 -7.66110073e+00
 1.46668890e+03 -7.75216400e+00
 1.46754838e+03 -7.63874100e+00
 1.46840786e+03 -7.74215771e+00
 1.46926733e+03 -7.75408700e+00
 1.47012681e+03 -7.72442700e+00
 1.47098628e+03 -7.67678254e+00
 1.47184576e+03 -7.72085600e+00
 1.47270523e+03 -7.75326300e+00
 1.47356471e+03 -7.81203500e+00
 1.47442419e+03 -7.73129200e+00
 1.47528366e+03 -7.80956300e+00
 1.47614314e+03 -7.81083061e+00
 1.47700261e+03 -7.81121100e+00
 1.47786209e+03 -7.78292300e+00
 1.47872156e+03 -7.83008167e+00
 1.47958104e+03 -7.78127600e+00
 1.48044051e+03 -7.81368200e+00
 1.48129999e+03 -7.83799110e+00
 1.48215947e+03 -7.86339200e+00
 1.48301894e+03 -7.78539600e+00
 1.48387842e+03 -7.83510400e+00
 1.48473789e+03 -7.85954700e+00
 1.48559737e+03 -7.86064600e+00
 1.48645684e+03 -7.86449000e+00
 1.48731632e+03 -7.87080700e+00
 1.48817579e+03 -7.83569591e+00
 1.48903527e+03 -7.83510400e+00
 1.48989475e+03 -7.89827000e+00
 1.49075422e+03 -7.86851418e+00
 1.49161370e+03 -7.86421500e+00
 1.49247317e+03 -7.83482900e+00
 1.49333265e+03 -7.86500666e+00
 1.49419212e+03 -7.87190500e+00
 1.49505160e+03 -7.89881900e+00
 1.49591107e+03 -7.89628786e+00
 1.49677055e+03 -7.89607300e+00
 1.49763003e+03 -7.89277800e+00
 1.49848950e+03 -7.93613337e+00
 1.49934898e+03 -7.93891600e+00
 1.50020845e+03 -7.94221200e+00
 1.50106793e+03 -7.94144045e+00
 1.50192740e+03 -7.94276100e+00
 1.50278688e+03 -7.99137100e+00
 1.50364636e+03 -7.97331087e+00
 1.50450583e+03 -7.97022400e+00
 1.50536531e+03 -7.97022400e+00
 1.50622478e+03 -7.96810714e+00
 1.50708426e+03 -7.96747800e+00
 1.50794373e+03 -7.97077400e+00
 1.50880321e+03 -7.94152976e+00
 1.50966268e+03 -7.87025800e+00
 1.51052216e+03 -7.83757600e+00
 1.51138164e+03 -7.83592800e+00
 1.51224111e+03 -7.84993500e+00
 1.51310059e+03 -7.75518600e+00
 1.51396006e+03 -7.73101700e+00
 1.51481954e+03 -7.75189000e+00
 1.51567901e+03 -7.75518600e+00
 1.51653849e+03 -7.57804600e+00
 1.51739796e+03 -7.56706100e+00
 1.51825744e+03 -7.49294609e+00
 1.51911692e+03 -7.49236000e+00
 1.51997639e+03 -7.51927400e+00
 1.52083587e+03 -7.30846633e+00
 1.52169534e+03 -7.17076300e+00
 1.52255482e+03 -7.12160300e+00
 1.52341429e+03 -7.00437561e+00
 1.52427377e+03 -6.96423700e+00
 1.52513324e+03 -6.86564400e+00
 1.52599272e+03 -6.75471704e+00
 1.52685220e+03 -6.58359400e+00
 1.52771167e+03 -6.56189800e+00
 1.52857115e+03 -6.31732154e+00
 1.52943062e+03 -6.13676300e+00
 1.53029010e+03 -6.03542300e+00
 1.53114957e+03 -6.03597200e+00
 1.53200905e+03 -5.98406600e+00
 1.53286852e+03 -5.89535900e+00
 1.53372800e+03 -5.77232300e+00
 1.53458748e+03 -5.66137000e+00
 1.53544695e+03 -5.56360000e+00
 1.53630643e+03 -5.57074100e+00
 1.53716590e+03 -5.33290700e+00
 1.53802538e+03 -5.35762400e+00
 1.53888485e+03 -5.27386100e+00
 1.53974433e+03 -5.11786800e+00
 1.54060381e+03 -5.02138122e+00
 1.54146328e+03 -4.98769100e+00
 1.54232276e+03 -4.83774100e+00
 1.54318223e+03 -4.78653893e+00
 1.54404171e+03 -4.78995400e+00
 1.54490118e+03 -4.75754700e+00
 1.54576066e+03 -4.57464100e+00
 1.54662013e+03 -4.38514300e+00
 1.54747961e+03 -4.39036100e+00
 1.54833909e+03 -4.40781079e+00
 1.54919856e+03 -4.41013500e+00
 1.55005804e+03 -4.23299500e+00
 1.55091751e+03 -4.27489535e+00
 1.55177699e+03 -4.16131500e+00
 1.55263646e+03 -4.04075100e+00
 1.55349594e+03 -4.03773219e+00
 1.55435541e+03 -4.01411100e+00
 1.55521489e+03 -3.92265800e+00
 1.55607437e+03 -3.89071662e+00
 1.55693384e+03 -3.88750500e+00
 1.55779332e+03 -3.81802200e+00
 1.55865279e+03 -3.80870370e+00
 1.55951227e+03 -3.74606800e+00
 1.56037174e+03 -3.64225600e+00
 1.56123122e+03 -3.64198100e+00
 1.56209069e+03 -3.61973600e+00
 1.56295017e+03 -3.53487400e+00
 1.56380965e+03 -3.56014000e+00
 1.56466912e+03 -3.40661900e+00
 1.56552860e+03 -3.37229000e+00
 1.56638807e+03 -3.37448700e+00
 1.56724755e+03 -3.40249900e+00
 1.56810702e+03 -3.30303325e+00
 1.56896650e+03 -3.28935000e+00
 1.56982598e+03 -3.31461700e+00
 1.57068545e+03 -3.23536408e+00
 1.57154493e+03 -3.17565100e+00
 1.57240440e+03 -3.10973900e+00
 1.57326388e+03 -3.10157899e+00
 1.57412335e+03 -3.10232400e+00
 1.57498283e+03 -3.10424600e+00
 1.57584230e+03 -3.04047042e+00
 1.57670178e+03 -3.03833400e+00
 1.57756126e+03 -2.98835000e+00
 1.57842073e+03 -2.98390132e+00
 1.57928021e+03 -2.97956200e+00
 1.58013968e+03 -2.98038600e+00
 1.58099916e+03 -2.92999149e+00
 1.58185863e+03 -2.92161400e+00
 1.58271811e+03 -2.86998300e+00
 1.58357758e+03 -2.83798196e+00
 1.58443706e+03 -2.85982100e+00
 1.58529654e+03 -2.85844800e+00
 1.58615601e+03 -2.84329370e+00
 1.58701549e+03 -2.80352100e+00
 1.58787496e+03 -2.73980600e+00
 1.58873444e+03 -2.76726900e+00
 1.58959391e+03 -2.76919200e+00
 1.59045339e+03 -2.59177800e+00
 1.59131286e+03 -2.59425000e+00
 1.59217234e+03 -2.76095300e+00
 1.59303182e+03 -2.76205100e+00
 1.59389129e+03 -2.59342600e+00
 1.59475077e+03 -2.61951600e+00
 1.59561024e+03 -2.54152000e+00
 1.59646972e+03 -2.58079200e+00
 1.59732919e+03 -2.54509000e+00
 1.59818867e+03 -2.61786325e+00
 1.59904815e+03 -2.62253700e+00
 1.59990762e+03 -2.47505800e+00
 1.60076710e+03 -2.49816891e+00
 1.60162657e+03 -2.42123000e+00
 1.60248605e+03 -2.54481500e+00
 1.60334552e+03 -2.51047286e+00
 1.60420500e+03 -2.50334600e+00
 1.60506447e+03 -2.38497800e+00
 1.60592395e+03 -2.49985393e+00
 1.60678343e+03 -2.41738500e+00
 1.60764290e+03 -2.32895200e+00
 1.60850238e+03 -2.32593100e+00
 1.60936185e+03 -2.41299100e+00
 1.61022133e+03 -2.34186000e+00
 1.61108080e+03 -2.32126300e+00
 1.61194028e+03 -2.41793400e+00
 1.61279975e+03 -2.35614100e+00
 1.61365923e+03 -2.29132800e+00
 1.61451871e+03 -2.32565700e+00
 1.61537818e+03 -2.32043900e+00
 1.61623766e+03 -2.32291100e+00
 1.61709713e+03 -2.31604500e+00
 1.61795661e+03 -2.28857692e+00
 1.61881608e+03 -2.35174700e+00
 1.61967556e+03 -2.27649700e+00
 1.62053503e+03 -2.24024500e+00
 1.62139451e+03 -2.24189300e+00
 1.62225399e+03 -2.28885600e+00
 1.62311346e+03 -2.31247400e+00
 1.62397294e+03 -2.28913000e+00
 1.62483241e+03 -2.24271700e+00
 1.62569189e+03 -2.27375100e+00
 1.62655136e+03 -2.17680500e+00
 1.62741084e+03 -2.23887200e+00
 1.62827031e+03 -2.29108525e+00
 1.62912979e+03 -2.28858100e+00
 1.62998927e+03 -2.24354100e+00
 1.63084874e+03 -2.14116661e+00
 1.63170822e+03 -2.16746700e+00
 1.63256769e+03 -2.17241100e+00
 1.63342717e+03 -2.13834584e+00
 1.63428664e+03 -2.11995500e+00
 1.63514612e+03 -2.08864700e+00
 1.63600560e+03 -2.08892200e+00
 1.63686507e+03 -2.24106900e+00
 1.63772455e+03 -2.12077900e+00
 1.63858402e+03 -2.12215200e+00
 1.63944350e+03 -2.16993900e+00
 1.64030297e+03 -2.11748400e+00
 1.64116245e+03 -2.11666000e+00
 1.64202192e+03 -2.11748400e+00
 1.64288140e+03 -2.11501200e+00
 1.64374088e+03 -2.08645000e+00
 1.64460035e+03 -2.03262200e+00
 1.64545983e+03 -2.09002000e+00
 1.64631930e+03 -2.08754900e+00
 1.64717878e+03 -2.09414000e+00
 1.64803825e+03 -2.11666000e+00
 1.64889773e+03 -2.09194300e+00
 1.64975720e+03 -2.03015000e+00
 1.65061668e+03 -2.02196834e+00
 1.65147616e+03 -2.03289600e+00
 1.65233563e+03 -2.02712900e+00
 1.65319511e+03 -2.05151061e+00
 1.65405458e+03 -2.05761300e+00
 1.65491406e+03 -2.02328400e+00
 1.65577353e+03 -2.09220594e+00
 1.65663301e+03 -2.09084400e+00
 1.65749248e+03 -1.99884200e+00
 1.65835196e+03 -2.10747460e+00
 1.65921144e+03 -2.11913200e+00
 1.66007091e+03 -2.03152300e+00
 1.66093039e+03 -2.08872429e+00
 1.66178986e+03 -2.05871200e+00
 1.66264934e+03 -2.05733900e+00
 1.66350881e+03 -2.11752655e+00
 1.66436829e+03 -2.16939000e+00
 1.66522777e+03 -2.27210300e+00
 1.66608724e+03 -2.31336303e+00
 1.66694672e+03 -2.49922600e+00
 1.66780619e+03 -2.47313600e+00
 1.66866567e+03 -2.65443318e+00
 1.66952514e+03 -2.80242300e+00
 1.67038462e+03 -2.91831900e+00
 1.67124409e+03 -2.91337500e+00
 1.67210357e+03 -3.06332600e+00
 1.67296305e+03 -3.17018545e+00
 1.67382252e+03 -3.32093300e+00
 1.67468200e+03 -3.38025400e+00
 1.67554147e+03 -3.59408815e+00
 1.67640095e+03 -3.61836300e+00
 1.67726042e+03 -3.76913700e+00
 1.67811990e+03 -3.83301197e+00
 1.67897937e+03 -3.93474200e+00
 1.67983885e+03 -4.04212400e+00
 1.68069833e+03 -4.22263073e+00
 1.68155780e+03 -4.30440000e+00
 1.68241728e+03 -4.38981200e+00
 1.68327675e+03 -4.60311468e+00
 1.68413623e+03 -4.66691800e+00
 1.68499570e+03 -4.79132800e+00
 1.68585518e+03 -4.87476914e+00
 1.68671465e+03 -4.94594700e+00
 1.68757413e+03 -5.12528300e+00
 1.68843361e+03 -5.13192991e+00
 1.68929308e+03 -5.13874000e+00
 1.69015256e+03 -5.29336000e+00
 1.69101203e+03 -5.50351173e+00
 1.69187151e+03 -5.54492500e+00
 1.69273098e+03 -5.76765400e+00
 1.69359046e+03 -5.78471576e+00
 1.69444994e+03 -5.83082000e+00
 1.69530941e+03 -5.92941400e+00
 1.69616889e+03 -5.96180825e+00
 1.69702836e+03 -6.08046300e+00
 1.69788784e+03 -6.25979239e+00
 1.69874731e+03 -6.26117300e+00
 1.69960679e+03 -6.31252900e+00
 1.70046626e+03 -6.38228700e+00
 1.70132574e+03 -6.38475800e+00
 1.70218522e+03 -6.55338400e+00
 1.70304469e+03 -6.58798239e+00
 1.70390417e+03 -6.65994200e+00
 1.70476364e+03 -6.76787300e+00
 1.70562312e+03 -6.74111050e+00
 1.70648259e+03 -6.73574100e+00
 1.70734207e+03 -6.85191200e+00
 1.70820154e+03 -6.90696097e+00
 1.70906102e+03 -6.94226700e+00
 1.70992050e+03 -6.98840500e+00
 1.71077997e+03 -7.04104829e+00
 1.71163945e+03 -7.12187800e+00
 1.71249892e+03 -7.12462400e+00
 1.71335840e+03 -7.23096247e+00
 1.71421787e+03 -7.26661000e+00
 1.71507735e+03 -7.26359000e+00
 1.71593682e+03 -7.26607213e+00
 1.71679630e+03 -7.27127900e+00
 1.71765578e+03 -7.42068100e+00
 1.71851525e+03 -7.41820900e+00
 1.71937473e+03 -7.41903300e+00
 1.72023420e+03 -7.48714200e+00
 1.72109368e+03 -7.52037300e+00
 1.72195315e+03 -7.57365200e+00
 1.72281263e+03 -7.57282800e+00
 1.72367210e+03 -7.60111500e+00
 1.72453158e+03 -7.57722300e+00
 1.72539106e+03 -7.67252100e+00
 1.72625053e+03 -7.67224600e+00
 1.72711001e+03 -7.76095300e+00
 1.72796948e+03 -7.75711030e+00
 1.72882896e+03 -7.64752800e+00
 1.72968843e+03 -7.75958000e+00
 1.73054791e+03 -7.76040300e+00
 1.73140739e+03 -7.76260000e+00
 1.73226686e+03 -7.72909500e+00
 1.73312634e+03 -7.72717300e+00
 1.73398581e+03 -7.81835200e+00
 1.73484529e+03 -7.80956300e+00
 1.73570476e+03 -7.73630419e+00
 1.73656424e+03 -7.77990300e+00
 1.73742371e+03 -7.79088800e+00
 1.73828319e+03 -7.81277903e+00
 1.73914267e+03 -7.81505600e+00
 1.74000214e+03 -7.83675200e+00
 1.74086162e+03 -7.73126396e+00
 1.74172109e+03 -7.81423200e+00
 1.74258057e+03 -7.83592800e+00
 1.74344004e+03 -7.84169600e+00
 1.74429952e+03 -7.78896600e+00
 1.74515899e+03 -7.86009600e+00
 1.74601847e+03 -7.86256800e+00
 1.74687795e+03 -7.83757600e+00
 1.74773742e+03 -7.83812600e+00
 1.74859690e+03 -7.83647700e+00
 1.74945637e+03 -7.84691300e+00
 1.75031585e+03 -7.90403800e+00
 1.75117532e+03 -7.90513600e+00
 1.75203480e+03 -7.84087200e+00
 1.75289427e+03 -7.83606885e+00
 1.75375375e+03 -7.87300400e+00
 1.75461323e+03 -7.90239000e+00
 1.75547270e+03 -7.87400489e+00
 1.75633218e+03 -7.86833500e+00
 1.75719165e+03 -7.87272900e+00
 1.75805113e+03 -7.87609105e+00
 1.75891060e+03 -7.87602500e+00
