 2.95974564e-04 3.73729017e+02
 2.97916074e-04 3.73724843e+02
 3.00653502e-04 3.73736138e+02
 3.06860822e-04 3.73735977e+02
 3.26225260e-04 3.73728291e+02
 3.35292910e-04 3.73745043e+02
 3.68419051e-04 3.73732529e+02
 3.58970495e-04 3.73741890e+02
 7.53513123e-04 3.73737863e+02
 5.19286375e-04 3.73743491e+02
 5.45722057e-04 3.73750506e+02
 3.89281922e-04 3.73746478e+02
 6.97195961e-04 3.73751547e+02
 7.35447249e-04 3.73759824e+02
 6.47151910e-04 3.73767708e+02
 8.50987817e-04 3.73771748e+02
 9.19648154e-04 3.73771453e+02
 9.58212539e-04 3.73776282e+02
 1.01992651e-03 3.73779419e+02
 1.13154264e-03 3.73780223e+02
 1.30564986e-03 3.73787615e+02
 1.34282349e-03 3.73798357e+02
 1.45937922e-03 3.73795794e+02
 1.55556824e-03 3.73809986e+02
 1.78804725e-03 3.73802693e+02
 1.84376200e-03 3.73823390e+02
 1.91112016e-03 3.73815407e+02
 2.04256516e-03 3.73827776e+02
 2.22737699e-03 3.73828570e+02
 2.36121297e-03 3.73843200e+02
 2.52511451e-03 3.73847734e+02
 2.64200648e-03 3.73859956e+02
 2.76286000e-03 3.73862519e+02
 2.92063275e-03 3.73866757e+02
 3.09233543e-03 3.73867349e+02
 3.25109249e-03 3.73873854e+02
 3.40377399e-03 3.73884143e+02
 3.55495673e-03 3.73887330e+02
 3.71596862e-03 3.73893470e+02
 3.86617173e-03 3.73904510e+02
 3.96998223e-03 3.73912495e+02
 4.17061446e-03 3.73913086e+02
 4.30737633e-03 3.73911608e+02
 4.53199386e-03 3.73926395e+02
 4.75116452e-03 3.73922451e+02
 4.91216344e-03 3.73939725e+02
 5.05477589e-03 3.73946392e+02
 5.19198005e-03 3.73959026e+02
 5.36045108e-03 3.73955378e+02
 5.63167746e-03 3.73958730e+02
 5.76248905e-03 3.73969279e+02
 5.89377549e-03 3.73979533e+02
 6.10185684e-03 3.73988307e+02
 6.28706006e-03 3.73990279e+02
 6.39456714e-03 3.73999646e+02
 6.69703212e-03 3.74003452e+02
 6.79506349e-03 3.74010188e+02
 7.01105142e-03 3.74022422e+02
 7.21453766e-03 3.74022915e+02
 7.32572763e-03 3.74028338e+02
 7.62151698e-03 3.74039086e+02
 7.69734608e-03 3.74040861e+02
 7.91812334e-03 3.74043918e+02
 8.02821446e-03 3.74047369e+02
 8.28680046e-03 3.74061244e+02
 8.45715735e-03 3.74065176e+02
 8.59412351e-03 3.74080009e+02
 8.85404639e-03 3.74082573e+02
 8.87010807e-03 3.74088786e+02
 9.22920642e-03 3.74095393e+02
 9.28523253e-03 3.74097366e+02
 9.42502343e-03 3.74102790e+02
 9.69771549e-03 3.74113539e+02
 9.96160300e-03 3.74123451e+02
 9.99148821e-03 3.74128455e+02
 1.02451356e-02 3.74134546e+02
 1.04573846e-02 3.74145592e+02
 1.05130322e-02 3.74149044e+02
 1.07201635e-02 3.74153286e+02
 1.09228541e-02 3.74158710e+02
 1.11889501e-02 3.74166108e+02
 1.13049386e-02 3.74171598e+02
 1.13195360e-02 3.74173796e+02
 1.15529642e-02 3.74186891e+02
 1.16772945e-02 3.74196828e+02
 1.19167586e-02 3.74200729e+02
 1.22449404e-02 3.74204971e+02
 1.22431643e-02 3.74210396e+02
 1.24614773e-02 3.74216413e+02
 1.25781761e-02 3.74220359e+02
 1.26623771e-02 3.74218393e+02
 1.28657148e-02 3.74227166e+02
 1.29062370e-02 3.74233946e+02
 1.31368592e-02 3.74235947e+02
 1.34230597e-02 3.74240779e+02
 1.34747642e-02 3.74243936e+02
 1.36823263e-02 3.74256958e+02
 1.39315321e-02 3.74260411e+02
 1.39385655e-02 3.74262384e+02
 1.40746535e-02 3.74268748e+02
 1.43126432e-02 3.74270400e+02
 1.43708312e-02 3.74283990e+02
 1.45625091e-02 3.74287640e+02
 1.47260351e-02 3.74293066e+02
 1.48593235e-02 3.74300170e+02
 1.52076843e-02 3.74306682e+02
 1.54308282e-02 3.74310924e+02
 1.54776821e-02 3.74312108e+02
 1.55328579e-02 3.74322074e+02
 1.57707826e-02 3.74324185e+02
 1.58305779e-02 3.74323741e+02
 1.58174341e-02 3.74333421e+02
 1.60201998e-02 3.74336282e+02
 1.64472508e-02 3.74343978e+02
 1.65470328e-02 3.74342202e+02
 1.63888359e-02 3.74347629e+02
 1.65863704e-02 3.74347333e+02
 1.68422665e-02 3.74358385e+02
 1.69352439e-02 3.74362574e+02
 1.70853432e-02 3.74366915e+02
 1.72537183e-02 3.74366377e+02
 1.71549387e-02 3.74371213e+02
 1.74020301e-02 3.74377429e+02
 1.75728451e-02 3.74378022e+02
 1.76003972e-02 3.74380587e+02
 1.78135546e-02 3.74385719e+02
 1.80031896e-02 3.74390554e+02
 1.80018951e-02 3.74394208e+02
 1.81361427e-02 3.74394617e+02
 1.83136403e-02 3.74405554e+02
 1.85193181e-02 3.74407330e+02
 1.84983041e-02 3.74412166e+02
 1.84355489e-02 3.74413548e+02
 1.89873363e-02 3.74417002e+02
 1.87916666e-02 3.74423515e+02
 1.88408575e-02 3.74428351e+02
 1.91280150e-02 3.74433779e+02
 1.91528477e-02 3.74436666e+02
 1.93445079e-02 3.74438812e+02
 1.95684741e-02 3.74444833e+02
 1.93560816e-02 3.74445721e+02
 1.94966533e-02 3.74455294e+02
 1.97739378e-02 3.74451346e+02
 1.97792495e-02 3.74454209e+02
 2.01324632e-02 3.74452235e+02
 1.98933742e-02 3.74461907e+02
 2.01333379e-02 3.74461465e+02
 2.02872259e-02 3.74470691e+02
 2.02382979e-02 3.74470395e+02
 2.06049410e-02 3.74473554e+02
 2.02488132e-02 3.74475232e+02
 2.07332079e-02 3.74479476e+02
 2.04333684e-02 3.74476613e+02
 2.09453388e-02 3.74484016e+02
 2.07125198e-02 3.74483720e+02
 2.10976480e-02 3.74490865e+02
 2.09126391e-02 3.74490305e+02
 2.10536893e-02 3.74494577e+02
 2.11744222e-02 3.74497440e+02
 2.12940360e-02 3.74501092e+02
 2.14630046e-02 3.74503954e+02
 2.12653736e-02 3.74504251e+02
 2.16521888e-02 3.74505336e+02
 2.13116875e-02 3.74514438e+02
 2.17276512e-02 3.74518465e+02
 2.19437193e-02 3.74521058e+02
 2.18324213e-02 3.74522117e+02
 2.20313167e-02 3.74524683e+02
 2.19542239e-02 3.74530705e+02
 2.18097438e-02 3.74527250e+02
 2.21720014e-02 3.74532087e+02
 2.24249924e-02 3.74527842e+02
 2.22095043e-02 3.74535246e+02
 2.25666589e-02 3.74541761e+02
 2.22526348e-02 3.74536881e+02
 2.24619266e-02 3.74541465e+02
 2.25422210e-02 3.74543735e+02
 2.26043141e-02 3.74552225e+02
 2.25704740e-02 3.74544624e+02
 2.28944060e-02 3.74545413e+02
 2.26238903e-02 3.74551139e+02
 2.25656745e-02 3.74554442e+02
 2.30504264e-02 3.74556891e+02
 2.27365583e-02 3.74557654e+02
 2.31762646e-02 3.74556300e+02
 2.32840691e-02 3.74560221e+02
 2.30176492e-02 3.74557062e+02
 2.32282738e-02 3.74560517e+02
 2.32208423e-02 3.74567329e+02
 2.31353297e-02 3.74573548e+02
 2.31732516e-02 3.74565355e+02
 2.34440981e-02 3.74570773e+02
 2.35699117e-02 3.74571870e+02
 2.33055430e-02 3.74578386e+02
 2.34978158e-02 3.74579571e+02
 2.36124523e-02 3.74586383e+02
 2.34689486e-02 3.74593491e+02
 2.35310189e-02 3.74594676e+02
 2.35668505e-02 3.74592109e+02
 2.39017926e-02 3.74586975e+02
 2.36827837e-02 3.74598853e+02
 2.36926784e-02 3.74598314e+02
 2.41002390e-02 3.74599214e+02
 2.39398676e-02 3.74599217e+02
 2.36655588e-02 3.74596354e+02
 2.40798254e-02 3.74598625e+02
 2.40274360e-02 3.74601981e+02
 2.40014977e-02 3.74605141e+02
 2.40853963e-02 3.74606029e+02
 2.41126721e-02 3.74609898e+02
 2.44028487e-02 3.74610275e+02
 2.41129849e-02 3.74613434e+02
 2.39727492e-02 3.74609682e+02
 2.44174075e-02 3.74613138e+02
 2.42161892e-02 3.74616199e+02
 2.41234606e-02 3.74613138e+02
 2.43391117e-02 3.74615409e+02
 2.46273012e-02 3.74620247e+02
 2.45441550e-02 3.74619654e+02
 2.45895846e-02 3.74623095e+02
 2.43173445e-02 3.74627652e+02
 2.43560219e-02 3.74637328e+02
 2.48114564e-02 3.74627355e+02
 2.45139380e-02 3.74627059e+02
 2.44303777e-02 3.74624492e+02
 2.46811679e-02 3.74629626e+02
 2.48989687e-02 3.74634761e+02
 2.48281241e-02 3.74634168e+02
 2.48865138e-02 3.74632295e+02
 2.45742704e-02 3.74637525e+02
 2.46125133e-02 3.74630416e+02
 2.49310520e-02 3.74635254e+02
 2.49201274e-02 3.74638118e+02
 2.47079834e-02 3.74640092e+02
 2.47900275e-02 3.74637328e+02
 2.52627525e-02 3.74644634e+02
 2.49765418e-02 3.74642363e+02
 2.49377000e-02 3.74643159e+02
 2.49286259e-02 3.74640489e+02
 2.49811030e-02 3.74644634e+02
 2.50913911e-02 3.74646115e+02
 2.50803322e-02 3.74643548e+02
 2.49453123e-02 3.74650065e+02
 2.48488482e-02 3.74654311e+02
 2.53065214e-02 3.74651250e+02
 2.55554985e-02 3.74649275e+02
 2.51664325e-02 3.74648979e+02
 2.51831790e-02 3.74647543e+02
 2.52385093e-02 3.74649275e+02
 2.52024922e-02 3.74652632e+02
 2.53748652e-02 3.74656384e+02
 2.54587812e-02 3.74654903e+02
 2.52385143e-02 3.74647794e+02
 2.49824981e-02 3.74654311e+02
 2.51932323e-02 3.74655792e+02
 2.55430749e-02 3.74659445e+02
 2.55241377e-02 3.74658006e+02
 2.54432169e-02 3.74665962e+02
 2.54765773e-02 3.74666555e+02
 2.53258986e-02 3.74662901e+02
 2.53369666e-02 3.74661420e+02
 2.53469473e-02 3.74665962e+02
 2.56335700e-02 3.74669122e+02
 2.52028423e-02 3.74668233e+02
 2.52112059e-02 3.74662901e+02
 2.56676841e-02 3.74662639e+02
 2.58127476e-02 3.74666581e+02
 2.54907492e-02 3.74661124e+02
 2.55777265e-02 3.74660630e+02
 2.54817057e-02 3.74669715e+02
 2.55900838e-02 3.74672282e+02
 2.56152820e-02 3.74669122e+02
 2.55868307e-02 3.74673072e+02
 2.56522545e-02 3.74669184e+02
 2.55765941e-02 3.74675331e+02
 2.53683428e-02 3.74672768e+02
 2.56723281e-02 3.74669418e+02
 2.58244441e-02 3.74668826e+02
 2.58144346e-02 3.74670011e+02
 2.58192881e-02 3.74675343e+02
 2.58055651e-02 3.74673368e+02
 2.56091492e-02 3.74674257e+02
 2.54614511e-02 3.74675589e+02
 2.55765487e-02 3.74673072e+02
 2.59718496e-02 3.74670676e+02
 2.57108003e-02 3.74670011e+02
 2.55623317e-02 3.74674553e+02
 2.55936426e-02 3.74670307e+02
 2.58705131e-02 3.74666555e+02
 2.58306640e-02 3.74669418e+02
 2.59853349e-02 3.74671393e+02
 2.59234758e-02 3.74673664e+02
 2.58615293e-02 3.74673525e+02
 2.55825128e-02 3.74681366e+02
 2.57963867e-02 3.74678207e+02
 2.60071090e-02 3.74677417e+02
 2.58978761e-02 3.74682255e+02
 2.56416922e-02 3.74681959e+02
 2.56940385e-02 3.74681959e+02
 2.59154597e-02 3.74683638e+02
 2.59263031e-02 3.74688476e+02
 2.60178633e-02 3.74688673e+02
 2.60935960e-02 3.74688316e+02
 2.60824105e-02 3.74692130e+02
 2.58976832e-02 3.74689859e+02
 2.55836849e-02 3.74690155e+02
 2.56477054e-02 3.74692426e+02
 2.58442279e-02 3.74694994e+02
 2.59083174e-02 3.74698944e+02
 2.60118287e-02 3.74695586e+02
 2.61258907e-02 3.74698528e+02
 2.61056315e-02 3.74695995e+02
 2.57956227e-02 3.74697561e+02
 2.59058631e-02 3.74696672e+02
 2.60608246e-02 3.74695882e+02
 2.63345735e-02 3.74696672e+02
 2.58428656e-02 3.74696672e+02
 2.57895982e-02 3.74695882e+02
 2.56998974e-02 3.74694994e+02
 2.60259069e-02 3.74692426e+02
 2.59028040e-02 3.74697089e+02
 2.60450718e-02 3.74699536e+02
 2.61180128e-02 3.74706054e+02
 2.61571197e-02 3.74701017e+02
 2.57393798e-02 3.74702104e+02
 2.57962856e-02 3.74697857e+02
 2.63239178e-02 3.74706646e+02
 2.62433074e-02 3.74697265e+02
 2.61061998e-02 3.74704671e+02
 2.57814401e-02 3.74700721e+02
 2.59183730e-02 3.74702289e+02
 2.58108764e-02 3.74702400e+02
 2.57787901e-02 3.74707535e+02
 2.61002256e-02 3.74702992e+02
 2.62889202e-02 3.74702104e+02
 2.63339022e-02 3.74702104e+02
 2.62253823e-02 3.74698944e+02
 2.58590450e-02 3.74701807e+02
 2.61272487e-02 3.74707943e+02
 2.60235393e-02 3.74706848e+02
 2.60972118e-02 3.74710695e+02
 2.60472027e-02 3.74709214e+02
 2.61916253e-02 3.74708917e+02
 2.57871424e-02 3.74710893e+02
 2.58649146e-02 3.74709214e+02
 2.59487383e-02 3.74713164e+02
 2.62910922e-02 3.74709510e+02
 2.62827208e-02 3.74707867e+02
 2.60870786e-02 3.74712564e+02
 2.59382422e-02 3.74710695e+02
 2.60608780e-02 3.74709510e+02
 2.61337132e-02 3.74708424e+02
 2.61255615e-02 3.74701807e+02
 2.61383944e-02 3.74712966e+02
 2.61246755e-02 3.74710695e+02
 2.60472409e-02 3.74716446e+02
 2.58980857e-02 3.74711189e+02
 2.59200256e-02 3.74712205e+02
 2.60706522e-02 3.74717509e+02
 2.62543726e-02 3.74712078e+02
 2.62394307e-02 3.74717213e+02
 2.61462481e-02 3.74710399e+02
 2.56243712e-02 3.74713164e+02
 2.52201115e-02 3.74698450e+02
 2.43689337e-02 3.74676918e+02
 2.40722296e-02 3.74660334e+02
 2.37102021e-02 3.74622523e+02
 2.27490562e-02 3.74601784e+02
 2.24993548e-02 3.74578682e+02
 2.18246386e-02 3.74561702e+02
 2.12781809e-02 3.74537516e+02
 2.07943275e-02 3.74518465e+02
 2.03609442e-02 3.74499118e+02
 1.97866220e-02 3.74479632e+02
 1.92565842e-02 3.74466176e+02
 1.90675703e-02 3.74444240e+02
 1.82211173e-02 3.74413548e+02
 1.77919347e-02 3.74400225e+02
 1.77087443e-02 3.74389370e+02
 1.69935778e-02 3.74374864e+02
 1.64861803e-02 3.74360950e+02
 1.60912542e-02 3.74347925e+02
 1.58322757e-02 3.74332829e+02
 1.53956903e-02 3.74313509e+02
 1.50220413e-02 3.74286555e+02
 1.46752999e-02 3.74273729e+02
 1.43026534e-02 3.74264653e+02
 1.37947337e-02 3.74254196e+02
 1.35006721e-02 3.74239694e+02
 1.30981757e-02 3.74227462e+02
 1.27850878e-02 3.74216907e+02
 1.25496065e-02 3.74206450e+02
 1.20217490e-02 3.74188078e+02
 1.16755589e-02 3.74181393e+02
 1.13309992e-02 3.74165812e+02
 1.10591548e-02 3.74155850e+02
 1.09590751e-02 3.74151609e+02
 1.06250641e-02 3.74135434e+02
 1.01110115e-02 3.74125177e+02
 9.93535487e-03 3.74122021e+02
 9.70716164e-03 3.74110383e+02
 9.39234787e-03 3.74099421e+02
 9.08197788e-03 3.74092052e+02
 8.90378593e-03 3.74079417e+02
 8.50741040e-03 3.74066105e+02
 8.43438762e-03 3.74064724e+02
 8.00097580e-03 3.74061273e+02
 7.93325728e-03 3.74045397e+02
 7.49164846e-03 3.74040861e+02
 7.44844210e-03 3.74039086e+02
 7.05967103e-03 3.74024394e+02
 6.97984811e-03 3.74017827e+02
 6.64841505e-03 3.74006449e+02
 6.50136951e-03 3.73998265e+02
 6.33095340e-03 3.73992843e+02
 6.06595767e-03 3.73985448e+02
 5.85988640e-03 3.73982392e+02
 5.72732497e-03 3.73979828e+02
 5.45229436e-03 3.73972927e+02
 5.27209231e-03 3.73957603e+02
 5.17011510e-03 3.73953702e+02
 4.99695335e-03 3.73951435e+02
 4.82041208e-03 3.73939210e+02
 4.60011259e-03 3.73940295e+02
 4.40462348e-03 3.73924423e+02
 4.28298203e-03 3.73923240e+02
 4.14179610e-03 3.73913086e+02
 4.00061727e-03 3.73905102e+02
 3.87745680e-03 3.73904806e+02
 3.73967296e-03 3.73892223e+02
 3.59080612e-03 3.73894131e+02
 3.46183240e-03 3.73893470e+02
 3.30767611e-03 3.73880951e+02
 3.19107727e-03 3.73875924e+02
 3.05753962e-03 3.73871291e+02
 2.91775610e-03 3.73861435e+02
 2.78770970e-03 3.73860252e+02
 2.65433870e-03 3.73859956e+02
 2.51502745e-03 3.73852960e+02
 2.42964692e-03 3.73860532e+02
 2.36165127e-03 3.73856309e+02
 2.26279037e-03 3.73847241e+02
 2.12890525e-03 3.73840933e+02
 2.01768166e-03 3.73849213e+02
 1.94244812e-03 3.73840145e+02
 1.88234092e-03 3.73824178e+02
 1.75233086e-03 3.73835020e+02
 1.65586153e-03 3.73823082e+02
 1.61579131e-03 3.73816727e+02
 1.52575439e-03 3.73828515e+02
 1.42572898e-03 3.73807227e+02
 1.37312312e-03 3.73809493e+02
 1.28898292e-03 3.73800426e+02
 1.22594626e-03 3.73800131e+02
 1.17073660e-03 3.73800131e+02
 1.08031511e-03 3.73802750e+02
 1.03750017e-03 3.73791117e+02
 9.63843866e-04 3.73783673e+02
 9.30503504e-04 3.73781603e+02
 8.55353518e-04 3.73781110e+02
 8.21577258e-04 3.73783081e+02
 7.50177007e-04 3.73779139e+02
 7.24880170e-04 3.73777661e+02
 6.75850966e-04 3.73772044e+02
 6.38291842e-04 3.73770598e+02
 6.06314999e-04 3.73763204e+02
 5.60024209e-04 3.73765737e+02
 5.39169695e-04 3.73766916e+02
 5.04133590e-04 3.73765146e+02
 4.72031353e-04 3.73748985e+02
 4.52873219e-04 3.73757558e+02
 4.25897845e-04 3.73754996e+02
 4.03599233e-04 3.73747310e+02
 3.86574187e-04 3.73750956e+02
 3.70234594e-04 3.73755874e+02
 3.55808172e-04 3.73754700e+02
 3.42211395e-04 3.73742777e+02
 3.30532882e-04 3.73749872e+02
 3.23140777e-04 3.73737948e+02
 3.15603763e-04 3.73743861e+02
 3.08504904e-04 3.73741101e+02
 3.04064464e-04 3.73734499e+02
 3.00608158e-04 3.73738835e+02
 2.98564752e-04 3.73741195e+02
 2.97387634e-04 3.73737696e+02
 2.96560566e-04 3.73736273e+02
 2.96062239e-04 3.73747605e+02
 2.95823150e-04 3.73741397e+02
 2.95758939e-04 3.73739919e+02
 2.95745787e-04 3.73748196e+02
 2.95745787e-04 3.73739328e+02
 2.95913660e-04 3.73729035e+02
 2.97558013e-04 3.73728138e+02
 3.03378187e-04 3.73729671e+02
 3.15689537e-04 3.73736273e+02
 3.22439735e-04 3.73731149e+02
 3.34885060e-04 3.73738835e+02
 3.42995411e-04 3.73736569e+02
 3.86149960e-04 3.73742185e+02
 5.48238952e-04 3.73743072e+02
 3.29708143e-04 3.73749280e+02
 5.87264973e-04 3.73754836e+02
 4.14259083e-04 3.73760819e+02
 6.06114307e-04 3.73758051e+02
 6.37207615e-04 3.73760317e+02
 5.85645954e-04 3.73757262e+02
 8.41272510e-04 3.73764357e+02
 8.33406889e-04 3.73767708e+02
 8.99125790e-04 3.73765737e+02
 9.59611909e-04 3.73772392e+02
 1.05901900e-03 3.73785348e+02
 1.17832625e-03 3.73792965e+02
 1.30261941e-03 3.73793331e+02
 1.33925960e-03 3.73788994e+02
 1.38501744e-03 3.73804368e+02
 1.63274885e-03 3.73803777e+02
 1.70892253e-03 3.73807227e+02
 1.83612745e-03 3.73815702e+02
 2.00428833e-03 3.73819703e+02
 2.09935660e-03 3.73835020e+02
 2.23017893e-03 3.73834166e+02
 2.36091066e-03 3.73833049e+02
 2.47449512e-03 3.73842707e+02
 2.63745122e-03 3.73855126e+02
 2.82262633e-03 3.73858576e+02
 2.99421356e-03 3.73870207e+02
 3.11091675e-03 3.73871883e+02
 3.26616989e-03 3.73871761e+02
 3.42373257e-03 3.73874966e+02
 3.62558472e-03 3.73884401e+02
 3.78178683e-03 3.73888935e+02
 3.95392514e-03 3.73900271e+02
 4.07183251e-03 3.73903426e+02
 4.21011153e-03 3.73902539e+02
 4.35851890e-03 3.73921564e+02
 4.47373526e-03 3.73915354e+02
 4.67562326e-03 3.73927282e+02
 4.86817795e-03 3.73932772e+02
 5.12277611e-03 3.73941773e+02
 5.22007769e-03 3.73952223e+02
 5.31557685e-03 3.73953702e+02
 5.53896576e-03 3.73957941e+02
 5.74348474e-03 3.73962772e+02
 5.91407543e-03 3.73973223e+02
 6.03710938e-03 3.73980025e+02
 6.29622135e-03 3.73982096e+02
 6.43341552e-03 3.73989227e+02
 6.56551410e-03 3.73999054e+02
 6.86656478e-03 3.74006449e+02
 6.88614520e-03 3.74012464e+02
 7.25258334e-03 3.74022619e+02
 7.23013665e-03 3.74030606e+02
 7.57639333e-03 3.74037114e+02
 7.63092765e-03 3.74037410e+02
 7.88468372e-03 3.74044214e+02
 7.99267750e-03 3.74053422e+02
 8.30500986e-03 3.74059077e+02
 8.29944672e-03 3.74063837e+02
 8.63920418e-03 3.74070937e+02
 8.58093689e-03 3.74074881e+02
 8.91855926e-03 3.74088786e+02
 9.07457806e-03 3.74091646e+02
 9.10681975e-03 3.74097366e+02
 9.51226243e-03 3.74102790e+02
 9.53599384e-03 3.74116451e+02
 9.76730245e-03 3.74117255e+02
 9.99440798e-03 3.74125177e+02
 1.01448164e-02 3.74131193e+02
 1.01635572e-02 3.74134546e+02
 1.04961899e-02 3.74141056e+02
 1.08338884e-02 3.74155258e+02
 1.08522384e-02 3.74151017e+02
 1.09620936e-02 3.74158710e+02
 1.10707032e-02 3.74170091e+02
 1.13290115e-02 3.74172193e+02
 1.16201318e-02 3.74185637e+02
 1.16125858e-02 3.74190273e+02
 1.17884948e-02 3.74193627e+02
 1.18951848e-02 3.74197573e+02
 1.20760801e-02 3.74201913e+02
 1.23812650e-02 3.74214342e+02
 1.25286831e-02 3.74214342e+02
 1.27298573e-02 3.74216413e+02
 1.29494280e-02 3.74229021e+02
 1.30105818e-02 3.74235353e+02
 1.31986044e-02 3.74245909e+02
 1.32826263e-02 3.74245317e+02
 1.33788705e-02 3.74249559e+02
 1.35920737e-02 3.74259819e+02
 1.37549562e-02 3.74263765e+02
 1.38619001e-02 3.74270290e+02
 1.41393378e-02 3.74273148e+02
 1.43619917e-02 3.74280452e+02
 1.44431283e-02 3.74281606e+02
 1.45542201e-02 3.74288824e+02
 1.47089026e-02 3.74296520e+02
 1.47719660e-02 3.74296224e+02
 1.49878815e-02 3.74305005e+02
 1.51559183e-02 3.74311812e+02
 1.52006064e-02 3.74313584e+02
 1.52134549e-02 3.74322074e+02
 1.53684687e-02 3.74328868e+02
 1.54524039e-02 3.74334718e+02
 1.57580210e-02 3.74344768e+02
 1.59528294e-02 3.74344768e+02
 1.61371616e-02 3.74346445e+02
 1.62088234e-02 3.74353550e+02
 1.62763333e-02 3.74357003e+02
 1.62968068e-02 3.74355030e+02
 1.64631310e-02 3.74364770e+02
 1.67542310e-02 3.74372101e+02
 1.69744871e-02 3.74371509e+02
 1.68350477e-02 3.74377725e+02
 1.69243179e-02 3.74382265e+02
 1.71506248e-02 3.74389074e+02
 1.73301810e-02 3.74393120e+02
 1.73942135e-02 3.74396475e+02
 1.73910341e-02 3.74394205e+02
 1.75270151e-02 3.74404517e+02
 1.79117975e-02 3.74410497e+02
 1.79024473e-02 3.74417298e+02
 1.76797463e-02 3.74417298e+02
 1.82066939e-02 3.74422134e+02
 1.82394093e-02 3.74428943e+02
 1.83310996e-02 3.74424403e+02
 1.84957030e-02 3.74429437e+02
 1.85188478e-02 3.74439108e+02
 1.86612876e-02 3.74439195e+02
 1.86366929e-02 3.74442394e+02
 1.90955627e-02 3.74447399e+02
 1.87571132e-02 3.74445129e+02
 1.90653275e-02 3.74454801e+02
 1.91883667e-02 3.74459341e+02
 1.91959247e-02 3.74462993e+02
 1.94621003e-02 3.74467533e+02
 1.94150660e-02 3.74476416e+02
 1.94791706e-02 3.74469964e+02
 1.96260429e-02 3.74474654e+02
 1.98511596e-02 3.74485793e+02
 1.97401411e-02 3.74487767e+02
 1.99907863e-02 3.74490629e+02
 1.98190240e-02 3.74491419e+02
 2.03580791e-02 3.74495466e+02
 2.00709150e-02 3.74497933e+02
 2.04693261e-02 3.74503954e+02
 2.02134344e-02 3.74503362e+02
 2.04281520e-02 3.74514677e+02
 2.05753086e-02 3.74520735e+02
 2.06153898e-02 3.74518465e+02
 2.09336374e-02 3.74520439e+02
 2.05778716e-02 3.74519550e+02
 2.09941315e-02 3.74523598e+02
 2.07334862e-02 3.74525572e+02
 2.11958537e-02 3.74527546e+02
 2.10414558e-02 3.74532383e+02
 2.11902881e-02 3.74533906e+02
 2.12200843e-02 3.74534950e+02
 2.10653350e-02 3.74534357e+02
 2.13876741e-02 3.74538898e+02
 2.12225919e-02 3.74545117e+02
 2.15385538e-02 3.74543735e+02
 2.15377689e-02 3.74552225e+02
 2.15465523e-02 3.74550251e+02
 2.17646850e-02 3.74551139e+02
 2.15608484e-02 3.74559486e+02
 2.19340405e-02 3.74564356e+02
 2.17905735e-02 3.74567921e+02
 2.18385405e-02 3.74563380e+02
 2.20585297e-02 3.74570488e+02
 2.20821490e-02 3.74575325e+02
 2.22098315e-02 3.74572759e+02
 2.23723740e-02 3.74577300e+02
 2.20480752e-02 3.74575325e+02
 2.25171738e-02 3.74578188e+02
 2.22717070e-02 3.74581417e+02
 2.23025069e-02 3.74589246e+02
 2.25106522e-02 3.74591516e+02
 2.26364903e-02 3.74594379e+02
 2.25552304e-02 3.74598032e+02
 2.26089005e-02 3.74597736e+02
 2.29723693e-02 3.74597736e+02
 2.24927585e-02 3.74609090e+02
 2.28553752e-02 3.74604252e+02
 2.28193622e-02 3.74609627e+02
 2.29394330e-02 3.74616495e+02
 2.29315189e-02 3.74613928e+02
 2.30531499e-02 3.74623307e+02
 2.30981324e-02 3.74627948e+02
 2.28631047e-02 3.74620543e+02
 2.31682831e-02 3.74625085e+02
 2.29359578e-02 3.74631890e+02
 2.31247166e-02 3.74631601e+02
 2.33936953e-02 3.74636392e+02
 2.31146325e-02 3.74637283e+02
 2.33558607e-02 3.74638710e+02
 2.33255689e-02 3.74639006e+02
 2.33186193e-02 3.74639006e+02
 2.32578766e-02 3.74646412e+02
 2.35120839e-02 3.74643252e+02
 2.35589855e-02 3.74642660e+02
 2.32830717e-02 3.74643272e+02
 2.34990375e-02 3.74645523e+02
 2.37650242e-02 3.74650900e+02
 2.34658629e-02 3.74646412e+02
 2.34909122e-02 3.74642956e+02
 2.35991245e-02 3.74652336e+02
 2.37347863e-02 3.74654311e+02
 2.39010740e-02 3.74659742e+02
 2.36773687e-02 3.74654903e+02
 2.38726220e-02 3.74656968e+02
 2.39734982e-02 3.74661124e+02
 2.34581327e-02 3.74661983e+02
 2.38452095e-02 3.74666851e+02
 2.39658460e-02 3.74662605e+02
 2.38329274e-02 3.74665962e+02
 2.38676754e-02 3.74664284e+02
 2.40820694e-02 3.74671097e+02
 2.41226754e-02 3.74670011e+02
 2.40928141e-02 3.74677274e+02
 2.39457010e-02 3.74675627e+02
 2.42380027e-02 3.74668826e+02
 2.42557410e-02 3.74671393e+02
 2.39115091e-02 3.74674849e+02
 2.43605414e-02 3.74681663e+02
 2.44748878e-02 3.74676528e+02
 2.42367471e-02 3.74672578e+02
 2.41712416e-02 3.74671689e+02
 2.42422099e-02 3.74674739e+02
 2.42325088e-02 3.74678347e+02
 2.44944020e-02 3.74681366e+02
 2.42783719e-02 3.74683341e+02
 2.41142403e-02 3.74684526e+02
 2.45203161e-02 3.74683045e+02
 2.46548338e-02 3.74688180e+02
 2.43638982e-02 3.74690155e+02
 2.44399527e-02 3.74692130e+02
 2.44886794e-02 3.74693964e+02
 2.45128368e-02 3.74692971e+02
 2.46202338e-02 3.74693019e+02
 2.44698655e-02 3.74690451e+02
 2.44232041e-02 3.74687291e+02
 2.48689028e-02 3.74693907e+02
 2.48202092e-02 3.74697561e+02
 2.44689917e-02 3.74693907e+02
 2.47025913e-02 3.74696475e+02
 2.48183925e-02 3.74694795e+02
 2.46634819e-02 3.74698734e+02
 2.45879516e-02 3.74699240e+02
 2.45045121e-02 3.74696969e+02
 2.46914107e-02 3.74698944e+02
 2.49544198e-02 3.74699240e+02
 2.49222308e-02 3.74696179e+02
 2.45595243e-02 3.74702992e+02
 2.50229537e-02 3.74705856e+02
 2.50315801e-02 3.74705856e+02
 2.46527852e-02 3.74704048e+02
 2.46664416e-02 3.74701544e+02
 2.47582460e-02 3.74707239e+02
 2.46821094e-02 3.74712670e+02
 2.50732467e-02 3.74710399e+02
 2.50769759e-02 3.74706942e+02
 2.48141667e-02 3.74711189e+02
 2.47378215e-02 3.74710695e+02
 2.50275045e-02 3.74706646e+02
 2.51435982e-02 3.74707749e+02
 2.49360937e-02 3.74712001e+02
 2.50646845e-02 3.74708621e+02
 2.47534330e-02 3.74711189e+02
 2.49400219e-02 3.74710399e+02
 2.51267771e-02 3.74717509e+02
 2.51671571e-02 3.74714349e+02
 2.48301216e-02 3.74713756e+02
 2.50396548e-02 3.74711485e+02
 2.52690663e-02 3.74712998e+02
 2.50889617e-02 3.74714474e+02
 2.48880765e-02 3.74714941e+02
 2.49610356e-02 3.74717805e+02
 2.51056737e-02 3.74713164e+02
 2.50815122e-02 3.74714053e+02
 2.51965820e-02 3.74715731e+02
 2.51016745e-02 3.74719188e+02
 2.49095103e-02 3.74720910e+02
 2.52476759e-02 3.74721757e+02
 2.53865646e-02 3.74723492e+02
 2.51512664e-02 3.74721163e+02
 2.50597466e-02 3.74718892e+02
 2.50073388e-02 3.74723138e+02
 2.51081278e-02 3.74723138e+02
 2.52596870e-02 3.74722842e+02
 2.54710717e-02 3.74726002e+02
 2.54970703e-02 3.74722959e+02
 2.51394138e-02 3.74730545e+02
 2.52064512e-02 3.74724897e+02
 2.54124047e-02 3.74724027e+02
 2.53626488e-02 3.74724323e+02
 2.52702554e-02 3.74726594e+02
 2.51803849e-02 3.74727681e+02
 2.51439540e-02 3.74727977e+02
 2.52274792e-02 3.74727681e+02
 2.52539884e-02 3.74728112e+02
 2.55837892e-02 3.74728940e+02
 2.51596683e-02 3.74729162e+02
 2.53399533e-02 3.74728866e+02
 2.55535556e-02 3.74735384e+02
 2.55018000e-02 3.74736569e+02
 2.52118257e-02 3.74739631e+02
 2.52092417e-02 3.74741606e+02
 2.52760483e-02 3.74741606e+02
 2.52307200e-02 3.74739137e+02
 2.55547786e-02 3.74738609e+02
 2.56692057e-02 3.74744766e+02
 2.54628566e-02 3.74741606e+02
 2.52832925e-02 3.74739334e+02
 2.53891297e-02 3.74744470e+02
 2.55487695e-02 3.74745062e+02
 2.55416985e-02 3.74743087e+02
 2.53406302e-02 3.74741902e+02
 2.54655279e-02 3.74747037e+02
 2.54321588e-02 3.74748848e+02
 2.51743784e-02 3.74748519e+02
 2.56720800e-02 3.74741606e+02
 2.58258430e-02 3.74742791e+02
 2.56631910e-02 3.74747334e+02
 2.54102617e-02 3.74747334e+02
 2.55197540e-02 3.74746247e+02
 2.56810282e-02 3.74748223e+02
 2.55321941e-02 3.74745951e+02
 2.55191460e-02 3.74751713e+02
 2.55263259e-02 3.74747927e+02
 2.53776745e-02 3.74745359e+02
 2.54067229e-02 3.74750198e+02
 2.57227225e-02 3.74750494e+02
 2.58841308e-02 3.74746247e+02
 2.56888133e-02 3.74750988e+02
 2.53837843e-02 3.74753062e+02
 2.55325551e-02 3.74753852e+02
 2.57349445e-02 3.74752766e+02
 2.55361123e-02 3.74753448e+02
 2.57314021e-02 3.74755037e+02
 2.58322441e-02 3.74754148e+02
 2.55172926e-02 3.74751284e+02
 2.54664844e-02 3.74752173e+02
 2.57205875e-02 3.74753852e+02
 2.57219847e-02 3.74759877e+02
 2.50129720e-02 3.74741606e+02
 2.43625187e-02 3.74712078e+02
 2.36418857e-02 3.74692707e+02
 2.30948922e-02 3.74668036e+02
 2.27033906e-02 3.74646708e+02
 2.17870460e-02 3.74622221e+02
 2.16280614e-02 3.74605141e+02
 2.11041378e-02 3.74580953e+02
 2.05948885e-02 3.74565947e+02
 1.97943625e-02 3.74560813e+02
 1.95746259e-02 3.74536924e+02
 1.89034452e-02 3.74508425e+02
 1.87365412e-02 3.74493303e+02
 1.81691968e-02 3.74477502e+02
 1.76403768e-02 3.74458157e+02
 1.71430565e-02 3.74446807e+02
 1.67673451e-02 3.74432891e+02
 1.64674081e-02 3.74426871e+02
 1.60176021e-02 3.74412955e+02
 1.55293081e-02 3.74394501e+02
 1.50069298e-02 3.74372683e+02
 1.46012081e-02 3.74364766e+02
 1.42311470e-02 3.74349307e+02
 1.40108729e-02 3.74336282e+02
 1.35302636e-02 3.74319508e+02
 1.30974402e-02 3.74314378e+02
 1.29221875e-02 3.74301058e+02
 1.24775302e-02 3.74293954e+02
 1.22210684e-02 3.74280833e+02
 1.18764780e-02 3.74260915e+02
 1.16434956e-02 3.74254607e+02
 1.13094055e-02 3.74241371e+02
 1.09524641e-02 3.74233972e+02
 1.06728200e-02 3.74228547e+02
 1.04664993e-02 3.74218682e+02
 1.01332599e-02 3.74208423e+02
 9.75782807e-03 3.74201913e+02
 9.51133090e-03 3.74193597e+02
 9.40214718e-03 3.74191654e+02
 8.91325092e-03 3.74169789e+02
 8.82069969e-03 3.74161610e+02
 8.47649223e-03 3.74154962e+02
 8.22951341e-03 3.74143620e+02
 8.01335838e-03 3.74138787e+02
 7.69880860e-03 3.74133659e+02
 7.54466656e-03 3.74123796e+02
 7.30047614e-03 3.74116066e+02
 7.01279685e-03 3.74110679e+02
 6.91795623e-03 3.74099955e+02
 6.55108319e-03 3.74095376e+02
 6.49622876e-03 3.74084545e+02
 6.19472907e-03 3.74080897e+02
 5.98077260e-03 3.74073501e+02
 5.85258131e-03 3.74064724e+02
 5.68350822e-03 3.74056145e+02
 5.39829076e-03 3.74059375e+02
 5.22100431e-03 3.74055814e+02
 5.12848982e-03 3.74033046e+02
 4.89797843e-03 3.74036051e+02
 4.72500728e-03 3.74024690e+02
 4.53245719e-03 3.74030902e+02
 4.38422671e-03 3.74013548e+02
 4.27265541e-03 3.74012759e+02
 4.11359388e-03 3.74000533e+02
 3.98217723e-03 3.74001618e+02
 3.85764053e-03 3.73990953e+02
 3.69538539e-03 3.73987152e+02
 3.57791753e-03 3.73985152e+02
 3.42220213e-03 3.73982096e+02
 3.29825776e-03 3.73966420e+02
 3.14578916e-03 3.73957941e+02
 3.04607471e-03 3.73958237e+02
 2.88476131e-03 3.73953702e+02
 2.77878041e-03 3.73956463e+02
 2.64298803e-03 3.73948225e+02
 2.50960420e-03 3.73945060e+02
 2.41141329e-03 3.73943449e+02
 2.34617112e-03 3.73939210e+02
 2.25605048e-03 3.73933788e+02
 2.12299535e-03 3.73928366e+02
 2.00647564e-03 3.73928662e+02
 1.93148009e-03 3.73927577e+02
 1.86198908e-03 3.73916734e+02
 1.75063413e-03 3.73918856e+02
 1.65720797e-03 3.73913716e+02
 1.59278842e-03 3.73904313e+02
 1.51803175e-03 3.73919593e+02
 1.41334705e-03 3.73900567e+02
 1.36613416e-03 3.73905102e+02
 1.28099887e-03 3.73900271e+02
 1.21818747e-03 3.73887851e+02
 1.15566657e-03 3.73894948e+02
 1.07302206e-03 3.73894653e+02
 1.03002355e-03 3.73881007e+02
 9.50709314e-04 3.73876121e+02
 9.22535857e-04 3.73876121e+02
 8.55126532e-04 3.73876417e+02
 8.17821178e-04 3.73876121e+02
 7.55326087e-04 3.73867940e+02
 7.19173660e-04 3.73870799e+02
 6.73372432e-04 3.73868531e+02
 6.35122384e-04 3.73856309e+02
 6.05003511e-04 3.73853259e+02
 5.61749314e-04 3.73854285e+02
 5.32044214e-04 3.73856014e+02
 5.01971468e-04 3.73857098e+02
 4.68148634e-04 3.73853155e+02
 4.49514818e-04 3.73850593e+02
 4.24927866e-04 3.73860548e+02
 4.02156427e-04 3.73844679e+02
 3.84410779e-04 3.73852564e+02
 3.69260307e-04 3.73848331e+02
 3.55801729e-04 3.73850310e+02
 3.41414403e-04 3.73844974e+02
 3.32003785e-04 3.73851775e+02
 3.20431314e-04 3.73843003e+02
 3.14868039e-04 3.73841525e+02
 3.08848864e-04 3.73842707e+02
 3.03691304e-04 3.73835020e+02
 3.00547438e-04 3.73836104e+02
 2.98556798e-04 3.73831591e+02
 2.97235887e-04 3.73831472e+02
 2.96497709e-04 3.73832161e+02
 2.96078945e-04 3.73833541e+02
 2.95852071e-04 3.73835020e+02
 2.95761853e-04 3.73843003e+02
 2.95746971e-04 3.73840638e+02
 2.95746971e-04 3.73833049e+02
 2.95749732e-04 3.73785052e+02
 2.95934933e-04 3.73785939e+02
 2.98000758e-04 3.73785135e+02
 3.03559562e-04 3.73786127e+02
 3.17649680e-04 3.73788699e+02
 3.21101280e-04 3.73779928e+02
 3.48780726e-04 3.73785644e+02
 3.61512537e-04 3.73786432e+02
 4.70138868e-04 3.73800131e+02
 3.55077801e-04 3.73791557e+02
 7.86138722e-04 3.73796386e+02
 4.28118541e-04 3.73800300e+02
 4.76357489e-04 3.73802231e+02
 6.64693606e-04 3.73815407e+02
 6.06841631e-04 3.73814027e+02
 5.39245806e-04 3.73811760e+02
 7.98899040e-04 3.73812253e+02
 7.89485319e-04 3.73809986e+02
 8.39134971e-04 3.73815702e+02
 9.87101945e-04 3.73820827e+02
 1.04191584e-03 3.73822798e+02
 1.14204878e-03 3.73837745e+02
 1.34571077e-03 3.73834652e+02
 1.42989278e-03 3.73835020e+02
 1.56005316e-03 3.73846354e+02
 1.59015520e-03 3.73838666e+02
 1.78010309e-03 3.73854634e+02
 1.78527065e-03 3.73849213e+02
 2.00443133e-03 3.73863406e+02
 2.08778896e-03 3.73862815e+02
 2.27711039e-03 3.73875816e+02
 2.41545328e-03 3.73875013e+02
 2.52380966e-03 3.73871587e+02
 2.61140624e-03 3.73876121e+02
 2.85081733e-03 3.73888048e+02
 2.98031522e-03 3.73884697e+02
 3.16016578e-03 3.73894653e+02
 3.31770983e-03 3.73897709e+02
 3.47014597e-03 3.73899976e+02
 3.61127134e-03 3.73920480e+02
 3.79754849e-03 3.73918173e+02
 3.96856304e-03 3.73913086e+02
 4.06771019e-03 3.73923536e+02
 4.25895156e-03 3.73933197e+02
 4.38878927e-03 3.73928662e+02
 4.56272927e-03 3.73937238e+02
 4.75947146e-03 3.73939999e+02
 4.95169798e-03 3.73948594e+02
 5.17228464e-03 3.73951139e+02
 5.24666190e-03 3.73955666e+02
 5.41109541e-03 3.73953111e+02
 5.67686620e-03 3.73956265e+02
 5.76710352e-03 3.73957646e+02
 5.96173873e-03 3.73957054e+02
 6.18481630e-03 3.73957646e+02
 6.36982709e-03 3.73952815e+02
 6.45461886e-03 3.73958765e+02
 6.77759530e-03 3.73962476e+02
 6.81888091e-03 3.73960245e+02
 7.04159363e-03 3.73965828e+02
 7.28958670e-03 3.73961293e+02
 7.34961379e-03 3.73974997e+02
 7.64429785e-03 3.73971547e+02
 7.70202122e-03 3.73974406e+02
 8.01290602e-03 3.73978645e+02
 8.06598313e-03 3.73986614e+02
 8.35482075e-03 3.73992523e+02
 8.41316558e-03 3.73994215e+02
 8.58202986e-03 3.74001322e+02
 8.95843300e-03 3.73999054e+02
 8.93625439e-03 3.74008224e+02
 9.23596597e-03 3.74003885e+02
 9.34948194e-03 3.74018084e+02
 9.50985733e-03 3.74024394e+02
 9.73247538e-03 3.74034209e+02
 9.87717146e-03 3.74038802e+02
 9.95216393e-03 3.74045397e+02
 1.02592151e-02 3.74049045e+02
 1.05170638e-02 3.74055060e+02
 1.05108893e-02 3.74057328e+02
 1.06377255e-02 3.74070345e+02
 1.07754616e-02 3.74083757e+02
 1.11296264e-02 3.74081193e+02
 1.12015039e-02 3.74087267e+02
 1.12705595e-02 3.74087585e+02
 1.14783832e-02 3.74098155e+02
 1.17009610e-02 3.74102198e+02
 1.18941531e-02 3.74108115e+02
 1.21511029e-02 3.74107030e+02
 1.21570730e-02 3.74113539e+02
 1.23745795e-02 3.74125768e+02
 1.23929192e-02 3.74141056e+02
 1.25868757e-02 3.74141056e+02
 1.27461581e-02 3.74163628e+02
 1.28990476e-02 3.74207535e+02
 1.30819833e-02 3.74235156e+02
 1.33262784e-02 3.74280043e+02
 1.33507604e-02 3.74330263e+02
 1.36746410e-02 3.74395982e+02
 1.37391566e-02 3.74476909e+02
 1.38889276e-02 3.74585000e+02
 1.40448430e-02 3.74710695e+02
 1.41645444e-02 3.75004312e+02
 1.42326109e-02 3.75181604e+02
 1.44306322e-02 3.75505071e+02
 1.45517897e-02 3.75773244e+02
 1.45814667e-02 3.76072974e+02
 1.46279718e-02 3.76414535e+02
 1.48907856e-02 3.76786612e+02
 1.51256694e-02 3.77188585e+02
 1.52972406e-02 3.77628883e+02
 1.54438661e-02 3.78299503e+02
 1.55496070e-02 3.78724480e+02
 1.57852657e-02 3.79676335e+02
 1.59175568e-02 3.80251495e+02
 1.58142224e-02 3.80833089e+02
 1.58596279e-02 3.81468648e+02
 1.62648807e-02 3.82110212e+02
 1.64355917e-02 3.82762227e+02
 1.65212350e-02 3.83426749e+02
 1.66131255e-02 3.84388104e+02
 1.66636692e-02 3.85016330e+02
 1.67668488e-02 3.86208725e+02
 1.69693105e-02 3.86914460e+02
 1.71380288e-02 3.87617313e+02
 1.72234620e-02 3.88336904e+02
 1.71550260e-02 3.89064136e+02
 1.74761783e-02 3.89767811e+02
 1.75793568e-02 3.90489623e+02
 1.75112689e-02 3.91200782e+02
 1.77332240e-02 3.92422849e+02
 1.79468196e-02 3.93010372e+02
 1.79589998e-02 3.93985443e+02
 1.80681223e-02 3.94670486e+02
 1.81320085e-02 3.95332981e+02
 1.84128197e-02 3.95998479e+02
 1.81705464e-02 3.96663158e+02
 1.84090971e-02 3.97313321e+02
 1.87520906e-02 3.97965107e+02
 1.86792607e-02 3.99024192e+02
 1.87066642e-02 3.99855893e+02
 1.87593707e-02 4.00463576e+02
 1.89872024e-02 4.01061059e+02
 1.88576122e-02 4.01656258e+02
 1.93403400e-02 4.02248114e+02
 1.91041474e-02 4.02811325e+02
 1.92081687e-02 4.03396316e+02
 1.94780959e-02 4.03943003e+02
 1.94585309e-02 4.04876276e+02
 1.96086948e-02 4.05353163e+02
 1.96131847e-02 4.06063003e+02
 1.97488682e-02 4.06561552e+02
 1.98684278e-02 4.07058184e+02
 1.99515329e-02 4.07553845e+02
 1.98951116e-02 4.08030710e+02
 2.01693100e-02 4.08499871e+02
 1.99227648e-02 4.08960323e+02
 2.04829142e-02 4.09870900e+02
 2.01093161e-02 4.10285015e+02
 2.05214568e-02 4.10740189e+02
 2.02731668e-02 4.11169810e+02
 2.04969714e-02 4.11585600e+02
 2.07056297e-02 4.11999072e+02
 2.06059347e-02 4.12397697e+02
 2.09618078e-02 4.12808217e+02
 2.05995626e-02 4.13195522e+02
 2.10411126e-02 4.13959547e+02
 2.07763711e-02 4.14302400e+02
 2.11495145e-02 4.14707152e+02
 2.11030085e-02 4.15060642e+02
 2.11568160e-02 4.15407279e+02
 2.11919610e-02 4.15754700e+02
 2.12239462e-02 4.16086299e+02
 2.14409097e-02 4.16433338e+02
 2.16729708e-02 4.16771416e+02
 2.14443511e-02 4.17101027e+02
 2.16637514e-02 4.17721830e+02
 2.13535574e-02 4.18051695e+02
 2.18006471e-02 4.18369895e+02
 2.16797410e-02 4.18674099e+02
 2.20541365e-02 4.18968294e+02
 2.19217756e-02 4.19253330e+02
 2.18853325e-02 4.19564052e+02
 2.18748383e-02 4.19935431e+02
 2.20567373e-02 4.20175619e+02
 2.18957596e-02 4.20674668e+02
 2.23426141e-02 4.20950233e+02
 2.20236098e-02 4.21219087e+02
 2.22803975e-02 4.21476204e+02
 2.23354297e-02 4.21752870e+02
 2.22151685e-02 4.21999567e+02
 2.23173275e-02 4.22242238e+02
 2.25178043e-02 4.22557787e+02
 2.24404835e-02 4.22773332e+02
 2.23493623e-02 4.23213559e+02
 2.29279760e-02 4.23451048e+02
 2.24999580e-02 4.23681040e+02
 2.25965557e-02 4.23921464e+02
 2.26419977e-02 4.24130985e+02
 2.27936611e-02 4.24357919e+02
 2.28295390e-02 4.24570256e+02
 2.28602157e-02 4.24797060e+02
 2.29255031e-02 4.25039009e+02
 2.27397670e-02 4.25429298e+02
 2.30769353e-02 4.25640441e+02
 2.27962868e-02 4.25827588e+02
 2.30585984e-02 4.26025587e+02
 2.33344734e-02 4.26231919e+02
 2.29963710e-02 4.26428756e+02
 2.33785219e-02 4.26614655e+02
 2.30667773e-02 4.26800183e+02
 2.30917387e-02 4.27088243e+02
 2.32247679e-02 4.27248566e+02
 2.31394883e-02 4.27529075e+02
 2.35179405e-02 4.27686019e+02
 2.32235217e-02 4.27875918e+02
 2.35678483e-02 4.28052080e+02
 2.37638344e-02 4.28214713e+02
 2.33100861e-02 4.28389446e+02
 2.35319422e-02 4.28550861e+02
 2.35663489e-02 4.28803238e+02
 2.36393829e-02 4.28940821e+02
 2.36290251e-02 4.29209437e+02
 2.35351647e-02 4.29342429e+02
 2.40319374e-02 4.29505479e+02
 2.36536504e-02 4.29648079e+02
 2.35181711e-02 4.29808678e+02
 2.37943771e-02 4.29952030e+02
 2.38537811e-02 4.30104961e+02
 2.38939626e-02 4.30341325e+02
 2.39274661e-02 4.30471809e+02
 2.39879287e-02 4.30674174e+02
 2.42021659e-02 4.30820104e+02
 2.39389806e-02 4.30958854e+02
 2.38947008e-02 4.31092641e+02
 2.42900815e-02 4.31214014e+02
 2.39643130e-02 4.31354206e+02
 2.38834700e-02 4.31478756e+02
 2.43129903e-02 4.31621358e+02
 2.45346977e-02 4.31859100e+02
 2.42582438e-02 4.31971298e+02
 2.42255447e-02 4.32125236e+02
 2.42111106e-02 4.32266349e+02
 2.43530418e-02 4.32394020e+02
 2.45233955e-02 4.32507346e+02
 2.42762112e-02 4.32633740e+02
 2.41200867e-02 4.32745559e+02
 2.45933671e-02 4.32861752e+02
 2.45838073e-02 4.33069702e+02
 2.46154963e-02 4.33148223e+02
 2.46428771e-02 4.33318082e+02
 2.43801792e-02 4.33420562e+02
 2.46252445e-02 4.33538919e+02
 2.48163839e-02 4.33645688e+02
 2.44738490e-02 4.33733152e+02
 2.43830229e-02 4.33850912e+02
 2.47571030e-02 4.33955287e+02
 2.49584713e-02 4.34148290e+02
 2.46729336e-02 4.34234212e+02
 2.47794941e-02 4.34344481e+02
 2.48779298e-02 4.34458578e+02
 2.47836335e-02 4.34572925e+02
 2.48240836e-02 4.34677672e+02
 2.47065701e-02 4.34739568e+02
 2.48034701e-02 4.34847261e+02
 2.50132371e-02 4.34953239e+02
 2.52395358e-02 4.35040277e+02
 2.49394226e-02 4.35211843e+02
 2.49936627e-02 4.35291650e+02
 2.52102051e-02 4.35393125e+02
 2.51175075e-02 4.35487279e+02
 2.49568928e-02 4.35566763e+02
 2.49983359e-02 4.35657473e+02
 2.48546925e-02 4.35745620e+02
 2.48532117e-02 4.35809265e+02
 2.53312930e-02 4.35892726e+02
 2.54524527e-02 4.36053916e+02
 2.50660922e-02 4.36125457e+02
 2.50621028e-02 4.36217451e+02
 2.51739900e-02 4.36300867e+02
 2.51025570e-02 4.36373291e+02
 2.52256831e-02 4.36450891e+02
 2.53379516e-02 4.36509745e+02
 2.49614831e-02 4.36599744e+02
 2.49496148e-02 4.36674814e+02
 2.54017464e-02 4.36815243e+02
 2.55100401e-02 4.36880371e+02
 2.51513181e-02 4.36953502e+02
 2.51355475e-02 4.37011065e+02
 2.52441769e-02 4.37076505e+02
 2.53854250e-02 4.37162985e+02
 2.51997662e-02 4.37208648e+02
 2.52625799e-02 4.37278614e+02
 2.50886438e-02 4.37366855e+02
 2.50431193e-02 4.37415473e+02
 2.53993607e-02 4.37543038e+02
 2.57364803e-02 4.37612036e+02
 2.54302894e-02 4.37661680e+02
 2.52402914e-02 4.37732946e+02
 2.52996994e-02 4.37796226e+02
 2.54354121e-02 4.37862443e+02
 2.54453552e-02 4.37915264e+02
 2.54196259e-02 4.37973648e+02
 2.54791875e-02 4.38032041e+02
 2.52468234e-02 4.38134605e+02
 2.51641925e-02 4.38187455e+02
 2.55093902e-02 4.38233548e+02
 2.56914031e-02 4.38300046e+02
 2.56243712e-02 4.38345586e+02
 2.54525647e-02 4.38400712e+02
 2.54769947e-02 4.38484145e+02
 2.53707453e-02 4.38552533e+02
 2.55678842e-02 4.38599606e+02
 2.56659847e-02 4.38676093e+02
 2.54398842e-02 4.38697864e+02
 2.53597617e-02 4.38718733e+02
 2.53552657e-02 4.38768033e+02
 2.57322969e-02 4.38827830e+02
 2.59359610e-02 4.38874658e+02
 2.57096843e-02 4.38913929e+02
 2.55560268e-02 4.38979274e+02
 2.56243712e-02 4.39051966e+02
 2.55527118e-02 4.39121730e+02
 2.54896955e-02 4.39158422e+02
 2.57645860e-02 4.39206183e+02
 2.58961708e-02 4.39261854e+02
 2.54118693e-02 4.39291442e+02
 2.53669488e-02 4.39322612e+02
 2.55695820e-02 4.39382813e+02
 2.58318886e-02 4.39424495e+02
 2.57971291e-02 4.39484948e+02
 2.57554624e-02 4.39548431e+02
 2.59392568e-02 4.39595324e+02
 2.55241160e-02 4.39640526e+02
 2.53556258e-02 4.39666180e+02
 2.58172140e-02 4.39725517e+02
 2.59704844e-02 4.39750158e+02
 2.58285295e-02 4.39803966e+02
 2.57031641e-02 4.39835168e+02
 2.57804617e-02 4.39897266e+02
 2.57432882e-02 4.39929067e+02
 2.58857911e-02 4.39992788e+02
 2.59465636e-02 4.40016537e+02
 2.60621468e-02 4.40051032e+02
 2.57251042e-02 4.40095709e+02
 2.56040031e-02 4.40143557e+02
 2.56096037e-02 4.40163127e+02
 2.59562757e-02 4.40200234e+02
 2.60181397e-02 4.40235759e+02
 2.57595427e-02 4.40299764e+02
 2.57439631e-02 4.40333522e+02
 2.57691240e-02 4.40385014e+02
 2.59067452e-02 4.40413082e+02
 2.58482853e-02 4.40446698e+02
 2.61639729e-02 4.40482466e+02
 2.62250528e-02 4.40502050e+02
 2.57847525e-02 4.40530124e+02
 2.57425147e-02 4.40571219e+02
 2.56977454e-02 4.40614466e+02
 2.57640809e-02 4.40647758e+02
 2.58602931e-02 4.40705170e+02
 2.59439581e-02 4.40730991e+02
 2.62227449e-02 4.40752848e+02
 2.62564369e-02 4.40771083e+02
 2.58339884e-02 4.40824544e+02
 2.57865298e-02 4.40854222e+02
 2.63181063e-02 4.40863737e+02
 2.62290643e-02 4.40912184e+02
 2.60020723e-02 4.40943366e+02
 2.57799937e-02 4.40974989e+02
 2.59616445e-02 4.41015780e+02
 2.58358710e-02 4.41035384e+02
 2.60130944e-02 4.41070287e+02
 2.60526561e-02 4.41086266e+02
 2.62926733e-02 4.41125139e+02
 2.63361984e-02 4.41143358e+02
 2.58377701e-02 4.41192499e+02
 2.57756429e-02 4.41214808e+02
 2.60285271e-02 4.41224318e+02
 2.60840854e-02 4.41249144e+02
 2.61639215e-02 4.41260934e+02
 2.60256742e-02 4.41294492e+02
 2.61042043e-02 4.41314446e+02
 2.60978151e-02 4.41344832e+02
 2.56725259e-02 4.41343823e+02
 2.59114095e-02 4.41387533e+02
 2.60394330e-02 4.41402338e+02
 2.62472542e-02 4.41428744e+02
 2.62712800e-02 4.41440198e+02
 2.61499128e-02 4.41471839e+02
 2.62598874e-02 4.41494068e+02
 2.58070957e-02 4.41508132e+02
 2.59026677e-02 4.41530023e+02
 2.59163910e-02 4.41564360e+02
 2.62191898e-02 4.41577728e+02
 2.60138941e-02 4.41602160e+02
 2.57961874e-02 4.41626671e+02
 2.58193407e-02 4.41633591e+02
 2.60763054e-02 4.41680561e+02
 2.62335986e-02 4.41695311e+02
 2.62731574e-02 4.41714940e+02
 2.61884391e-02 4.41719138e+02
 2.61707157e-02 4.41752269e+02
 2.59553562e-02 4.41765245e+02
 2.58694933e-02 4.41806742e+02
 2.58978703e-02 4.41814232e+02
 2.60519209e-02 4.41832277e+02
 2.61796294e-02 4.41841357e+02
 2.60380635e-02 4.41859970e+02
 2.61075812e-02 4.41877336e+02
 2.61730856e-02 4.41890388e+02
 2.60715378e-02 4.41916760e+02
 2.59890962e-02 4.41920439e+02
 2.60816701e-02 4.41948279e+02
 2.62890161e-02 4.41964967e+02
 2.63567179e-02 4.41966896e+02
 2.60893411e-02 4.41987785e+02
 2.59207613e-02 4.42003792e+02
 2.59106854e-02 4.42022184e+02
 2.60061721e-02 4.42018211e+02
 2.60707131e-02 4.42061072e+02
 2.62253823e-02 4.42074150e+02
 2.63480819e-02 4.42113019e+02
 2.60552026e-02 4.42109499e+02
 2.60381631e-02 4.42118924e+02
 2.61143225e-02 4.42151629e+02
 2.65078223e-02 4.42141863e+02
 2.64854309e-02 4.42163780e+02
 2.61300618e-02 4.42162418e+02
 2.60757882e-02 4.42180475e+02
 2.60638906e-02 4.42201390e+02
 2.61771120e-02 4.42212246e+02
 2.59903534e-02 4.42225223e+02
 2.59696391e-02 4.42257593e+02
 2.62410885e-02 4.42256003e+02
 2.64543593e-02 4.42270088e+02
 2.64564682e-02 4.42284400e+02
 2.61046721e-02 4.42297577e+02
 2.61658812e-02 4.42286786e+02
 2.61888597e-02 4.42314704e+02
 2.59919097e-02 4.42328248e+02
 2.61372742e-02 4.42340404e+02
 2.62135587e-02 4.42337109e+02
 2.63897972e-02 4.42340745e+02
 2.60178989e-02 4.42366874e+02
 2.59213979e-02 4.42359376e+02
 2.59789237e-02 4.42361307e+02
 2.63407840e-02 4.42367556e+02
 2.63707115e-02 4.42375116e+02
 2.63318667e-02 4.42393423e+02
 2.62661257e-02 4.42402208e+02
 2.62748331e-02 4.42409139e+02
 2.59998158e-02 4.42407093e+02
 2.60188032e-02 4.42415615e+02
 2.60561835e-02 4.42440839e+02
 2.64346351e-02 4.42435953e+02
 2.63895730e-02 4.42441862e+02
 2.59350824e-02 4.42467705e+02
 2.59644039e-02 4.42471380e+02
 2.59959987e-02 4.42478791e+02
 2.62565771e-02 4.42464701e+02
 2.62560588e-02 4.42487655e+02
 2.61942343e-02 4.42493564e+02
 2.64403681e-02 4.42499360e+02
 2.62252985e-02 4.42490610e+02
 2.60728724e-02 4.42504928e+02
 2.58985583e-02 4.42506036e+02
 2.59574113e-02 4.42507513e+02
 2.60746637e-02 4.42521974e+02
 2.60206560e-02 4.42522656e+02
 2.61740242e-02 4.42516065e+02
 2.62846265e-02 4.42534702e+02
 2.64270891e-02 4.42533793e+02
 2.60651028e-02 4.42549477e+02
 2.60613901e-02 4.42561867e+02
 2.60599808e-02 4.42563569e+02
 2.64784509e-02 4.42568697e+02
 2.61007952e-02 4.42579634e+02
 2.60764409e-02 4.42586187e+02
 2.59001695e-02 4.42593347e+02
 2.60324857e-02 4.42587437e+02
 2.60613046e-02 4.42604486e+02
 2.62253823e-02 4.42585846e+02
 2.62170933e-02 4.42602781e+02
 2.64364552e-02 4.42600532e+02
 2.63414628e-02 4.42629036e+02
 2.58606904e-02 4.42627402e+02
 2.61962948e-02 4.42638472e+02
 2.61940336e-02 4.42654272e+02
 2.62068492e-02 4.42656887e+02
 2.62020759e-02 4.42654841e+02
 2.60668808e-02 4.42659160e+02
 2.63436982e-02 4.42678447e+02
 2.58986871e-02 4.42682053e+02
 2.59535173e-02 4.42685666e+02
 2.59463663e-02 4.42693432e+02
 2.61758678e-02 4.42702017e+02
 2.64641024e-02 4.42703608e+02
 2.62094129e-02 4.42712817e+02
 2.63083276e-02 4.42714181e+02
 2.62202585e-02 4.42725891e+02
 2.62371500e-02 4.42733508e+02
 2.59850485e-02 4.42753603e+02
 2.62479443e-02 4.42742358e+02
 2.64332353e-02 4.42749539e+02
 2.63914401e-02 4.42757725e+02
 2.59755909e-02 4.42748856e+02
 2.59392868e-02 4.42745559e+02
 2.60697077e-02 4.42755337e+02
 2.63391663e-02 4.42758975e+02
 2.62658440e-02 4.42776371e+02
 2.64908476e-02 4.42769407e+02
 2.64688848e-02 4.42781271e+02
 2.62759137e-02 4.42793085e+02
 2.61777378e-02 4.42799225e+02
 2.58546466e-02 4.42806502e+02
 2.62641040e-02 4.42792744e+02
 2.62678978e-02 4.42803546e+02
 2.62354486e-02 4.42803887e+02
 2.62664411e-02 4.42793653e+02
 2.64342018e-02 4.42801403e+02
 2.65174174e-02 4.42820812e+02
 2.61824753e-02 4.42834020e+02
 2.60216972e-02 4.42834361e+02
 2.61195332e-02 4.42839250e+02
 2.64826873e-02 4.42828448e+02
 2.65459447e-02 4.42820602e+02
 2.61668399e-02 4.42816622e+02
 2.60331141e-02 4.42832996e+02
 2.61939004e-02 4.42834020e+02
 2.60932270e-02 4.42829469e+02
 2.62334556e-02 4.42834929e+02
 2.62314937e-02 4.42825832e+02
 2.64587214e-02 4.42834020e+02
 2.61691771e-02 4.42826401e+02
 2.60659874e-02 4.42825150e+02
 2.60610143e-02 4.42835953e+02
 2.64194669e-02 4.42848348e+02
 2.64152047e-02 4.42849712e+02
 2.61695509e-02 4.42857174e+02
 2.61871257e-02 4.42854028e+02
 2.61557262e-02 4.42842548e+02
 2.61648785e-02 4.42848006e+02
 2.59236095e-02 4.42856194e+02
 2.57884018e-02 4.42838227e+02
 2.62223513e-02 4.42870977e+02
 2.63544226e-02 4.42837204e+02
 2.64133768e-02 4.42847779e+02
 2.61335696e-02 4.42838783e+02
 2.61730969e-02 4.42840099e+02
 2.62440764e-02 4.42837886e+02
 2.59983299e-02 4.42826174e+02
 2.59000970e-02 4.42837204e+02
 2.60553884e-02 4.42846414e+02
 2.63899351e-02 4.42834020e+02
 2.61351463e-02 4.42837545e+02
 2.58745432e-02 4.42838227e+02
 2.58343536e-02 4.42834003e+02
 2.61683865e-02 4.42841704e+02
 2.62692392e-02 4.42845732e+02
 2.61493428e-02 4.42842548e+02
 2.62003669e-02 4.42846073e+02
 2.62545760e-02 4.42840842e+02
 2.58600115e-02 4.42836976e+02
 2.59407941e-02 4.42827766e+02
 2.61385994e-02 4.42839819e+02
 2.63182012e-02 4.42839819e+02
 2.62610507e-02 4.42820895e+02
 2.59194645e-02 4.42841184e+02
 2.60390006e-02 4.42835270e+02
 2.59827726e-02 4.42832314e+02
 2.60554078e-02 4.42831063e+02
 2.60707605e-02 4.42828789e+02
 2.60608780e-02 4.42825150e+02
 2.63913540e-02 4.42835953e+02
 2.60517766e-02 4.42826401e+02
 2.59211491e-02 4.42821945e+02
 2.59969317e-02 4.42828107e+02
 2.59081458e-02 4.42812983e+02
 2.59670348e-02 4.42815257e+02
 2.58886099e-02 4.42800248e+02
 2.61730821e-02 4.42809458e+02
 2.62581522e-02 4.42814689e+02
 2.59993578e-02 4.42811850e+02
 2.58997024e-02 4.42813124e+02
 2.60704502e-02 4.42815940e+02
 2.62724276e-02 4.42818883e+02
 2.62146398e-02 4.42828107e+02
 2.59879034e-02 4.42803546e+02
 2.58474502e-02 4.42824468e+02
 2.58724591e-02 4.42822535e+02
 2.59608713e-02 4.42829699e+02
 2.59778458e-02 4.42827083e+02
 2.62242068e-02 4.42818946e+02
 2.64247772e-02 4.42815030e+02
 2.62395783e-02 4.42802181e+02
 2.60046476e-02 4.42807753e+02
 2.59308350e-02 4.42805138e+02
 2.61300044e-02 4.42822876e+02
 2.61036957e-02 4.42815257e+02
 2.60544529e-02 4.42822194e+02
 2.61100664e-02 4.42831973e+02
 2.60871152e-02 4.42822416e+02
 2.60471109e-02 4.42822194e+02
 2.58515024e-02 4.42814383e+02
 2.58118001e-02 4.42817986e+02
 2.61513383e-02 4.42805479e+02
 2.63332243e-02 4.42802181e+02
 2.63093395e-02 4.42798315e+02
 2.61035243e-02 4.42806502e+02
 2.59466445e-02 4.42805479e+02
 2.60471294e-02 4.42807298e+02
 2.59696346e-02 4.42805328e+02
 2.61023184e-02 4.42816963e+02
 2.62258228e-02 4.42812983e+02
 2.60426390e-02 4.42810709e+02
 2.58493664e-02 4.42827424e+02
 2.57388293e-02 4.42812642e+02
 2.61410492e-02 4.42818896e+02
 2.62228753e-02 4.42811391e+02
 2.62499161e-02 4.42827083e+02
 2.61936980e-02 4.42836553e+02
 2.62793061e-02 4.42830722e+02
 2.62198630e-02 4.42843799e+02
 2.57331667e-02 4.42830040e+02
 2.59472501e-02 4.42836635e+02
 2.61028437e-02 4.42835270e+02
 2.62079651e-02 4.42834929e+02
 2.62104436e-02 4.42842207e+02
 2.60665645e-02 4.42856535e+02
 2.62143673e-02 4.42857064e+02
 2.60608780e-02 4.42860515e+02
 2.59801943e-02 4.42849371e+02
 2.60719177e-02 4.42861766e+02
 2.64304124e-02 4.42856876e+02
 2.64968793e-02 4.42856194e+02
 2.60241985e-02 4.42839250e+02
 2.58364012e-02 4.42850394e+02
 2.61758678e-02 4.42850622e+02
 2.61717699e-02 4.42859053e+02
 2.61961601e-02 4.42871282e+02
 2.60163983e-02 4.42863813e+02
 2.62629035e-02 4.42853351e+02
 2.61326040e-02 4.42867679e+02
 2.60753338e-02 4.42862107e+02
 2.60630709e-02 4.42866770e+02
 2.61720236e-02 4.42881099e+02
 2.63957899e-02 4.42875185e+02
 2.63341740e-02 4.42863581e+02
 2.61220941e-02 4.42858585e+02
 2.61734443e-02 4.42853351e+02
 2.59451143e-02 4.42875867e+02
 2.59599932e-02 4.42870295e+02
 2.58489446e-02 4.42878824e+02
 2.59467455e-02 4.42865064e+02
 2.65472633e-02 4.42875867e+02
 2.63403051e-02 4.42864723e+02
 2.62531802e-02 4.42861787e+02
 2.61348411e-02 4.42865615e+02
 2.61148952e-02 4.42872342e+02
 2.59621619e-02 4.42871319e+02
 2.59811059e-02 4.42865405e+02
 2.61448136e-02 4.42872342e+02
 2.63212223e-02 4.42882122e+02
 2.58497348e-02 4.42865746e+02
 2.59012051e-02 4.42871660e+02
 2.59711795e-02 4.42867679e+02
 2.64220356e-02 4.42867947e+02
 2.62741187e-02 4.42864382e+02
 2.62144170e-02 4.42870295e+02
 2.61316743e-02 4.42886330e+02
 2.61562669e-02 4.42865064e+02
 2.59137100e-02 4.42859833e+02
 2.58530255e-02 4.42843458e+02
 2.61758678e-02 4.42867066e+02
 2.62912651e-02 4.42857900e+02
 2.62173172e-02 4.42840149e+02
 2.61308797e-02 4.42866429e+02
 2.59995574e-02 4.42856194e+02
 2.62460761e-02 4.42860174e+02
 2.60393162e-02 4.42861766e+02
 2.59924221e-02 4.42854261e+02
 2.62607260e-02 4.42866087e+02
 2.64568337e-02 4.42848740e+02
 2.63824978e-02 4.42864154e+02
 2.58716654e-02 4.42865517e+02
 2.58690418e-02 4.42860515e+02
 2.59667177e-02 4.42869954e+02
 2.61102917e-02 4.42863131e+02
 2.61270412e-02 4.42870977e+02
 2.62523473e-02 4.42886102e+02
 2.63376716e-02 4.42873252e+02
 2.62184118e-02 4.42857217e+02
 2.59230443e-02 4.42857488e+02
 2.61140885e-02 4.42863472e+02
 2.63414604e-02 4.42861198e+02
 2.64331219e-02 4.42854943e+02
 2.59689404e-02 4.42837545e+02
 2.59887615e-02 4.42847097e+02
 2.60173606e-02 4.42853920e+02
 2.59114379e-02 4.42852328e+02
 2.60065884e-02 4.42851304e+02
 2.61064938e-02 4.42846499e+02
 2.64072920e-02 4.42840986e+02
 2.64415695e-02 4.42837886e+02
 2.61013444e-02 4.42839250e+02
 2.60169592e-02 4.42835612e+02
 2.60326116e-02 4.42819237e+02
 2.60158820e-02 4.42837204e+02
 2.60433776e-02 4.42842776e+02
 2.59861070e-02 4.42821853e+02
 2.62614183e-02 4.42821401e+02
 2.62880463e-02 4.42812074e+02
 2.57874525e-02 4.42815921e+02
 2.58566475e-02 4.42824127e+02
 2.61107475e-02 4.42829016e+02
 2.62535247e-02 4.42821853e+02
 2.62296582e-02 4.42821511e+02
 2.61073037e-02 4.42809458e+02
 2.60843571e-02 4.42809458e+02
 2.59406793e-02 4.42810346e+02
 2.59118497e-02 4.42799411e+02
 2.59299906e-02 4.42810368e+02
 2.61287528e-02 4.42798656e+02
 2.61690700e-02 4.42776371e+02
 2.58352945e-02 4.42791038e+02
 2.57789206e-02 4.42790470e+02
 2.58675202e-02 4.42799907e+02
 2.61179923e-02 4.42796041e+02
 2.61245885e-02 4.42791577e+02
 2.62269830e-02 4.42783616e+02
 2.62149708e-02 4.42782511e+02
 2.60525335e-02 4.42791038e+02
 2.58995022e-02 4.42774324e+02
 2.57412402e-02 4.42794336e+02
 2.58184971e-02 4.42767843e+02
 2.60062209e-02 4.42792403e+02
 2.60137067e-02 4.42783534e+02
 2.60808038e-02 4.42777201e+02
 2.61818970e-02 4.42767929e+02
 2.60061944e-02 4.42766138e+02
 2.58051835e-02 4.42787855e+02
 2.59012700e-02 4.42770800e+02
 2.61587403e-02 4.42779896e+02
 2.62628246e-02 4.42778645e+02
 2.60589655e-02 4.42770800e+02
 2.57402901e-02 4.42762955e+02
 2.58448237e-02 4.42765228e+02
 2.60143222e-02 4.42763140e+02
 2.59880673e-02 4.42772352e+02
 2.61192234e-02 4.42766820e+02
 2.61847917e-02 4.42767843e+02
 2.59474532e-02 4.42775689e+02
 2.58445768e-02 4.42770117e+02
 2.58980129e-02 4.42766820e+02
 2.60114085e-02 4.42766820e+02
 2.62174337e-02 4.42758066e+02
 2.58331606e-02 4.42761180e+02
 2.59797553e-02 4.42756184e+02
 2.60203688e-02 4.42758975e+02
 2.57199222e-02 4.42751471e+02
 2.56596109e-02 4.42749880e+02
 2.58339301e-02 4.42762613e+02
 2.63292773e-02 4.42755678e+02
 2.62412830e-02 4.42746582e+02
 2.58623172e-02 4.42750448e+02
 2.60217205e-02 4.42758800e+02
 2.58638891e-02 4.42759826e+02
 2.59075954e-02 4.42752495e+02
 2.58210855e-02 4.42754427e+02
 2.60736302e-02 4.42766138e+02
 2.61986346e-02 4.42763296e+02
 2.57864378e-02 4.42762613e+02
 2.49392534e-02 4.42767843e+02
 2.51984708e-02 4.42700994e+02
 2.47104492e-02 4.42449020e+02
 2.38775474e-02 4.41934162e+02
 2.33649027e-02 4.41590709e+02
 2.28552240e-02 4.41268076e+02
 2.22568829e-02 4.40959920e+02
 2.16516846e-02 4.40651722e+02
 2.12791623e-02 4.40313040e+02
 2.07289823e-02 4.39971641e+02
 2.03080756e-02 4.39625281e+02
 1.96189612e-02 4.39294378e+02
 1.92834774e-02 4.38670842e+02
 1.86821276e-02 4.38295538e+02
 1.83455506e-02 4.37953223e+02
 1.79390490e-02 4.37613387e+02
 1.74754868e-02 4.37252066e+02
 1.69446566e-02 4.36910447e+02
 1.65186401e-02 4.36538613e+02
 1.62416630e-02 4.36205103e+02
 1.57343757e-02 4.35502048e+02
 1.54001164e-02 4.35168513e+02
 1.50015338e-02 4.34754680e+02
 1.45026857e-02 4.34394479e+02
 1.42172760e-02 4.34008042e+02
 1.38985800e-02 4.33649262e+02
 1.34281685e-02 4.33277900e+02
 1.31246212e-02 4.32886845e+02
 1.29646410e-02 4.32462242e+02
 1.25102698e-02 4.32118039e+02
 1.22717266e-02 4.31345200e+02
 1.20129633e-02 4.30978809e+02
 1.15676436e-02 4.30572247e+02
 1.11847543e-02 4.30168853e+02
 1.08205874e-02 4.29781187e+02
 1.06556847e-02 4.29368567e+02
 1.03780232e-02 4.28995239e+02
 9.93846153e-03 4.28501709e+02
 9.74920829e-03 4.28154659e+02
 9.55949739e-03 4.27375600e+02
 9.19258602e-03 4.26959001e+02
 8.91934012e-03 4.26551543e+02
 8.77283964e-03 4.26165663e+02
 8.39428506e-03 4.25748081e+02
 8.30397808e-03 4.25346777e+02
 7.89797689e-03 4.24926693e+02
 7.80039735e-03 4.24459223e+02
 7.44464393e-03 4.24097297e+02
 7.37867042e-03 4.23285770e+02
 6.98947436e-03 4.22875921e+02
 6.91974466e-03 4.22449852e+02
 6.64018261e-03 4.22043551e+02
 6.37969779e-03 4.21638564e+02
 6.25646649e-03 4.21215383e+02
 6.03163639e-03 4.20790711e+02
 5.79630824e-03 4.20367273e+02
 5.67823639e-03 4.19799862e+02
 5.50728551e-03 4.19422235e+02
 5.23502182e-03 4.18692528e+02
 5.10394437e-03 4.18263733e+02
 4.96365297e-03 4.17860960e+02
 4.83666870e-03 4.17441538e+02
 4.63622910e-03 4.17022257e+02
 4.40729386e-03 4.16612077e+02
 4.26759732e-03 4.16210221e+02
 4.09927128e-03 4.15601282e+02
 3.95696208e-03 4.15267450e+02
 3.84438683e-03 4.14538781e+02
 3.69504650e-03 4.14129704e+02
 3.58258045e-03 4.13731380e+02
 3.46035819e-03 4.13311290e+02
 3.30499355e-03 4.12895205e+02
 3.17351839e-03 4.12487716e+02
 3.05488248e-03 4.12097895e+02
 2.90641790e-03 4.11566024e+02
 2.77995612e-03 4.11223868e+02
 2.67906552e-03 4.10513153e+02
 2.57281257e-03 4.10124379e+02
 2.48692076e-03 4.09718353e+02
 2.39700419e-03 4.09319048e+02
 2.27450850e-03 4.08951421e+02
 2.13823083e-03 4.08546377e+02
 2.05879485e-03 4.08166392e+02
 2.00059924e-03 4.07799852e+02
 1.90999585e-03 4.07182818e+02
 1.77972376e-03 4.06683071e+02
 1.70270518e-03 4.06315014e+02
 1.65670174e-03 4.05939845e+02
 1.55036468e-03 4.05571934e+02
 1.47155527e-03 4.05219278e+02
 1.41765261e-03 4.04855606e+02
 1.32109750e-03 4.04519797e+02
 1.26281233e-03 4.04157180e+02
 1.20644885e-03 4.03593893e+02
 1.11527791e-03 4.03123784e+02
 1.08000853e-03 4.02785305e+02
 1.00133099e-03 4.02464574e+02
 9.71884339e-04 4.02150660e+02
 8.92187886e-04 4.01816116e+02
 8.61013198e-04 4.01505662e+02
 7.96077528e-04 4.01200430e+02
 7.63782561e-04 4.00883481e+02
 7.05964061e-04 4.00407710e+02
 6.75745361e-04 3.99981456e+02
 6.35786864e-04 3.99711183e+02
 5.96126215e-04 3.99430332e+02
 5.69819638e-04 3.99138819e+02
 5.27705873e-04 3.98881928e+02
 4.99922790e-04 3.98623304e+02
 4.77468155e-04 3.98374320e+02
 4.49430700e-04 3.98124557e+02
 4.26921005e-04 3.97680487e+02
 4.09786970e-04 3.97447429e+02
 3.88403503e-04 3.97198936e+02
 3.70699129e-04 3.96983308e+02
 3.55055430e-04 3.96789638e+02
 3.44488454e-04 3.96572850e+02
 3.32346009e-04 3.96381730e+02
 3.22639499e-04 3.96192755e+02
 3.15038184e-04 3.96007978e+02
 3.10257449e-04 3.95670276e+02
 3.05335937e-04 3.95494051e+02
 3.02037492e-04 3.95289502e+02
 2.99519984e-04 3.95124812e+02
 2.97516675e-04 3.94945836e+02
 2.96409507e-04 3.94769094e+02
 2.96016920e-04 3.94606856e+02
 2.95879259e-04 3.94469724e+02
 2.95784114e-04 3.94331395e+02
 2.95749972e-04 3.94076611e+02
 2.95749972e-04 3.93942231e+02
 2.95746520e-04 3.88766365e+02
 2.95830604e-04 3.88707404e+02
 2.96604527e-04 3.88627375e+02
 3.01539483e-04 3.88578102e+02
 3.04872375e-04 3.88544714e+02
 3.21588401e-04 3.88514483e+02
 3.37081949e-04 3.88507765e+02
 3.59743365e-04 3.88497432e+02
 4.00453501e-04 3.88500128e+02
 5.05768621e-04 3.88513974e+02
 4.35239336e-04 3.88534128e+02
 4.23045953e-04 3.88530972e+02
 4.99389319e-04 3.88567007e+02
 5.09647754e-04 3.88619740e+02
 5.89121591e-04 3.88661075e+02
 7.01536097e-04 3.88686632e+02
 8.21382931e-04 3.88744063e+02
 8.51749400e-04 3.88891091e+02
 8.78067485e-04 3.88979665e+02
 1.01110593e-03 3.89066480e+02
 1.13928379e-03 3.89192452e+02
 1.27774124e-03 3.89317744e+02
 1.36261877e-03 3.89456941e+02
 1.35195072e-03 3.89617706e+02
 1.51937468e-03 3.89821540e+02
 1.66606620e-03 3.89970733e+02
 1.75000472e-03 3.90418996e+02
 1.91273397e-03 3.90669627e+02
 2.14815981e-03 3.90944407e+02
 2.28144200e-03 3.91222384e+02
 2.37626318e-03 3.91540890e+02
 2.48856136e-03 3.91902981e+02
 2.65576623e-03 3.92260120e+02
 2.83842747e-03 3.92626979e+02
 2.98914166e-03 3.93055494e+02
 3.19816272e-03 3.93930912e+02
 3.31722491e-03 3.94396529e+02
 3.47198608e-03 3.94933349e+02
 3.64512279e-03 3.95460034e+02
 3.82625504e-03 3.96017510e+02
 4.05499508e-03 3.96607956e+02
 4.16872096e-03 3.97226415e+02
 4.28680042e-03 3.97864997e+02
 4.44816823e-03 3.98545877e+02
 4.66729126e-03 3.99889575e+02
 4.84436449e-03 4.00617806e+02
 5.08126177e-03 4.01352813e+02
 5.24254186e-03 4.02097226e+02
 5.33575979e-03 4.02869561e+02
 5.56108699e-03 4.03628747e+02
 5.85548638e-03 4.04398508e+02
 5.95459493e-03 4.05204620e+02
 6.17310090e-03 4.06264101e+02
 6.37398062e-03 4.06956987e+02
 6.57582466e-03 4.08411543e+02
 6.70090586e-03 4.09219300e+02
 7.03851333e-03 4.10016051e+02
 7.08142364e-03 4.10805259e+02
 7.40104269e-03 4.11586562e+02
 7.46421023e-03 4.12362272e+02
 7.75940767e-03 4.13125391e+02
 7.86697319e-03 4.14103764e+02
 8.14404554e-03 4.14736279e+02
 8.19184346e-03 4.16083819e+02
 8.52724870e-03 4.16785266e+02
 8.57674930e-03 4.17465869e+02
 8.85065797e-03 4.18139293e+02
 9.06154357e-03 4.18787505e+02
 9.19224602e-03 4.19428969e+02
 9.45273143e-03 4.20031587e+02
 9.63400915e-03 4.20821229e+02
 9.74779358e-03 4.21339102e+02
 1.00982334e-02 4.22376232e+02
 1.02704888e-02 4.22899232e+02
 1.02291555e-02 4.23427270e+02
 1.05175894e-02 4.23948526e+02
 1.07955856e-02 4.24431832e+02
 1.10266454e-02 4.24889370e+02
 1.10517929e-02 4.25359413e+02
 1.12546030e-02 4.25787338e+02
 1.14962460e-02 4.26450484e+02
 1.16949559e-02 4.27040236e+02
 1.19700679e-02 4.27407372e+02
 1.20493519e-02 4.27787142e+02
 1.21365202e-02 4.28167531e+02
 1.22820787e-02 4.28518352e+02
 1.23892437e-02 4.28848397e+02
 1.26429582e-02 4.29176997e+02
 1.29140810e-02 4.29490523e+02
 1.30520008e-02 4.29927661e+02
 1.33411916e-02 4.30361576e+02
 1.35397312e-02 4.30639086e+02
 1.35759236e-02 4.30899972e+02
 1.39437230e-02 4.31177443e+02
 1.39963751e-02 4.31411251e+02
 1.41419608e-02 4.31656848e+02
 1.43583559e-02 4.31894327e+02
 1.44470102e-02 4.32112430e+02
 1.45888650e-02 4.32460453e+02
 1.47313831e-02 4.32633413e+02
 1.48643665e-02 4.32947185e+02
 1.49540299e-02 4.33127467e+02
 1.50522743e-02 4.33318640e+02
 1.53798390e-02 4.33495146e+02
 1.56073872e-02 4.33653060e+02
 1.58765399e-02 4.33832028e+02
 1.59183623e-02 4.33995188e+02
 1.60056387e-02 4.34176066e+02
 1.60965337e-02 4.34431507e+02
 1.62533799e-02 4.34617350e+02
 1.65343255e-02 4.34766657e+02
 1.66585428e-02 4.34934931e+02
 1.67799394e-02 4.35054649e+02
 1.68000324e-02 4.35185935e+02
 1.69854883e-02 4.35332382e+02
 1.74625146e-02 4.35478311e+02
 1.73280177e-02 4.35594569e+02
 1.74320187e-02 4.35824077e+02
 1.75553404e-02 4.35985689e+02
 1.77131294e-02 4.36110480e+02
 1.80513367e-02 4.36233954e+02
 1.77521137e-02 4.36340951e+02
 1.81403923e-02 4.36439211e+02
 1.83678271e-02 4.36567370e+02
 1.82141910e-02 4.36678707e+02
 1.84799399e-02 4.36841489e+02
 1.87224791e-02 4.36920448e+02
 1.87879742e-02 4.37079766e+02
 1.87925131e-02 4.37156799e+02
 1.89374948e-02 4.37273102e+02
 1.91026673e-02 4.37359952e+02
 1.90888521e-02 4.37459420e+02
 1.95232335e-02 4.37557895e+02
 1.91666033e-02 4.37641529e+02
 1.95958504e-02 4.37739138e+02
 1.96112805e-02 4.37889736e+02
 1.97821531e-02 4.37983073e+02
 1.99022843e-02 4.38078494e+02
 1.99466942e-02 4.38165706e+02
 1.99302747e-02 4.38244593e+02
 2.03693992e-02 4.38321238e+02
 2.00644537e-02 4.38396203e+02
 2.06371328e-02 4.38461482e+02
 2.02221138e-02 4.38548534e+02
 2.06462523e-02 4.38670911e+02
 2.06568084e-02 4.38759346e+02
 2.07859557e-02 4.38842837e+02
 2.09426274e-02 4.38903546e+02
 2.08284276e-02 4.38974082e+02
 2.11535331e-02 4.39048239e+02
 2.09428666e-02 4.39099941e+02
 2.13089787e-02 4.39168810e+02
 2.12344260e-02 4.39237462e+02
 2.15514048e-02 4.39339266e+02
 2.14980238e-02 4.39407416e+02
 2.14598172e-02 4.39482675e+02
 2.15090639e-02 4.39538375e+02
 2.18028861e-02 4.39585154e+02
 2.18405433e-02 4.39645047e+02
 2.20448848e-02 4.39697487e+02
 2.18038303e-02 4.39740438e+02
 2.22272133e-02 4.39808693e+02
 2.21323874e-02 4.39918834e+02
 2.21481156e-02 4.39961143e+02
 2.25735129e-02 4.40024002e+02
 2.22847085e-02 4.40070259e+02
 2.23818001e-02 4.40135073e+02
 2.24611824e-02 4.40157245e+02
 2.26673486e-02 4.40201591e+02
 2.23723228e-02 4.40251146e+02
 2.27842989e-02 4.40282985e+02
 2.27908306e-02 4.40358836e+02
 2.28014154e-02 4.40389499e+02
 2.29810238e-02 4.40440812e+02
 2.28316220e-02 4.40481900e+02
 2.28448747e-02 4.40525256e+02
 2.29224301e-02 4.40555483e+02
 2.32884349e-02 4.40590466e+02
 2.30651646e-02 4.40612544e+02
 2.31676583e-02 4.40661624e+02
 2.36090222e-02 4.40688603e+02
 2.29294150e-02 4.40753708e+02
 2.33442654e-02 4.40789626e+02
 2.32830756e-02 4.40821372e+02
 2.32644034e-02 4.40864983e+02
 2.34950762e-02 4.40882655e+02
 2.35801311e-02 4.40906445e+02
 2.35736079e-02 4.40930010e+02
 2.34802640e-02 4.40951536e+02
 2.35453967e-02 4.40918291e+02
 2.38082554e-02 4.40982127e+02
 2.34856845e-02 4.41005356e+02
 2.37163251e-02 4.41010228e+02
 2.40001270e-02 4.41029151e+02
 2.38898464e-02 4.41071193e+02
 2.39227438e-02 4.41095672e+02
 2.38042675e-02 4.41122192e+02
 2.39445338e-02 4.41140439e+02
 2.41357751e-02 4.41164413e+02
 2.40273720e-02 4.41209015e+02
 2.38714924e-02 4.41223196e+02
 2.41625130e-02 4.41242002e+02
 2.44213521e-02 4.41294151e+02
 2.42538509e-02 4.41303335e+02
 2.41922271e-02 4.41318414e+02
 2.43278565e-02 4.41352656e+02
 2.43468354e-02 4.41349708e+02
 2.45007027e-02 4.41392585e+02
 2.41782053e-02 4.41401092e+02
 2.46285536e-02 4.41446322e+02
 2.48182838e-02 4.41471158e+02
 2.45125701e-02 4.41483294e+02
 2.45415774e-02 4.41517206e+02
 2.50381971e-02 4.41524805e+02
 2.47024575e-02 4.41547604e+02
 2.45440746e-02 4.41543067e+02
 2.46435818e-02 4.41588117e+02
 2.46992376e-02 4.41598448e+02
 2.48370613e-02 4.41616234e+02
 2.49460035e-02 4.41632570e+02
 2.47673000e-02 4.41656395e+02
 2.47299140e-02 4.41671484e+02
 2.49669433e-02 4.41691680e+02
 2.51932188e-02 4.41722429e+02
 2.49270134e-02 4.41735818e+02
 2.49155671e-02 4.41754584e+02
 2.48283829e-02 4.41765584e+02
 2.48040889e-02 4.41786769e+02
 2.51276463e-02 4.41808331e+02
 2.54017570e-02 4.41824106e+02
 2.50590897e-02 4.41840449e+02
 2.50211396e-02 4.41859970e+02
 2.53146548e-02 4.41870753e+02
 2.53630830e-02 4.41886529e+02
 2.52323322e-02 4.41906052e+02
 2.51630509e-02 4.41918991e+02
 2.52053647e-02 4.41920707e+02
 2.51012586e-02 4.41943738e+02
 2.55507979e-02 4.41960312e+02
 2.55254696e-02 4.41959063e+02
 2.52955506e-02 4.41975070e+02
 2.53560293e-02 4.41993348e+02
 2.54515890e-02 4.41981995e+02
 2.56909033e-02 4.41998002e+02
 2.53724027e-02 4.42026367e+02
 2.54227785e-02 4.42034999e+02
 2.54323657e-02 4.42036490e+02
 2.53978833e-02 4.42046368e+02
 2.53223144e-02 4.42063966e+02
 2.57180313e-02 4.42079749e+02
 2.58941899e-02 4.42086903e+02
 2.56650359e-02 4.42105525e+02
 2.55126060e-02 4.42110748e+02
 2.55639029e-02 4.42135055e+02
 2.55977126e-02 4.42134168e+02
 2.56269015e-02 4.42148676e+02
 2.58006806e-02 4.42172525e+02
 2.58715306e-02 4.42192172e+02
 2.54660230e-02 4.42178430e+02
 2.54037273e-02 4.42193535e+02
 2.56723281e-02 4.42207845e+02
 2.60784836e-02 4.42212843e+02
 2.59576223e-02 4.42241727e+02
 2.57669120e-02 4.42230482e+02
 2.58261115e-02 4.42243509e+02
 2.58577831e-02 4.42272019e+02
 2.57178639e-02 4.42251119e+02
 2.58635675e-02 4.42260206e+02
 2.58822784e-02 4.42275654e+02
 2.57287130e-02 4.42283832e+02
 2.57390685e-02 4.42283742e+02
 2.59477344e-02 4.42276562e+02
 2.60775718e-02 4.42321027e+02
 2.61536378e-02 4.42308028e+02
 2.61501619e-02 4.42312912e+02
 2.59785458e-02 4.42333815e+02
 2.59527906e-02 4.42343698e+02
 2.58532637e-02 4.42344948e+02
 2.58261312e-02 4.42341085e+02
 2.60030630e-02 4.42344960e+02
 2.61197584e-02 4.42347561e+02
 2.60748616e-02 4.42360479e+02
 2.60095024e-02 4.42355059e+02
 2.59592697e-02 4.42364261e+02
 2.61056259e-02 4.42366874e+02
 2.59941031e-02 4.42379030e+02
 2.61157156e-02 4.42366533e+02
 2.62483856e-02 4.42374032e+02
 2.63046148e-02 4.42386529e+02
 2.60533210e-02 4.42378567e+02
 2.58504002e-02 4.42403230e+02
 2.58500145e-02 4.42416535e+02
 2.60992788e-02 4.42409707e+02
 2.62672601e-02 4.42411070e+02
 2.59325931e-02 4.42414706e+02
 2.60927764e-02 4.42422546e+02
 2.62474039e-02 4.42435612e+02
 2.60625380e-02 4.42441521e+02
 2.61406354e-02 4.42433513e+02
 2.61895351e-02 4.42442954e+02
 2.65742153e-02 4.42457542e+02
 2.65023141e-02 4.42460497e+02
 2.60291417e-02 4.42458451e+02
 2.59995295e-02 4.42460156e+02
 2.60940187e-02 4.42453906e+02
 2.61597028e-02 4.42473564e+02
 2.61335022e-02 4.42490269e+02
 2.61758678e-02 4.42494021e+02
 2.64456435e-02 4.42493323e+02
 2.65756568e-02 4.42482441e+02
 2.63704203e-02 4.42489587e+02
 2.61203043e-02 4.42502996e+02
 2.61719466e-02 4.42497087e+02
 2.63181179e-02 4.42496519e+02
 2.64365501e-02 4.42499132e+02
 2.61919148e-02 4.42498791e+02
 2.63475404e-02 4.42498451e+02
 2.62465922e-02 4.42498455e+02
 2.62088609e-02 4.42508905e+02
 2.60314837e-02 4.42520042e+02
 2.63481552e-02 4.42520951e+02
 2.64582782e-02 4.42523906e+02
 2.66845836e-02 4.42526293e+02
 2.62991226e-02 4.42518338e+02
 2.63107148e-02 4.42512542e+02
 2.62916205e-02 4.42524929e+02
 2.63110093e-02 4.42527513e+02
 2.62218113e-02 4.42532089e+02
 2.61474762e-02 4.42536748e+02
 2.64651129e-02 4.42534134e+02
 2.66264185e-02 4.42538339e+02
 2.63798915e-02 4.42543567e+02
 2.61400012e-02 4.42546863e+02
 2.62257416e-02 4.42546863e+02
 2.64124521e-02 4.42544249e+02
 2.63390408e-02 4.42536066e+02
 2.64144532e-02 4.42536149e+02
 2.64894901e-02 4.42547204e+02
 2.67658802e-02 4.42553113e+02
 2.63414639e-02 4.42565842e+02
 2.61758796e-02 4.42560955e+02
 2.61821546e-02 4.42551750e+02
 2.64251023e-02 4.42566865e+02
 2.64099991e-02 4.42575389e+02
 2.64890043e-02 4.42573051e+02
 2.64584897e-02 4.42576414e+02
 2.64750415e-02 4.42579595e+02
 2.63413237e-02 4.42568456e+02
 2.64395456e-02 4.42587437e+02
 2.64672415e-02 4.42578231e+02
 2.66000922e-02 4.42592665e+02
 2.68044568e-02 4.42587437e+02
 2.62931572e-02 4.42588801e+02
 2.57538027e-02 4.42587778e+02
 2.50186055e-02 4.42212914e+02
 2.45807209e-02 4.41992012e+02
 2.40178502e-02 4.41636541e+02
 2.36220049e-02 4.41334968e+02
 2.31916215e-02 4.41038557e+02
 2.24561843e-02 4.40727367e+02
 2.21009905e-02 4.40417949e+02
 2.11843785e-02 4.40095030e+02
 2.10161939e-02 4.39760671e+02
 2.02870133e-02 4.39205478e+02
 2.00175933e-02 4.38826251e+02
 1.94454256e-02 4.38510757e+02
 1.88935227e-02 4.38173143e+02
 1.85754339e-02 4.37847126e+02
 1.81153436e-02 4.37513889e+02
 1.75377395e-02 4.37171757e+02
 1.71163603e-02 4.36828989e+02
 1.68733653e-02 4.36503122e+02
 1.63576549e-02 4.35794376e+02
 1.58988284e-02 4.35471636e+02
 1.54620589e-02 4.35103261e+02
 1.51242581e-02 4.34746956e+02
 1.48543923e-02 4.34397947e+02
 1.44080642e-02 4.34032521e+02
 1.39576803e-02 4.33680091e+02
 1.37026605e-02 4.33321208e+02
 1.32913772e-02 4.32908056e+02
 1.29238388e-02 4.32608483e+02
 1.26553462e-02 4.31874282e+02
 1.21800492e-02 4.31492547e+02
 1.18891768e-02 4.31117980e+02
 1.16877591e-02 4.30752242e+02
 1.13363198e-02 4.30360911e+02
 1.11775306e-02 4.30000599e+02
 1.07215655e-02 4.29614614e+02
 1.03899527e-02 4.29190741e+02
 1.02410389e-02 4.28828704e+02
 1.00212649e-02 4.28086565e+02
 9.65680962e-03 4.27713582e+02
 9.25913285e-03 4.27313605e+02
 9.17960101e-03 4.26912260e+02
 8.78817459e-03 4.26514979e+02
 8.68664419e-03 4.26136500e+02
 8.37915621e-03 4.25737634e+02
 8.14660186e-03 4.25345129e+02
 7.90242534e-03 4.24827815e+02
 7.63159221e-03 4.24147645e+02
 7.42367493e-03 4.23758029e+02
 7.26673491e-03 4.23373642e+02
 6.92724323e-03 4.22957183e+02
 6.86511645e-03 4.22560848e+02
 6.51265451e-03 4.22144740e+02
 6.40573992e-03 4.21757342e+02
 6.17797189e-03 4.21351280e+02
 5.95674370e-03 4.20799674e+02
 5.79458288e-03 4.20155853e+02
 5.66721430e-03 4.19739258e+02
 5.37386257e-03 4.19334520e+02
 5.20478116e-03 4.18938031e+02
 5.12672925e-03 4.18518993e+02
 4.93024152e-03 4.18120018e+02
 4.75887456e-03 4.17718552e+02
 4.54684156e-03 4.17319792e+02
 4.36341776e-03 4.16764884e+02
 4.25063495e-03 4.16135692e+02
 4.07248865e-03 4.15720863e+02
 3.95799422e-03 4.15336209e+02
 3.85685735e-03 4.14947876e+02
 3.68964971e-03 4.14513627e+02
 3.59541066e-03 4.14128738e+02
 3.44243653e-03 4.13739107e+02
 3.31055199e-03 4.13352039e+02
 3.19947168e-03 4.12661641e+02
 3.04968434e-03 4.12310661e+02
 2.91133965e-03 4.11760759e+02
 2.78109191e-03 4.11383802e+02
 2.66942792e-03 4.11009592e+02
 2.54103399e-03 4.10618820e+02
 2.46666259e-03 4.10248288e+02
 2.37702423e-03 4.09854722e+02
 2.28522799e-03 4.09481794e+02
 2.14679580e-03 4.09097035e+02
 2.03556475e-03 4.08441965e+02
 1.96981068e-03 4.08003239e+02
 1.90007292e-03 4.07653674e+02
 1.77885224e-03 4.07289005e+02
 1.68168435e-03 4.06925988e+02
 1.63119541e-03 4.06578895e+02
 1.55375562e-03 4.06220957e+02
 1.44545769e-03 4.05864340e+02
 1.39221371e-03 4.05510520e+02
 1.31720429e-03 4.04895801e+02
 1.25412711e-03 4.04589574e+02
 1.20071485e-03 4.04167808e+02
 1.11223252e-03 4.03837947e+02
 1.06873213e-03 4.03525232e+02
 9.89022190e-04 4.03189409e+02
 9.58371345e-04 4.02872919e+02
 8.92238527e-04 4.02552130e+02
 8.48035769e-04 4.02236571e+02
 7.83277037e-04 4.01658456e+02
 7.51041824e-04 4.01373301e+02
 6.98903169e-04 4.01097127e+02
 6.66750362e-04 4.00808874e+02
 6.29451611e-04 4.00529357e+02
 5.86720292e-04 4.00261172e+02
 5.58820595e-04 3.99999814e+02
 5.20950837e-04 3.99760805e+02
 4.95373387e-04 3.99448643e+02
 4.72519118e-04 3.98996096e+02
 4.43457224e-04 3.98777047e+02
 4.22052004e-04 3.98535325e+02
 4.03849187e-04 3.98329897e+02
 3.86327395e-04 3.98101597e+02
 3.65263436e-04 3.97880781e+02
 3.53834595e-04 3.97694839e+02
 3.41436998e-04 3.97492783e+02
 3.30374850e-04 3.97271774e+02
 3.20787858e-04 3.96923302e+02
 3.13669653e-04 3.96742191e+02
 3.07937911e-04 3.96563013e+02
 3.04308538e-04 3.96388872e+02
 3.01131163e-04 3.96206103e+02
 2.98740211e-04 3.96036955e+02
 2.97272702e-04 3.95882655e+02
 2.96371196e-04 3.95718894e+02
 2.95986641e-04 3.95467008e+02
 2.95791244e-04 3.95330709e+02
 2.95749374e-04 3.95100449e+02
 2.95749374e-04 3.94969365e+02
