 2.57413963e+00 0.00000000e+00 1.56637605e+00 1.67457774e+00
 9.64657048e+00 1.19865965e+00 8.37573088e-01 1.91904598e+00
 1.62027974e+01 2.67051528e+00 4.78413682e-01 1.85784684e+00
 2.29132893e+01 5.47839348e+00 1.08349158e+00 1.82644211e+00
 2.91854589e+01 7.48206613e+00 1.10546430e+00 1.88178092e+00
 3.57029418e+01 9.60727612e+00 1.32907295e+00 1.88682857e+00
 4.22009987e+01 1.15307513e+01 1.66757316e+00 1.88237289e+00
 4.87503670e+01 1.31882648e+01 1.69202159e+00 1.87394662e+00
 5.52443766e+01 1.43929242e+01 1.61028844e+00 1.85244794e+00
 6.16388407e+01 1.72238048e+01 1.02493720e+00 1.56546422e+00
