 4.03672263e+00 1.35278157e-01 3.41005021e-01 3.43049635e+00
 1.87277409e+01 -7.65791551e-02 3.76339126e-01 3.68746738e+00
 3.16252764e+01 -1.09579829e-01 4.16895926e-01 3.68365986e+00
 4.43040950e+01 -2.65640190e-02 3.49973262e-01 3.66378164e+00
 5.71649542e+01 3.30114292e-01 4.74489141e-01 3.72763609e+00
 6.99064598e+01 7.71801593e-01 4.08294239e-01 3.65294718e+00
 8.25079940e+01 1.40712166e+00 3.98336396e-01 3.64982060e+00
 9.52509894e+01 2.34187729e+00 4.74205105e-01 3.69221362e+00
 1.08278389e+02 3.47225445e+00 4.19421382e-01 3.64892305e+00
 1.21300111e+02 4.61883917e+00 4.31984809e-01 3.38539753e+00
