 3.09657636e-02 5.03494269e+02
 3.09657655e-02 5.03494269e+02
 3.09657846e-02 5.03494269e+02
 3.09657853e-02 5.03480376e+02
 3.09657853e-02 5.03453815e+02
 3.09657853e-02 5.03448158e+02
 3.09657853e-02 5.03448158e+02
 3.09657853e-02 5.03448158e+02
 3.09657853e-02 5.03448158e+02
 3.09657853e-02 5.03448158e+02
 3.09657988e-02 5.03448158e+02
 3.09658791e-02 5.03448158e+02
 3.09659291e-02 5.03449939e+02
 3.09659291e-02 5.03473996e+02
 3.09659291e-02 5.03494707e+02
 3.09659291e-02 5.03495031e+02
 3.09659291e-02 5.03495031e+02
 3.09659291e-02 5.03495031e+02
 3.09659291e-02 5.03495031e+02
 3.09659295e-02 5.03495031e+02
 3.09659776e-02 5.03495031e+02
 3.09660502e-02 5.03495031e+02
 3.09660574e-02 5.03495031e+02
 3.09660574e-02 5.03495031e+02
 3.09660789e-02 5.03490331e+02
 3.09664692e-02 5.03430409e+02
 3.09670160e-02 5.03379738e+02
 3.09670250e-02 5.03379062e+02
 3.09670250e-02 5.03379062e+02
 3.09672156e-02 5.03379062e+02
 3.09687707e-02 5.03379062e+02
 3.09712126e-02 5.03379062e+02
 3.09738785e-02 5.03379062e+02
 3.09761429e-02 5.03379062e+02
 3.09763014e-02 5.03367531e+02
 3.09763014e-02 5.03336035e+02
 3.09765118e-02 5.03325594e+02
 3.09792056e-02 5.03325594e+02
 3.09828223e-02 5.03325594e+02
 3.09849386e-02 5.03325594e+02
 3.09868415e-02 5.03325594e+02
 3.09894971e-02 5.03325594e+02
 3.09931360e-02 5.03325594e+02
 3.09965992e-02 5.03325621e+02
 3.09992643e-02 5.03327115e+02
 3.10018959e-02 5.03328793e+02
 3.10051716e-02 5.03328896e+02
 3.10089865e-02 5.03328896e+02
 3.10134974e-02 5.03328896e+02
 3.10194627e-02 5.03328896e+02
 3.10245183e-02 5.03328896e+02
 3.10269120e-02 5.03328896e+02
 3.10288055e-02 5.03328896e+02
 3.10322742e-02 5.03328896e+02
 3.10381078e-02 5.03328896e+02
 3.10446717e-02 5.03329549e+02
 3.10533588e-02 5.03354206e+02
 3.10600346e-02 5.03380845e+02
 3.10563877e-02 5.03382364e+02
 3.10470083e-02 5.03382364e+02
 3.10457917e-02 5.03382364e+02
 3.10593211e-02 5.03382364e+02
 3.10700632e-02 5.03382364e+02
 3.10629101e-02 5.03382364e+02
 3.10528981e-02 5.03382364e+02
 3.10528399e-02 5.03380419e+02
 3.10585873e-02 5.03373295e+02
 3.10660330e-02 5.03370299e+02
 3.10783052e-02 5.03370299e+02
 3.10876605e-02 5.03370299e+02
 3.10850489e-02 5.03370299e+02
 3.10795374e-02 5.03370299e+02
 3.10796090e-02 5.03370299e+02
 3.10868667e-02 5.03370299e+02
 3.10916721e-02 5.03370299e+02
 3.10921601e-02 5.03370299e+02
 3.10925532e-02 5.03370299e+02
 3.10950257e-02 5.03373807e+02
 3.11002747e-02 5.03383376e+02
 3.11015472e-02 5.03386428e+02
 3.10979064e-02 5.03386428e+02
 3.10952156e-02 5.03386428e+02
 3.10959265e-02 5.03386428e+02
 3.10979723e-02 5.03386428e+02
 3.11044201e-02 5.03386428e+02
 3.11230978e-02 5.03386428e+02
 3.11374649e-02 5.03386302e+02
 3.11458289e-02 5.03383382e+02
 3.11504105e-02 5.03380549e+02
 3.11401664e-02 5.03380459e+02
 3.11198430e-02 5.03380459e+02
 3.11192465e-02 5.03380459e+02
 3.11450271e-02 5.03380459e+02
 3.11652441e-02 5.03380459e+02
 3.11702228e-02 5.03380459e+02
 3.11728345e-02 5.03380459e+02
 3.11702683e-02 5.03380459e+02
 3.11625355e-02 5.03380459e+02
 3.11613262e-02 5.03381983e+02
 3.11767671e-02 5.03398732e+02
 3.11900742e-02 5.03411896e+02
 3.11908263e-02 5.03411958e+02
 3.11912279e-02 5.03411958e+02
 3.11927845e-02 5.03411958e+02
 3.11974385e-02 5.03411958e+02
 3.12041583e-02 5.03411958e+02
 3.12159147e-02 5.03411958e+02
 3.12313615e-02 5.03411958e+02
 3.12511298e-02 5.03413515e+02
 3.12729390e-02 5.03416947e+02
 3.12707659e-02 5.03417800e+02
 3.12272957e-02 5.03417800e+02
 3.12026276e-02 5.03417800e+02
 3.12047758e-02 5.03417800e+02
 3.12101960e-02 5.03417800e+02
 3.12308079e-02 5.03417800e+02
 3.12813606e-02 5.03417800e+02
 3.12994292e-02 5.03417864e+02
 3.12881512e-02 5.03418664e+02
 3.12776056e-02 5.03419320e+02
 3.12752086e-02 5.03419325e+02
 3.12737151e-02 5.03419325e+02
 3.12713052e-02 5.03419325e+02
 3.12678893e-02 5.03419325e+02
 3.12665837e-02 5.03419325e+02
 3.12699724e-02 5.03419325e+02
 3.12761988e-02 5.03419325e+02
 3.12863102e-02 5.03419325e+02
 3.12998346e-02 5.03419325e+02
 3.12989576e-02 5.03418214e+02
 3.12693308e-02 5.03410207e+02
 3.12490980e-02 5.03404972e+02
 3.12462151e-02 5.03404972e+02
 3.12447633e-02 5.03404972e+02
 3.12465434e-02 5.03404972e+02
 3.12554108e-02 5.03404972e+02
 3.12710483e-02 5.03404972e+02
 3.13195930e-02 5.03404972e+02
 3.13589447e-02 5.03404972e+02
 3.13537517e-02 5.03411390e+02
 3.13443152e-02 5.03422483e+02
 3.13439762e-02 5.03424405e+02
 3.13507098e-02 5.03424405e+02
 3.13577950e-02 5.03424405e+02
 3.13631568e-02 5.03424405e+02
 3.13689314e-02 5.03424405e+02
 3.13764006e-02 5.03424405e+02
 3.13856541e-02 5.03424405e+02
 3.13976094e-02 5.03424405e+02
 3.14162431e-02 5.03424405e+02
 3.14266992e-02 5.03424406e+02
 3.14032012e-02 5.03437234e+02
 3.13710993e-02 5.03455498e+02
 3.13668969e-02 5.03457685e+02
 3.13665829e-02 5.03457685e+02
 3.13668685e-02 5.03457685e+02
 3.13737231e-02 5.03457685e+02
 3.13843834e-02 5.03457685e+02
 3.13952564e-02 5.03457685e+02
 3.14085285e-02 5.03457685e+02
 3.14250971e-02 5.03455105e+02
 3.14472722e-02 5.03440835e+02
 3.14661253e-02 5.03432788e+02
 3.14796486e-02 5.03432788e+02
 3.14899990e-02 5.03432788e+02
 3.14956908e-02 5.03432788e+02
 3.14992569e-02 5.03432788e+02
 3.15074214e-02 5.03432788e+02
 3.15348244e-02 5.03432788e+02
 3.15688655e-02 5.03432788e+02
 3.16051607e-02 5.03432788e+02
 3.16377305e-02 5.03432788e+02
 3.16120558e-02 5.03431536e+02
 3.14983799e-02 5.03426393e+02
 3.14516106e-02 5.03424024e+02
 3.14608068e-02 5.03424024e+02
 3.14765460e-02 5.03424024e+02
 3.14933270e-02 5.03424024e+02
 3.15149455e-02 5.03424024e+02
 3.15442834e-02 5.03424024e+02
 3.15904253e-02 5.03424024e+02
 3.16313157e-02 5.03424024e+02
 3.16584969e-02 5.03430558e+02
 3.16775125e-02 5.03440225e+02
 3.16807351e-02 5.03441553e+02
 3.16812409e-02 5.03441553e+02
 3.16828974e-02 5.03441553e+02
 3.17013204e-02 5.03441553e+02
 3.17329029e-02 5.03441553e+02
 3.17821703e-02 5.03441553e+02
 3.18464748e-02 5.03441553e+02
 3.18427857e-02 5.03442406e+02
 3.17070655e-02 5.03448702e+02
 3.16240147e-02 5.03452985e+02
 3.16354052e-02 5.03452985e+02
 3.16601729e-02 5.03452985e+02
 3.16889429e-02 5.03452985e+02
 3.17274343e-02 5.03452985e+02
 3.17627209e-02 5.03452985e+02
 3.17911714e-02 5.03452985e+02
 3.18184045e-02 5.03452985e+02
 3.18523783e-02 5.03452985e+02
 3.18863479e-02 5.03452985e+02
 3.18929897e-02 5.03452301e+02
 3.18863731e-02 5.03447453e+02
 3.18819880e-02 5.03444220e+02
 3.19153247e-02 5.03444220e+02
 3.19642228e-02 5.03444220e+02
 3.19342636e-02 5.03444220e+02
 3.18120594e-02 5.03444220e+02
 3.17724827e-02 5.03444220e+02
 3.19813685e-02 5.03444220e+02
 3.22188676e-02 5.03444220e+02
 3.21470904e-02 5.03443500e+02
 3.19859136e-02 5.03441945e+02
 3.19591005e-02 5.03441553e+02
 3.20420843e-02 5.03441553e+02
 3.21193403e-02 5.03441553e+02
 3.21546267e-02 5.03441553e+02
 3.21768634e-02 5.03441553e+02
 3.21667973e-02 5.03441553e+02
 3.21184701e-02 5.03441553e+02
 3.20754486e-02 5.03441553e+02
 3.20400201e-02 5.03441553e+02
 3.20150747e-02 5.03441553e+02
 3.20067845e-02 5.03448028e+02
 3.20019262e-02 5.03461703e+02
 3.19938748e-02 5.03465052e+02
 3.19800411e-02 5.03465052e+02
 3.19728591e-02 5.03465052e+02
 3.20535451e-02 5.03465052e+02
 3.21713177e-02 5.03465052e+02
 3.21720505e-02 5.03465052e+02
 3.21269709e-02 5.03465052e+02
 3.21091582e-02 5.03465311e+02
 3.21149301e-02 5.03470036e+02
 3.21273887e-02 5.03474454e+02
 3.21919499e-02 5.03474579e+02
 3.23256184e-02 5.03474579e+02
 3.24065685e-02 5.03474579e+02
 3.24510744e-02 5.03474579e+02
 3.24929335e-02 5.03474579e+02
 3.25519174e-02 5.03474579e+02
 3.25999520e-02 5.03474579e+02
 3.25478280e-02 5.03477037e+02
 3.23696255e-02 5.03485177e+02
 3.23032101e-02 5.03488425e+02
 3.23114360e-02 5.03488425e+02
 3.23210118e-02 5.03488425e+02
 3.23244497e-02 5.03488425e+02
 3.23268706e-02 5.03488425e+02
 3.23360785e-02 5.03488425e+02
 3.23753852e-02 5.03488425e+02
 3.24366496e-02 5.03488425e+02
 3.25708332e-02 5.03488425e+02
 3.27393287e-02 5.03488425e+02
 3.28353817e-02 5.03491227e+02
 3.29062073e-02 5.03500270e+02
 3.29110881e-02 5.03503796e+02
 3.26785708e-02 5.03503796e+02
 3.24864501e-02 5.03503796e+02
 3.25123840e-02 5.03503796e+02
 3.25925782e-02 5.03503796e+02
 3.26806476e-02 5.03503796e+02
 3.27973437e-02 5.03503796e+02
 3.28550512e-02 5.03503802e+02
 3.27420585e-02 5.03505164e+02
 3.26034501e-02 5.03506922e+02
 3.26611653e-02 5.03507099e+02
 3.28999842e-02 5.03507099e+02
 3.29804890e-02 5.03507099e+02
 3.27454591e-02 5.03507099e+02
 3.25540703e-02 5.03507099e+02
 3.25811640e-02 5.03507099e+02
 3.26593367e-02 5.03507099e+02
 3.27299314e-02 5.03507099e+02
 3.27944333e-02 5.03507099e+02
 3.28792911e-02 5.03507118e+02
 3.30523464e-02 5.03510141e+02
 3.32351025e-02 5.03513972e+02
 3.32974824e-02 5.03514340e+02
 3.33314890e-02 5.03514340e+02
 3.33194697e-02 5.03514340e+02
 3.30453735e-02 5.03514340e+02
 3.28257858e-02 5.03514340e+02
 3.29898996e-02 5.03514340e+02
 3.33375698e-02 5.03514340e+02
 3.33922650e-02 5.03515866e+02
 3.32654940e-02 5.03524238e+02
 3.31948495e-02 5.03529077e+02
 3.32529455e-02 5.03529077e+02
 3.33267060e-02 5.03529077e+02
 3.32755324e-02 5.03529077e+02
 3.30946669e-02 5.03529077e+02
 3.29860686e-02 5.03529077e+02
 3.29313491e-02 5.03529077e+02
 3.29049701e-02 5.03529077e+02
 3.31358240e-02 5.03519231e+02
 3.36164032e-02 5.03500928e+02
 3.36640802e-02 5.03497191e+02
 3.33661871e-02 5.03497191e+02
 3.32088417e-02 5.03497191e+02
 3.32707896e-02 5.03497191e+02
 3.33480876e-02 5.03497191e+02
 3.33247493e-02 5.03497191e+02
 3.32383500e-02 5.03497191e+02
 3.32328505e-02 5.03497191e+02
 3.35569310e-02 5.03497191e+02
 3.38534262e-02 5.03497191e+02
 3.36700178e-02 5.03509973e+02
 3.33389779e-02 5.03533242e+02
 3.32429531e-02 5.03537843e+02
 3.32150828e-02 5.03537843e+02
 3.32087063e-02 5.03537843e+02
 3.34313583e-02 5.03537843e+02
 3.37524070e-02 5.03537843e+02
 3.38628044e-02 5.03537843e+02
 3.39251907e-02 5.03537843e+02
 3.39230094e-02 5.03537809e+02
 3.37265731e-02 5.03537412e+02
 3.35714692e-02 5.03537083e+02
 3.38088566e-02 5.03537080e+02
 3.42722216e-02 5.03537080e+02
 3.42525024e-02 5.03537080e+02
 3.37252051e-02 5.03537080e+02
 3.34693751e-02 5.03537080e+02
 3.37903621e-02 5.03537080e+02
 3.42341434e-02 5.03537080e+02
 3.43407653e-02 5.03537080e+02
 3.43890692e-02 5.03537080e+02
 3.43820015e-02 5.03537864e+02
 3.41788472e-02 5.03546660e+02
 3.39841802e-02 5.03553789e+02
 3.39257217e-02 5.03553850e+02
 3.38863618e-02 5.03553850e+02
 3.38247454e-02 5.03553850e+02
 3.37352777e-02 5.03553850e+02
 3.36995410e-02 5.03553850e+02
 3.41116585e-02 5.03553850e+02
 3.46616662e-02 5.03553850e+02
 3.46706936e-02 5.03551309e+02
 3.45367720e-02 5.03544047e+02
 3.44055268e-02 5.03541527e+02
 3.42589419e-02 5.03541527e+02
 3.41729329e-02 5.03541527e+02
 3.44345370e-02 5.03541527e+02
 3.49396273e-02 5.03541527e+02
 3.49133196e-02 5.03541527e+02
 3.43128205e-02 5.03541527e+02
 3.40192558e-02 5.03541634e+02
 3.44169949e-02 5.03549470e+02
 3.49307170e-02 5.03558719e+02
 3.49216900e-02 5.03559440e+02
 3.47535848e-02 5.03559440e+02
 3.45995677e-02 5.03559440e+02
 3.44425508e-02 5.03559440e+02
 3.43540199e-02 5.03559440e+02
 3.46484112e-02 5.03559440e+02
 3.52064164e-02 5.03559440e+02
 3.51671671e-02 5.03559440e+02
 3.45005614e-02 5.03559440e+02
 3.41899185e-02 5.03559521e+02
 3.43147527e-02 5.03563315e+02
 3.45102485e-02 5.03567551e+02
 3.46393296e-02 5.03567825e+02
 3.47513978e-02 5.03567825e+02
 3.49346526e-02 5.03567825e+02
 3.53301444e-02 5.03567825e+02
 3.55971335e-02 5.03567825e+02
 3.52604205e-02 5.03567825e+02
 3.47484039e-02 5.03567825e+02
 3.48542294e-02 5.03564623e+02
 3.56607776e-02 5.03551499e+02
 3.60480257e-02 5.03545465e+02
 3.55642119e-02 5.03545465e+02
 3.51122154e-02 5.03545465e+02
 3.52231318e-02 5.03545465e+02
 3.55618035e-02 5.03545465e+02
 3.58113229e-02 5.03545465e+02
 3.59799240e-02 5.03545465e+02
 3.61494364e-02 5.03545465e+02
 3.63941466e-02 5.03545465e+02
 3.65984521e-02 5.03545465e+02
 3.63396201e-02 5.03552665e+02
 3.55182519e-02 5.03575501e+02
 3.52462594e-02 5.03583961e+02
 3.53762349e-02 5.03583961e+02
 3.54879746e-02 5.03583961e+02
 3.54038934e-02 5.03583961e+02
 3.52547981e-02 5.03583961e+02
 3.53932080e-02 5.03583961e+02
 3.62227360e-02 5.03583961e+02
 3.66626616e-02 5.03583677e+02
 3.59962448e-02 5.03571637e+02
 3.53360332e-02 5.03558608e+02
 3.54658547e-02 5.03557916e+02
 3.58745852e-02 5.03557916e+02
 3.59703318e-02 5.03557916e+02
 3.58079146e-02 5.03557916e+02
 3.57004472e-02 5.03557916e+02
 3.61604417e-02 5.03557916e+02
 3.69198149e-02 5.03557916e+02
 3.71840872e-02 5.03557916e+02
 3.73186760e-02 5.03557916e+02
 3.72976249e-02 5.03558584e+02
 3.64652624e-02 5.03569030e+02
 3.57956193e-02 5.03578220e+02
 3.59438860e-02 5.03578371e+02
 3.62494322e-02 5.03578371e+02
 3.62423278e-02 5.03578371e+02
 3.59070948e-02 5.03578371e+02
 3.57461663e-02 5.03578371e+02
 3.64106289e-02 5.03578371e+02
 3.72298904e-02 5.03578371e+02
 3.69183460e-02 5.03580273e+02
 3.60568359e-02 5.03585088e+02
 3.58611124e-02 5.03586502e+02
 3.62140399e-02 5.03586502e+02
 3.64733997e-02 5.03586502e+02
 3.64149451e-02 5.03586502e+02
 3.62997160e-02 5.03586502e+02
 3.61910268e-02 5.03586502e+02
 3.60736085e-02 5.03586502e+02
 3.60855038e-02 5.03587278e+02
 3.70790250e-02 5.03601437e+02
 3.80935122e-02 5.03614418e+02
 3.75867321e-02 5.03614708e+02
 3.66229067e-02 5.03614708e+02
 3.64709390e-02 5.03614708e+02
 3.67319133e-02 5.03614708e+02
 3.70816726e-02 5.03614708e+02
 3.76336169e-02 5.03614708e+02
 3.81170078e-02 5.03614708e+02
 3.77721371e-02 5.03614708e+02
 3.68269858e-02 5.03614708e+02
 3.65621845e-02 5.03613668e+02
 3.66939268e-02 5.03603899e+02
 3.69064676e-02 5.03596675e+02
 3.73402887e-02 5.03596666e+02
 3.78359959e-02 5.03596666e+02
 3.77247749e-02 5.03596666e+02
 3.70736150e-02 5.03596666e+02
 3.68440978e-02 5.03596666e+02
 3.77529908e-02 5.03596666e+02
 3.87203224e-02 5.03596666e+02
 3.87864571e-02 5.03603519e+02
 3.88066417e-02 5.03617618e+02
 3.86675244e-02 5.03620807e+02
 3.78667470e-02 5.03620807e+02
 3.74268464e-02 5.03620807e+02
 3.77357106e-02 5.03620807e+02
 3.82522020e-02 5.03620807e+02
 3.86470712e-02 5.03620807e+02
 3.90081354e-02 5.03620807e+02
 3.89840931e-02 5.03620807e+02
 3.77850262e-02 5.03620807e+02
 3.69422218e-02 5.03620807e+02
 3.71358296e-02 5.03626715e+02
 3.75711818e-02 5.03636244e+02
 3.80056144e-02 5.03637706e+02
 3.85101112e-02 5.03637706e+02
 3.86697836e-02 5.03637706e+02
 3.78529181e-02 5.03637706e+02
 3.70977956e-02 5.03637706e+02
 3.70936126e-02 5.03637706e+02
 3.71692374e-02 5.03637706e+02
 3.73321688e-02 5.03637289e+02
 3.77964211e-02 5.03634633e+02
 3.80683160e-02 5.03633005e+02
 3.78946129e-02 5.03633005e+02
 3.76269643e-02 5.03633005e+02
 3.74731205e-02 5.03633005e+02
 3.73559963e-02 5.03633005e+02
 3.73265430e-02 5.03633005e+02
 3.73472222e-02 5.03633005e+02
 3.73918344e-02 5.03633005e+02
 3.80627309e-02 5.03633005e+02
 3.92291117e-02 5.03633005e+02
 3.93780418e-02 5.03633826e+02
 3.91416983e-02 5.03637392e+02
 3.90507345e-02 5.03639104e+02
 3.97513712e-02 5.03639104e+02
 4.05159063e-02 5.03639104e+02
 3.97845502e-02 5.03639104e+02
 3.81748329e-02 5.03639104e+02
 3.78313208e-02 5.03639104e+02
 3.83526452e-02 5.03639104e+02
 3.89820546e-02 5.03639102e+02
 3.95815281e-02 5.03634734e+02
 4.00728824e-02 5.03628565e+02
 3.97376800e-02 5.03627796e+02
 3.84469169e-02 5.03627796e+02
 3.79586730e-02 5.03627796e+02
 3.79804293e-02 5.03627796e+02
 3.80285561e-02 5.03627796e+02
 3.84060354e-02 5.03627796e+02
 3.92053692e-02 5.03627796e+02
 3.97123435e-02 5.03634971e+02
 4.00247350e-02 5.03676348e+02
 4.03115913e-02 5.03700988e+02
 4.06098540e-02 5.03700988e+02
 4.08950151e-02 5.03700988e+02
 4.11914728e-02 5.03700988e+02
 4.14925359e-02 5.03700988e+02
 4.15002436e-02 5.03700988e+02
 4.03300273e-02 5.03700988e+02
 3.93714281e-02 5.03700988e+02
 3.97560288e-02 5.03700988e+02
 4.05585651e-02 5.03700988e+02
 4.05078817e-02 5.03695889e+02
 3.92988848e-02 5.03667489e+02
 3.86488719e-02 5.03650921e+02
 3.99334800e-02 5.03650921e+02
 4.17225133e-02 5.03650921e+02
 4.14939727e-02 5.03650921e+02
 4.03222226e-02 5.03650921e+02
 3.99326777e-02 5.03650921e+02
 4.02022198e-02 5.03650921e+02
 4.04387253e-02 5.03650921e+02
 4.00503734e-02 5.03658432e+02
 3.93420125e-02 5.03672526e+02
 3.92027459e-02 5.03675446e+02
 3.92266526e-02 5.03675446e+02
 3.92751057e-02 5.03675446e+02
 3.97384528e-02 5.03675446e+02
 4.02971006e-02 5.03675446e+02
 4.01517753e-02 5.03675446e+02
 3.95897927e-02 5.03675446e+02
 3.95307123e-02 5.03675446e+02
 4.14134509e-02 5.03675446e+02
 4.31897577e-02 5.03675446e+02
 4.23260011e-02 5.03667084e+02
 4.07958050e-02 5.03651717e+02
 4.07074390e-02 5.03648634e+02
 4.18047852e-02 5.03648634e+02
 4.24359813e-02 5.03648634e+02
 4.11645568e-02 5.03648634e+02
 3.97466938e-02 5.03648634e+02
 4.04797836e-02 5.03648634e+02
 4.31932305e-02 5.03648634e+02
 4.41697292e-02 5.03648873e+02
 4.32362634e-02 5.03651779e+02
 4.20816865e-02 5.03654197e+02
 4.11287359e-02 5.03654225e+02
 4.03169965e-02 5.03654225e+02
 4.00701249e-02 5.03654225e+02
 3.99748691e-02 5.03654225e+02
 3.99522147e-02 5.03654225e+02
 4.05546778e-02 5.03654225e+02
 4.13571339e-02 5.03654225e+02
 4.15293515e-02 5.03664794e+02
 4.15867896e-02 5.03694519e+02
 4.18050816e-02 5.03704673e+02
 4.30703833e-02 5.03704673e+02
 4.41132370e-02 5.03704673e+02
 4.26397743e-02 5.03704673e+02
 4.02787357e-02 5.03704673e+02
 4.00159909e-02 5.03704673e+02
 4.08516006e-02 5.03704673e+02
 4.17580987e-02 5.03704673e+02
 4.24523425e-02 5.03704673e+02
 4.31461358e-02 5.03704673e+02
 4.40174982e-02 5.03699329e+02
 4.49812753e-02 5.03684656e+02
 4.49971270e-02 5.03679766e+02
 4.23439360e-02 5.03679766e+02
 4.04505309e-02 5.03679766e+02
 4.13544771e-02 5.03679766e+02
 4.33031564e-02 5.03679766e+02
 4.44166958e-02 5.03679766e+02
 4.51684154e-02 5.03679766e+02
 4.53986993e-02 5.03679963e+02
 4.30939925e-02 5.03691230e+02
 4.07398804e-02 5.03704141e+02
 4.16332453e-02 5.03705054e+02
 4.47716925e-02 5.03705054e+02
 4.58049732e-02 5.03705054e+02
 4.48906394e-02 5.03705054e+02
 4.41939713e-02 5.03705054e+02
 4.45777819e-02 5.03705054e+02
 4.53872417e-02 5.03705054e+02
 4.59582928e-02 5.03705054e+02
 4.64431305e-02 5.03705054e+02
 4.65941284e-02 5.03705040e+02
 4.49733502e-02 5.03704353e+02
 4.32703908e-02 5.03703580e+02
 4.35663218e-02 5.03703529e+02
 4.47356663e-02 5.03703529e+02
 4.53684548e-02 5.03703529e+02
 4.56410277e-02 5.03703529e+02
 4.57604266e-02 5.03703529e+02
 4.52564280e-02 5.03703529e+02
 4.44426385e-02 5.03703529e+02
 4.43741450e-02 5.03705297e+02
 4.46732315e-02 5.03713163e+02
 4.47871042e-02 5.03717127e+02
 4.31624816e-02 5.03717127e+02
 4.15039740e-02 5.03717127e+02
 4.25082760e-02 5.03717127e+02
 4.56344329e-02 5.03717127e+02
 4.65357577e-02 5.03717127e+02
 4.50294733e-02 5.03717127e+02
 4.35080078e-02 5.03717127e+02
 4.26388088e-02 5.03713564e+02
 4.20325505e-02 5.03707779e+02
 4.26857859e-02 5.03706833e+02
 4.61728126e-02 5.03706833e+02
 4.80136461e-02 5.03706833e+02
 4.52987265e-02 5.03706833e+02
 4.26515417e-02 5.03706833e+02
 4.25326802e-02 5.03706833e+02
 4.26412328e-02 5.03706833e+02
 4.31022803e-02 5.03706833e+02
 4.59898141e-02 5.03706833e+02
 4.83089417e-02 5.03706833e+02
 4.57286295e-02 5.03699230e+02
 4.21016582e-02 5.03687137e+02
 4.20835769e-02 5.03685230e+02
 4.43268732e-02 5.03685230e+02
 4.54553825e-02 5.03685230e+02
 4.40411430e-02 5.03685230e+02
 4.26240647e-02 5.03685230e+02
 4.30563525e-02 5.03685230e+02
 4.44276908e-02 5.03685230e+02
 4.51104166e-02 5.03686824e+02
 4.53836622e-02 5.03700511e+02
 4.54967935e-02 5.03710506e+02
 4.45333634e-02 5.03710519e+02
 4.31075620e-02 5.03710519e+02
 4.36406717e-02 5.03710519e+02
 4.69323330e-02 5.03710519e+02
 4.85363266e-02 5.03710519e+02
 4.54638456e-02 5.03710519e+02
 4.25993243e-02 5.03710519e+02
 4.32060881e-02 5.03710519e+02
 4.53409963e-02 5.03710519e+02
 4.68623415e-02 5.03711680e+02
 4.79556644e-02 5.03721220e+02
 4.84752654e-02 5.03728052e+02
 4.63256322e-02 5.03728056e+02
 4.33478358e-02 5.03728056e+02
 4.32868968e-02 5.03728056e+02
 4.47013328e-02 5.03728056e+02
 4.53536608e-02 5.03728056e+02
 4.44561603e-02 5.03728056e+02
 4.35659170e-02 5.03728056e+02
 4.52861804e-02 5.03717504e+02
 4.99217922e-02 5.03692851e+02
 5.07039788e-02 5.03685993e+02
 4.60810799e-02 5.03685993e+02
 4.32461769e-02 5.03685993e+02
 4.46464636e-02 5.03685993e+02
 4.69082689e-02 5.03685993e+02
 4.71609905e-02 5.03685993e+02
 4.68257594e-02 5.03685993e+02
 4.65791553e-02 5.03686846e+02
 4.64434003e-02 5.03709230e+02
 4.63681972e-02 5.03731905e+02
 4.66491093e-02 5.03732885e+02
 4.73080189e-02 5.03732885e+02
 4.72078302e-02 5.03732885e+02
 4.51717836e-02 5.03732885e+02
 4.38605765e-02 5.03732885e+02
 4.63717091e-02 5.03732885e+02
 5.05183658e-02 5.03732885e+02
 5.05525108e-02 5.03732885e+02
 4.85068521e-02 5.03732885e+02
 4.76924985e-02 5.03733251e+02
 4.89448565e-02 5.03742065e+02
 5.02411784e-02 5.03750837e+02
 4.83796887e-02 5.03751186e+02
 4.45014736e-02 5.03751186e+02
 4.37304255e-02 5.03751186e+02
 4.49110957e-02 5.03751186e+02
 4.57417812e-02 5.03751186e+02
 4.51585363e-02 5.03751186e+02
 4.43436433e-02 5.03751186e+02
 4.54700358e-02 5.03748937e+02
 5.04780622e-02 5.03740749e+02
 5.27089554e-02 5.03737206e+02
 4.87210762e-02 5.03737206e+02
 4.52475275e-02 5.03737206e+02
 4.64632209e-02 5.03737206e+02
 4.96169877e-02 5.03737206e+02
 4.99042285e-02 5.03737206e+02
 4.61732884e-02 5.03737206e+02
 4.39595157e-02 5.03737206e+02
 4.71866137e-02 5.03737206e+02
 5.23527904e-02 5.03737206e+02
 5.16994919e-02 5.03737998e+02
 4.77061233e-02 5.03740633e+02
 4.65212033e-02 5.03741654e+02
 5.03551143e-02 5.03741654e+02
 5.40832831e-02 5.03741654e+02
 5.23557188e-02 5.03741654e+02
 4.90340510e-02 5.03741654e+02
 4.78182140e-02 5.03741654e+02
 4.72934047e-02 5.03741654e+02
 4.71365289e-02 5.03742128e+02
 4.77465829e-02 5.03767655e+02
 4.84444033e-02 5.03796227e+02
 4.78543695e-02 5.03797956e+02
 4.63242760e-02 5.03797956e+02
 4.60567932e-02 5.03797956e+02
 4.74411011e-02 5.03797956e+02
 4.84523395e-02 5.03797956e+02
 4.71991058e-02 5.03797956e+02
 4.54666951e-02 5.03797956e+02
 4.55954405e-02 5.03790243e+02
 4.71193370e-02 5.03762960e+02
 4.89339303e-02 5.03751821e+02
 5.14678053e-02 5.03751821e+02
 5.32591075e-02 5.03751821e+02
 5.30502587e-02 5.03751821e+02
 5.25792971e-02 5.03751821e+02
 5.28668538e-02 5.03751821e+02
 5.49878624e-02 5.03751821e+02
 5.61405005e-02 5.03751821e+02
 5.15780837e-02 5.03751821e+02
 4.68710513e-02 5.03751821e+02
 4.71766244e-02 5.03752419e+02
 4.89453786e-02 5.03754002e+02
 4.98241426e-02 5.03754490e+02
 5.01483885e-02 5.03754490e+02
 5.02805920e-02 5.03754490e+02
 5.02672716e-02 5.03754490e+02
 5.02266572e-02 5.03754490e+02
 4.98333624e-02 5.03754490e+02
 4.83652611e-02 5.03754490e+02
 4.70308992e-02 5.03755284e+02
 4.58194728e-02 5.03771939e+02
 4.50927281e-02 5.03787732e+02
 4.68198030e-02 5.03788170e+02
 5.07350540e-02 5.03788170e+02
 5.14553141e-02 5.03788170e+02
 5.02091804e-02 5.03788170e+02
 4.95066945e-02 5.03788170e+02
 4.95356588e-02 5.03788170e+02
 4.96122665e-02 5.03788170e+02
 5.09301058e-02 5.03788170e+02
 5.46180179e-02 5.03788170e+02
 5.57245848e-02 5.03787005e+02
 5.40878972e-02 5.03775020e+02
 5.28726418e-02 5.03765829e+02
 5.41462990e-02 5.03765801e+02
 5.62684387e-02 5.03765801e+02
 5.54899920e-02 5.03765801e+02
 5.13015156e-02 5.03765801e+02
 4.95629269e-02 5.03765801e+02
 5.00817584e-02 5.03765801e+02
 5.07471043e-02 5.03765801e+02
 5.11073567e-02 5.03763298e+02
 5.13733634e-02 5.03757934e+02
 5.09329443e-02 5.03756651e+02
 4.80013241e-02 5.03756651e+02
 4.63563799e-02 5.03756651e+02
 4.86822889e-02 5.03756651e+02
 5.18984948e-02 5.03756651e+02
 5.21824836e-02 5.03756651e+02
 5.20778413e-02 5.03756651e+02
 5.16634890e-02 5.03756651e+02
 4.88841762e-02 5.03756651e+02
 4.68654663e-02 5.03756651e+02
 4.85356603e-02 5.03758631e+02
 5.15984368e-02 5.03761951e+02
 5.22133691e-02 5.03762497e+02
 5.22750946e-02 5.03762497e+02
 5.21772932e-02 5.03762497e+02
 4.87799515e-02 5.03762497e+02
 4.56238124e-02 5.03762497e+02
 4.70993535e-02 5.03762497e+02
 5.10583965e-02 5.03762497e+02
 5.21447750e-02 5.03765765e+02
 5.21306171e-02 5.03788151e+02
 5.20963105e-02 5.03802405e+02
 4.97556606e-02 5.03802405e+02
 4.69023796e-02 5.03802405e+02
 4.72509703e-02 5.03802405e+02
 4.94829836e-02 5.03802405e+02
 5.10575575e-02 5.03802405e+02
 5.19848553e-02 5.03802405e+02
 5.24484816e-02 5.03802405e+02
 5.03931754e-02 5.03802405e+02
 4.70456463e-02 5.03802405e+02
 4.72569457e-02 5.03798044e+02
 5.10786419e-02 5.03777987e+02
 5.31778421e-02 5.03767962e+02
 5.32056913e-02 5.03767962e+02
 5.32176664e-02 5.03767962e+02
 5.15546373e-02 5.03767962e+02
 4.77146471e-02 5.03767962e+02
 4.70997276e-02 5.03767962e+02
 5.07090534e-02 5.03767962e+02
 5.35267846e-02 5.03767962e+02
 5.36291811e-02 5.03779797e+02
 5.36788632e-02 5.03797143e+02
 5.23493942e-02 5.03799481e+02
 4.77738073e-02 5.03799481e+02
 4.60979789e-02 5.03799481e+02
 4.81710050e-02 5.03799481e+02
 5.15505334e-02 5.03799481e+02
 5.54490110e-02 5.03799481e+02
 5.97655250e-02 5.03799481e+02
 5.99255795e-02 5.03806231e+02
 5.47964875e-02 5.03851246e+02
 5.17607892e-02 5.03880322e+02
 5.29311954e-02 5.03880322e+02
 5.51056137e-02 5.03880322e+02
 5.69304815e-02 5.03880322e+02
 5.87391418e-02 5.03880322e+02
 5.91091153e-02 5.03880322e+02
 5.58230363e-02 5.03880322e+02
 5.30227172e-02 5.03880322e+02
 5.30660142e-02 5.03880322e+02
 5.34225483e-02 5.03880322e+02
 5.43408300e-02 5.03879358e+02
 5.74269526e-02 5.03873628e+02
 6.01014896e-02 5.03870153e+02
 6.14648193e-02 5.03870153e+02
 6.23105655e-02 5.03870153e+02
 6.04933914e-02 5.03870153e+02
 5.48996189e-02 5.03870153e+02
 5.29165990e-02 5.03870153e+02
 5.29696843e-02 5.03870153e+02
 5.30898215e-02 5.03870153e+02
 5.60814158e-02 5.03862784e+02
 6.22532681e-02 5.03848398e+02
 6.27865742e-02 5.03845239e+02
 5.74179695e-02 5.03845239e+02
 5.29352171e-02 5.03845239e+02
 5.05869776e-02 5.03845239e+02
 4.90009705e-02 5.03845239e+02
 4.82813192e-02 5.03845239e+02
 4.78236072e-02 5.03845239e+02
 4.79259799e-02 5.03845239e+02
 5.12320812e-02 5.03845239e+02
 5.43921439e-02 5.03845239e+02
 5.22669691e-02 5.03842902e+02
 4.84086572e-02 5.03838436e+02
 4.76713173e-02 5.03837485e+02
 4.79112241e-02 5.03837485e+02
 4.83736911e-02 5.03837485e+02
 5.17074295e-02 5.03837485e+02
 5.59391577e-02 5.03837485e+02
 5.59082111e-02 5.03837485e+02
 5.45415150e-02 5.03837485e+02
 5.38111716e-02 5.03837711e+02
 5.35404204e-02 5.03840748e+02
 5.34194310e-02 5.03843304e+02
 5.40358813e-02 5.03843332e+02
 5.57139479e-02 5.03843332e+02
 5.83149148e-02 5.03843332e+02
 6.32005533e-02 5.03843332e+02
 6.56744754e-02 5.03843332e+02
 6.50420776e-02 5.03843332e+02
 6.36570840e-02 5.03843332e+02
 6.03932070e-02 5.03846974e+02
 5.45503635e-02 5.03857160e+02
 5.12379664e-02 5.03860620e+02
 4.94163458e-02 5.03860620e+02
 4.85748330e-02 5.03860620e+02
 4.90957385e-02 5.03860620e+02
 5.05492185e-02 5.03860620e+02
 5.30633011e-02 5.03860620e+02
 5.82960828e-02 5.03860620e+02
 6.09623567e-02 5.03860620e+02
 5.87273016e-02 5.03860620e+02
 5.62415778e-02 5.03860620e+02
 5.69760318e-02 5.03853518e+02
 5.95568327e-02 5.03834125e+02
 6.01601539e-02 5.03827698e+02
 5.72354889e-02 5.03827698e+02
 5.50126744e-02 5.03827698e+02
 5.52889462e-02 5.03827698e+02
 5.57950053e-02 5.03827698e+02
 5.55489975e-02 5.03827698e+02
 5.39947027e-02 5.03827698e+02
 5.32251735e-02 5.03827571e+02
 5.44806626e-02 5.03820531e+02
 5.59575533e-02 5.03812497e+02
 5.42382580e-02 5.03811937e+02
 4.97286882e-02 5.03811937e+02
 4.88241748e-02 5.03811937e+02
 5.36934598e-02 5.03811937e+02
 5.79501656e-02 5.03811937e+02
 5.72881069e-02 5.03811937e+02
 5.61520140e-02 5.03811937e+02
 5.69885514e-02 5.03811937e+02
 6.19566386e-02 5.03811937e+02
 6.45566538e-02 5.03812070e+02
 5.92940745e-02 5.03818496e+02
 5.39357580e-02 5.03825701e+02
 5.44648534e-02 5.03826173e+02
 5.67836967e-02 5.03826173e+02
 5.74631455e-02 5.03826173e+02
 5.67388195e-02 5.03826173e+02
 5.61882895e-02 5.03826173e+02
 5.78946545e-02 5.03826173e+02
 6.08378578e-02 5.03826173e+02
 6.07844060e-02 5.03828288e+02
 5.83594067e-02 5.03837631e+02
 5.71915219e-02 5.03842316e+02
 5.75601356e-02 5.03842316e+02
 5.79691769e-02 5.03842316e+02
 5.61920743e-02 5.03842316e+02
 5.18962888e-02 5.03842316e+02
 5.09785632e-02 5.03842316e+02
 5.40563255e-02 5.03842316e+02
 5.65357792e-02 5.03842316e+02
 5.62897211e-02 5.03843685e+02
 5.58826938e-02 5.03845897e+02
 5.70779202e-02 5.03846256e+02
 6.28460852e-02 5.03846256e+02
 6.58867817e-02 5.03846256e+02
 6.58384869e-02 5.03846256e+02
 6.57199937e-02 5.03846256e+02
 6.36905798e-02 5.03846256e+02
 5.91608127e-02 5.03846256e+02
 5.78980580e-02 5.03846256e+02
 5.80638381e-02 5.03846256e+02
 5.81870383e-02 5.03846256e+02
 5.79061121e-02 5.03837634e+02
 5.73216766e-02 5.03823984e+02
 5.68572374e-02 5.03821851e+02
 5.64589646e-02 5.03821851e+02
 5.57763955e-02 5.03821851e+02
 5.33066366e-02 5.03821851e+02
 5.11470152e-02 5.03821851e+02
 5.25159938e-02 5.03821851e+02
 5.68624979e-02 5.03821851e+02
 5.99423126e-02 5.03821754e+02
 6.16760618e-02 5.03820927e+02
 6.34404569e-02 5.03820327e+02
 6.63786971e-02 5.03820326e+02
 6.91849486e-02 5.03820326e+02
 6.78010535e-02 5.03820326e+02
 6.10619717e-02 5.03820326e+02
 5.81313014e-02 5.03820326e+02
 5.81949658e-02 5.03820326e+02
 5.82615641e-02 5.03820326e+02
 5.79772073e-02 5.03820326e+02
 5.72997010e-02 5.03820326e+02
 5.71563484e-02 5.03820666e+02
 5.75439305e-02 5.03823435e+02
 5.78220298e-02 5.03825409e+02
 5.53038222e-02 5.03825410e+02
 5.17231461e-02 5.03825410e+02
 5.13193970e-02 5.03825410e+02
 5.18271579e-02 5.03825410e+02
 5.27414796e-02 5.03825410e+02
 5.63501543e-02 5.03825410e+02
 5.98955748e-02 5.03825410e+02
 5.99811209e-02 5.03830409e+02
 5.97983860e-02 5.03842027e+02
 5.98173250e-02 5.03845239e+02
 6.03636385e-02 5.03845239e+02
 6.07597196e-02 5.03845239e+02
 6.06421100e-02 5.03845239e+02
 6.03727017e-02 5.03845239e+02
 6.00161547e-02 5.03845239e+02
 5.94906240e-02 5.03845239e+02
 5.93231781e-02 5.03845289e+02
 6.07811332e-02 5.03846839e+02
 6.23466388e-02 5.03848463e+02
 5.99689182e-02 5.03848544e+02
 5.45239857e-02 5.03848544e+02
 5.30839213e-02 5.03848544e+02
 5.31219346e-02 5.03848544e+02
 5.32008259e-02 5.03848544e+02
 5.46440788e-02 5.03848544e+02
 5.71724610e-02 5.03848544e+02
 5.84045118e-02 5.03848544e+02
 5.91009975e-02 5.03848544e+02
 5.97477827e-02 5.03848300e+02
 6.03505720e-02 5.03841377e+02
 6.10177249e-02 5.03834256e+02
 6.19569195e-02 5.03833926e+02
 6.32281906e-02 5.03833926e+02
 6.51742564e-02 5.03833926e+02
 6.88415910e-02 5.03833926e+02
 7.09978954e-02 5.03833926e+02
 6.70346938e-02 5.03833926e+02
 6.17152799e-02 5.03833926e+02
 6.19697178e-02 5.03830592e+02
 6.57563293e-02 5.03818528e+02
 6.89763273e-02 5.03813336e+02
 7.13145464e-02 5.03813336e+02
 7.27019553e-02 5.03813336e+02
 6.99561824e-02 5.03813336e+02
 6.40921345e-02 5.03813336e+02
 6.23082109e-02 5.03813336e+02
 6.19909803e-02 5.03813336e+02
 6.18822492e-02 5.03813335e+02
 6.35255583e-02 5.03812052e+02
 6.59021592e-02 5.03810252e+02
 6.44677908e-02 5.03810031e+02
 5.87117155e-02 5.03810031e+02
 5.65288798e-02 5.03810031e+02
 5.82016999e-02 5.03810031e+02
 6.04738015e-02 5.03810031e+02
 6.20752700e-02 5.03810031e+02
 6.34204145e-02 5.03810031e+02
 6.28054669e-02 5.03810031e+02
 5.72451067e-02 5.03810031e+02
 5.40481639e-02 5.03810063e+02
 5.42476352e-02 5.03820460e+02
 5.47295403e-02 5.03834010e+02
 5.61103070e-02 5.03835325e+02
 5.90296304e-02 5.03835325e+02
 5.98188324e-02 5.03835325e+02
 5.68973307e-02 5.03835325e+02
 5.46176564e-02 5.03835325e+02
 5.56982881e-02 5.03835325e+02
 5.80569634e-02 5.03835325e+02
 5.97198821e-02 5.03834900e+02
 6.11274894e-02 5.03832990e+02
 6.15809371e-02 5.03832020e+02
 5.81614384e-02 5.03832020e+02
 5.46553362e-02 5.03832020e+02
 5.61796092e-02 5.03832020e+02
 6.06138922e-02 5.03832020e+02
 6.15512407e-02 5.03832020e+02
 5.85950278e-02 5.03832020e+02
 5.63419759e-02 5.03832020e+02
 5.58365938e-02 5.03832020e+02
 5.55639070e-02 5.03832020e+02
 5.65241369e-02 5.03832724e+02
 6.00423813e-02 5.03835132e+02
 6.12699962e-02 5.03836087e+02
 5.76093448e-02 5.03836087e+02
 5.45537883e-02 5.03836087e+02
 5.58433508e-02 5.03836087e+02
 5.84891024e-02 5.03836087e+02
 5.88332591e-02 5.03836087e+02
 5.76424974e-02 5.03836087e+02
 5.63586185e-02 5.03835875e+02
 5.50239482e-02 5.03822599e+02
 5.40702988e-02 5.03807454e+02
 5.53842739e-02 5.03806472e+02
 5.90898748e-02 5.03806472e+02
 5.99696809e-02 5.03806472e+02
 5.75941646e-02 5.03806472e+02
 5.59573227e-02 5.03806472e+02
 5.77759069e-02 5.03806472e+02
 6.08930591e-02 5.03806472e+02
 6.20326446e-02 5.03806472e+02
 6.25458623e-02 5.03806472e+02
 6.30440656e-02 5.03806223e+02
 6.37041606e-02 5.03801462e+02
 6.41194913e-02 5.03797047e+02
 6.40417097e-02 5.03796940e+02
 6.37473578e-02 5.03796940e+02
 6.27725226e-02 5.03796940e+02
 5.95156140e-02 5.03796940e+02
 5.78477876e-02 5.03796940e+02
 6.02428522e-02 5.03796940e+02
 6.32257506e-02 5.03796940e+02
 6.33607246e-02 5.03792437e+02
 6.31085154e-02 5.03780221e+02
 6.30575571e-02 5.03776350e+02
 6.34344471e-02 5.03776350e+02
 6.41461767e-02 5.03776350e+02
 6.72102748e-02 5.03776350e+02
 7.14385228e-02 5.03776350e+02
 7.09243470e-02 5.03776350e+02
 6.65882593e-02 5.03776350e+02
 6.43119851e-02 5.03776753e+02
 6.37938390e-02 5.03785983e+02
 6.35560957e-02 5.03795072e+02
 6.37271855e-02 5.03795414e+02
 6.43585343e-02 5.03795414e+02
 6.59299054e-02 5.03795414e+02
 7.11482047e-02 5.03795414e+02
 7.44414067e-02 5.03795414e+02
 7.09034504e-02 5.03795414e+02
 6.63739767e-02 5.03795414e+02
 6.63749266e-02 5.03795414e+02
 6.78637220e-02 5.03795414e+02
 6.83419223e-02 5.03795789e+02
 6.70785090e-02 5.03800928e+02
 6.54289305e-02 5.03805277e+02
 6.42032334e-02 5.03805328e+02
 6.30137985e-02 5.03805328e+02
 6.16369213e-02 5.03805328e+02
 5.99797176e-02 5.03805328e+02
 5.93710082e-02 5.03805328e+02
 6.17203861e-02 5.03805328e+02
 6.43755516e-02 5.03805328e+02
 6.44608642e-02 5.03807571e+02
 6.43154431e-02 5.03812978e+02
 6.43223963e-02 5.03814479e+02
 6.47978144e-02 5.03814479e+02
 6.55887790e-02 5.03814479e+02
 6.77355612e-02 5.03814479e+02
 7.01787369e-02 5.03814479e+02
 6.97407250e-02 5.03814479e+02
 6.73723649e-02 5.03814479e+02
 6.68714929e-02 5.03814479e+02
 7.36206555e-02 5.03814479e+02
 8.00344488e-02 5.03814479e+02
 7.62921413e-02 5.03809969e+02
 6.94800055e-02 5.03801526e+02
 6.93529708e-02 5.03799863e+02
 7.54348655e-02 5.03799863e+02
 7.86979697e-02 5.03799863e+02
 7.03276842e-02 5.03799863e+02
 6.18048372e-02 5.03799863e+02
 6.26680432e-02 5.03799863e+02
 6.63507819e-02 5.03799863e+02
 6.77314869e-02 5.03799389e+02
 6.78929243e-02 5.03795353e+02
 6.80860423e-02 5.03792491e+02
 6.88819434e-02 5.03792491e+02
 6.98241179e-02 5.03792491e+02
 6.98176943e-02 5.03792491e+02
 6.92802348e-02 5.03792491e+02
 6.89272974e-02 5.03792491e+02
 6.88119142e-02 5.03792491e+02
 6.87061477e-02 5.03792491e+02
 6.85533477e-02 5.03792491e+02
 6.83313130e-02 5.03792491e+02
 6.72037063e-02 5.03790756e+02
 6.20425042e-02 5.03778853e+02
 5.90404515e-02 5.03771266e+02
 6.17865171e-02 5.03771266e+02
 6.61814700e-02 5.03771266e+02
 6.79270747e-02 5.03771266e+02
 6.88827510e-02 5.03771266e+02
 6.94814311e-02 5.03771266e+02
 6.97758710e-02 5.03771266e+02
 7.01503454e-02 5.03771266e+02
 7.31490779e-02 5.03794772e+02
 7.86254164e-02 5.03842532e+02
 7.80848538e-02 5.03853628e+02
 6.75855900e-02 5.03853628e+02
 6.17549590e-02 5.03853628e+02
 6.44388802e-02 5.03853628e+02
 6.86012766e-02 5.03853628e+02
 7.02060345e-02 5.03853628e+02
 7.11208638e-02 5.03853628e+02
 7.14137624e-02 5.03852361e+02
 7.14663340e-02 5.03831908e+02
 7.14879912e-02 5.03813380e+02
 7.13989149e-02 5.03812954e+02
 7.12213084e-02 5.03812954e+02
 7.11851231e-02 5.03812954e+02
 7.12175394e-02 5.03812954e+02
 7.12788002e-02 5.03812954e+02
 7.16928631e-02 5.03812954e+02
 7.21869462e-02 5.03812954e+02
 7.21781109e-02 5.03812954e+02
 7.19934317e-02 5.03812954e+02
 7.19291456e-02 5.03812797e+02
 7.20242820e-02 5.03810414e+02
 7.21090401e-02 5.03808294e+02
 6.91978178e-02 5.03808251e+02
 6.38245463e-02 5.03808251e+02
 6.35115747e-02 5.03808251e+02
 6.87744766e-02 5.03808251e+02
 7.39794289e-02 5.03808251e+02
 7.74075523e-02 5.03808251e+02
 7.97251285e-02 5.03808251e+02
 7.73253784e-02 5.03808251e+02
 6.97636061e-02 5.03808251e+02
 6.73541679e-02 5.03808251e+02
 7.10145656e-02 5.03808251e+02
 7.43528804e-02 5.03808251e+02
 7.42422464e-02 5.03808251e+02
 7.39171707e-02 5.03808251e+02
 7.38483776e-02 5.03808251e+02
 7.38483776e-02 5.03808251e+02
 7.38505689e-02 5.03808251e+02
 7.41447237e-02 5.03808251e+02
 7.45133611e-02 5.03808251e+02
 7.45305878e-02 5.03812109e+02
 7.44757636e-02 5.03823715e+02
 7.44408394e-02 5.03827952e+02
 7.44224182e-02 5.03827952e+02
 7.44133461e-02 5.03827952e+02
 7.44352831e-02 5.03827952e+02
 7.45019409e-02 5.03827952e+02
 7.46162294e-02 5.03827952e+02
 7.48817368e-02 5.03827952e+02
 7.52665956e-02 5.03827836e+02
 7.61419191e-02 5.03815357e+02
 7.69790188e-02 5.03800057e+02
 7.68202169e-02 5.03798719e+02
 7.61531623e-02 5.03798719e+02
 7.59165331e-02 5.03798719e+02
 7.59165331e-02 5.03798719e+02
 7.59165331e-02 5.03798719e+02
 7.59544194e-02 5.03798719e+02
 7.60750357e-02 5.03798719e+02
 7.64887291e-02 5.03799858e+02
 7.78735646e-02 5.03805739e+02
 7.86227598e-02 5.03809014e+02
 7.85397633e-02 5.03809014e+02
 7.83339975e-02 5.03809014e+02
 7.70887987e-02 5.03809014e+02
 7.41695071e-02 5.03809014e+02
 7.38644469e-02 5.03809014e+02
 8.22234586e-02 5.03809014e+02
 8.94899779e-02 5.03809014e+02
 8.49864559e-02 5.03809014e+02
 7.75774409e-02 5.03809014e+02
 7.64986948e-02 5.03807887e+02
 7.76014380e-02 5.03802614e+02
 7.88904540e-02 5.03799863e+02
 8.04878041e-02 5.03799863e+02
 8.17293827e-02 5.03799863e+02
 8.15326067e-02 5.03799863e+02
 8.07324651e-02 5.03799863e+02
 8.02407538e-02 5.03799863e+02
 8.00189052e-02 5.03799863e+02
 7.98146447e-02 5.03799863e+02
 7.94941996e-02 5.03803672e+02
 7.91955692e-02 5.03810066e+02
 7.94846511e-02 5.03811175e+02
 8.10165690e-02 5.03811175e+02
 8.17985546e-02 5.03811175e+02
 8.13647214e-02 5.03811175e+02
 8.08815179e-02 5.03811175e+02
 8.36699809e-02 5.03811175e+02
 9.13293377e-02 5.03811175e+02
 9.29634260e-02 5.03811175e+02
 8.48084756e-02 5.03811175e+02
 7.89090130e-02 5.03811175e+02
 7.96077552e-02 5.03810435e+02
 8.08063403e-02 5.03809218e+02
 8.08790509e-02 5.03809014e+02
 8.03122477e-02 5.03809014e+02
 8.00594252e-02 5.03809014e+02
 8.13102691e-02 5.03809014e+02
 8.27018277e-02 5.03809014e+02
 8.08597327e-02 5.03809014e+02
 7.61219330e-02 5.03809014e+02
 7.52267392e-02 5.03812368e+02
 8.00864540e-02 5.03843398e+02
 8.39051324e-02 5.03866782e+02
 8.12278630e-02 5.03866848e+02
 7.70333609e-02 5.03866848e+02
 7.74957992e-02 5.03866848e+02
 8.24397802e-02 5.03866848e+02
 8.49390854e-02 5.03866848e+02
 8.47399211e-02 5.03866848e+02
 8.45252603e-02 5.03866848e+02
 8.46766802e-02 5.03856518e+02
 8.50835092e-02 5.03830895e+02
 8.51182481e-02 5.03823250e+02
 8.43528739e-02 5.03823250e+02
 8.37902467e-02 5.03823250e+02
 8.41359307e-02 5.03823250e+02
 8.46856043e-02 5.03823250e+02
 8.45147315e-02 5.03823250e+02
 8.34561702e-02 5.03823250e+02
 8.30077583e-02 5.03823250e+02
 8.48894372e-02 5.03823250e+02
 8.69196372e-02 5.03823250e+02
 8.66269206e-02 5.03819895e+02
 8.56595664e-02 5.03811759e+02
 8.55340284e-02 5.03809395e+02
 8.68449316e-02 5.03809395e+02
 8.78046175e-02 5.03809395e+02
 8.77122464e-02 5.03809395e+02
 8.74732051e-02 5.03809395e+02
 8.69783638e-02 5.03809395e+02
 8.59534238e-02 5.03809395e+02
 8.55539705e-02 5.03809495e+02
 8.68650108e-02 5.03812543e+02
 8.82470961e-02 5.03815722e+02
 8.76598160e-02 5.03815878e+02
 8.61195755e-02 5.03815878e+02
 8.57295824e-02 5.03815878e+02
 8.60933053e-02 5.03815878e+02
 8.64392414e-02 5.03815878e+02
 8.65975773e-02 5.03815878e+02
 8.67001699e-02 5.03815878e+02
 8.66050364e-02 5.03815878e+02
 8.61876101e-02 5.03815878e+02
 8.60303884e-02 5.03815861e+02
 8.69727942e-02 5.03815378e+02
 8.79458969e-02 5.03814884e+02
 8.77119124e-02 5.03814861e+02
 8.70689057e-02 5.03814861e+02
 8.70778179e-02 5.03814861e+02
 8.85572280e-02 5.03814861e+02
 8.97321744e-02 5.03814861e+02
 8.99453893e-02 5.03814861e+02
 9.00601396e-02 5.03814861e+02
 9.00419179e-02 5.03817279e+02
 8.99291626e-02 5.03826489e+02
 8.99097428e-02 5.03830622e+02
 9.07043216e-02 5.03830622e+02
 9.15091456e-02 5.03830622e+02
 9.15430233e-02 5.03830622e+02
 9.15430233e-02 5.03830622e+02
 9.14307470e-02 5.03830622e+02
 9.05718213e-02 5.03830622e+02
 8.98783690e-02 5.03830622e+02
 8.97003823e-02 5.03820502e+02
 8.96004620e-02 5.03805764e+02
 8.99281073e-02 5.03803803e+02
 9.11864653e-02 5.03803803e+02
 9.17209816e-02 5.03803803e+02
 9.12182724e-02 5.03803803e+02
 9.07228661e-02 5.03803803e+02
 9.16025657e-02 5.03803803e+02
 9.36171137e-02 5.03803803e+02
 9.39835945e-02 5.03803803e+02
 9.28182071e-02 5.03803803e+02
 9.20433363e-02 5.03803802e+02
 9.21979231e-02 5.03796545e+02
 9.24189036e-02 5.03786187e+02
 9.23896261e-02 5.03784865e+02
 9.21824359e-02 5.03784865e+02
 9.21750264e-02 5.03784865e+02
 9.39417130e-02 5.03784865e+02
 9.56811248e-02 5.03784865e+02
 9.55567797e-02 5.03784865e+02
 9.50323402e-02 5.03784865e+02
 9.44915116e-02 5.03785321e+02
 9.38791116e-02 5.03788197e+02
 9.32818518e-02 5.03789949e+02
 9.26283846e-02 5.03789949e+02
 9.21368318e-02 5.03789949e+02
 9.22171765e-02 5.03789949e+02
 9.26907264e-02 5.03789949e+02
 9.31860051e-02 5.03789949e+02
 9.37735331e-02 5.03789949e+02
 9.41424523e-02 5.03789949e+02
 9.38373178e-02 5.03789949e+02
 9.32698257e-02 5.03789949e+02
 9.32999284e-02 5.03790819e+02
 9.40188667e-02 5.03795090e+02
 9.45455406e-02 5.03797321e+02
 9.46879687e-02 5.03797321e+02
 9.48275598e-02 5.03797321e+02
 9.55060158e-02 5.03797321e+02
 9.67609406e-02 5.03797321e+02
 9.70711786e-02 5.03797321e+02
 9.67240583e-02 5.03797321e+02
 9.63402445e-02 5.03797321e+02
 9.60428748e-02 5.03798822e+02
 9.58201148e-02 5.03800992e+02
 9.57967014e-02 5.03801261e+02
 9.57967014e-02 5.03801261e+02
 9.58125288e-02 5.03801261e+02
 9.60865374e-02 5.03801261e+02
 9.63347887e-02 5.03801261e+02
 9.61273504e-02 5.03801261e+02
 9.57187911e-02 5.03801261e+02
 9.56424111e-02 5.03800431e+02
 9.57015866e-02 5.03796042e+02
 9.58221970e-02 5.03793635e+02
 9.67755218e-02 5.03793635e+02
 9.78193803e-02 5.03793635e+02
 9.77512079e-02 5.03793635e+02
 9.73870319e-02 5.03793635e+02
 9.73475677e-02 5.03793635e+02
 9.80866017e-02 5.03793635e+02
 9.90076726e-02 5.03793635e+02
 9.99151291e-02 5.03793635e+02
 1.00680369e-01 5.03793635e+02
 1.00695202e-01 5.03794560e+02
 1.00338984e-01 5.03798010e+02
 9.99070202e-02 5.03799481e+02
 9.92631364e-02 5.03799481e+02
 9.88075565e-02 5.03799481e+02
 9.88127368e-02 5.03799481e+02
 9.88460400e-02 5.03799481e+02
 9.88476907e-02 5.03799481e+02
 9.88150516e-02 5.03799481e+02
 9.88010564e-02 5.03799484e+02
 9.93366027e-02 5.03799814e+02
 1.00073580e-01 5.03800213e+02
 1.00341456e-01 5.03800244e+02
 1.00499805e-01 5.03800244e+02
 1.00390921e-01 5.03800244e+02
 9.89358024e-02 5.03800244e+02
 9.78370233e-02 5.03800244e+02
 9.96650904e-02 5.03800244e+02
 1.02618269e-01 5.03800244e+02
 1.03026819e-01 5.03800244e+02
 1.02882444e-01 5.03800244e+02
 1.02843376e-01 5.03800128e+02
 1.03474856e-01 5.03797284e+02
 1.04097018e-01 5.03794492e+02
 1.03874601e-01 5.03794398e+02
 1.03292884e-01 5.03794398e+02
 1.02966851e-01 5.03794398e+02
 1.02816578e-01 5.03794398e+02
 1.02615426e-01 5.03794398e+02
 1.02134802e-01 5.03794398e+02
 1.01527220e-01 5.03794398e+02
 1.00997627e-01 5.03791873e+02
 1.00497048e-01 5.03784478e+02
 1.00445058e-01 5.03781942e+02
 1.01422294e-01 5.03781942e+02
 1.02203990e-01 5.03781942e+02
 1.01778149e-01 5.03781942e+02
 1.01064779e-01 5.03781942e+02
 1.01222005e-01 5.03781942e+02
 1.02544371e-01 5.03781942e+02
 1.03787009e-01 5.03781942e+02
 1.04693415e-01 5.03781942e+02
 1.05451072e-01 5.03781942e+02
 1.06041662e-01 5.03773551e+02
 1.06516094e-01 5.03754787e+02
 1.06748141e-01 5.03750042e+02
 1.06885322e-01 5.03750042e+02
 1.06937380e-01 5.03750042e+02
 1.06937380e-01 5.03750042e+02
 1.06937380e-01 5.03750042e+02
 1.06731284e-01 5.03750042e+02
 1.05893939e-01 5.03750042e+02
 1.04955947e-01 5.03749057e+02
 1.03712805e-01 5.03732569e+02
 1.02893296e-01 5.03717789e+02
 1.03770014e-01 5.03717508e+02
 1.05483134e-01 5.03717508e+02
 1.05723100e-01 5.03717508e+02
 1.05151662e-01 5.03717508e+02
 1.04843443e-01 5.03717508e+02
 1.05956973e-01 5.03717508e+02
 1.07296530e-01 5.03717508e+02
 1.07193168e-01 5.03719333e+02
 1.06635632e-01 5.03724310e+02
 1.06539080e-01 5.03725896e+02
 1.07421724e-01 5.03725896e+02
 1.08484543e-01 5.03725896e+02
 1.09353066e-01 5.03725896e+02
 1.10064648e-01 5.03725896e+02
 1.09976406e-01 5.03725896e+02
 1.09138724e-01 5.03725896e+02
 1.08755065e-01 5.03725896e+02
 1.09493601e-01 5.03725896e+02
 1.10269312e-01 5.03725896e+02
 1.09849071e-01 5.03723260e+02
 1.08804321e-01 5.03717193e+02
 1.08562758e-01 5.03715602e+02
 1.08786486e-01 5.03715602e+02
 1.08936335e-01 5.03715602e+02
 1.08755164e-01 5.03715602e+02
 1.08497070e-01 5.03715602e+02
 1.08891980e-01 5.03715602e+02
 1.10431604e-01 5.03715602e+02
 1.11060171e-01 5.03715702e+02
 1.10866875e-01 5.03717528e+02
 1.10664381e-01 5.03719238e+02
 1.10614701e-01 5.03719287e+02
 1.10586960e-01 5.03719287e+02
 1.10625398e-01 5.03719287e+02
 1.10898584e-01 5.03719287e+02
 1.11070023e-01 5.03719287e+02
 1.10874161e-01 5.03719287e+02
 1.10611515e-01 5.03719287e+02
 1.10619293e-01 5.03719287e+02
 1.10742006e-01 5.03719287e+02
 1.10784665e-01 5.03718968e+02
 1.10650270e-01 5.03713508e+02
 1.10413493e-01 5.03708486e+02
 1.09949188e-01 5.03708358e+02
 1.09338995e-01 5.03708358e+02
 1.09340135e-01 5.03708358e+02
 1.10268304e-01 5.03708358e+02
 1.11324695e-01 5.03708358e+02
 1.12374906e-01 5.03708358e+02
 1.13199865e-01 5.03708358e+02
 1.13224467e-01 5.03703226e+02
 1.13054492e-01 5.03686629e+02
 1.13025507e-01 5.03680147e+02
 1.13630353e-01 5.03680147e+02
 1.14204632e-01 5.03680147e+02
 1.14266635e-01 5.03680147e+02
 1.14294132e-01 5.03680147e+02
 1.14242104e-01 5.03680147e+02
 1.13911755e-01 5.03680147e+02
 1.13718230e-01 5.03680107e+02
 1.14918635e-01 5.03671210e+02
 1.16482109e-01 5.03659709e+02
 1.16493983e-01 5.03658545e+02
 1.15914542e-01 5.03658545e+02
 1.15252540e-01 5.03658545e+02
 1.14335229e-01 5.03658545e+02
 1.13724062e-01 5.03658545e+02
 1.13910763e-01 5.03658545e+02
 1.14438326e-01 5.03658545e+02
 1.15074339e-01 5.03658545e+02
 1.16004977e-01 5.03658545e+02
 1.16457344e-01 5.03658481e+02
 1.15386724e-01 5.03647934e+02
 1.14036893e-01 5.03634549e+02
 1.14606663e-01 5.03633259e+02
 1.16997075e-01 5.03633259e+02
 1.18701052e-01 5.03633259e+02
 1.19770416e-01 5.03633259e+02
 1.20329318e-01 5.03633259e+02
 1.19579005e-01 5.03633259e+02
 1.18144768e-01 5.03633259e+02
 1.17886973e-01 5.03634506e+02
 1.18136306e-01 5.03641361e+02
 1.18313305e-01 5.03645330e+02
 1.18344436e-01 5.03645330e+02
 1.18370983e-01 5.03645330e+02
 1.18582351e-01 5.03645330e+02
 1.19094489e-01 5.03645330e+02
 1.19178993e-01 5.03645330e+02
 1.17885755e-01 5.03645330e+02
 1.16784460e-01 5.03645330e+02
 1.17132149e-01 5.03645330e+02
 1.17957988e-01 5.03645330e+02
 1.18542270e-01 5.03644009e+02
 1.18945151e-01 5.03636987e+02
 1.19471144e-01 5.03633005e+02
 1.20689534e-01 5.03633005e+02
 1.21812578e-01 5.03633005e+02
 1.21759602e-01 5.03633005e+02
 1.21284775e-01 5.03633005e+02
 1.20941475e-01 5.03633005e+02
 1.20771594e-01 5.03633005e+02
 1.20579203e-01 5.03633005e+02
 1.20096377e-01 5.03618642e+02
 1.19515164e-01 5.03592455e+02
 1.19434729e-01 5.03587264e+02
 1.19619492e-01 5.03587264e+02
 1.19924793e-01 5.03587264e+02
 1.20918766e-01 5.03587264e+02
 1.21932875e-01 5.03587264e+02
 1.21259786e-01 5.03587264e+02
 1.19122821e-01 5.03587264e+02
 1.18481390e-01 5.03586044e+02
 1.19606678e-01 5.03571549e+02
 1.20541645e-01 5.03559568e+02
 1.20431943e-01 5.03559440e+02
 1.20218350e-01 5.03559440e+02
 1.20469347e-01 5.03559440e+02
 1.21929572e-01 5.03559440e+02
 1.22723309e-01 5.03559440e+02
 1.22362365e-01 5.03559440e+02
 1.21937406e-01 5.03559440e+02
 1.22271150e-01 5.03559440e+02
 1.23296929e-01 5.03559440e+02
 1.23629229e-01 5.03559541e+02
 1.23401866e-01 5.03560673e+02
 1.23013434e-01 5.03561592e+02
 1.22133806e-01 5.03561600e+02
 1.21038250e-01 5.03561600e+02
 1.20959825e-01 5.03561600e+02
 1.21504509e-01 5.03561600e+02
 1.21794068e-01 5.03561600e+02
 1.21721734e-01 5.03561600e+02
 1.21637954e-01 5.03561600e+02
 1.22705611e-01 5.03560885e+02
 1.25656750e-01 5.03558939e+02
 1.26578208e-01 5.03558297e+02
 1.25895024e-01 5.03558297e+02
 1.25272187e-01 5.03558297e+02
 1.25123017e-01 5.03558297e+02
 1.25038443e-01 5.03558297e+02
 1.25494630e-01 5.03558297e+02
 1.27551898e-01 5.03558297e+02
 1.28561206e-01 5.03558297e+02
 1.27540172e-01 5.03558297e+02
 1.26327485e-01 5.03558297e+02
 1.26035397e-01 5.03548259e+02
 1.25888809e-01 5.03522856e+02
 1.25861083e-01 5.03515103e+02
 1.25889189e-01 5.03515103e+02
 1.25942391e-01 5.03515103e+02
 1.26120119e-01 5.03515103e+02
 1.26439665e-01 5.03515103e+02
 1.26753535e-01 5.03515103e+02
 1.27091041e-01 5.03515103e+02
 1.27508947e-01 5.03514858e+02
 1.28242269e-01 5.03505763e+02
 1.28823932e-01 5.03495965e+02
 1.28424035e-01 5.03495412e+02
 1.27363362e-01 5.03495412e+02
 1.27080743e-01 5.03495412e+02
 1.27380789e-01 5.03495412e+02
 1.27688829e-01 5.03495412e+02
 1.27858367e-01 5.03495412e+02
 1.27976104e-01 5.03495412e+02
 1.27571514e-01 5.03494375e+02
 1.25847088e-01 5.03490091e+02
 1.25041616e-01 5.03488044e+02
 1.25540049e-01 5.03488044e+02
 1.26313611e-01 5.03488044e+02
 1.26997831e-01 5.03488044e+02
 1.27683082e-01 5.03488044e+02
 1.28052022e-01 5.03488044e+02
 1.28207970e-01 5.03488044e+02
 1.28399016e-01 5.03488044e+02
 1.29029553e-01 5.03488044e+02
 1.29753929e-01 5.03488044e+02
 1.29662514e-01 5.03486239e+02
 1.28958556e-01 5.03479408e+02
 1.28696192e-01 5.03476358e+02
 1.29975138e-01 5.03476358e+02
 1.31264948e-01 5.03476358e+02
 1.31284470e-01 5.03476358e+02
 1.31156440e-01 5.03476358e+02
 1.30702343e-01 5.03476358e+02
 1.28668558e-01 5.03476358e+02
 1.27342037e-01 5.03476358e+02
 1.28735320e-01 5.03454904e+02
 1.30770920e-01 5.03423805e+02
 1.30715619e-01 5.03419706e+02
 1.29522943e-01 5.03419706e+02
 1.29049313e-01 5.03419706e+02
 1.30146982e-01 5.03419706e+02
 1.31528170e-01 5.03419706e+02
 1.32196379e-01 5.03419706e+02
 1.32681143e-01 5.03419706e+02
 1.33062709e-01 5.03419706e+02
 1.33414777e-01 5.03419706e+02
 1.33574039e-01 5.03419704e+02
 1.33281904e-01 5.03412672e+02
 1.32867437e-01 5.03402679e+02
 1.32830550e-01 5.03401416e+02
 1.32885935e-01 5.03401416e+02
 1.32897257e-01 5.03401416e+02
 1.32636475e-01 5.03401416e+02
 1.32384284e-01 5.03401416e+02
 1.32997328e-01 5.03401416e+02
 1.34432754e-01 5.03401416e+02
 1.35088132e-01 5.03403599e+02
 1.35389556e-01 5.03417334e+02
 1.35501303e-01 5.03425930e+02
 1.34752409e-01 5.03425930e+02
 1.33767899e-01 5.03425930e+02
 1.34676651e-01 5.03425930e+02
 1.37833275e-01 5.03425930e+02
 1.38971223e-01 5.03425930e+02
 1.38663104e-01 5.03425930e+02
 1.38141474e-01 5.03425930e+02
 1.37102418e-01 5.03410681e+02
 1.35826201e-01 5.03382822e+02
 1.35727216e-01 5.03377538e+02
 1.36347844e-01 5.03377538e+02
 1.36661240e-01 5.03377538e+02
 1.35231769e-01 5.03377538e+02
 1.33572028e-01 5.03377538e+02
 1.33447111e-01 5.03377538e+02
 1.33447111e-01 5.03377538e+02
 1.33461064e-01 5.03377538e+02
 1.33665653e-01 5.03377538e+02
 1.34056233e-01 5.03377538e+02
 1.35685109e-01 5.03365046e+02
 1.37934585e-01 5.03344574e+02
 1.38224459e-01 5.03341342e+02
 1.37988341e-01 5.03341342e+02
 1.37934338e-01 5.03341342e+02
 1.39501153e-01 5.03341342e+02
 1.41091822e-01 5.03341342e+02
 1.40931653e-01 5.03341342e+02
 1.40443829e-01 5.03341342e+02
 1.40388442e-01 5.03344143e+02
 1.40817071e-01 5.03362534e+02
 1.41075478e-01 5.03373982e+02
 1.38435023e-01 5.03373982e+02
 1.35049076e-01 5.03373982e+02
 1.35337879e-01 5.03373982e+02
 1.37208960e-01 5.03373982e+02
 1.37791296e-01 5.03373982e+02
 1.36714190e-01 5.03373982e+02
 1.35836180e-01 5.03373982e+02
 1.37109800e-01 5.03373982e+02
 1.39630302e-01 5.03373982e+02
 1.40952834e-01 5.03368746e+02
 1.41811266e-01 5.03345466e+02
 1.42078141e-01 5.03334103e+02
 1.41389211e-01 5.03334103e+02
 1.40667535e-01 5.03334103e+02
 1.40854688e-01 5.03334103e+02
 1.41366791e-01 5.03334103e+02
 1.41497676e-01 5.03334103e+02
 1.41450822e-01 5.03334103e+02
 1.41358616e-01 5.03334084e+02
 1.40498159e-01 5.03317299e+02
 1.39411248e-01 5.03294516e+02
 1.39675310e-01 5.03292069e+02
 1.41017872e-01 5.03292069e+02
 1.41945291e-01 5.03292069e+02
 1.42490675e-01 5.03292069e+02
 1.42765230e-01 5.03292069e+02
 1.42610374e-01 5.03292069e+02
 1.42326324e-01 5.03292069e+02
 1.42273656e-01 5.03292069e+02
 1.42273656e-01 5.03292069e+02
 1.42274623e-01 5.03292484e+02
 1.42333968e-01 5.03311543e+02
 1.42473567e-01 5.03332750e+02
 1.43257778e-01 5.03334103e+02
 1.44938096e-01 5.03334103e+02
 1.45419680e-01 5.03334103e+02
 1.45310402e-01 5.03334103e+02
 1.45104234e-01 5.03334103e+02
 1.44317293e-01 5.03334103e+02
 1.43012234e-01 5.03334103e+02
 1.41803999e-01 5.03325565e+02
 1.40539779e-01 5.03294654e+02
 1.40258208e-01 5.03281783e+02
 1.42938677e-01 5.03281783e+02
 1.45442444e-01 5.03281783e+02
 1.45467601e-01 5.03281783e+02
 1.45373537e-01 5.03281783e+02
 1.45255349e-01 5.03281783e+02
 1.45076637e-01 5.03281783e+02
 1.45004437e-01 5.03281529e+02
 1.46147859e-01 5.03259125e+02
 1.47713182e-01 5.03232568e+02
 1.48318123e-01 5.03230610e+02
 1.48691095e-01 5.03230610e+02
 1.48580545e-01 5.03230610e+02
 1.46686152e-01 5.03230610e+02
 1.45114574e-01 5.03230610e+02
 1.44909095e-01 5.03230610e+02
 1.44773758e-01 5.03230610e+02
 1.43974018e-01 5.03230610e+02
 1.41792114e-01 5.03230610e+02
 1.40921877e-01 5.03231210e+02
 1.41953295e-01 5.03244676e+02
 1.42950596e-01 5.03257643e+02
 1.42942195e-01 5.03258037e+02
 1.42832890e-01 5.03258037e+02
 1.42716849e-01 5.03258037e+02
 1.42585664e-01 5.03258037e+02
 1.42397090e-01 5.03258037e+02
 1.42054971e-01 5.03258037e+02
 1.41542731e-01 5.03258037e+02
 1.40778833e-01 5.03233917e+02
 1.39671710e-01 5.03165104e+02
 1.38730763e-01 5.03142115e+02
 1.38024431e-01 5.03142115e+02
 1.37262969e-01 5.03142115e+02
 1.36266796e-01 5.03142115e+02
 1.35087867e-01 5.03142115e+02
 1.33584285e-01 5.03142115e+02
 1.31633105e-01 5.03142115e+02
 1.30889530e-01 5.03142115e+02
 1.30963547e-01 5.03142115e+02
 1.31037808e-01 5.03142115e+02
 1.30879319e-01 5.03117026e+02
 1.30402055e-01 5.03061726e+02
 1.29824605e-01 5.03047414e+02
 1.28955512e-01 5.03047414e+02
 1.28495919e-01 5.03047414e+02
 1.28531405e-01 5.03047414e+02
 1.28579770e-01 5.03047414e+02
 1.28417097e-01 5.03047414e+02
 1.27682568e-01 5.03047414e+02
 1.26760797e-01 5.03046238e+02
 1.25475263e-01 5.03024996e+02
 1.24091617e-01 5.03005188e+02
 1.22902572e-01 5.03004639e+02
 1.21814698e-01 5.03004639e+02
 1.21036797e-01 5.03004639e+02
 1.20506969e-01 5.03004639e+02
 1.19918898e-01 5.03004639e+02
 1.19009255e-01 5.03004639e+02
 1.18075358e-01 5.03004639e+02
 1.17471041e-01 5.03004639e+02
 1.17014146e-01 5.03004639e+02
 1.16686698e-01 5.03001545e+02
 1.16455924e-01 5.02961423e+02
 1.16258835e-01 5.02927317e+02
 1.16074801e-01 5.02926839e+02
 1.15896166e-01 5.02926839e+02
 1.15662371e-01 5.02926839e+02
 1.15362780e-01 5.02926839e+02
 1.14905986e-01 5.02926839e+02
 1.13709994e-01 5.02926839e+02
 1.12284509e-01 5.02926839e+02
 1.11510229e-01 5.02913507e+02
 1.10973871e-01 5.02874923e+02
 1.10399970e-01 5.02861358e+02
 1.09780372e-01 5.02861358e+02
 1.09100832e-01 5.02861358e+02
 1.08283619e-01 5.02861358e+02
 1.07376215e-01 5.02861358e+02
 1.06443735e-01 5.02861358e+02
 1.05387275e-01 5.02861358e+02
 1.04939880e-01 5.02861070e+02
 1.05133630e-01 5.02837896e+02
 1.05364788e-01 5.02810283e+02
 1.05295705e-01 5.02808066e+02
 1.04983706e-01 5.02808066e+02
 1.04651700e-01 5.02808066e+02
 1.04314245e-01 5.02808066e+02
 1.03909501e-01 5.02808066e+02
 1.03310594e-01 5.02808066e+02
 1.02629096e-01 5.02808066e+02
 1.02232964e-01 5.02808066e+02
 1.02016719e-01 5.02808066e+02
 1.01691299e-01 5.02807839e+02
 1.00794488e-01 5.02792382e+02
 9.96463992e-02 5.02774292e+02
 9.87623083e-02 5.02772920e+02
 9.79713023e-02 5.02772920e+02
 9.71874901e-02 5.02772920e+02
 9.63483480e-02 5.02772920e+02
 9.56739814e-02 5.02772920e+02
 9.52639578e-02 5.02772920e+02
 9.49569877e-02 5.02772920e+02
 9.47229348e-02 5.02770495e+02
 9.45590195e-02 5.02758961e+02
 9.43138004e-02 5.02752875e+02
 9.36477477e-02 5.02752875e+02
 9.28905533e-02 5.02752875e+02
 9.24898152e-02 5.02752875e+02
 9.22090913e-02 5.02752875e+02
 9.19663986e-02 5.02752875e+02
 9.17567296e-02 5.02752875e+02
 9.15578142e-02 5.02752875e+02
 9.13778975e-02 5.02752875e+02
 9.11817879e-02 5.02752875e+02
 9.07735950e-02 5.02746479e+02
 8.99099881e-02 5.02716986e+02
 8.90070359e-02 5.02701748e+02
 8.81845928e-02 5.02701748e+02
 8.73731269e-02 5.02701748e+02
 8.65819159e-02 5.02701748e+02
 8.58152316e-02 5.02701748e+02
 8.51879263e-02 5.02701748e+02
 8.46777518e-02 5.02701748e+02
 8.42389795e-02 5.02701748e+02
 8.38906669e-02 5.02687457e+02
 8.35631894e-02 5.02663688e+02
 8.30236639e-02 5.02659633e+02
 8.21736905e-02 5.02659633e+02
 8.16010177e-02 5.02659633e+02
 8.13545465e-02 5.02659633e+02
 8.11738505e-02 5.02659633e+02
 8.10053182e-02 5.02659633e+02
 8.08556004e-02 5.02659633e+02
 8.06439632e-02 5.02657123e+02
 8.03021848e-02 5.02633306e+02
 7.99667924e-02 5.02615174e+02
 7.97449848e-02 5.02615111e+02
 7.95383319e-02 5.02615111e+02
 7.92033359e-02 5.02615111e+02
 7.86837162e-02 5.02615111e+02
 7.81845016e-02 5.02615111e+02
 7.77611211e-02 5.02615111e+02
 7.73611545e-02 5.02615111e+02
 7.69989819e-02 5.02615111e+02
 7.66550326e-02 5.02615111e+02
 7.61684945e-02 5.02611209e+02
 7.54020863e-02 5.02575871e+02
 7.45484419e-02 5.02549473e+02
 7.36147455e-02 5.02549411e+02
 7.27331814e-02 5.02549411e+02
 7.22918170e-02 5.02549411e+02
 7.20338906e-02 5.02549411e+02
 7.18283689e-02 5.02549411e+02
 7.16587344e-02 5.02549411e+02
 7.14996882e-02 5.02549411e+02
 7.13152561e-02 5.02533232e+02
 7.11134917e-02 5.02493524e+02
 7.08718588e-02 5.02481818e+02
 7.05617768e-02 5.02481818e+02
 7.02557125e-02 5.02481818e+02
 7.00105179e-02 5.02481818e+02
 6.97740804e-02 5.02481818e+02
 6.94836613e-02 5.02481818e+02
 6.91379000e-02 5.02481818e+02
 6.87478973e-02 5.02481229e+02
 6.81969583e-02 5.02462244e+02
 6.77648880e-02 5.02442264e+02
 6.76874039e-02 5.02441240e+02
 6.76569749e-02 5.02441240e+02
 6.75457866e-02 5.02441240e+02
 6.70513626e-02 5.02441240e+02
 6.64234818e-02 5.02441240e+02
 6.57636973e-02 5.02441240e+02
 6.50903215e-02 5.02441240e+02
 6.46170043e-02 5.02441240e+02
 6.42457500e-02 5.02441240e+02
 6.39972959e-02 5.02440521e+02
 6.38669542e-02 5.02419502e+02
 6.37350609e-02 5.02397766e+02
 6.34273436e-02 5.02396734e+02
 6.29525244e-02 5.02396734e+02
 6.25851993e-02 5.02396734e+02
 6.23304978e-02 5.02396734e+02
 6.20439090e-02 5.02396734e+02
 6.15700377e-02 5.02396734e+02
 6.10572843e-02 5.02396734e+02
 6.07593877e-02 5.02397672e+02
 6.05545079e-02 5.02401300e+02
 6.04194122e-02 5.02402947e+02
 6.03449926e-02 5.02402947e+02
 6.02708985e-02 5.02402947e+02
 6.01316161e-02 5.02402947e+02
 5.99203077e-02 5.02402947e+02
 5.96549722e-02 5.02402947e+02
 5.92911863e-02 5.02402947e+02
 5.88767589e-02 5.02402947e+02
 5.84135706e-02 5.02402947e+02
 5.79257174e-02 5.02402947e+02
 5.74762584e-02 5.02402375e+02
 5.70400069e-02 5.02400225e+02
 5.67849754e-02 5.02399270e+02
 5.66912801e-02 5.02399270e+02
 5.65931774e-02 5.02399270e+02
 5.62355620e-02 5.02399270e+02
 5.56010670e-02 5.02399270e+02
 5.51636184e-02 5.02399270e+02
 5.48939919e-02 5.02399270e+02
 5.46039071e-02 5.02399270e+02
 5.41772887e-02 5.02389852e+02
 5.37014372e-02 5.02375674e+02
 5.33042344e-02 5.02373659e+02
 5.29538913e-02 5.02373659e+02
 5.26266593e-02 5.02373659e+02
 5.22651034e-02 5.02373659e+02
 5.20085209e-02 5.02373659e+02
 5.19529970e-02 5.02373659e+02
 5.19272564e-02 5.02373659e+02
 5.18722923e-02 5.02373377e+02
 5.17467110e-02 5.02371221e+02
 5.15913385e-02 5.02369728e+02
 5.14202854e-02 5.02369728e+02
 5.12267051e-02 5.02369728e+02
 5.10345459e-02 5.02369728e+02
 5.08402748e-02 5.02369728e+02
 5.05857397e-02 5.02369728e+02
 5.01167805e-02 5.02369728e+02
 4.97328535e-02 5.02369728e+02
 4.96658488e-02 5.02369728e+02
 4.96369520e-02 5.02369728e+02
 4.95570432e-02 5.02371042e+02
 4.93159316e-02 5.02380684e+02
 4.90414112e-02 5.02387225e+02
 4.88132050e-02 5.02387225e+02
 4.85775095e-02 5.02387225e+02
 4.82953166e-02 5.02387225e+02
 4.79652401e-02 5.02387225e+02
 4.76774948e-02 5.02387225e+02
 4.74698456e-02 5.02387225e+02
 4.72434681e-02 5.02387225e+02
 4.68425186e-02 5.02395167e+02
 4.63215361e-02 5.02412638e+02
 4.59752506e-02 5.02417148e+02
 4.57561248e-02 5.02417148e+02
 4.55497776e-02 5.02417148e+02
 4.53082542e-02 5.02417148e+02
 4.50770683e-02 5.02417148e+02
 4.49073501e-02 5.02417148e+02
 4.47768978e-02 5.02417148e+02
 4.46176662e-02 5.02417148e+02
 4.43819906e-02 5.02417148e+02
 4.41521140e-02 5.02417148e+02
 4.39966586e-02 5.02417475e+02
 4.38680051e-02 5.02418141e+02
 4.37320859e-02 5.02418289e+02
 4.35951123e-02 5.02418289e+02
 4.34350216e-02 5.02418289e+02
 4.32113309e-02 5.02418289e+02
 4.29691359e-02 5.02418289e+02
 4.27655080e-02 5.02418289e+02
 4.25815900e-02 5.02418289e+02
 4.24698465e-02 5.02419356e+02
 4.24157292e-02 5.02433063e+02
 4.23585590e-02 5.02444429e+02
 4.22526552e-02 5.02444537e+02
 4.21073189e-02 5.02444537e+02
 4.19445455e-02 5.02444537e+02
 4.17528682e-02 5.02444537e+02
 4.15537252e-02 5.02444537e+02
 4.13513331e-02 5.02444537e+02
 4.11458565e-02 5.02444537e+02
 4.09325557e-02 5.02449947e+02
 4.07205794e-02 5.02462668e+02
 4.05687747e-02 5.02466093e+02
 4.04714067e-02 5.02466093e+02
 4.03549139e-02 5.02466093e+02
 4.01404571e-02 5.02466093e+02
 3.98857383e-02 5.02466093e+02
 3.96866524e-02 5.02466093e+02
 3.95152693e-02 5.02466093e+02
 3.93496241e-02 5.02466093e+02
 3.91912269e-02 5.02466093e+02
 3.90299542e-02 5.02466093e+02
 3.88367163e-02 5.02467251e+02
 3.86443827e-02 5.02469369e+02
 3.85343287e-02 5.02469771e+02
 3.84718691e-02 5.02469771e+02
 3.83937746e-02 5.02469771e+02
 3.82648283e-02 5.02469771e+02
 3.81079819e-02 5.02469771e+02
 3.79366203e-02 5.02469771e+02
 3.77486031e-02 5.02469771e+02
 3.75875801e-02 5.02472960e+02
 3.74517306e-02 5.02498861e+02
 3.73252910e-02 5.02516818e+02
 3.72013947e-02 5.02516818e+02
 3.70852527e-02 5.02516818e+02
 3.69854186e-02 5.02516818e+02
 3.68985464e-02 5.02516818e+02
 3.67941097e-02 5.02516818e+02
 3.66498501e-02 5.02516818e+02
 3.65072081e-02 5.02516818e+02
 3.63974065e-02 5.02516818e+02
 3.63011796e-02 5.02516818e+02
 3.62067063e-02 5.02513580e+02
 3.61103747e-02 5.02496564e+02
 3.60458648e-02 5.02487271e+02
 3.60197179e-02 5.02487271e+02
 3.59932042e-02 5.02487271e+02
 3.58567780e-02 5.02487271e+02
 3.55813409e-02 5.02487271e+02
 3.54545922e-02 5.02487271e+02
 3.54194676e-02 5.02487271e+02
 3.53801609e-02 5.02487271e+02
 3.52911479e-02 5.02498581e+02
 3.51732169e-02 5.02515653e+02
 3.50707103e-02 5.02517960e+02
 3.49752486e-02 5.02517960e+02
 3.48661454e-02 5.02517960e+02
 3.47220615e-02 5.02517960e+02
 3.45906014e-02 5.02517960e+02
 3.45090831e-02 5.02517960e+02
 3.44451386e-02 5.02517960e+02
 3.43762583e-02 5.02517960e+02
 3.43032959e-02 5.02517960e+02
 3.42348946e-02 5.02518046e+02
 3.41779551e-02 5.02527059e+02
 3.41193597e-02 5.02537915e+02
 3.40408079e-02 5.02538758e+02
 3.39431096e-02 5.02538758e+02
 3.38365462e-02 5.02538758e+02
 3.37128309e-02 5.02538758e+02
 3.36003607e-02 5.02538758e+02
 3.35108412e-02 5.02538758e+02
 3.34369934e-02 5.02538758e+02
 3.33908428e-02 5.02547779e+02
 3.33618973e-02 5.02583440e+02
 3.33161803e-02 5.02599383e+02
 3.32050854e-02 5.02599383e+02
 3.30807375e-02 5.02599383e+02
 3.29909241e-02 5.02599383e+02
 3.29141140e-02 5.02599383e+02
 3.28542118e-02 5.02599383e+02
 3.28096943e-02 5.02599383e+02
 3.27594284e-02 5.02599383e+02
 3.26854462e-02 5.02599383e+02
 3.26067429e-02 5.02599383e+02
 3.25427910e-02 5.02604007e+02
 3.24866316e-02 5.02617485e+02
 3.24487210e-02 5.02622087e+02
 3.24276199e-02 5.02622087e+02
 3.24027406e-02 5.02622087e+02
 3.23444573e-02 5.02622087e+02
 3.22676111e-02 5.02622087e+02
 3.22131880e-02 5.02622087e+02
 3.21705732e-02 5.02622087e+02
 3.21360337e-02 5.02622441e+02
 3.21114210e-02 5.02632920e+02
 3.20856888e-02 5.02643596e+02
 3.20393589e-02 5.02644031e+02
 3.19802562e-02 5.02644031e+02
 3.19435846e-02 5.02644031e+02
 3.19195742e-02 5.02644031e+02
 3.19042153e-02 5.02644031e+02
 3.18954983e-02 5.02644031e+02
 3.18892636e-02 5.02644031e+02
 3.18843253e-02 5.02644600e+02
 3.18806086e-02 5.02646465e+02
 3.18723583e-02 5.02647202e+02
 3.18372195e-02 5.02647202e+02
 3.18093113e-02 5.02647202e+02
 3.18186054e-02 5.02647202e+02
 3.18398267e-02 5.02647202e+02
 3.18504119e-02 5.02647202e+02
 3.18545921e-02 5.02647202e+02
 3.18615222e-02 5.02647202e+02
 3.19024416e-02 5.02647202e+02
 3.19493660e-02 5.02647202e+02
 3.19085945e-02 5.02639905e+02
 3.17809790e-02 5.02617789e+02
 3.17452966e-02 5.02609657e+02
 3.18589753e-02 5.02609657e+02
 3.19665262e-02 5.02609657e+02
 3.19383611e-02 5.02609657e+02
 3.18838469e-02 5.02609657e+02
 3.18728785e-02 5.02609657e+02
 3.18733384e-02 5.02609657e+02
 3.18742898e-02 5.02609695e+02
 3.18844995e-02 5.02614010e+02
 3.18971398e-02 5.02619331e+02
 3.18993403e-02 5.02619804e+02
 3.18998696e-02 5.02619804e+02
 3.19043112e-02 5.02619804e+02
 3.19476113e-02 5.02619804e+02
 3.19849146e-02 5.02619804e+02
 3.19190855e-02 5.02619804e+02
 3.18053514e-02 5.02619804e+02
 3.18126532e-02 5.02619804e+02
 3.19757585e-02 5.02619804e+02
 3.20762315e-02 5.02619995e+02
 3.20386086e-02 5.02637958e+02
 3.19781447e-02 5.02659703e+02
 3.19278424e-02 5.02661536e+02
 3.18798088e-02 5.02661536e+02
 3.18687825e-02 5.02661536e+02
 3.18987941e-02 5.02661536e+02
 3.19243462e-02 5.02661536e+02
 3.19203129e-02 5.02661536e+02
 3.19084542e-02 5.02661536e+02
 3.18887812e-02 5.02661033e+02
 3.18506876e-02 5.02658491e+02
 3.18333967e-02 5.02657096e+02
 3.19172461e-02 5.02657096e+02
 3.20244679e-02 5.02657096e+02
 3.20231345e-02 5.02657096e+02
 3.19900475e-02 5.02657096e+02
 3.19635130e-02 5.02657096e+02
 3.19462233e-02 5.02657096e+02
 3.19279670e-02 5.02657096e+02
 3.18970113e-02 5.02658407e+02
 3.18657836e-02 5.02660720e+02
 3.18642986e-02 5.02661155e+02
 3.18847719e-02 5.02661155e+02
 3.19041832e-02 5.02661155e+02
 3.19145530e-02 5.02661155e+02
 3.19253067e-02 5.02661155e+02
 3.19461064e-02 5.02661155e+02
 3.19789662e-02 5.02661155e+02
 3.20107587e-02 5.02661155e+02
 3.20395731e-02 5.02661155e+02
 3.20705580e-02 5.02661155e+02
 3.21159332e-02 5.02674827e+02
 3.21605846e-02 5.02698461e+02
 3.21570446e-02 5.02702763e+02
 3.20988584e-02 5.02702763e+02
 3.20392300e-02 5.02702763e+02
 3.19811535e-02 5.02702763e+02
 3.19405109e-02 5.02702763e+02
 3.19524550e-02 5.02702763e+02
 3.19920661e-02 5.02702763e+02
 3.20036916e-02 5.02702130e+02
 3.19880238e-02 5.02695550e+02
 3.19757924e-02 5.02690362e+02
 3.20116655e-02 5.02690331e+02
 3.20842647e-02 5.02690331e+02
 3.21245045e-02 5.02690331e+02
 3.21490515e-02 5.02690331e+02
 3.21685490e-02 5.02690331e+02
 3.21881489e-02 5.02690331e+02
 3.22009001e-02 5.02690331e+02
 3.21590132e-02 5.02690331e+02
 3.20523251e-02 5.02690331e+02
 3.20243501e-02 5.02690235e+02
 3.20685019e-02 5.02689290e+02
 3.21035820e-02 5.02688558e+02
 3.21006172e-02 5.02688555e+02
 3.20922829e-02 5.02688555e+02
 3.20776014e-02 5.02688555e+02
 3.20478978e-02 5.02688555e+02
 3.20249546e-02 5.02688555e+02
 3.20144723e-02 5.02688555e+02
 3.20042852e-02 5.02688555e+02
 3.19795388e-02 5.02698196e+02
 3.19439211e-02 5.02722901e+02
 3.19335652e-02 5.02730546e+02
 3.19331852e-02 5.02730546e+02
 3.19330486e-02 5.02730546e+02
 3.19778214e-02 5.02730546e+02
 3.20537945e-02 5.02730546e+02
 3.20612594e-02 5.02730546e+02
 3.20382640e-02 5.02730546e+02
 3.20278782e-02 5.02730576e+02
 3.20615230e-02 5.02731741e+02
 3.21000689e-02 5.02733009e+02
 3.21042108e-02 5.02733083e+02
 3.21050983e-02 5.02733083e+02
 3.21142970e-02 5.02733083e+02
 3.21868335e-02 5.02733083e+02
 3.22684329e-02 5.02733083e+02
 3.23237387e-02 5.02733083e+02
 3.23655298e-02 5.02733083e+02
 3.23644475e-02 5.02733083e+02
 3.23323607e-02 5.02733083e+02
 3.22990376e-02 5.02732748e+02
 3.22640046e-02 5.02720917e+02
 3.22397075e-02 5.02708274e+02
 3.22574319e-02 5.02707584e+02
 3.23045526e-02 5.02707584e+02
 3.23168442e-02 5.02707584e+02
 3.22978509e-02 5.02707584e+02
 3.22685639e-02 5.02707584e+02
 3.22222892e-02 5.02707584e+02
 3.21648269e-02 5.02707584e+02
 3.21225211e-02 5.02714301e+02
 3.20869727e-02 5.02741695e+02
 3.20670413e-02 5.02754651e+02
 3.20566641e-02 5.02754651e+02
 3.20512800e-02 5.02754651e+02
 3.20930578e-02 5.02754651e+02
 3.22022073e-02 5.02754651e+02
 3.22476097e-02 5.02754651e+02
 3.22598572e-02 5.02754651e+02
 3.22645593e-02 5.02754651e+02
 3.22474956e-02 5.02757462e+02
 3.22217150e-02 5.02761760e+02
 3.22216691e-02 5.02762390e+02
 3.22416844e-02 5.02762390e+02
 3.22725646e-02 5.02762390e+02
 3.23445453e-02 5.02762390e+02
 3.24250707e-02 5.02762390e+02
 3.24719505e-02 5.02762390e+02
 3.25071190e-02 5.02762390e+02
 3.24894813e-02 5.02762390e+02
 3.23009967e-02 5.02762390e+02
 3.21790290e-02 5.02762390e+02
 3.22459591e-02 5.02756022e+02
 3.23512509e-02 5.02746480e+02
 3.23659730e-02 5.02745136e+02
 3.23627475e-02 5.02745136e+02
 3.23575825e-02 5.02745136e+02
 3.23456036e-02 5.02745136e+02
 3.23271577e-02 5.02745136e+02
 3.23000424e-02 5.02745136e+02
 3.22624473e-02 5.02745136e+02
 3.22279881e-02 5.02749278e+02
 3.21915195e-02 5.02780627e+02
 3.21734284e-02 5.02802229e+02
 3.23078724e-02 5.02802229e+02
 3.25245047e-02 5.02802229e+02
 3.25352681e-02 5.02802229e+02
 3.24506498e-02 5.02802229e+02
 3.23777843e-02 5.02802229e+02
 3.23194591e-02 5.02802229e+02
 3.22841853e-02 5.02802229e+02
 3.23207532e-02 5.02802229e+02
 3.24081206e-02 5.02802229e+02
 3.24231897e-02 5.02801420e+02
 3.23586740e-02 5.02795541e+02
 3.23047112e-02 5.02791571e+02
 3.22866952e-02 5.02791571e+02
 3.22753355e-02 5.02791571e+02
 3.22695596e-02 5.02791571e+02
 3.22656828e-02 5.02791571e+02
 3.22692192e-02 5.02791571e+02
 3.23761186e-02 5.02791571e+02
 3.24867917e-02 5.02791571e+02
 3.24748582e-02 5.02788357e+02
 3.24364580e-02 5.02781322e+02
 3.24152997e-02 5.02779518e+02
 3.24030899e-02 5.02779518e+02
 3.23983088e-02 5.02779518e+02
 3.24807500e-02 5.02779518e+02
 3.25977844e-02 5.02779518e+02
 3.25670375e-02 5.02779518e+02
 3.24172090e-02 5.02779518e+02
 3.23344344e-02 5.02781241e+02
 3.23023801e-02 5.02807679e+02
 3.22873553e-02 5.02831300e+02
 3.23051353e-02 5.02831793e+02
 3.23491205e-02 5.02831793e+02
 3.23861203e-02 5.02831793e+02
 3.24225703e-02 5.02831793e+02
 3.24388057e-02 5.02831793e+02
 3.24193831e-02 5.02831793e+02
 3.23948487e-02 5.02831793e+02
 3.24217423e-02 5.02831793e+02
 3.25161526e-02 5.02831793e+02
 3.25572381e-02 5.02830983e+02
 3.25619784e-02 5.02821837e+02
 3.25680061e-02 5.02814577e+02
 3.26261468e-02 5.02814537e+02
 3.27147133e-02 5.02814537e+02
 3.26786904e-02 5.02814537e+02
 3.24767979e-02 5.02814537e+02
 3.23880864e-02 5.02814537e+02
 3.23939167e-02 5.02814537e+02
 3.24033189e-02 5.02814537e+02
 3.24118596e-02 5.02816477e+02
 3.24215753e-02 5.02820805e+02
 3.24353597e-02 5.02821896e+02
 3.24581171e-02 5.02821896e+02
 3.24700743e-02 5.02821896e+02
 3.24562978e-02 5.02821896e+02
 3.24383227e-02 5.02821896e+02
 3.25117271e-02 5.02821896e+02
 3.27616799e-02 5.02821896e+02
 3.28424362e-02 5.02821896e+02
 3.26416501e-02 5.02821896e+02
 3.24874063e-02 5.02821896e+02
 3.25199981e-02 5.02829351e+02
 3.25804744e-02 5.02842332e+02
 3.25883441e-02 5.02844609e+02
 3.25751953e-02 5.02844609e+02
 3.25692067e-02 5.02844609e+02
 3.25878179e-02 5.02844609e+02
 3.26077661e-02 5.02844609e+02
 3.25996306e-02 5.02844609e+02
 3.25783513e-02 5.02844609e+02
 3.26013710e-02 5.02842509e+02
 3.28242278e-02 5.02827043e+02
 3.29828531e-02 5.02816821e+02
 3.28447966e-02 5.02816821e+02
 3.26662233e-02 5.02816821e+02
 3.26758150e-02 5.02816821e+02
 3.27719159e-02 5.02816821e+02
 3.28058334e-02 5.02816821e+02
 3.27511250e-02 5.02816821e+02
 3.27048117e-02 5.02816821e+02
 3.27768379e-02 5.02816821e+02
 3.29235203e-02 5.02816821e+02
 3.29742866e-02 5.02821127e+02
 3.29876904e-02 5.02842089e+02
 3.30088436e-02 5.02852984e+02
 3.30886094e-02 5.02852984e+02
 3.31646486e-02 5.02852984e+02
 3.30549585e-02 5.02852984e+02
 3.27910874e-02 5.02852984e+02
 3.27287915e-02 5.02852984e+02
 3.27992252e-02 5.02852984e+02
 3.28491633e-02 5.02852984e+02
 3.28142926e-02 5.02856332e+02
 3.27649287e-02 5.02861149e+02
 3.27880633e-02 5.02861739e+02
 3.28986463e-02 5.02861739e+02
 3.29691366e-02 5.02861739e+02
 3.29996161e-02 5.02861739e+02
 3.30144111e-02 5.02861739e+02
 3.28837954e-02 5.02861739e+02
 3.26498342e-02 5.02861739e+02
 3.26287570e-02 5.02860568e+02
 3.27591071e-02 5.02854429e+02
 3.28329420e-02 5.02851080e+02
 3.28140574e-02 5.02851080e+02
 3.27924359e-02 5.02851080e+02
 3.28293242e-02 5.02851080e+02
 3.29375271e-02 5.02851080e+02
 3.29897879e-02 5.02851080e+02
 3.30087748e-02 5.02851080e+02
 3.30164212e-02 5.02851080e+02
 3.30098587e-02 5.02851080e+02
 3.29913301e-02 5.02851080e+02
 3.29092856e-02 5.02857270e+02
 3.26927834e-02 5.02880188e+02
 3.26165258e-02 5.02889910e+02
 3.27777767e-02 5.02889910e+02
 3.29390070e-02 5.02889910e+02
 3.29025227e-02 5.02889910e+02
 3.28222225e-02 5.02889910e+02
 3.28270445e-02 5.02889910e+02
 3.29559565e-02 5.02889910e+02
 3.30316041e-02 5.02889787e+02
 3.29371619e-02 5.02877075e+02
 3.28198972e-02 5.02861780e+02
 3.27932247e-02 5.02860597e+02
 3.27812181e-02 5.02860597e+02
 3.28011196e-02 5.02860597e+02
 3.30360043e-02 5.02860597e+02
 3.32277455e-02 5.02860597e+02
 3.31869385e-02 5.02860597e+02
 3.31228217e-02 5.02860597e+02
 3.31148759e-02 5.02860597e+02
 3.31204301e-02 5.02860597e+02
 3.31208569e-02 5.02860687e+02
 3.30674752e-02 5.02862853e+02
 3.29957462e-02 5.02864968e+02
 3.29427972e-02 5.02865038e+02
 3.28982993e-02 5.02865038e+02
 3.29346031e-02 5.02865038e+02
 3.32266385e-02 5.02865038e+02
 3.34145569e-02 5.02865038e+02
 3.31886929e-02 5.02865038e+02
 3.29265388e-02 5.02865038e+02
 3.29413153e-02 5.02873450e+02
 3.30508467e-02 5.02897934e+02
 3.30831161e-02 5.02906280e+02
 3.30159735e-02 5.02906280e+02
 3.29626171e-02 5.02906280e+02
 3.30488902e-02 5.02906280e+02
 3.32143116e-02 5.02906280e+02
 3.32670297e-02 5.02906280e+02
 3.32842328e-02 5.02906280e+02
 3.32853085e-02 5.02906280e+02
 3.30971756e-02 5.02906280e+02
 3.29003431e-02 5.02906280e+02
 3.29664690e-02 5.02895003e+02
 3.31813118e-02 5.02865804e+02
 3.32563652e-02 5.02856663e+02
 3.32589299e-02 5.02856663e+02
 3.32623244e-02 5.02856663e+02
 3.33093785e-02 5.02856663e+02
 3.33818211e-02 5.02856663e+02
 3.33474378e-02 5.02856663e+02
 3.31512623e-02 5.02856663e+02
 3.30632367e-02 5.02857081e+02
 3.32950471e-02 5.02874433e+02
 3.35693809e-02 5.02893457e+02
 3.35725015e-02 5.02894605e+02
 3.35230573e-02 5.02894605e+02
 3.34549093e-02 5.02894605e+02
 3.33325437e-02 5.02894605e+02
 3.32308054e-02 5.02894605e+02
 3.31794671e-02 5.02894605e+02
 3.31461178e-02 5.02894605e+02
 3.31433407e-02 5.02895211e+02
 3.31522009e-02 5.02897789e+02
 3.31709579e-02 5.02899047e+02
 3.33036844e-02 5.02899047e+02
 3.34436730e-02 5.02899047e+02
 3.33362504e-02 5.02899047e+02
 3.30672873e-02 5.02899047e+02
 3.29989971e-02 5.02899047e+02
 3.30699396e-02 5.02899047e+02
 3.31496310e-02 5.02899047e+02
 3.31922085e-02 5.02899047e+02
 3.32307119e-02 5.02899047e+02
 3.32931980e-02 5.02901101e+02
 3.33879153e-02 5.02909588e+02
 3.34667079e-02 5.02913641e+02
 3.35307722e-02 5.02913641e+02
 3.35704739e-02 5.02913641e+02
 3.34464241e-02 5.02913641e+02
 3.31600838e-02 5.02913641e+02
 3.31123414e-02 5.02913641e+02
 3.33819380e-02 5.02913641e+02
 3.35912441e-02 5.02913641e+02
 3.34708730e-02 5.02925219e+02
 3.32925488e-02 5.02943086e+02
 3.33049527e-02 5.02945749e+02
 3.34628019e-02 5.02945749e+02
 3.35351583e-02 5.02945749e+02
 3.34185509e-02 5.02945749e+02
 3.33012880e-02 5.02945749e+02
 3.33889403e-02 5.02945749e+02
 3.36197211e-02 5.02945749e+02
 3.36477676e-02 5.02945749e+02
 3.33428573e-02 5.02945749e+02
 3.31420270e-02 5.02945749e+02
 3.32689747e-02 5.02928357e+02
 3.34925458e-02 5.02902057e+02
 3.35839077e-02 5.02898286e+02
 3.36314806e-02 5.02898286e+02
 3.36553705e-02 5.02898286e+02
 3.36682412e-02 5.02898286e+02
 3.36747139e-02 5.02898286e+02
 3.35870544e-02 5.02898286e+02
 3.33916740e-02 5.02898286e+02
 3.33792684e-02 5.02901739e+02
 3.36985209e-02 5.02928372e+02
 3.39372165e-02 5.02946890e+02
 3.39221688e-02 5.02946891e+02
 3.38844537e-02 5.02946891e+02
 3.38012426e-02 5.02946891e+02
 3.36314551e-02 5.02946891e+02
 3.35654485e-02 5.02946891e+02
 3.36370333e-02 5.02946891e+02
 3.37223638e-02 5.02946891e+02
 3.37524434e-02 5.02943015e+02
 3.37711438e-02 5.02934255e+02
 3.37431122e-02 5.02931916e+02
 3.35166324e-02 5.02931916e+02
 3.33699459e-02 5.02931916e+02
 3.35233926e-02 5.02931916e+02
 3.37583286e-02 5.02931916e+02
 3.37511218e-02 5.02931916e+02
 3.36090432e-02 5.02931916e+02
 3.35507610e-02 5.02931916e+02
 3.36031028e-02 5.02931916e+02
 3.36554823e-02 5.02931916e+02
 3.35888767e-02 5.02938388e+02
 3.34378177e-02 5.02952693e+02
 3.33888880e-02 5.02956409e+02
 3.33826840e-02 5.02956409e+02
 3.33741018e-02 5.02956409e+02
 3.33402899e-02 5.02956409e+02
 3.32805572e-02 5.02956409e+02
 3.32004180e-02 5.02956409e+02
 3.30843571e-02 5.02956409e+02
 3.29779382e-02 5.02958798e+02
 3.28813961e-02 5.03009746e+02
 3.28041214e-02 5.03059154e+02
 3.27613368e-02 5.03060869e+02
 3.27303205e-02 5.03060869e+02
 3.26838275e-02 5.03060869e+02
 3.26122593e-02 5.03060869e+02
 3.25426788e-02 5.03060869e+02
 3.24808120e-02 5.03060869e+02
 3.24292483e-02 5.03060869e+02
 3.24032952e-02 5.03060869e+02
 3.23886330e-02 5.03060869e+02
 3.23666843e-02 5.03061217e+02
 3.23242605e-02 5.03068083e+02
 3.22708458e-02 5.03074627e+02
 3.22081948e-02 5.03074833e+02
 3.21395560e-02 5.03074833e+02
 3.20933160e-02 5.03074833e+02
 3.20626220e-02 5.03074833e+02
 3.20340104e-02 5.03074833e+02
 3.20045459e-02 5.03074833e+02
 3.19744601e-02 5.03074833e+02
 3.19395222e-02 5.03084923e+02
 3.19001157e-02 5.03119297e+02
 3.18623574e-02 5.03133355e+02
 3.18270538e-02 5.03133355e+02
 3.17931553e-02 5.03133355e+02
 3.17608292e-02 5.03133355e+02
 3.17297297e-02 5.03133355e+02
 3.16988429e-02 5.03133355e+02
 3.16683526e-02 5.03133355e+02
 3.16378101e-02 5.03133362e+02
 3.16065329e-02 5.03136415e+02
 3.15756541e-02 5.03140516e+02
 3.15467783e-02 5.03140972e+02
 3.15194276e-02 5.03140972e+02
 3.14921825e-02 5.03140972e+02
 3.14647888e-02 5.03140972e+02
 3.14378360e-02 5.03140972e+02
 3.14098603e-02 5.03140972e+02
 3.13831982e-02 5.03140972e+02
 3.13658249e-02 5.03140972e+02
 3.13552675e-02 5.03140972e+02
 3.13425151e-02 5.03140971e+02
 3.13198201e-02 5.03140662e+02
 3.12932360e-02 5.03140254e+02
 3.12699048e-02 5.03140211e+02
 3.12479862e-02 5.03140211e+02
 3.12323474e-02 5.03140211e+02
 3.12224488e-02 5.03140211e+02
 3.12133769e-02 5.03140211e+02
 3.12029196e-02 5.03140211e+02
 3.11915824e-02 5.03140211e+02
 3.11770586e-02 5.03140952e+02
 3.11575879e-02 5.03145320e+02
 3.11405645e-02 5.03147955e+02
 3.11278262e-02 5.03147955e+02
 3.11172773e-02 5.03147955e+02
 3.11093888e-02 5.03147955e+02
 3.11032916e-02 5.03147955e+02
 3.10943039e-02 5.03147955e+02
 3.10769171e-02 5.03147955e+02
 3.10618759e-02 5.03147955e+02
 3.10550569e-02 5.03147955e+02
 3.10502430e-02 5.03147955e+02
 3.10445625e-02 5.03150758e+02
 3.10381313e-02 5.03166711e+02
 3.10322229e-02 5.03176140e+02
 3.10273007e-02 5.03176140e+02
 3.10226781e-02 5.03176140e+02
 3.10177816e-02 5.03176140e+02
 3.10128056e-02 5.03176140e+02
 3.10081422e-02 5.03176140e+02
 3.10037730e-02 5.03176140e+02
 3.09997828e-02 5.03176140e+02
 3.09962838e-02 5.03181982e+02
 3.09931183e-02 5.03193092e+02
 3.09898473e-02 5.03195439e+02
 3.09862319e-02 5.03195439e+02
 3.09847339e-02 5.03195439e+02
 3.09847339e-02 5.03195439e+02
 3.09847339e-02 5.03195439e+02
 3.09838198e-02 5.03195439e+02
 3.09807787e-02 5.03195439e+02
 3.09781343e-02 5.03196641e+02
 3.09755932e-02 5.03212634e+02
 3.09742415e-02 5.03226340e+02
 3.09742241e-02 5.03226546e+02
 3.09742241e-02 5.03226546e+02
 3.09737309e-02 5.03226546e+02
 3.09714599e-02 5.03226546e+02
 3.09704107e-02 5.03226546e+02
 3.09704107e-02 5.03226546e+02
 3.09704107e-02 5.03226546e+02
 3.09697060e-02 5.03226546e+02
 3.09680978e-02 5.03226546e+02
 3.09676668e-02 5.03227602e+02
 3.09676668e-02 5.03240879e+02
 3.09676668e-02 5.03252053e+02
 3.09676668e-02 5.03252196e+02
 3.09676668e-02 5.03252196e+02
 3.09676668e-02 5.03252196e+02
 3.09676668e-02 5.03252196e+02
 3.09676534e-02 5.03252196e+02
 3.09667295e-02 5.03252196e+02
 3.09661221e-02 5.03252196e+02
 3.09660901e-02 5.03255334e+02
 3.09660901e-02 5.03264228e+02
 3.09660901e-02 5.03267179e+02
 3.09660901e-02 5.03267179e+02
 3.09660901e-02 5.03267179e+02
 3.09660901e-02 5.03267179e+02
 3.09660901e-02 5.03267179e+02
 3.09660901e-02 5.03267179e+02
 3.09660901e-02 5.03267179e+02
 3.09660901e-02 5.03267179e+02
 3.09660901e-02 5.03267179e+02
 3.09660901e-02 5.03267179e+02
 3.09659626e-02 5.03263470e+02
 3.09658076e-02 5.03254621e+02
 3.09657893e-02 5.03252196e+02
 3.09657893e-02 5.03252196e+02
 3.09657893e-02 5.03252196e+02
 3.09657893e-02 5.03252196e+02
 3.09657893e-02 5.03252196e+02
 3.09657893e-02 5.03252196e+02
 3.09657893e-02 5.03252196e+02
 3.09657893e-02 5.03251365e+02
 3.09657893e-02 5.03238628e+02
 3.09657893e-02 5.03227483e+02
 3.09657893e-02 5.03227308e+02
 3.09657893e-02 5.03227308e+02
 3.09657893e-02 5.03227308e+02
 3.09657893e-02 5.03227308e+02
 3.09657893e-02 5.03227308e+02
 3.09657893e-02 5.03227308e+02
 3.09657893e-02 5.03227308e+02
 3.09657893e-02 5.03227308e+02
 3.09657893e-02 5.03227308e+02
 3.09657832e-02 5.03226607e+02
 3.09657641e-02 5.03220754e+02
