 1.00001450e+00 0.00000000e+00
 1.00021357e+00 0.00000000e+00
 1.00041290e+00 0.00000000e+00
 1.00086186e+00 9.71134261e-04
 1.00133285e+00 2.19600000e-03
 1.00148451e+00 2.19600000e-03
 1.00342456e+00 2.19600000e-03
 1.00227303e+00 2.19600000e-03
 1.00525821e+00 9.17688256e-02
 1.00943479e+00 1.01891000e-01
 1.01240518e+00 1.01891000e-01
 1.01138535e+00 1.01891000e-01
 1.00960418e+00 1.01513809e-01
 1.01665356e+00 9.99680000e-02
 1.02715147e+00 9.99680000e-02
 1.03792933e+00 9.99680000e-02
 1.04944106e+00 9.99680000e-02
 1.04781778e+00 9.99680000e-02
 1.04987068e+00 1.25945681e-01
 1.04771264e+00 1.52972000e-01
 1.04009427e+00 1.52972000e-01
 1.07839029e+00 1.52972000e-01
 1.08056631e+00 1.52972000e-01
 1.07500928e+00 1.52718013e-01
 1.04710619e+00 1.52698000e-01
 1.14278339e+00 1.52698000e-01
 1.18897747e+00 1.52698000e-01
 1.11956825e+00 9.71985682e-02
 1.16427523e+00 -9.33770000e-02
 1.18153420e+00 -9.33770000e-02
 1.21212745e+00 -9.33770000e-02
 1.28864972e+00 -9.33770000e-02
 1.20340943e+00 -9.33770000e-02
 1.15481159e+00 -9.48191524e-02
 1.13264740e+00 -9.61220000e-02
 1.10432441e+00 -9.61220000e-02
 1.10688426e+00 -9.61220000e-02
 1.81124608e+00 -9.61220000e-02
 1.18835578e+00 -4.88709714e-02
 1.25165648e+00 -4.61370000e-02
 1.74720785e+00 -4.61370000e-02
 1.48802293e+00 -4.61370000e-02
 1.13412274e+00 -4.61370000e-02
 1.16497284e+00 -4.63642593e-02
 1.15203825e+00 -4.83370000e-02
 1.14172798e+00 -4.83370000e-02
 1.35561769e+00 -4.83370000e-02
 1.28402835e+00 -4.83370000e-02
 1.36645193e+00 -6.86567112e-02
 1.47256396e+00 -8.45880000e-02
 1.72954853e+00 -8.45880000e-02
 3.31279424e+00 -8.45880000e-02
 1.26335884e+00 -8.45906306e-02
 3.22762200e+00 -8.93386295e-02
 1.37134649e+00 -8.95300000e-02
 1.19967514e+00 -8.95300000e-02
 1.21392042e+00 -8.95300000e-02
 1.75409101e+00 -8.95300000e-02
 3.49926199e+00 -1.02901799e-01
 1.55559151e+00 -1.94991000e-01
 1.74784381e+00 -1.94991000e-01
 3.78859499e+00 -1.94991000e-01
 2.02911302e+00 -1.94991000e-01
 1.71632686e+00 -2.06436777e-01
 2.63081271e+00 -2.14214000e-01
 3.87776332e+00 -2.14214000e-01
 2.83117660e+00 -2.14214000e-01
 1.89689928e+00 -2.14214000e-01
 1.30842491e+00 -2.14214000e-01
 1.40727664e+00 -2.36397320e-01
 2.08684934e+00 -2.39480000e-01
 2.14018227e+00 -2.39480000e-01
 1.98084371e+00 -2.39480000e-01
 2.29780650e+00 -2.38370471e-01
 3.73427058e+00 -2.32617000e-01
 2.13393477e+00 -2.32617000e-01
 2.35086425e+00 -2.32617000e-01
 1.65510488e+00 -2.32617000e-01
 1.76067353e+00 -2.28735722e-01
 1.77079728e+00 -2.26573000e-01
 1.73404612e+00 -2.26573000e-01
 2.26402141e+00 -2.26573000e-01
 2.40181840e+00 -2.26573000e-01
 2.31264014e+00 -2.26573000e-01
 2.72308515e+00 -3.37192588e-01
 2.59941381e+00 -3.49334000e-01
 2.62064463e+00 -3.49334000e-01
 2.46847243e+00 -3.49334000e-01
 2.24619445e+00 -3.50114079e-01
 2.75574738e+00 -3.53456000e-01
 2.24310058e+00 -3.53456000e-01
 2.61170692e+00 -3.53456000e-01
 2.91205410e+00 -3.53456000e-01
 2.75798906e+00 -3.53456000e-01
 2.91449613e+00 -3.95909099e-01
 3.15506173e+00 -4.41611000e-01
 3.07054041e+00 -4.41611000e-01
 3.09234848e+00 -4.41611000e-01
 3.19684947e+00 -4.41611000e-01
 3.49915058e+00 -4.41866443e-01
 3.36516212e+00 -4.41888000e-01
 3.37912469e+00 -4.41888000e-01
 3.38168428e+00 -4.41888000e-01
 3.35089291e+00 -4.61846411e-01
 3.53722401e+00 -5.31966000e-01
 3.75711026e+00 -5.31966000e-01
 3.26082599e+00 -5.31966000e-01
 3.61485114e+00 -5.31966000e-01
 3.66510212e+00 -5.31966000e-01
 3.70100829e+00 -5.35353615e-01
 3.82663303e+00 -5.37736000e-01
 4.01065887e+00 -5.37736000e-01
 4.13239865e+00 -5.37736000e-01
 4.18783252e+00 -5.39451285e-01
 3.85606718e+00 -6.96271338e-01
 3.81294784e+00 -6.98123000e-01
 4.14143925e+00 -6.98123000e-01
 4.31803101e+00 -6.98123000e-01
 4.34132796e+00 -6.98123000e-01
 4.31790745e+00 -6.96250780e-01
 4.25794621e+00 -6.90157000e-01
 4.60579131e+00 -6.90157000e-01
 4.78146741e+00 -6.90157000e-01
 4.76080431e+00 -6.90157000e-01
 4.71788755e+00 -8.02797983e-01
 4.62147643e+00 -8.35437000e-01
 4.60402917e+00 -8.35437000e-01
 4.74490426e+00 -8.35437000e-01
 4.93366500e+00 -8.35437000e-01
 4.90994169e+00 -8.35388934e-01
 5.32174360e+00 -8.32167691e-01
 5.16796848e+00 -8.32141000e-01
 5.19765487e+00 -8.32141000e-01
 5.39569816e+00 -8.32141000e-01
 5.52467316e+00 -9.20000263e-01
 5.60146440e+00 -1.03894500e+00
 5.76938602e+00 -1.03894500e+00
 5.84233008e+00 -1.03894500e+00
 5.72778171e+00 -1.03894500e+00
 5.62551145e+00 -1.03894500e+00
 5.87579198e+00 -1.04176105e+00
 5.89076798e+00 -1.04251600e+00
 6.01547789e+00 -1.04251600e+00
 6.22062625e+00 -1.04251600e+00
 6.17653223e+00 -1.07550560e+00
 6.12858937e+00 -1.34214200e+00
 6.39448026e+00 -1.34214200e+00
 6.55790402e+00 -1.34214200e+00
 6.28337316e+00 -1.34214200e+00
 6.30810497e+00 -1.34299973e+00
 6.47809999e+00 -1.34351300e+00
 6.77784575e+00 -1.34351300e+00
 7.13779744e+00 -1.34351300e+00
 6.68284171e+00 -1.34351300e+00
 6.99275108e+00 -1.34351300e+00
 7.30386687e+00 -1.53212568e+00
 6.85774640e+00 -1.54784400e+00
 6.95281899e+00 -1.54784400e+00
 7.39668719e+00 -1.54784400e+00
 7.52200006e+00 -1.54816724e+00
 7.33872760e+00 -1.54921500e+00
 7.22714627e+00 -1.54921500e+00
 7.35617119e+00 -1.54921500e+00
 7.51744070e+00 -1.54921500e+00
 7.50744548e+00 -1.54921500e+00
 7.96451973e+00 -1.68011028e+00
 8.18733630e+00 -1.78896800e+00
 7.91241757e+00 -1.78896800e+00
 8.20029562e+00 -1.78896800e+00
 8.29888543e+00 -1.78896808e+00
 8.22242552e+00 -1.79080721e+00
 8.27126226e+00 -1.79089400e+00
 8.31585246e+00 -1.79089400e+00
 8.59793127e+00 -1.79089400e+00
 8.85389184e+00 -1.87213379e+00
 8.77432781e+00 -2.08667600e+00
 8.74470792e+00 -2.08667600e+00
 8.68712805e+00 -2.08667600e+00
 9.14546480e+00 -2.08667600e+00
 9.13877732e+00 -2.08667600e+00
 9.26891905e+00 -2.08763171e+00
 9.32646053e+00 -2.08832100e+00
 9.26143082e+00 -2.08832100e+00
 9.32696390e+00 -2.08832100e+00
 9.35466724e+00 -2.08930178e+00
 9.79354564e+00 -2.52655783e+00
 9.91177221e+00 -2.54036800e+00
 9.84573962e+00 -2.54036800e+00
 9.87076855e+00 -2.54036800e+00
 9.91594369e+00 -2.54036800e+00
 9.92044669e+00 -2.54813479e+00
 1.02059677e+01 -2.59530000e+00
 1.03588038e+01 -2.59530000e+00
 1.04859972e+01 -2.59530000e+00
 1.03601154e+01 -2.59530000e+00
 1.04381582e+01 -2.71838553e+00
 1.06346550e+01 -2.79523200e+00
 1.08034881e+01 -2.79523200e+00
 1.09081200e+01 -2.79523200e+00
 1.07318873e+01 -2.79677228e+00
 1.09171079e+01 -2.99843809e+00
 1.09536725e+01 -3.00230400e+00
 1.10955624e+01 -3.00230400e+00
 1.14045765e+01 -3.00230400e+00
 1.14729026e+01 -3.00230400e+00
 1.13847587e+01 -3.03367281e+00
 1.15177669e+01 -3.18933200e+00
 1.15780330e+01 -3.18933200e+00
 1.18211526e+01 -3.18933200e+00
 1.20207969e+01 -3.18933200e+00
 1.20694544e+01 -3.45308706e+00
 1.21567395e+01 -3.59524500e+00
 1.22446543e+01 -3.59524500e+00
 1.22755648e+01 -3.59524500e+00
 1.24737678e+01 -3.59524500e+00
 1.26209340e+01 -3.59524500e+00
 1.26219214e+01 -3.59623890e+00
 1.26575693e+01 -3.59634200e+00
 1.27022715e+01 -3.59634200e+00
 1.28239311e+01 -3.59634200e+00
 1.30917910e+01 -3.65362156e+00
 1.32160861e+01 -3.88910200e+00
 1.30918131e+01 -3.88910200e+00
 1.31586159e+01 -3.88910200e+00
 1.33275309e+01 -3.88910200e+00
 1.36806513e+01 -3.88966432e+00
 1.37318264e+01 -3.88992500e+00
 1.37029155e+01 -3.88992500e+00
 1.38026508e+01 -3.88992500e+00
 1.39290988e+01 -3.88992500e+00
 1.41808374e+01 -3.88992500e+00
 1.43619353e+01 -4.31440077e+00
 1.42456873e+01 -4.34801600e+00
 1.42727060e+01 -4.34801600e+00
 1.43713003e+01 -4.34801600e+00
 1.45507636e+01 -4.34820395e+00
 1.48496627e+01 -4.34883900e+00
 1.45635758e+01 -4.34883900e+00
 1.45756951e+01 -4.34883900e+00
 1.47761616e+01 -4.34883900e+00
 1.53025721e+01 -4.34883900e+00
 1.53925599e+01 -4.53747661e+00
 1.53106665e+01 -4.69982700e+00
 1.53006160e+01 -4.69982700e+00
 1.54562053e+01 -4.69982700e+00
 1.55620554e+01 -4.69982700e+00
 1.58536908e+01 -4.69277493e+00
 1.56841413e+01 -4.69241200e+00
 1.57927161e+01 -4.69241200e+00
 1.60627547e+01 -4.69241200e+00
 1.62440160e+01 -4.69241200e+00
 1.62985987e+01 -4.72958415e+00
 1.62141745e+01 -4.99835100e+00
 1.62141745e+01 -4.99835100e+00
 1.66731408e+01 -4.99835100e+00
 1.69487824e+01 -4.99835100e+00
 1.70116889e+01 -5.00001223e+00
 1.69154835e+01 -5.00109800e+00
 1.68137512e+01 -5.00109800e+00
 1.70825294e+01 -5.00109800e+00
 1.73505456e+01 -5.00790596e+00
 1.74159466e+01 -5.44641076e+00
 1.72510937e+01 -5.44985000e+00
 1.73589103e+01 -5.44985000e+00
 1.77792163e+01 -5.44985000e+00
 1.79316866e+01 -5.44985000e+00
 1.78393321e+01 -5.45053878e+00
 1.77069361e+01 -5.45259800e+00
 1.81139528e+01 -5.45259800e+00
 1.83925586e+01 -5.45259800e+00
 1.83937579e+01 -5.45259800e+00
 1.83026743e+01 -5.75455345e+00
 1.83776501e+01 -5.83461600e+00
 1.87643409e+01 -5.83461600e+00
 1.89365705e+01 -5.83461600e+00
 1.86752603e+01 -5.83461600e+00
 1.85995002e+01 -5.83465922e+00
 1.90681191e+01 -5.83679827e+00
 1.93520671e+01 -5.83680900e+00
 1.92388560e+01 -5.83680900e+00
 1.92845007e+01 -5.83680900e+00
 1.95163493e+01 -6.03179307e+00
 1.97996051e+01 -6.27732300e+00
 1.99183171e+01 -6.27732300e+00
 1.97256168e+01 -6.27732300e+00
 1.98829166e+01 -6.27732300e+00
 2.03669236e+01 -6.27732300e+00
 2.02692925e+01 -6.28107714e+00
 2.00977376e+01 -6.28199600e+00
 2.01445910e+01 -6.28199600e+00
 2.05377993e+01 -6.28199600e+00
 2.08445367e+01 -6.33711844e+00
 2.06584831e+01 -6.73349500e+00
 2.05870456e+01 -6.73349500e+00
 2.09163238e+01 -6.73349500e+00
 2.12630378e+01 -6.73349500e+00
 2.12491422e+01 -6.73331883e+00
 2.12300621e+01 -6.73322100e+00
 2.13924883e+01 -6.73322100e+00
 2.17721099e+01 -6.73322100e+00
 2.18427048e+01 -6.73322100e+00
 2.14360578e+01 -6.73322100e+00
 2.16080961e+01 -7.02765002e+00
 2.21279849e+01 -7.04658100e+00
 2.21671648e+01 -7.04658100e+00
 2.19376184e+01 -7.04658100e+00
 2.19786932e+01 -7.04650094e+00
 2.26068352e+01 -7.04630100e+00
 2.27233703e+01 -7.04630100e+00
 2.25065953e+01 -7.04630100e+00
 2.27197398e+01 -7.04630100e+00
 2.31650489e+01 -7.04630100e+00
 2.31248346e+01 -7.43103500e+00
 2.30197293e+01 -7.63759100e+00
 2.30834794e+01 -7.63759100e+00
 2.34116999e+01 -7.63759100e+00
 2.35172381e+01 -7.63756878e+00
 2.33679031e+01 -7.63622952e+00
 2.35539856e+01 -7.63622000e+00
 2.40807470e+01 -7.63622000e+00
 2.40193076e+01 -7.63622000e+00
 2.39680487e+01 -7.63622000e+00
 2.42703028e+01 -7.71200245e+00
 2.45145438e+01 -7.98472800e+00
 2.44499677e+01 -7.98472800e+00
 2.41959409e+01 -7.98472800e+00
 2.45731628e+01 -7.98472800e+00
 2.49868125e+01 -8.08152156e+00
 2.48430767e+01 -8.12149700e+00
 2.46927971e+01 -8.12149700e+00
 2.50084136e+01 -8.12149700e+00
 2.53670879e+01 -8.13318788e+00
 2.53222437e+01 -8.43899212e+00
 2.52175115e+01 -8.43924900e+00
 2.56725841e+01 -8.43924900e+00
 2.58895699e+01 -8.43924900e+00
 2.57209188e+01 -8.43924900e+00
 2.55573350e+01 -8.50763875e+00
 2.59898688e+01 -8.71526000e+00
 2.62482325e+01 -8.71526000e+00
 2.59773221e+01 -8.71526000e+00
 2.62123118e+01 -8.71526000e+00
 2.67536072e+01 -8.91209166e+00
 2.66758478e+01 -8.98137700e+00
 2.65459378e+01 -8.98137700e+00
 2.67352725e+01 -8.98137700e+00
 2.70034340e+01 -8.98137700e+00
 2.70430813e+01 -8.98144404e+00
 2.68300351e+01 -9.41854851e+00
 2.73560116e+01 -9.43809800e+00
 2.73743380e+01 -9.43809800e+00
 2.71453105e+01 -9.43809800e+00
 2.72140999e+01 -9.43817452e+00
 2.78436912e+01 -9.43837200e+00
 2.80096578e+01 -9.43837200e+00
 2.76941399e+01 -9.43837200e+00
 2.80449862e+01 -9.43837200e+00
 2.83911176e+01 -9.82368751e+00
 2.82229109e+01 -9.93847900e+00
 2.82043540e+01 -9.93847900e+00
 2.86344111e+01 -9.93847900e+00
 2.88145480e+01 -9.93847900e+00
 2.85696561e+01 -9.93847825e+00
 2.87281681e+01 -9.93821285e+00
 2.93328255e+01 -9.93820500e+00
 2.91003360e+01 -9.93820500e+00
 2.89820503e+01 -9.93820500e+00
 2.92637013e+01 -1.00770942e+01
 2.97110148e+01 -1.03836660e+01
 2.94569364e+01 -1.03836660e+01
 2.93941850e+01 -1.03836660e+01
 2.98019100e+01 -1.03836660e+01
 2.98498659e+01 -1.03836660e+01
 2.97489491e+01 -1.03831552e+01
 3.00507347e+01 -1.03828430e+01
 3.04832637e+01 -1.03828430e+01
 3.02335958e+01 -1.03828430e+01
 3.02030291e+01 -1.03865815e+01
 3.09107858e+01 -1.08176765e+01
 3.09331682e+01 -1.08252770e+01
 3.07042425e+01 -1.08252770e+01
 3.09805480e+01 -1.08252770e+01
 3.11661273e+01 -1.08247092e+01
 3.09369564e+01 -1.08236320e+01
 3.10256526e+01 -1.08236320e+01
 3.17914633e+01 -1.08236320e+01
 3.16746924e+01 -1.08236320e+01
 3.16041356e+01 -1.08236320e+01
 3.19352746e+01 -1.10641901e+01
 3.20939262e+01 -1.11910880e+01
 3.19177288e+01 -1.11910880e+01
 3.17659884e+01 -1.11910880e+01
 3.25739511e+01 -1.11909282e+01
 3.22957492e+01 -1.11818332e+01
 3.21412361e+01 -1.11817540e+01
 3.26205648e+01 -1.11817540e+01
 3.26161609e+01 -1.11817540e+01
 3.25472927e+01 -1.11817540e+01
 3.29153133e+01 -1.12901827e+01
 3.34226419e+01 -1.17244310e+01
 3.26692790e+01 -1.17244310e+01
 3.27061468e+01 -1.17244310e+01
 3.33506821e+01 -1.17244310e+01
 3.31773224e+01 -1.17244310e+01
 3.32132808e+01 -1.17244310e+01
 3.37980781e+01 -1.17244310e+01
 3.41004486e+01 -1.17244310e+01
 3.36637338e+01 -1.17429672e+01
 3.38661175e+01 -1.21902110e+01
 3.42884246e+01 -1.21902110e+01
 3.39008221e+01 -1.21902110e+01
 3.41260668e+01 -1.21902110e+01
 3.44709883e+01 -1.21902110e+01
 3.44180814e+01 -1.21894355e+01
 3.42531809e+01 -1.21877380e+01
 3.48306525e+01 -1.21877380e+01
 3.48814913e+01 -1.21877380e+01
 3.47368737e+01 -1.21877380e+01
 3.54894149e+01 -1.26895687e+01
 3.54430878e+01 -1.27815010e+01
 3.52289777e+01 -1.27815010e+01
 3.53784858e+01 -1.27815010e+01
 3.57002711e+01 -1.27815010e+01
 3.52648901e+01 -1.27815389e+01
 3.56993421e+01 -1.27823240e+01
 3.63806454e+01 -1.27823240e+01
 3.59544496e+01 -1.27823240e+01
 3.59865103e+01 -1.27823240e+01
 3.64257718e+01 -1.29920088e+01
 3.64670413e+01 -1.31920820e+01
 3.61243439e+01 -1.31920820e+01
 3.64279890e+01 -1.31920820e+01
 3.65403496e+01 -1.31920820e+01
 3.63398716e+01 -1.31920820e+01
 3.72175820e+01 -1.31972551e+01
 3.71532740e+01 -1.31981200e+01
 3.70739196e+01 -1.31981200e+01
 3.73656084e+01 -1.31981200e+01
 3.77258967e+01 -1.32997275e+01
 3.71428336e+01 -1.37863880e+01
 3.75160432e+01 -1.37863880e+01
 3.77726119e+01 -1.37863880e+01
 3.72168578e+01 -1.37863880e+01
 3.77768503e+01 -1.37856111e+01
 3.82839089e+01 -1.37852910e+01
 3.82348368e+01 -1.37852910e+01
 3.81749831e+01 -1.37852910e+01
 3.88610097e+01 -1.37852910e+01
 3.85137432e+01 -1.37858319e+01
 3.82028157e+01 -1.41902618e+01
 3.89347874e+01 -1.42027320e+01
 3.84466379e+01 -1.42027320e+01
 3.84539123e+01 -1.42027320e+01
 3.90507682e+01 -1.42036000e+01
 3.92372574e+01 -1.42052060e+01
 3.90316360e+01 -1.42052060e+01
 3.98349260e+01 -1.42052060e+01
 3.94775945e+01 -1.42052060e+01
 3.91597090e+01 -1.42052060e+01
 3.98239707e+01 -1.45651663e+01
 3.97080007e+01 -1.47201480e+01
 3.94300712e+01 -1.47201480e+01
 3.99943007e+01 -1.47201480e+01
 4.03772925e+01 -1.47280377e+01
 3.98622379e+01 -1.49461831e+01
 4.06394963e+01 -1.49464430e+01
 4.04593950e+01 -1.49464430e+01
 4.03266170e+01 -1.49464430e+01
 4.07002395e+01 -1.49464430e+01
 4.10169306e+01 -1.50043115e+01
 4.04757483e+01 -1.51840040e+01
 4.12453223e+01 -1.51840040e+01
 4.11796549e+01 -1.51840040e+01
 4.10617291e+01 -1.51840040e+01
 4.17013577e+01 -1.55077418e+01
 4.14784589e+01 -1.56242430e+01
 4.11579966e+01 -1.56242430e+01
 4.14449255e+01 -1.56242430e+01
 4.16697778e+01 -1.56292990e+01
 4.13294339e+01 -1.57250350e+01
 4.21417531e+01 -1.57250350e+01
 4.18940886e+01 -1.57250350e+01
 4.19077236e+01 -1.57250350e+01
 4.24846089e+01 -1.57250350e+01
 4.26609503e+01 -1.58789205e+01
 4.19990771e+01 -1.62847400e+01
 4.27980571e+01 -1.62847400e+01
 4.27275768e+01 -1.62847400e+01
 4.24850600e+01 -1.62847400e+01
 4.33401374e+01 -1.62849507e+01
 4.31841741e+01 -1.62850150e+01
 4.31138242e+01 -1.62850150e+01
 4.35154980e+01 -1.62850150e+01
 4.34987646e+01 -1.62850150e+01
 4.30854490e+01 -1.62859951e+01
 4.39541770e+01 -1.67166457e+01
 4.31871986e+01 -1.67301960e+01
 4.37245025e+01 -1.67301960e+01
 4.41405270e+01 -1.67301960e+01
 4.40462432e+01 -1.67296060e+01
 4.38974735e+01 -1.67282760e+01
 4.46542102e+01 -1.67282760e+01
 4.36107104e+01 -1.67282760e+01
 4.39964165e+01 -1.67282760e+01
 4.42714449e+01 -1.71229082e+01
 4.41540615e+01 -1.72239900e+01
 4.45321251e+01 -1.72239900e+01
 4.50304661e+01 -1.72239900e+01
 4.45788205e+01 -1.72239900e+01
 4.51584072e+01 -1.72240127e+01
 4.51584072e+01 -1.72269559e+01
 4.48396354e+01 -1.72270120e+01
 4.53443778e+01 -1.72270120e+01
 4.52959380e+01 -1.72270120e+01
 4.53332724e+01 -1.73963085e+01
 4.58216070e+01 -1.77241030e+01
 4.57085265e+01 -1.77241030e+01
 4.56367091e+01 -1.77241030e+01
 4.66788252e+01 -1.77241030e+01
 4.57581556e+01 -1.77241030e+01
 4.59751835e+01 -1.77219603e+01
 4.62979942e+01 -1.77208070e+01
 4.62942650e+01 -1.77208070e+01
 4.62990109e+01 -1.77208070e+01
 4.70178654e+01 -1.77289088e+01
 4.63316724e+01 -1.82294938e+01
 4.73503715e+01 -1.82343730e+01
 4.67533413e+01 -1.82343730e+01
 4.65585132e+01 -1.82343730e+01
 4.68252473e+01 -1.82329329e+01
 4.70600595e+01 -1.82305280e+01
 4.68907949e+01 -1.82305280e+01
 4.79310970e+01 -1.82305280e+01
 4.73479116e+01 -1.82305280e+01
 4.79456695e+01 -1.82305280e+01
 4.80541725e+01 -1.85074197e+01
 4.76973625e+01 -1.86356130e+01
 4.76703856e+01 -1.86356130e+01
 4.83706352e+01 -1.86356130e+01
 4.76476799e+01 -1.86356278e+01
 4.83596003e+01 -1.86361602e+01
 4.83620784e+01 -1.86361620e+01
 4.82648245e+01 -1.86361620e+01
 4.87100396e+01 -1.86361620e+01
 4.86943069e+01 -1.86361620e+01
 4.84173878e+01 -1.88013192e+01
 4.89374322e+01 -1.93252210e+01
 4.84923586e+01 -1.93252210e+01
 4.90815969e+01 -1.93252210e+01
 4.95587834e+01 -1.93252210e+01
 4.90552002e+01 -1.93301484e+01
 4.96141542e+01 -1.93315390e+01
 4.95971225e+01 -1.93315390e+01
 4.90847459e+01 -1.93315390e+01
 4.95751152e+01 -1.93740527e+01
 4.94242011e+01 -1.98247850e+01
 4.93016058e+01 -1.98247850e+01
 5.03999977e+01 -1.98247850e+01
 4.99600649e+01 -1.98247850e+01
 5.03258035e+01 -1.98247850e+01
 5.05183092e+01 -1.98244952e+01
 5.00610752e+01 -1.98239570e+01
 5.03749215e+01 -1.98239570e+01
 4.98822733e+01 -1.98239570e+01
 5.01580803e+01 -1.98239570e+01
 5.10034539e+01 -2.02713829e+01
 5.04493706e+01 -2.03397220e+01
 5.07725946e+01 -2.03397220e+01
 5.09051288e+01 -2.03397220e+01
 5.02948010e+01 -2.03397220e+01
 5.08250242e+01 -2.03395383e+01
 5.10018158e+01 -2.03367000e+01
 5.06459105e+01 -2.03367000e+01
 5.16357763e+01 -2.03367000e+01
 5.10495880e+01 -2.03367000e+01
 5.15072054e+01 -2.05220205e+01
 5.18979028e+01 -2.06783480e+01
 5.14855036e+01 -2.06783480e+01
 5.16169438e+01 -2.06783480e+01
 5.19165364e+01 -2.06783480e+01
 5.12958529e+01 -2.06783480e+01
 5.25048516e+01 -2.06773749e+01
 5.20435407e+01 -2.06772510e+01
 5.24084230e+01 -2.06772510e+01
 5.25437946e+01 -2.06772510e+01
 5.21133530e+01 -2.07832663e+01
 5.25375255e+01 -2.11875200e+01
 5.26133439e+01 -2.11875200e+01
 5.22729850e+01 -2.11875200e+01
 5.35677984e+01 -2.11875200e+01
 5.28330253e+01 -2.12063192e+01
 5.33022585e+01 -2.12130610e+01
 5.34798241e+01 -2.12130610e+01
 5.28204482e+01 -2.12130610e+01
 5.33360002e+01 -2.12130610e+01
 5.34662195e+01 -2.12152249e+01
 5.32021176e+01 -2.16369152e+01
 5.41410307e+01 -2.16453380e+01
 5.34689267e+01 -2.16453380e+01
 5.38522704e+01 -2.16453380e+01
 5.39023068e+01 -2.17279108e+01
 5.33330893e+01 -2.18622990e+01
 5.39389803e+01 -2.18622990e+01
 5.36122864e+01 -2.18622990e+01
 5.37800042e+01 -2.18622990e+01
 5.47519569e+01 -2.18622990e+01
 5.43861090e+01 -2.20268705e+01
 5.47715199e+01 -2.20817330e+01
 5.47295552e+01 -2.20817330e+01
 5.42713685e+01 -2.20817330e+01
 5.53500979e+01 -2.21097686e+01
 5.44550758e+01 -2.24618260e+01
 5.52682528e+01 -2.24618260e+01
 5.49941370e+01 -2.24618260e+01
 5.50874121e+01 -2.24618260e+01
 5.54027191e+01 -2.24618260e+01
 5.52184297e+01 -2.24664394e+01
 5.47947088e+01 -2.24758330e+01
 5.57843132e+01 -2.24758330e+01
 5.47204947e+01 -2.24758330e+01
 5.62210534e+01 -2.24758330e+01
 5.56199664e+01 -2.27928269e+01
 5.60255286e+01 -2.28647180e+01
 5.61812045e+01 -2.28647180e+01
 5.56967816e+01 -2.28647180e+01
 5.55539036e+01 -2.28648583e+01
 5.63399370e+01 -2.28660890e+01
 5.60042176e+01 -2.28660890e+01
 5.70554636e+01 -2.28660890e+01
 5.63734240e+01 -2.28660890e+01
 5.66862106e+01 -2.28660890e+01
 5.66675092e+01 -2.30533702e+01
 5.59635285e+01 -2.33818540e+01
 5.65406767e+01 -2.33818540e+01
 5.63446208e+01 -2.33818540e+01
 5.70815130e+01 -2.33818540e+01
 5.73752916e+01 -2.33816223e+01
 5.71583247e+01 -2.33815790e+01
 5.73819277e+01 -2.33815790e+01
 5.74886965e+01 -2.33815790e+01
 5.69922191e+01 -2.33815790e+01
 5.80808484e+01 -2.33894018e+01
 5.66642538e+01 -2.37220322e+01
 5.80973539e+01 -2.37237700e+01
 5.73868053e+01 -2.37237700e+01
 5.78932944e+01 -2.37237700e+01
 5.82032467e+01 -2.37216968e+01
 5.78975946e+01 -2.37185540e+01
 5.79074744e+01 -2.37185540e+01
 5.81242054e+01 -2.37185540e+01
 5.84324333e+01 -2.37185540e+01
 5.91714423e+01 -2.40223118e+01
 5.85259884e+01 -2.40684390e+01
 5.84857548e+01 -2.40684390e+01
 5.84209033e+01 -2.40684390e+01
 5.79623917e+01 -2.40684390e+01
 5.91014738e+01 -2.40684880e+01
 5.80069432e+01 -2.40698087e+01
 5.90729724e+01 -2.40698100e+01
 5.88138586e+01 -2.40698100e+01
 5.94190273e+01 -2.40698100e+01
 5.95779391e+01 -2.41980279e+01
 5.92540516e+01 -2.43664150e+01
 5.92427251e+01 -2.43664150e+01
 5.90991545e+01 -2.43664150e+01
 5.90314946e+01 -2.43664150e+01
 5.97999147e+01 -2.43664150e+01
 5.95319858e+01 -2.43674304e+01
 5.98803252e+01 -2.43677920e+01
 5.98208197e+01 -2.43677920e+01
 5.92952086e+01 -2.43677920e+01
 6.06230669e+01 -2.43883869e+01
 5.92541922e+01 -2.47698550e+01
 6.08560246e+01 -2.47698550e+01
 5.99379302e+01 -2.47698550e+01
 6.05276684e+01 -2.47698550e+01
 6.06231213e+01 -2.47681864e+01
 6.03087383e+01 -2.47662850e+01
 6.04151228e+01 -2.47662850e+01
 6.04225183e+01 -2.47662850e+01
 6.01690087e+01 -2.47662850e+01
 6.13650055e+01 -2.47662850e+01
 6.07591282e+01 -2.50220094e+01
 6.12489019e+01 -2.50991410e+01
 6.11783854e+01 -2.50991410e+01
 6.05188089e+01 -2.50991410e+01
 6.14242617e+01 -2.50992740e+01
 6.07006749e+01 -2.51010660e+01
 6.19942779e+01 -2.51010660e+01
 6.12177367e+01 -2.51010660e+01
 6.19114643e+01 -2.51010660e+01
 6.16855420e+01 -2.51010660e+01
 6.13062160e+01 -2.52114458e+01
 6.16592013e+01 -2.54578180e+01
 6.11108643e+01 -2.54578180e+01
 6.18730347e+01 -2.54578180e+01
 6.17261320e+01 -2.54578180e+01
 6.25155951e+01 -2.54547500e+01
 6.26036345e+01 -2.54539730e+01
 6.20234565e+01 -2.54539730e+01
 6.17330101e+01 -2.54539730e+01
 6.21119212e+01 -2.54891334e+01
 6.14910614e+01 -2.58480730e+01
 6.30572344e+01 -2.58480730e+01
 6.25102155e+01 -2.58480730e+01
 6.30281679e+01 -2.58480730e+01
 6.26595419e+01 -2.58480730e+01
 6.25155612e+01 -2.58474040e+01
 6.30098766e+01 -2.58461480e+01
 6.22565180e+01 -2.58461480e+01
 6.35665729e+01 -2.58461480e+01
 6.24722944e+01 -2.58461480e+01
 6.38521412e+01 -2.60713283e+01
 6.30339455e+01 -2.61095230e+01
 6.31312780e+01 -2.61095230e+01
 6.32970278e+01 -2.61095230e+01
 6.25844079e+01 -2.61095230e+01
 6.34119051e+01 -2.61095107e+01
 6.32505033e+01 -2.61092490e+01
 6.42091297e+01 -2.61092490e+01
 6.38753154e+01 -2.61092490e+01
 6.37364267e+01 -2.61092490e+01
 6.37011291e+01 -2.62331343e+01
 6.35858416e+01 -2.63525790e+01
 6.36111228e+01 -2.63525790e+01
 6.45310614e+01 -2.63525790e+01
 6.34198090e+01 -2.63525790e+01
 6.48026638e+01 -2.63525790e+01
 6.38362504e+01 -2.63971841e+01
 6.44955258e+01 -2.64047570e+01
 6.42383881e+01 -2.64047570e+01
 6.41409685e+01 -2.64047570e+01
 6.49215013e+01 -2.64808903e+01
 6.41257645e+01 -2.68507600e+01
 6.53969231e+01 -2.68507600e+01
 6.39921738e+01 -2.68507600e+01
 6.48277339e+01 -2.68507600e+01
 6.45928655e+01 -2.69153083e+01
 6.50006986e+01 -2.69422180e+01
 6.52708896e+01 -2.69422180e+01
 6.49602760e+01 -2.69422180e+01
 6.56496853e+01 -2.69422180e+01
 6.47029223e+01 -2.69423220e+01
 6.50464077e+01 -2.70345745e+01
 6.53489635e+01 -2.70375140e+01
 6.54811392e+01 -2.70375140e+01
 6.57546262e+01 -2.70375140e+01
 6.57564678e+01 -2.71484921e+01
 6.55178169e+01 -2.73560890e+01
 6.56706383e+01 -2.73560890e+01
 6.51292924e+01 -2.73560890e+01
 6.61156711e+01 -2.73560890e+01
 6.56103948e+01 -2.73560890e+01
 6.62901832e+01 -2.73768557e+01
 6.61854997e+01 -2.73849250e+01
 6.60512187e+01 -2.73849250e+01
 6.62915628e+01 -2.73849250e+01
 6.55903797e+01 -2.74019845e+01
 6.68616969e+01 -2.76873000e+01
 6.55779763e+01 -2.76873000e+01
 6.69164693e+01 -2.76873000e+01
 6.63549475e+01 -2.76873000e+01
 6.67329299e+01 -2.76902421e+01
 6.68986428e+01 -2.76930690e+01
 6.60265272e+01 -2.76930690e+01
 6.72934736e+01 -2.76930690e+01
 6.59070704e+01 -2.76930690e+01
 6.75803530e+01 -2.76930690e+01
 6.66729481e+01 -2.79364820e+01
 6.75814422e+01 -2.79902220e+01
 6.74244254e+01 -2.79902220e+01
 6.68175256e+01 -2.79902220e+01
 6.76728894e+01 -2.79899029e+01
 6.62959580e+01 -2.79872000e+01
 6.76996279e+01 -2.79872000e+01
 6.71641964e+01 -2.79872000e+01
 6.82780931e+01 -2.79872000e+01
 6.75657865e+01 -2.79872000e+01
 6.71336490e+01 -2.80810940e+01
 6.77266746e+01 -2.82423380e+01
 6.72953717e+01 -2.82423380e+01
 6.86263924e+01 -2.82423380e+01
 6.77493983e+01 -2.82423380e+01
 6.85219378e+01 -2.82479166e+01
 6.76349804e+01 -2.82489300e+01
 6.75988351e+01 -2.82489300e+01
 6.78826669e+01 -2.82489300e+01
 6.76073350e+01 -2.82804584e+01
 6.90721898e+01 -2.84928030e+01
 6.83797149e+01 -2.84928030e+01
 6.89178662e+01 -2.84928030e+01
 6.80513237e+01 -2.84928030e+01
 6.82688308e+01 -2.84928030e+01
 6.83249733e+01 -2.84939089e+01
 6.81829849e+01 -2.84955510e+01
 6.89995241e+01 -2.84955510e+01
 6.83806246e+01 -2.84955510e+01
 6.92378385e+01 -2.84955510e+01
 6.86350578e+01 -2.87588931e+01
 6.91415821e+01 -2.87976510e+01
 6.91401847e+01 -2.87976510e+01
 6.90104260e+01 -2.87976510e+01
 6.91578556e+01 -2.87976510e+01
 6.88639729e+01 -2.87975574e+01
 6.95566388e+01 -2.87951786e+01
 6.92764623e+01 -2.87951770e+01
 6.94660627e+01 -2.87951770e+01
 6.95144268e+01 -2.87951770e+01
 6.96016476e+01 -2.88799691e+01
 6.96320508e+01 -2.89890710e+01
 6.94288025e+01 -2.89890710e+01
 6.98106401e+01 -2.89890710e+01
 6.95184993e+01 -2.89890710e+01
 6.97826450e+01 -2.89922673e+01
 6.92484321e+01 -2.89926410e+01
 6.96398159e+01 -2.89926410e+01
 7.00230318e+01 -2.89926410e+01
 7.00065554e+01 -2.89926410e+01
 7.06434901e+01 -2.90114386e+01
 6.99861894e+01 -2.93430750e+01
 7.02761573e+01 -2.93430750e+01
 6.99668166e+01 -2.93430750e+01
 7.04512176e+01 -2.93430750e+01
 7.03752230e+01 -2.93428161e+01
 7.03664542e+01 -2.93425270e+01
 7.12461996e+01 -2.93425270e+01
 7.05469165e+01 -2.93425270e+01
 7.05320087e+01 -2.93425270e+01
 6.99907727e+01 -2.93425270e+01
 7.06479896e+01 -2.95277624e+01
 7.06757798e+01 -2.95822800e+01
 7.09638835e+01 -2.95822800e+01
 7.12560183e+01 -2.95822800e+01
 7.00210034e+01 -2.95822800e+01
 7.10302189e+01 -2.95822800e+01
 7.04360945e+01 -2.95822800e+01
 7.18332087e+01 -2.95822800e+01
 7.12457845e+01 -2.95822800e+01
 7.14861182e+01 -2.95822800e+01
 7.15815684e+01 -2.96153227e+01
 7.06983419e+01 -2.96874650e+01
 7.15341766e+01 -2.96874650e+01
 7.06820926e+01 -2.96874650e+01
 7.22646676e+01 -2.96874650e+01
 7.13673483e+01 -2.96876848e+01
 7.20122069e+01 -2.96877390e+01
 7.18272286e+01 -2.96877390e+01
 7.11549503e+01 -2.96877390e+01
 7.19985570e+01 -2.97177214e+01
 7.10030762e+01 -3.00126320e+01
 7.26234146e+01 -3.00126320e+01
 7.15555067e+01 -3.00126320e+01
 7.25706775e+01 -3.00126320e+01
 7.20362955e+01 -3.00126320e+01
 7.17971758e+01 -3.00103590e+01
 7.24096253e+01 -3.00063140e+01
 7.12623512e+01 -3.00063140e+01
 7.29654172e+01 -3.00063140e+01
 7.20936367e+01 -3.00063140e+01
 7.32064069e+01 -3.01324824e+01
 7.23154157e+01 -3.01565410e+01
 7.22326671e+01 -3.01565410e+01
 7.23532778e+01 -3.01565410e+01
 7.18920063e+01 -3.01565410e+01
 7.34381190e+01 -3.01577589e+01
 7.26331566e+01 -3.01859258e+01
 7.37029741e+01 -3.01859260e+01
 7.23589969e+01 -3.01859260e+01
 7.27234500e+01 -3.01859260e+01
 7.26227324e+01 -3.02711657e+01
 7.27624121e+01 -3.03559250e+01
 7.37226240e+01 -3.03559250e+01
 7.28612754e+01 -3.03559250e+01
 7.35657887e+01 -3.03559289e+01
 7.24206877e+01 -3.04531869e+01
 7.31887715e+01 -3.04572650e+01
 7.28893275e+01 -3.04572650e+01
 7.32304613e+01 -3.04572650e+01
 7.36005150e+01 -3.04572650e+01
 7.33073646e+01 -3.04730124e+01
 7.34348133e+01 -3.05528410e+01
 7.34736578e+01 -3.05528410e+01
 7.36079765e+01 -3.05528410e+01
 7.34932147e+01 -3.05528410e+01
 7.34730240e+01 -3.07161271e+01
 7.33772744e+01 -3.07865560e+01
 7.34214775e+01 -3.07865560e+01
 7.39116282e+01 -3.07865560e+01
 7.41251213e+01 -3.07865560e+01
 7.40784360e+01 -3.07865602e+01
 7.39564167e+01 -3.07934555e+01
 7.37824025e+01 -3.07936970e+01
 7.42144501e+01 -3.07936970e+01
 7.41658702e+01 -3.07936970e+01
 7.41370086e+01 -3.08615153e+01
 7.44194453e+01 -3.09999470e+01
 7.38131845e+01 -3.09999470e+01
 7.47406845e+01 -3.09999470e+01
 7.39674656e+01 -3.09999470e+01
 7.49121450e+01 -3.09999470e+01
 7.40803704e+01 -3.10007164e+01
 7.44952246e+01 -3.10010440e+01
 7.47744742e+01 -3.10010440e+01
 7.40682535e+01 -3.10010440e+01
 7.53024646e+01 -3.10195018e+01
 7.42344081e+01 -3.13457080e+01
 7.56532590e+01 -3.13457080e+01
 7.43010225e+01 -3.13457080e+01
 7.48859609e+01 -3.13457080e+01
 7.44427110e+01 -3.13468689e+01
 7.44192818e+01 -3.13479070e+01
 7.55031614e+01 -3.13479070e+01
 7.46771758e+01 -3.13479070e+01
 7.59735845e+01 -3.13479070e+01
 7.45931707e+01 -3.13479070e+01
 7.51724970e+01 -3.15625304e+01
 7.47931883e+01 -3.15950760e+01
 7.52670226e+01 -3.15950760e+01
 7.56942421e+01 -3.15950760e+01
 7.53683963e+01 -3.15945635e+01
 7.58608989e+01 -3.15917850e+01
 7.50751882e+01 -3.15917850e+01
 7.52112990e+01 -3.15917850e+01
 7.49443621e+01 -3.15917850e+01
 7.53358704e+01 -3.15917850e+01
 7.61317843e+01 -3.16151621e+01
 7.61980421e+01 -3.16439630e+01
 7.56848565e+01 -3.16439630e+01
 7.58322338e+01 -3.16439630e+01
 7.51049830e+01 -3.16439630e+01
 7.60814692e+01 -3.16429743e+01
 7.55679910e+01 -3.16428670e+01
 7.62367437e+01 -3.16428670e+01
 7.63563368e+01 -3.16428670e+01
 7.56546979e+01 -3.16428670e+01
 7.66234279e+01 -3.16610347e+01
 7.49332005e+01 -3.19510050e+01
 7.70146927e+01 -3.19510050e+01
 7.57917008e+01 -3.19510050e+01
 7.65667244e+01 -3.19510050e+01
 7.63158863e+01 -3.19511374e+01
 7.59222016e+01 -3.19512790e+01
 7.67306671e+01 -3.19512790e+01
 7.58165423e+01 -3.19512790e+01
 7.65293771e+01 -3.19512790e+01
 7.59446426e+01 -3.20374769e+01
 7.65089751e+01 -3.20446560e+01
 7.65918712e+01 -3.20446560e+01
 7.65444704e+01 -3.20446560e+01
 7.66252815e+01 -3.20446560e+01
 7.67059418e+01 -3.20450194e+01
 7.64242754e+01 -3.20493230e+01
 7.72078233e+01 -3.20493230e+01
 7.63641555e+01 -3.20493230e+01
 7.69043721e+01 -3.20493230e+01
 7.66453952e+01 -3.22352963e+01
 7.67378626e+01 -3.24080000e+01
 7.77180916e+01 -3.24080000e+01
 7.64431911e+01 -3.24080000e+01
 7.79304795e+01 -3.24080000e+01
 7.61511454e+01 -3.24080000e+01
 7.72271931e+01 -3.24004262e+01
 7.70136341e+01 -3.23986590e+01
 7.73207387e+01 -3.23986590e+01
 7.78701334e+01 -3.23986590e+01
 7.72461875e+01 -3.23990937e+01
 7.73694062e+01 -3.24030520e+01
 7.66900353e+01 -3.24030520e+01
 7.72938718e+01 -3.24030520e+01
 7.73763261e+01 -3.24030520e+01
 7.73773501e+01 -3.24038144e+01
 7.74720965e+01 -3.24044290e+01
 7.76305593e+01 -3.24044290e+01
 7.75914525e+01 -3.24044290e+01
 7.78254823e+01 -3.24044290e+01
 7.69526413e+01 -3.24044290e+01
 7.81500473e+01 -3.26024413e+01
 7.75248626e+01 -3.26406130e+01
 7.77057284e+01 -3.26406130e+01
 7.79725178e+01 -3.26406130e+01
 7.71188019e+01 -3.26402776e+01
 7.85618875e+01 -3.26378650e+01
 7.70866063e+01 -3.26378650e+01
 7.86560279e+01 -3.26378650e+01
 7.79399645e+01 -3.26378650e+01
 7.84239454e+01 -3.26378650e+01
 7.82662289e+01 -3.26612383e+01
 7.74195438e+01 -3.26974640e+01
 7.83677306e+01 -3.26974640e+01
 7.86126718e+01 -3.26974640e+01
 7.85945904e+01 -3.26974640e+01
 7.88932658e+01 -3.26957993e+01
 7.79850370e+01 -3.26955380e+01
 7.80084224e+01 -3.26955380e+01
 7.80328081e+01 -3.26955380e+01
 7.75431595e+01 -3.27084209e+01
 7.96335861e+01 -3.27831510e+01
 7.82382717e+01 -3.27831510e+01
 7.93945084e+01 -3.27831510e+01
 7.82352547e+01 -3.27831510e+01
 7.87935915e+01 -3.27831510e+01
 7.87240659e+01 -3.27845556e+01
 7.83034772e+01 -3.27864410e+01
 7.93001947e+01 -3.27864410e+01
 7.78996724e+01 -3.27864410e+01
 7.94525053e+01 -3.27864410e+01
 7.84092806e+01 -3.27832396e+01
 7.83620053e+01 -3.27828710e+01
 7.85821531e+01 -3.27828710e+01
 7.88880525e+01 -3.27828710e+01
 7.92487093e+01 -3.27828710e+01
 7.95013516e+01 -3.27836676e+01
 7.85943443e+01 -3.27974260e+01
 7.94374448e+01 -3.27974260e+01
 7.81772133e+01 -3.27974260e+01
 7.91560385e+01 -3.27974260e+01
 7.91754094e+01 -3.28016313e+01
 7.90550249e+01 -3.28059440e+01
 7.98321906e+01 -3.28059440e+01
 7.85314452e+01 -3.28059440e+01
 7.98874856e+01 -3.28059440e+01
 7.89814346e+01 -3.29861326e+01
 8.03222643e+01 -3.29943420e+01
 7.94660803e+01 -3.29943420e+01
 7.92929143e+01 -3.29943420e+01
 7.93648614e+01 -3.29943420e+01
 7.88228906e+01 -3.29946034e+01
 7.91764418e+01 -3.29959870e+01
 8.02230243e+01 -3.29959870e+01
 7.95034222e+01 -3.29959870e+01
 8.02733892e+01 -3.29959870e+01
 7.97635185e+01 -3.30292239e+01
 7.98475096e+01 -3.30440530e+01
 7.98492638e+01 -3.30440530e+01
 7.93955013e+01 -3.30440530e+01
 8.07677912e+01 -3.30440530e+01
 7.91287856e+01 -3.30440530e+01
 8.08348053e+01 -3.30440530e+01
 7.93839656e+01 -3.30440530e+01
 7.98925397e+01 -3.30440530e+01
 7.98028647e+01 -3.30440530e+01
 7.99554564e+01 -3.30406621e+01
 8.08480744e+01 -3.30338900e+01
 7.99050043e+01 -3.30338900e+01
 8.02227321e+01 -3.30338900e+01
 7.97006282e+01 -3.30338900e+01
 7.99247084e+01 -3.30338900e+01
 8.04396633e+01 -3.30377663e+01
 8.02823496e+01 -3.30393800e+01
 8.04932551e+01 -3.30393800e+01
 8.09836160e+01 -3.30393800e+01
 7.91905139e+01 -3.30481230e+01
 8.05596606e+01 -3.31953770e+01
 7.96309398e+01 -3.31953770e+01
 8.10519822e+01 -3.31953770e+01
 8.01937733e+01 -3.31953770e+01
 8.05397186e+01 -3.31958046e+01
 8.08566621e+01 -3.31961990e+01
 8.02183068e+01 -3.31961990e+01
 8.10644723e+01 -3.31961990e+01
 8.01559001e+01 -3.31961990e+01
 8.08723798e+01 -3.31961990e+01
 8.09005472e+01 -3.32308935e+01
 8.05288883e+01 -3.32368440e+01
 8.07202122e+01 -3.32368440e+01
 8.07254619e+01 -3.32368440e+01
 8.02413626e+01 -3.32381019e+01
 8.16060815e+01 -3.32453610e+01
 8.02237552e+01 -3.32453610e+01
 8.18357081e+01 -3.32453610e+01
 8.03573148e+01 -3.32453610e+01
 8.08509623e+01 -3.32453610e+01
 8.07477111e+01 -3.32690658e+01
 8.05467888e+01 -3.32991840e+01
 8.20575508e+01 -3.32991840e+01
 8.09606455e+01 -3.32991840e+01
 8.14861174e+01 -3.32991840e+01
 8.12217411e+01 -3.32910544e+01
 8.04117738e+01 -3.32901240e+01
 8.13214824e+01 -3.32901240e+01
 8.17894125e+01 -3.32901240e+01
 8.12766966e+01 -3.33105901e+01
 8.21400747e+01 -3.34010780e+01
 8.05806506e+01 -3.34010780e+01
 8.21358938e+01 -3.34010780e+01
 8.06584161e+01 -3.34010780e+01
 8.17044206e+01 -3.34010780e+01
 8.17445759e+01 -3.34022517e+01
 8.13511153e+01 -3.34035460e+01
 8.19819581e+01 -3.34035460e+01
 8.12820352e+01 -3.34035460e+01
 8.16394685e+01 -3.34035460e+01
 8.21995646e+01 -3.34442387e+01
 8.13111771e+01 -3.34474930e+01
 8.17492941e+01 -3.34474930e+01
 8.16701127e+01 -3.34474930e+01
 8.11977439e+01 -3.34474930e+01
 8.21356187e+01 -3.34478920e+01
 8.10565843e+01 -3.34524340e+01
 8.28429568e+01 -3.34524340e+01
 8.15753425e+01 -3.34524340e+01
 8.19910723e+01 -3.34524340e+01
 8.17310347e+01 -3.34522905e+01
 8.14818098e+01 -3.34521600e+01
 8.21551178e+01 -3.34521600e+01
 8.23615768e+01 -3.34521600e+01
 8.18835754e+01 -3.34521600e+01
 8.31632537e+01 -3.34498235e+01
 8.13747342e+01 -3.34496860e+01
 8.18639533e+01 -3.34496860e+01
 8.19201157e+01 -3.34496860e+01
 8.16939825e+01 -3.34496860e+01
 8.25952447e+01 -3.34656477e+01
 8.14091195e+01 -3.36059520e+01
 8.29156793e+01 -3.36059520e+01
 8.14441281e+01 -3.36059520e+01
 8.16851070e+01 -3.36059520e+01
 8.20286806e+01 -3.36033439e+01
 8.20821009e+01 -3.36012840e+01
 8.23061947e+01 -3.36012840e+01
 8.32019832e+01 -3.36012840e+01
 8.17354807e+01 -3.36012840e+01
 8.31792356e+01 -3.36012840e+01
 8.15848602e+01 -3.36415301e+01
 8.29415302e+01 -3.36490700e+01
 8.31985639e+01 -3.36490700e+01
 8.26288418e+01 -3.36490700e+01
 8.26248110e+01 -3.36488290e+01
 8.19009665e+01 -3.36471500e+01
 8.30803701e+01 -3.36471500e+01
 8.26224007e+01 -3.36471500e+01
 8.26605949e+01 -3.36471500e+01
 8.33640223e+01 -3.36445422e+01
 8.28083127e+01 -3.36427570e+01
 8.18615906e+01 -3.36427570e+01
 8.34822062e+01 -3.36427570e+01
 8.20877221e+01 -3.36427570e+01
 8.35564028e+01 -3.36427570e+01
 8.26719974e+01 -3.36549097e+01
 8.34978188e+01 -3.36567590e+01
 8.30438605e+01 -3.36567590e+01
 8.23913887e+01 -3.36567590e+01
 8.27026179e+01 -3.36712928e+01
 8.25434290e+01 -3.37531570e+01
 8.30732868e+01 -3.37531570e+01
 8.40610839e+01 -3.37531570e+01
 8.28808997e+01 -3.37531570e+01
 8.35418433e+01 -3.37531570e+01
 8.32092098e+01 -3.37539885e+01
 8.25921775e+01 -3.37550820e+01
 8.41920543e+01 -3.37550820e+01
 8.29248828e+01 -3.37550820e+01
 8.34346908e+01 -3.37550820e+01
 8.33244161e+01 -3.37536096e+01
 8.36716321e+01 -3.37534310e+01
 8.35760548e+01 -3.37534310e+01
 8.31042544e+01 -3.37534310e+01
 8.31794828e+01 -3.37526504e+01
 8.41991844e+01 -3.37490380e+01
 8.20325205e+01 -3.37490380e+01
 8.40772724e+01 -3.37490380e+01
 8.28320409e+01 -3.37490380e+01
 8.36119362e+01 -3.37490380e+01
 8.36913547e+01 -3.37495643e+01
 8.35934497e+01 -3.37501350e+01
 8.42762391e+01 -3.37501350e+01
 8.29391184e+01 -3.37501350e+01
 8.32237037e+01 -3.37501350e+01
 8.36757226e+01 -3.37971881e+01
 8.36187794e+01 -3.38012160e+01
 8.42304131e+01 -3.38012160e+01
 8.38980746e+01 -3.38012160e+01
 8.34145334e+01 -3.38012160e+01
 8.46527182e+01 -3.38014246e+01
 8.31731504e+01 -3.38031420e+01
 8.48274465e+01 -3.38031420e+01
 8.39740245e+01 -3.38031420e+01
 8.40669849e+01 -3.38031420e+01
 8.35064168e+01 -3.38630271e+01
 8.35096978e+01 -3.38992660e+01
 8.43982978e+01 -3.38992660e+01
 8.46144121e+01 -3.38992660e+01
 8.41253300e+01 -3.38993169e+01
 8.53569100e+01 -3.39017230e+01
 8.30597457e+01 -3.39017340e+01
 8.42769487e+01 -3.39017340e+01
 8.39021585e+01 -3.39017340e+01
 8.40592133e+01 -3.39017340e+01
 8.45075227e+01 -3.38883748e+01
 8.38585492e+01 -3.38517490e+01
 8.46498645e+01 -3.38517490e+01
 8.38036905e+01 -3.38517490e+01
 8.39162567e+01 -3.38517490e+01
 8.45491312e+01 -3.38543803e+01
 8.39046815e+01 -3.38550450e+01
 8.42166594e+01 -3.38550450e+01
 8.47044435e+01 -3.38550450e+01
 8.34677147e+01 -3.38550450e+01
 8.46459723e+01 -3.38570921e+01
 8.30929843e+01 -3.39496918e+01
 8.53108923e+01 -3.39500730e+01
 8.42560321e+01 -3.39500730e+01
 8.42989202e+01 -3.39500730e+01
 8.44167399e+01 -3.39489635e+01
 8.44147094e+01 -3.39475990e+01
 8.46804664e+01 -3.39475990e+01
 8.46704297e+01 -3.39475990e+01
 8.42660199e+01 -3.39475990e+01
 8.54879684e+01 -3.39475990e+01
 8.37256316e+01 -3.38730247e+01
 8.46155680e+01 -3.38553190e+01
 8.45259147e+01 -3.38553190e+01
 8.40388174e+01 -3.38553190e+01
 8.52499898e+01 -3.38549733e+01
 8.44918431e+01 -3.38525780e+01
 8.52028825e+01 -3.38525780e+01
 8.43798744e+01 -3.38525780e+01
 8.39902174e+01 -3.38525780e+01
 8.47333674e+01 -3.39108303e+01
 8.48195564e+01 -3.39459540e+01
 8.47030211e+01 -3.39459540e+01
 8.56858149e+01 -3.39459540e+01
 8.37697973e+01 -3.39459540e+01
 8.57037106e+01 -3.39459540e+01
 8.44685443e+01 -3.39419996e+01
 8.52603221e+01 -3.39415550e+01
 8.52776584e+01 -3.39415550e+01
 8.50467141e+01 -3.39415550e+01
 8.51759107e+01 -3.39246792e+01
 8.56512098e+01 -3.38520290e+01
 8.43177665e+01 -3.38520290e+01
 8.62435540e+01 -3.38520290e+01
 8.50670539e+01 -3.38520290e+01
 8.58008709e+01 -3.38520290e+01
 8.53267410e+01 -3.38554613e+01
 8.46790960e+01 -3.38591700e+01
 8.54597852e+01 -3.38591700e+01
 8.46898356e+01 -3.38591700e+01
 8.53265544e+01 -3.38591700e+01
 8.65647663e+01 -3.38973882e+01
 8.54795049e+01 -3.39006370e+01
 8.54984110e+01 -3.39006370e+01
 8.52276371e+01 -3.39006370e+01
 8.48610344e+01 -3.39009352e+01
 8.61412315e+01 -3.39020080e+01
 8.46342271e+01 -3.39020080e+01
 8.60172776e+01 -3.39020080e+01
 8.52000242e+01 -3.39020080e+01
 8.53152040e+01 -3.39020080e+01
 8.58849790e+01 -3.38997416e+01
 8.56968436e+01 -3.38976150e+01
 8.50877260e+01 -3.38976150e+01
 8.64210254e+01 -3.38976150e+01
 8.48384530e+01 -3.38976150e+01
 8.60306889e+01 -3.38932252e+01
 8.47835902e+01 -3.38929480e+01
 8.59409978e+01 -3.38929480e+01
 8.61765969e+01 -3.38929480e+01
 8.55318890e+01 -3.38929480e+01
 8.60565652e+01 -3.39024106e+01
 8.60483484e+01 -3.39901690e+01
 8.46959972e+01 -3.39901690e+01
 8.69382926e+01 -3.39901690e+01
 8.60339265e+01 -3.39901690e+01
 8.63021680e+01 -3.39917182e+01
 8.61957750e+01 -3.39929170e+01
 8.53937799e+01 -3.39929170e+01
 8.63559977e+01 -3.39929170e+01
 8.52048299e+01 -3.39928195e+01
 8.58776922e+01 -3.38620531e+01
 8.62382830e+01 -3.38569710e+01
 8.56542404e+01 -3.38569710e+01
 8.60577009e+01 -3.38569710e+01
 8.63845709e+01 -3.38569710e+01
 8.55758755e+01 -3.38582824e+01
 8.69910334e+01 -3.38671330e+01
 8.57388101e+01 -3.38671330e+01
 8.72242985e+01 -3.38671330e+01
 8.56711946e+01 -3.38671330e+01
 8.55325799e+01 -3.38873529e+01
 8.61916806e+01 -3.39009110e+01
 8.62754709e+01 -3.39009110e+01
 8.58580739e+01 -3.39009110e+01
 8.73389878e+01 -3.39009110e+01
 8.50508315e+01 -3.39009110e+01
 8.66189598e+01 -3.38796089e+01
 8.59086699e+01 -3.38764670e+01
 8.61016415e+01 -3.38764670e+01
 8.64555592e+01 -3.38764670e+01
 8.61447590e+01 -3.38725624e+01
 8.65827679e+01 -3.38512010e+01
 8.62736287e+01 -3.38512010e+01
 8.56063443e+01 -3.38512010e+01
 8.71442991e+01 -3.38512010e+01
 8.62833222e+01 -3.39389988e+01
 8.64427569e+01 -3.39898950e+01
 8.71486058e+01 -3.39898950e+01
 8.59162840e+01 -3.39898950e+01
 8.62973288e+01 -3.39898950e+01
 8.68003217e+01 -3.39898950e+01
 8.68057380e+01 -3.39940724e+01
 8.72088562e+01 -3.39945620e+01
 8.63356742e+01 -3.39945620e+01
 8.61142928e+01 -3.39945620e+01
 8.68531484e+01 -3.39694125e+01
 8.54884912e+01 -3.38561480e+01
 8.77329571e+01 -3.38561480e+01
 8.62767364e+01 -3.38561480e+01
 8.67096455e+01 -3.38561480e+01
 8.68057380e+01 -3.38561480e+01
 8.67291621e+01 -3.38573132e+01
 8.67348645e+01 -3.38586160e+01
 8.68814846e+01 -3.38586160e+01
 8.63050693e+01 -3.38586160e+01
 8.77821253e+01 -3.38586160e+01
 8.58764948e+01 -3.39829861e+01
 8.70269759e+01 -3.39923620e+01
 8.63250470e+01 -3.39923620e+01
 8.65418062e+01 -3.39923620e+01
 8.75356803e+01 -3.39923620e+01
 8.72536065e+01 -3.39926177e+01
 8.68092126e+01 -3.39948360e+01
 8.70211222e+01 -3.39948360e+01
 8.60320347e+01 -3.39948360e+01
 8.73501176e+01 -3.39948360e+01
 8.65982026e+01 -3.39104882e+01
 8.66115645e+01 -3.38577930e+01
 8.72022387e+01 -3.38577930e+01
 8.61611360e+01 -3.38577930e+01
 8.68417460e+01 -3.38577850e+01
 8.71841208e+01 -3.38572494e+01
 8.71858782e+01 -3.38572450e+01
 8.76139692e+01 -3.38572450e+01
 8.66071027e+01 -3.38572450e+01
 8.64414438e+01 -3.38572450e+01
 8.68629630e+01 -3.38683924e+01
 8.61258004e+01 -3.39020080e+01
 8.80918277e+01 -3.39020080e+01
 8.64925229e+01 -3.39020080e+01
 8.71306056e+01 -3.39020080e+01
 8.71858782e+01 -3.39009264e+01
 8.69842419e+01 -3.39006370e+01
 8.72612821e+01 -3.39006370e+01
 8.73976173e+01 -3.39006370e+01
 8.64704148e+01 -3.39006370e+01
 8.80838834e+01 -3.38997063e+01
 8.62765327e+01 -3.38522810e+01
 8.73198743e+01 -3.38520290e+01
 8.63284873e+01 -3.38520290e+01
 8.71028734e+01 -3.38520290e+01
 8.77332830e+01 -3.38525126e+01
 8.75891674e+01 -3.38531260e+01
 8.72047817e+01 -3.38531260e+01
 8.73378021e+01 -3.38531260e+01
 8.68079041e+01 -3.38531260e+01
 8.82340321e+01 -3.38531260e+01
 8.69786523e+01 -3.38500436e+01
 8.80697375e+01 -3.38492820e+01
 8.78596033e+01 -3.38492820e+01
 8.68386588e+01 -3.38492820e+01
 8.74477158e+01 -3.38489499e+01
 8.69771420e+01 -3.38465340e+01
 8.75449903e+01 -3.38465340e+01
 8.84618285e+01 -3.38465340e+01
 8.73065514e+01 -3.38465340e+01
 8.77251881e+01 -3.38431895e+01
 8.75186180e+01 -3.38413180e+01
 8.72540193e+01 -3.38413180e+01
 8.83033495e+01 -3.38413180e+01
 8.71979908e+01 -3.38413180e+01
 8.77303070e+01 -3.38413180e+01
 8.67316975e+01 -3.38420743e+01
 8.68197033e+01 -3.38421410e+01
 8.79206711e+01 -3.38421410e+01
 8.79348976e+01 -3.38421410e+01
 8.75126218e+01 -3.38219430e+01
 8.84848189e+01 -3.37520600e+01
 8.66485425e+01 -3.37520600e+01
 8.75478786e+01 -3.37520600e+01
 8.69005208e+01 -3.37520600e+01
 8.72265639e+01 -3.37520600e+01
 8.81623402e+01 -3.37570967e+01
 8.80717536e+01 -3.37616750e+01
 8.73339210e+01 -3.37616750e+01
 8.80535359e+01 -3.37616750e+01
 8.64824842e+01 -3.37616750e+01
 8.85650362e+01 -3.38394055e+01
 8.74455305e+01 -3.38435120e+01
 8.76493953e+01 -3.38435120e+01
 8.73999948e+01 -3.38435120e+01
 8.69061503e+01 -3.38431471e+01
 8.76269986e+01 -3.38421410e+01
 8.84923857e+01 -3.38421410e+01
 8.75229460e+01 -3.38421410e+01
 8.87700000e+01 -3.38421410e+01
 8.74752906e+01 -3.38421410e+01
 8.74285070e+01 -3.38236167e+01
 8.75276059e+01 -3.38097340e+01
 8.73288717e+01 -3.38097340e+01
 8.82308175e+01 -3.38097340e+01
 8.86743523e+01 -3.38097255e+01
 8.76062645e+01 -3.38033674e+01
 8.85113282e+01 -3.38031420e+01
 8.73938887e+01 -3.38031420e+01
 8.80220796e+01 -3.38031420e+01
 8.88268831e+01 -3.38031420e+01
 8.78075676e+01 -3.37962287e+01
 8.82663259e+01 -3.37517860e+01
 8.75708499e+01 -3.37517860e+01
 8.78597912e+01 -3.37517860e+01
 8.88670393e+01 -3.37517860e+01
 8.82575586e+01 -3.37494551e+01
 8.83712615e+01 -3.37479420e+01
 8.88524784e+01 -3.37479420e+01
 8.74308036e+01 -3.37479420e+01
 8.83357105e+01 -3.37476904e+01
 8.73709157e+01 -3.37049497e+01
 8.79110992e+01 -3.37040010e+01
 8.88674601e+01 -3.37040010e+01
 8.82779404e+01 -3.37040010e+01
 8.80084183e+01 -3.37040010e+01
 8.85971344e+01 -3.37087611e+01
 8.71060926e+01 -3.37336600e+01
 8.90676986e+01 -3.37336600e+01
 8.79619818e+01 -3.37336600e+01
 8.82148109e+01 -3.37336600e+01
 8.75803329e+01 -3.37480874e+01
 8.73435348e+01 -3.37561790e+01
 8.81425722e+01 -3.37561790e+01
 8.87842261e+01 -3.37561790e+01
 8.78125242e+01 -3.37561790e+01
 8.96117922e+01 -3.37561790e+01
 8.75617854e+01 -3.37559306e+01
 8.79342061e+01 -3.37559050e+01
 8.79927060e+01 -3.37559050e+01
 8.79433806e+01 -3.37559050e+01
 8.84406389e+01 -3.37548697e+01
 8.93773174e+01 -3.37506840e+01
 8.81212479e+01 -3.37506840e+01
 8.92544328e+01 -3.37506840e+01
 8.78203646e+01 -3.37506840e+01
 8.90997954e+01 -3.37152508e+01
 8.90567242e+01 -3.36990540e+01
 8.84563653e+01 -3.36990540e+01
 8.87147459e+01 -3.36990540e+01
 8.79012202e+01 -3.36990540e+01
 8.81073464e+01 -3.36990540e+01
 8.95334339e+01 -3.36931883e+01
 8.84806447e+01 -3.36927360e+01
 8.92162618e+01 -3.36927360e+01
 8.89981379e+01 -3.36927360e+01
 8.79983060e+01 -3.36926736e+01
 8.88345971e+01 -3.36924620e+01
 8.81199587e+01 -3.36924620e+01
 8.82610077e+01 -3.36924620e+01
 8.95300482e+01 -3.36924620e+01
 8.82813252e+01 -3.36924620e+01
 8.85258123e+01 -3.36940576e+01
 8.88084954e+01 -3.36954840e+01
 8.82408668e+01 -3.36954840e+01
 8.96650986e+01 -3.36954840e+01
 8.81198772e+01 -3.36954840e+01
 8.86460187e+01 -3.36070953e+01
 8.85338984e+01 -3.36021070e+01
 8.79448386e+01 -3.36021070e+01
 8.88001433e+01 -3.36021070e+01
 8.96022584e+01 -3.36018754e+01
 8.87173153e+01 -3.36012840e+01
 9.01509794e+01 -3.36012840e+01
 8.81430291e+01 -3.36012840e+01
 8.90093277e+01 -3.36012840e+01
 8.87525433e+01 -3.36012840e+01
 8.86757779e+01 -3.35738207e+01
 8.90281381e+01 -3.35578920e+01
 8.90405073e+01 -3.35578920e+01
 8.81098824e+01 -3.35578920e+01
 8.96294736e+01 -3.35579029e+01
 8.66581873e+01 -3.35584383e+01
 8.88908016e+01 -3.35584410e+01
 8.79406762e+01 -3.35584410e+01
 8.75963271e+01 -3.35584410e+01
 8.74039742e+01 -3.35584410e+01
 8.64931354e+01 -3.35564765e+01
 8.55895882e+01 -3.35510260e+01
 8.64030643e+01 -3.35510260e+01
 8.53138820e+01 -3.35510260e+01
 8.60516904e+01 -3.35510260e+01
 8.40857783e+01 -3.35519076e+01
 8.45167450e+01 -3.35521230e+01
 8.42869959e+01 -3.35521230e+01
 8.35680234e+01 -3.35521230e+01
 8.40437878e+01 -3.35521230e+01
 8.31946602e+01 -3.35207943e+01
 8.22431630e+01 -3.22979476e+01
 8.20745630e+01 -3.22945720e+01
 8.12707945e+01 -3.22945720e+01
 8.14627548e+01 -3.22945720e+01
 8.11526071e+01 -3.22977211e+01
 8.08053541e+01 -3.23014380e+01
 8.11601677e+01 -3.23014380e+01
 7.93041166e+01 -3.23014380e+01
 8.05100669e+01 -3.23014380e+01
 7.84203473e+01 -3.06976389e+01
 7.93825580e+01 -3.05948560e+01
 7.86218175e+01 -3.05948560e+01
 7.83302397e+01 -3.05948560e+01
 7.81143478e+01 -3.05948560e+01
 7.69680961e+01 -3.05946733e+01
 7.75257439e+01 -3.05934850e+01
 7.67354924e+01 -3.05934850e+01
 7.73883939e+01 -3.05934850e+01
 7.62161353e+01 -3.05934850e+01
 7.57785135e+01 -2.94376997e+01
 7.54359472e+01 -2.88380210e+01
 7.48304476e+01 -2.88380210e+01
 7.45823855e+01 -2.88380210e+01
 7.48634815e+01 -2.88380210e+01
 7.42685010e+01 -2.88380210e+01
 7.45790010e+01 -2.88369885e+01
 7.29231042e+01 -2.88369240e+01
 7.28531262e+01 -2.88369240e+01
 7.25056297e+01 -2.88369240e+01
 7.22611282e+01 -2.83980316e+01
 7.29962759e+01 -2.72539260e+01
 7.19257482e+01 -2.72539260e+01
 7.21007197e+01 -2.72539260e+01
 7.05146748e+01 -2.72539260e+01
 7.08504120e+01 -2.72539260e+01
 7.03457463e+01 -2.72558772e+01
 7.02802866e+01 -2.72572220e+01
 7.05806835e+01 -2.72572220e+01
 6.96019189e+01 -2.72572220e+01
 6.99804480e+01 -2.72513941e+01
 6.84190665e+01 -2.56383791e+01
 6.88848070e+01 -2.55943120e+01
 6.79526592e+01 -2.55943120e+01
 6.79617703e+01 -2.55943120e+01
 6.80232642e+01 -2.55947473e+01
 6.73950181e+01 -2.55956830e+01
 6.80633934e+01 -2.55956830e+01
 6.63044851e+01 -2.55956830e+01
 6.66769491e+01 -2.55956830e+01
 6.58714782e+01 -2.55956830e+01
 6.59175267e+01 -2.43038476e+01
 6.57231952e+01 -2.35337260e+01
 6.53030363e+01 -2.35337260e+01
 6.53480492e+01 -2.35337260e+01
 6.46699374e+01 -2.35263744e+01
 6.42538064e+01 -2.27901721e+01
 6.42495534e+01 -2.27784820e+01
 6.40241161e+01 -2.27784820e+01
 6.43450276e+01 -2.27784820e+01
 6.50161338e+01 -2.27784820e+01
 6.53428558e+01 -2.26390612e+01
 6.54908851e+01 -2.19880820e+01
 6.47154383e+01 -2.19880820e+01
 6.54953569e+01 -2.19880820e+01
 6.50651338e+01 -2.19880820e+01
 6.60355964e+01 -2.17056638e+01
 6.64415813e+01 -2.15604730e+01
 6.65700441e+01 -2.15604730e+01
 6.71782352e+01 -2.15604730e+01
 6.59305244e+01 -2.15532737e+01
 6.71582084e+01 -2.11823342e+01
 6.62327461e+01 -2.11795570e+01
 6.77568537e+01 -2.11795570e+01
 6.77492331e+01 -2.11795570e+01
 6.76727305e+01 -2.11795570e+01
 6.79257860e+01 -2.13134175e+01
 6.72678270e+01 -2.18331880e+01
 6.89608066e+01 -2.18331880e+01
 6.79703878e+01 -2.18331880e+01
 6.93281370e+01 -2.18331880e+01
 6.87661368e+01 -2.18297564e+01
 6.91153262e+01 -2.18282410e+01
 6.93918908e+01 -2.18282410e+01
 6.86997775e+01 -2.18282410e+01
 7.02149150e+01 -2.18282410e+01
 6.92611999e+01 -2.18282410e+01
 7.08709879e+01 -2.27119516e+01
 6.97113583e+01 -2.27757340e+01
 7.05608180e+01 -2.27757340e+01
 7.06908688e+01 -2.27757340e+01
 7.03386448e+01 -2.27765714e+01
 7.17618642e+01 -2.27793040e+01
 7.01314846e+01 -2.27793040e+01
 7.21975405e+01 -2.27793040e+01
 7.12888048e+01 -2.27793040e+01
 7.22713068e+01 -2.34349132e+01
 7.18709856e+01 -2.36823030e+01
 7.16212870e+01 -2.36823030e+01
 7.24101190e+01 -2.36823030e+01
 7.19980798e+01 -2.36823030e+01
 7.36122563e+01 -2.36823030e+01
 7.29105930e+01 -2.36794311e+01
 7.33677996e+01 -2.36792810e+01
 7.30533985e+01 -2.36792810e+01
 7.32687878e+01 -2.36792810e+01
 7.37986314e+01 -2.39013217e+01
 7.38295304e+01 -2.45152720e+01
 7.40742570e+01 -2.45152720e+01
 7.37550749e+01 -2.45152720e+01
 7.46480638e+01 -2.45152720e+01
 7.47409610e+01 -2.45152720e+01
 7.44704618e+01 -2.45165242e+01
 7.46413126e+01 -2.45174650e+01
 7.52575352e+01 -2.45174650e+01
 7.52914353e+01 -2.45174650e+01
 7.63834296e+01 -2.45185015e+01
 7.52589108e+01 -2.53286463e+01
 7.62027896e+01 -2.53575750e+01
 7.57951561e+01 -2.53575750e+01
 7.64687725e+01 -2.53575750e+01
 7.70593105e+01 -2.53577317e+01
 7.61533649e+01 -2.53581230e+01
 7.79224963e+01 -2.53581230e+01
 7.61624187e+01 -2.53581230e+01
 7.77880166e+01 -2.53581230e+01
 7.71131019e+01 -2.53581230e+01
 7.79327211e+01 -2.60038540e+01
 7.83701526e+01 -2.64465040e+01
 7.79978565e+01 -2.64465040e+01
 7.82290565e+01 -2.64465040e+01
 7.81511968e+01 -2.64465163e+01
 7.86482438e+01 -2.64486492e+01
 7.86184909e+01 -2.64486970e+01
 7.86783501e+01 -2.64486970e+01
 7.91636312e+01 -2.64486970e+01
 7.92927661e+01 -2.64486970e+01
 7.91241752e+01 -2.66188843e+01
 7.98310482e+01 -2.73816350e+01
 7.89441366e+01 -2.73816350e+01
 8.11770621e+01 -2.73816350e+01
 7.96464984e+01 -2.73816350e+01
 8.07268021e+01 -2.73774837e+01
 8.06134384e+01 -2.73758650e+01
 8.06476806e+01 -2.73758650e+01
 8.13355071e+01 -2.73758650e+01
 7.99811005e+01 -2.73758650e+01
 8.20795405e+01 -2.73775615e+01
 8.10873915e+01 -2.80369472e+01
 8.17252815e+01 -2.80542140e+01
 8.17578212e+01 -2.80542140e+01
 8.18419699e+01 -2.80542140e+01
 8.23537962e+01 -2.80538139e+01
 8.26025404e+01 -2.80531110e+01
 8.20870967e+01 -2.80531110e+01
 8.35298195e+01 -2.80531110e+01
 8.22319624e+01 -2.80531110e+01
 8.33765338e+01 -2.84488817e+01
 8.26768031e+01 -2.85018690e+01
 8.37342855e+01 -2.85018690e+01
 8.41678072e+01 -2.85018690e+01
 8.33555567e+01 -2.85018690e+01
 8.45800317e+01 -2.85014150e+01
 8.37808723e+01 -2.84955510e+01
 8.34465535e+01 -2.84955510e+01
 8.39764194e+01 -2.84955510e+01
 8.43128421e+01 -2.84955510e+01
 8.51063967e+01 -2.89217186e+01
 8.48961414e+01 -2.92521720e+01
 8.43348025e+01 -2.92521720e+01
 8.59832177e+01 -2.92521720e+01
 8.45085502e+01 -2.92521720e+01
 8.62350950e+01 -2.92521720e+01
 8.57432131e+01 -2.92533954e+01
 8.58391234e+01 -2.92535430e+01
 8.56562591e+01 -2.92535430e+01
 8.55703220e+01 -2.92535430e+01
 8.63363895e+01 -2.94054242e+01
 8.74127509e+01 -2.99615510e+01
 8.62816103e+01 -2.99615510e+01
 8.82539747e+01 -2.99615510e+01
 8.66661452e+01 -2.99615510e+01
 8.77161404e+01 -2.99615510e+01
 8.76734318e+01 -2.99615510e+01
 8.80896919e+01 -2.99615510e+01
 8.89931631e+01 -2.99615510e+01
 8.81284134e+01 -2.99615510e+01
 8.83564067e+01 -2.99642126e+01
 8.90529814e+01 -3.05775787e+01
 8.77520509e+01 -3.05932110e+01
 8.94617531e+01 -3.05932110e+01
 8.95042352e+01 -3.05932110e+01
 8.92912621e+01 -3.06896668e+01
 8.98804130e+01 -3.08716900e+01
 8.90315697e+01 -3.08716900e+01
 8.88997509e+01 -3.08716900e+01
 8.99790701e+01 -3.08716900e+01
 8.95604828e+01 -3.08716900e+01
 9.08594539e+01 -3.11539498e+01
 9.04709559e+01 -3.13020410e+01
 8.95522779e+01 -3.13020410e+01
 9.05872012e+01 -3.13020410e+01
 9.04614115e+01 -3.13073001e+01
 9.19953049e+01 -3.16002961e+01
 9.17048702e+01 -3.16027710e+01
 9.08017386e+01 -3.16027710e+01
 9.15442825e+01 -3.16027710e+01
 9.15478350e+01 -3.16027710e+01
 9.09983921e+01 -3.16514229e+01
 9.32024855e+01 -3.18449980e+01
 9.23637988e+01 -3.18449980e+01
 9.24134887e+01 -3.18449980e+01
 9.25927758e+01 -3.18449980e+01
 9.17914226e+01 -3.23361882e+01
 9.28099768e+01 -3.25576730e+01
 9.35561830e+01 -3.25576730e+01
 9.22309982e+01 -3.25576730e+01
 9.36048015e+01 -3.25577289e+01
 9.29624586e+01 -3.25595930e+01
 9.29890044e+01 -3.25595980e+01
 9.48114764e+01 -3.25595980e+01
 9.41553663e+01 -3.25595980e+01
 9.42298542e+01 -3.25595980e+01
 9.48628714e+01 -3.26707400e+01
 9.32972370e+01 -3.30418530e+01
 9.39868595e+01 -3.30418530e+01
 9.50179646e+01 -3.30418530e+01
 9.43828843e+01 -3.30418530e+01
 9.60955695e+01 -3.30412598e+01
 9.54545369e+01 -3.30410310e+01
 9.46672263e+01 -3.30410310e+01
 9.58336854e+01 -3.30410310e+01
 9.61250136e+01 -3.30410310e+01
 9.53452382e+01 -3.30410310e+01
 9.70825542e+01 -3.36602041e+01
 9.53062311e+01 -3.36941130e+01
 9.62444581e+01 -3.36941130e+01
 9.65287419e+01 -3.36941130e+01
 9.60526180e+01 -3.36939695e+01
 9.66072887e+01 -3.36935640e+01
 9.71857168e+01 -3.36935640e+01
 9.55499060e+01 -3.36935640e+01
 9.78342535e+01 -3.36935640e+01
 9.71597045e+01 -3.40727071e+01
 9.74011556e+01 -3.41969670e+01
 9.84526724e+01 -3.41969670e+01
 9.83809464e+01 -3.41969670e+01
 9.67700036e+01 -3.41969670e+01
 9.90574206e+01 -3.41969600e+01
 9.72771346e+01 -3.41892935e+01
 9.86232539e+01 -3.41890040e+01
 9.87703591e+01 -3.41890040e+01
 9.81296433e+01 -3.41890040e+01
 9.82101551e+01 -3.43931009e+01
 9.92209337e+01 -3.48849300e+01
 9.77081893e+01 -3.48849300e+01
 1.00790158e+02 -3.48849300e+01
 1.00441683e+02 -3.48849300e+01
 9.94830954e+01 -3.48849300e+01
 9.98890555e+01 -3.48877353e+01
 9.98588830e+01 -3.48895970e+01
 9.94839806e+01 -3.48895970e+01
 1.00333271e+02 -3.48895970e+01
 1.00111756e+02 -3.48925050e+01
 9.92588847e+01 -3.54759312e+01
 1.01287508e+02 -3.54899470e+01
 1.00261288e+02 -3.54899470e+01
 1.00563952e+02 -3.54899470e+01
 1.01960459e+02 -3.54897683e+01
 1.01966661e+02 -3.54893990e+01
 1.00371745e+02 -3.54893990e+01
 1.02661532e+02 -3.54893990e+01
 1.00999221e+02 -3.54893990e+01
 1.02486290e+02 -3.54893990e+01
 1.02696077e+02 -3.58455947e+01
 1.01809436e+02 -3.60499270e+01
 1.01640794e+02 -3.60499270e+01
 1.02955279e+02 -3.60499270e+01
 1.01602049e+02 -3.60498897e+01
 1.02645671e+02 -3.60474838e+01
 1.02724122e+02 -3.60474590e+01
 1.02193368e+02 -3.60474590e+01
 1.02880193e+02 -3.60474590e+01
 1.03324090e+02 -3.60474590e+01
 1.03133722e+02 -3.61711119e+01
 1.03968277e+02 -3.66527500e+01
 1.05253574e+02 -3.66527500e+01
 1.02543697e+02 -3.66527500e+01
 1.04565782e+02 -3.66527500e+01
 1.03874633e+02 -3.66541439e+01
 1.03734839e+02 -3.66546750e+01
 1.04764615e+02 -3.66546750e+01
 1.05157126e+02 -3.66546750e+01
 1.03567102e+02 -3.66866708e+01
 1.04669390e+02 -3.71924110e+01
 1.04224682e+02 -3.71924110e+01
 1.04378323e+02 -3.71924110e+01
 1.05749054e+02 -3.71924110e+01
 1.05229492e+02 -3.71924110e+01
 1.04588764e+02 -3.71912399e+01
 1.05231930e+02 -3.71891150e+01
 1.05529532e+02 -3.71891150e+01
 1.05534278e+02 -3.71891150e+01
 1.07373761e+02 -3.71891150e+01
 1.05180906e+02 -3.77972916e+01
 1.06029792e+02 -3.78828410e+01
 1.07156326e+02 -3.78828410e+01
 1.06830696e+02 -3.78828410e+01
 1.06348030e+02 -3.78828410e+01
 1.08027020e+02 -3.78830641e+01
 1.06860519e+02 -3.78861370e+01
 1.06671437e+02 -3.78861370e+01
 1.08116045e+02 -3.78861370e+01
 1.07453930e+02 -3.78861370e+01
 1.07561808e+02 -3.82830074e+01
 1.07744402e+02 -3.86004630e+01
 1.07205823e+02 -3.86004630e+01
 1.07088157e+02 -3.86004630e+01
 1.08998777e+02 -3.86004630e+01
 1.07649927e+02 -3.86004630e+01
 1.07944449e+02 -3.86004630e+01
 1.08263192e+02 -3.86004630e+01
 1.07537333e+02 -3.86004630e+01
 1.08088181e+02 -3.86004630e+01
 1.09665411e+02 -3.87018413e+01
 1.08131479e+02 -3.90876660e+01
 1.07842940e+02 -3.90876660e+01
 1.10368647e+02 -3.90876660e+01
 1.08104649e+02 -3.90876660e+01
 1.08844232e+02 -3.92157360e+01
 1.10612936e+02 -3.92606860e+01
 1.09969453e+02 -3.92606860e+01
 1.08448566e+02 -3.92606860e+01
 1.10270660e+02 -3.92606860e+01
 1.10444817e+02 -3.92615922e+01
 1.09453310e+02 -3.95387428e+01
 1.11523322e+02 -3.95465800e+01
 1.10224060e+02 -3.95465800e+01
 1.09755385e+02 -3.95465800e+01
 1.10905735e+02 -3.96276736e+01
 1.11653778e+02 -3.97945710e+01
 1.10288879e+02 -3.97945710e+01
 1.12434577e+02 -3.97945710e+01
 1.11411305e+02 -3.97945710e+01
 1.09983894e+02 -3.97945710e+01
 1.11610400e+02 -3.99202224e+01
 1.11972865e+02 -3.99920350e+01
 1.11116105e+02 -3.99920350e+01
 1.11298195e+02 -3.99920350e+01
 1.12226031e+02 -3.99993071e+01
 1.10731091e+02 -4.05865822e+01
 1.12155538e+02 -4.05943100e+01
 1.13424739e+02 -4.05943100e+01
 1.11983241e+02 -4.05943100e+01
 1.11287496e+02 -4.05943100e+01
 1.12828131e+02 -4.05941582e+01
 1.13141040e+02 -4.05934870e+01
 1.12245399e+02 -4.05934870e+01
 1.14475561e+02 -4.05934870e+01
 1.12613686e+02 -4.05934870e+01
 1.12528250e+02 -4.08890340e+01
 1.13935507e+02 -4.10345500e+01
 1.14240346e+02 -4.10345500e+01
 1.12946510e+02 -4.10345500e+01
 1.14561548e+02 -4.10345379e+01
 1.13920473e+02 -4.10340050e+01
 1.12414810e+02 -4.10340020e+01
 1.14980307e+02 -4.10340020e+01
 1.14625989e+02 -4.10340020e+01
 1.13189144e+02 -4.10340020e+01
 1.13374987e+02 -4.11436754e+01
 1.14955532e+02 -4.15483900e+01
 1.13674495e+02 -4.15483900e+01
 1.14544612e+02 -4.15483900e+01
 1.15904639e+02 -4.15483900e+01
 1.14713402e+02 -4.15476187e+01
 1.14302112e+02 -4.15472930e+01
 1.15423511e+02 -4.15472930e+01
 1.16395330e+02 -4.15472930e+01
 1.14389624e+02 -4.15663375e+01
 1.15474462e+02 -4.20945505e+01
 1.16428526e+02 -4.20951910e+01
 1.14604780e+02 -4.20951910e+01
 1.16225426e+02 -4.20951910e+01
 1.17359342e+02 -4.20951910e+01
 1.16571801e+02 -4.20945222e+01
 1.15739020e+02 -4.20924430e+01
 1.17564869e+02 -4.20924430e+01
 1.16066431e+02 -4.20924430e+01
 1.16184717e+02 -4.20924430e+01
 1.17198303e+02 -4.24189046e+01
 1.16903210e+02 -4.25365270e+01
 1.15804214e+02 -4.25365270e+01
 1.16025222e+02 -4.25365270e+01
 1.18508863e+02 -4.25365270e+01
 1.16723951e+02 -4.25365271e+01
 1.16752373e+02 -4.25380979e+01
 1.16628113e+02 -4.25381720e+01
 1.15614847e+02 -4.25381720e+01
 1.15652647e+02 -4.25381720e+01
 1.16164656e+02 -4.26588854e+01
 1.15683361e+02 -4.29775900e+01
 1.13409707e+02 -4.29775900e+01
 1.14176875e+02 -4.29775900e+01
 1.14709293e+02 -4.29775900e+01
 1.12972026e+02 -4.29775900e+01
 1.13292872e+02 -4.29775900e+01
 1.13119977e+02 -4.29775900e+01
 1.11411283e+02 -4.29775900e+01
 1.11199000e+02 -4.29775900e+01
 1.12138944e+02 -4.29763412e+01
 1.10054804e+02 -4.24208625e+01
 1.10214139e+02 -4.24033290e+01
 1.10035642e+02 -4.24033290e+01
 1.08430850e+02 -4.24033290e+01
 1.08097944e+02 -4.24030665e+01
 1.09440308e+02 -4.24025060e+01
 1.07210025e+02 -4.24025060e+01
 1.05997505e+02 -4.24025060e+01
 1.06882638e+02 -4.24025060e+01
 1.05267516e+02 -4.24025060e+01
 1.05575982e+02 -4.12023516e+01
 1.05883513e+02 -4.04915930e+01
 1.04802014e+02 -4.04915930e+01
 1.03194963e+02 -4.04915930e+01
 1.04591997e+02 -4.04916429e+01
 1.03386978e+02 -4.04964666e+01
 1.03472398e+02 -4.04965410e+01
 1.03551605e+02 -4.04965410e+01
 1.01995446e+02 -4.04965410e+01
 1.01249247e+02 -3.98186422e+01
 1.01881938e+02 -3.85999150e+01
 1.00187566e+02 -3.85999150e+01
 9.99130516e+01 -3.85999150e+01
 1.00511682e+02 -3.85999150e+01
 9.87079277e+01 -3.85999150e+01
 9.90719739e+01 -3.86013134e+01
 9.83880235e+01 -3.86018340e+01
 9.77260267e+01 -3.86018340e+01
 9.81976390e+01 -3.86018340e+01
 9.84020615e+01 -3.84834393e+01
 9.63525186e+01 -3.66955940e+01
 9.74691393e+01 -3.66955940e+01
 9.53412888e+01 -3.66955940e+01
 9.60320339e+01 -3.66955940e+01
 9.60349959e+01 -3.66955940e+01
 9.52367049e+01 -3.66966826e+01
 9.46822851e+01 -3.66986160e+01
 9.40258985e+01 -3.66986160e+01
 9.26076946e+01 -3.66986160e+01
 9.44341013e+01 -3.66986160e+01
 9.26464874e+01 -3.47645800e+01
 9.24167187e+01 -3.45012610e+01
 9.18057725e+01 -3.45012610e+01
 9.09457855e+01 -3.45012610e+01
 9.09881553e+01 -3.45012610e+01
 9.16057160e+01 -3.45011547e+01
 8.96440682e+01 -3.44998900e+01
 9.12889834e+01 -3.44998900e+01
 8.86550561e+01 -3.44998900e+01
 8.92278477e+01 -3.44998900e+01
 8.91557432e+01 -3.34092496e+01
 8.82092487e+01 -3.25977690e+01
 8.79409343e+01 -3.25977690e+01
 8.83239360e+01 -3.25977690e+01
 8.64364595e+01 -3.25911468e+01
 8.74972994e+01 -3.17554383e+01
 8.58933266e+01 -3.17425550e+01
 8.68259671e+01 -3.17425550e+01
 8.61546913e+01 -3.17425550e+01
 8.56251540e+01 -3.17425550e+01
 8.56910183e+01 -3.15220092e+01
 8.42515890e+01 -3.07541490e+01
 8.35398356e+01 -3.07541490e+01
 8.41021974e+01 -3.07541490e+01
 8.34605202e+01 -3.07541490e+01
 8.38215653e+01 -2.98777526e+01
 8.27259772e+01 -2.96061760e+01
 8.23617481e+01 -2.96061760e+01
 8.26609393e+01 -2.96061760e+01
 8.13326706e+01 -2.96061760e+01
 8.22148508e+01 -2.95972696e+01
 8.07274469e+01 -2.88033262e+01
 8.16323905e+01 -2.87918810e+01
 7.98751460e+01 -2.87918810e+01
 7.96781254e+01 -2.87918810e+01
 7.99173244e+01 -2.81323592e+01
 7.95350407e+01 -2.70259800e+01
 7.92381726e+01 -2.70259800e+01
 7.94554686e+01 -2.70259800e+01
 7.74836266e+01 -2.70259800e+01
 7.79949196e+01 -2.70259800e+01
 7.68775972e+01 -2.70719213e+01
 7.72685498e+01 -2.70907940e+01
 7.75258317e+01 -2.70907940e+01
 7.65177009e+01 -2.70907940e+01
 7.71424288e+01 -2.70263428e+01
 7.49674073e+01 -2.54459694e+01
 7.59809599e+01 -2.54451820e+01
 7.44439895e+01 -2.54451820e+01
 7.48952286e+01 -2.54451820e+01
 7.46006295e+01 -2.54431262e+01
 7.39517521e+01 -2.54405150e+01
 7.46722388e+01 -2.54405150e+01
 7.28128848e+01 -2.54405150e+01
 7.39242053e+01 -2.54405150e+01
 7.21274857e+01 -2.54405150e+01
 7.28351494e+01 -2.41681502e+01
 7.25400852e+01 -2.37320130e+01
 7.22197230e+01 -2.37320130e+01
 7.21454945e+01 -2.37320130e+01
 7.05666912e+01 -2.37320584e+01
 7.08559242e+01 -2.37328360e+01
 7.02653971e+01 -2.37328360e+01
 7.08687136e+01 -2.37328360e+01
 7.01328442e+01 -2.37328360e+01
 6.97615544e+01 -2.37328360e+01
 6.94394188e+01 -2.32064632e+01
 6.85351527e+01 -2.18826240e+01
 6.87499487e+01 -2.18826240e+01
 6.78075100e+01 -2.18826240e+01
 6.85983531e+01 -2.18826240e+01
 6.76435410e+01 -2.18796381e+01
 6.77246391e+01 -2.18787730e+01
 6.73811254e+01 -2.18787730e+01
 6.65727803e+01 -2.18787730e+01
 6.68949286e+01 -2.17386607e+01
 6.57915461e+01 -1.99755550e+01
 6.65603383e+01 -1.99755550e+01
 6.55551696e+01 -1.99755550e+01
 6.56144216e+01 -1.99755550e+01
 6.51117057e+01 -1.99755550e+01
 6.47211483e+01 -1.99755550e+01
 6.48660906e+01 -1.99755550e+01
 6.35787439e+01 -1.99755550e+01
 6.46715239e+01 -1.99755550e+01
 6.30686533e+01 -1.99755550e+01
 6.39635377e+01 -1.87291310e+01
 6.30899748e+01 -1.84266150e+01
 6.27103185e+01 -1.84266150e+01
 6.26928004e+01 -1.84266150e+01
 6.15531968e+01 -1.84266150e+01
 6.22656497e+01 -1.84266283e+01
 6.13744637e+01 -1.84279706e+01
 6.18181186e+01 -1.84279920e+01
 6.10371488e+01 -1.84279920e+01
 6.05115137e+01 -1.84279920e+01
 6.03695376e+01 -1.78853617e+01
 6.01556096e+01 -1.68804230e+01
 5.98229285e+01 -1.68804230e+01
 6.04275413e+01 -1.68804230e+01
 5.90578992e+01 -1.68804230e+01
 5.93348573e+01 -1.68840806e+01
 5.83833682e+01 -1.68848160e+01
 5.83353859e+01 -1.68848160e+01
 5.85020028e+01 -1.68848160e+01
 5.76211576e+01 -1.68848160e+01
 5.84938564e+01 -1.68575274e+01
 5.74046576e+01 -1.54437760e+01
 5.77552258e+01 -1.54330970e+01
 5.74108996e+01 -1.54330970e+01
 5.65162566e+01 -1.54330970e+01
 5.62062140e+01 -1.54339435e+01
 5.60592557e+01 -1.54352970e+01
 5.55309764e+01 -1.54352970e+01
 5.61001561e+01 -1.54352970e+01
 5.48624474e+01 -1.54352970e+01
 5.58039244e+01 -1.54352970e+01
 5.47117174e+01 -1.43904536e+01
 5.44923765e+01 -1.39283780e+01
 5.44834823e+01 -1.39283780e+01
 5.37294436e+01 -1.39283780e+01
 5.38615605e+01 -1.39285045e+01
 5.41610905e+01 -1.39324883e+01
 5.33135485e+01 -1.39324970e+01
 5.38205312e+01 -1.39324970e+01
 5.28511352e+01 -1.39324970e+01
 5.24100277e+01 -1.33467367e+01
 5.25589548e+01 -1.25359780e+01
 5.19275112e+01 -1.25359780e+01
 5.20084001e+01 -1.25359780e+01
 5.15294224e+01 -1.25359780e+01
 5.12144301e+01 -1.25359780e+01
 5.14134612e+01 -1.25343648e+01
 5.07326365e+01 -1.25337780e+01
 5.03804679e+01 -1.25337780e+01
 5.06177614e+01 -1.25337780e+01
 4.95866835e+01 -1.24537073e+01
 4.99790243e+01 -1.12973750e+01
 4.97367452e+01 -1.12973750e+01
 4.90583844e+01 -1.12973750e+01
 4.94428755e+01 -1.12973750e+01
 4.88716306e+01 -1.12973750e+01
 4.83824739e+01 -1.12957712e+01
 4.84583683e+01 -1.12929830e+01
 4.77709015e+01 -1.12929830e+01
 4.75397567e+01 -1.12929830e+01
 4.81327988e+01 -1.12929830e+01
 4.72635655e+01 -1.00997770e+01
 4.75009853e+01 -9.94260400e+00
 4.70863471e+01 -9.94260400e+00
 4.66266961e+01 -9.94260400e+00
 4.66164084e+01 -9.94260400e+00
 4.65464006e+01 -9.89004603e+00
 4.56687845e+01 -9.22498200e+00
 4.63974869e+01 -9.22498200e+00
 4.57425639e+01 -9.22498200e+00
 4.55830391e+01 -9.22498200e+00
 4.53799904e+01 -8.91253147e+00
 4.48362286e+01 -8.67269100e+00
 4.46171548e+01 -8.67269100e+00
 4.49789121e+01 -8.67269100e+00
 4.38496010e+01 -8.66780927e+00
 4.42110508e+01 -7.91127890e+00
 4.45038180e+01 -7.89794400e+00
 4.37767184e+01 -7.89794400e+00
 4.38652827e+01 -7.89794400e+00
 4.37303644e+01 -7.89794400e+00
 4.30418180e+01 -7.80799185e+00
 4.30030193e+01 -7.48269600e+00
 4.30499521e+01 -7.48269600e+00
 4.21082969e+01 -7.48269600e+00
 4.28018827e+01 -7.48269600e+00
 4.23026808e+01 -6.64194997e+00
 4.17813522e+01 -6.38772900e+00
 4.18225755e+01 -6.38772900e+00
 4.16806119e+01 -6.38772900e+00
 4.06566749e+01 -6.38772900e+00
 4.10302628e+01 -6.38769846e+00
 4.10514372e+01 -6.38527961e+00
 4.02818907e+01 -6.38525500e+00
 4.07907853e+01 -6.38525500e+00
 4.06188999e+01 -6.38525500e+00
 4.01324907e+01 -5.94783615e+00
 4.00576218e+01 -5.30127300e+00
 4.00400189e+01 -5.30127300e+00
 3.89844462e+01 -5.30127300e+00
 3.93338477e+01 -5.30127300e+00
 3.90710076e+01 -5.30127300e+00
 3.84214810e+01 -5.30402385e+00
 3.87270605e+01 -5.30484400e+00
 3.86609311e+01 -5.30484400e+00
 3.81095241e+01 -5.30484400e+00
 3.82307391e+01 -5.21729664e+00
 3.84418912e+01 -4.09810000e+00
 3.73026177e+01 -4.09810000e+00
 3.76252451e+01 -4.09810000e+00
 3.74689537e+01 -4.09810000e+00
 3.67994979e+01 -4.09638044e+00
 3.67240743e+01 -4.09480400e+00
 3.71450348e+01 -4.09480400e+00
 3.66715853e+01 -4.09480400e+00
 3.63325177e+01 -4.09480400e+00
 3.67044882e+01 -4.09480400e+00
 3.61548358e+01 -3.32301178e+00
 3.56995259e+01 -3.14594000e+00
 3.56984651e+01 -3.14594000e+00
 3.55508010e+01 -3.14594000e+00
 3.48723187e+01 -3.14655017e+00
 3.50446312e+01 -3.15198300e+00
 3.51852715e+01 -3.15198300e+00
 3.46647066e+01 -3.15198300e+00
 3.48109275e+01 -3.15198300e+00
 3.47128753e+01 -3.15198300e+00
 3.41311095e+01 -2.79437763e+00
 3.38046617e+01 -2.16137800e+00
 3.39324947e+01 -2.16137800e+00
 3.35282713e+01 -2.16137800e+00
 3.31234210e+01 -2.16137800e+00
 3.36926368e+01 -2.16322276e+00
 3.34023141e+01 -2.16357200e+00
 3.29057027e+01 -2.16357200e+00
 3.28416008e+01 -2.16357200e+00
 3.28979386e+01 -2.04777393e+00
 3.22359093e+01 -1.16225500e+00
 3.20575388e+01 -1.16225500e+00
 3.24073847e+01 -1.16225500e+00
 3.19511259e+01 -1.16225500e+00
 3.15675674e+01 -1.16225500e+00
 3.15966024e+01 -1.16288485e+00
 3.16562221e+01 -1.16390000e+00
 3.12581725e+01 -1.16390000e+00
 3.11611327e+01 -1.16390000e+00
 3.13534312e+01 -1.16390000e+00
 3.07214334e+01 -3.73549662e-01
 3.03177369e+01 -2.42228000e-01
 3.03806714e+01 -2.42228000e-01
 3.03363805e+01 -2.42228000e-01
 2.99224481e+01 -2.42228000e-01
 2.98913257e+01 -2.42417392e-01
 3.00748777e+01 -2.48528273e-01
 2.96193138e+01 -2.48543000e-01
 2.93539271e+01 -2.48543000e-01
 2.95353863e+01 -2.48543000e-01
 2.95098971e+01 1.24244819e-01
 2.89031644e+01 6.44293000e-01
 2.85239603e+01 6.44293000e-01
 2.88294734e+01 6.44293000e-01
 2.82778408e+01 6.44293000e-01
 2.81501827e+01 6.44776437e-01
 2.84111273e+01 6.44841000e-01
 2.82264962e+01 6.44841000e-01
 2.77525923e+01 6.44841000e-01
 2.76892289e+01 6.44841000e-01
 2.79345876e+01 6.75984372e-01
 2.75874662e+01 1.34648920e+00
 2.68837920e+01 1.34653400e+00
 2.70522286e+01 1.34653400e+00
 2.70657607e+01 1.34653400e+00
 2.67630126e+01 1.34864738e+00
 2.64399879e+01 1.35120400e+00
 2.64476601e+01 1.35120400e+00
 2.66965268e+01 1.35120400e+00
 2.62763241e+01 1.35120400e+00
 2.60352888e+01 1.35120400e+00
 2.61578305e+01 1.83725415e+00
 2.60842244e+01 1.99467200e+00
 2.56786226e+01 1.99467200e+00
 2.54491001e+01 1.99467200e+00
 2.55062424e+01 1.99475617e+00
 2.50973227e+01 1.99604600e+00
 2.48055826e+01 1.99604600e+00
 2.49157148e+01 1.99604600e+00
 2.50001402e+01 1.99604600e+00
 2.48379812e+01 2.38344420e+00
 2.44909810e+01 2.79029000e+00
 2.44184254e+01 2.79029000e+00
 2.45803771e+01 2.79029000e+00
 2.41619251e+01 2.79029000e+00
 2.37648376e+01 2.79029000e+00
 2.39015162e+01 2.79244559e+00
 2.38395728e+01 2.79303400e+00
 2.34874960e+01 2.79303400e+00
 2.32906332e+01 2.79303400e+00
 2.33336570e+01 2.84997080e+00
 2.33650840e+01 3.50076800e+00
 2.29734260e+01 3.50076800e+00
 2.27605906e+01 3.50076800e+00
 2.29354473e+01 3.50076800e+00
 2.28741346e+01 3.50076800e+00
 2.24217903e+01 3.60170433e+00
 2.21695196e+01 3.79709900e+00
 2.22372725e+01 3.79709900e+00
 2.22470158e+01 3.79709900e+00
 2.18924910e+01 3.79709900e+00
 2.16500797e+01 4.15392240e+00
 2.16717087e+01 4.21179800e+00
 2.17300120e+01 4.21179800e+00
 2.16142005e+01 4.21179800e+00
 2.12193939e+01 4.29740359e+00
 2.11223818e+01 4.69625500e+00
 2.14349811e+01 4.69625500e+00
 2.10580242e+01 4.69625500e+00
 2.05248051e+01 4.69625500e+00
 2.05739250e+01 4.69625500e+00
 2.06579315e+01 4.79906907e+00
 2.05323202e+01 4.88932100e+00
 2.01405150e+01 4.88932100e+00
 2.00438550e+01 4.88932100e+00
 2.01682504e+01 4.89046368e+00
 2.01353825e+01 5.52517918e+00
 1.98432577e+01 5.54350300e+00
 1.95841468e+01 5.54350300e+00
 1.96691983e+01 5.54350300e+00
 1.97134519e+01 5.54350300e+00
 1.93672223e+01 5.54443837e+00
 1.89979483e+01 5.54844700e+00
 1.89627618e+01 5.54844700e+00
 1.91646693e+01 5.54844700e+00
 1.89564665e+01 5.54844700e+00
 1.85938522e+01 5.97040302e+00
 1.85330793e+01 6.12874900e+00
 1.86383647e+01 6.12874900e+00
 1.87228684e+01 6.12874900e+00
 1.84033848e+01 6.12874900e+00
 1.80068668e+01 6.12875485e+00
 1.81236567e+01 6.13035973e+00
 1.81623668e+01 6.13039700e+00
 1.79310335e+01 6.13039700e+00
 1.76112299e+01 6.13039700e+00
 1.75031809e+01 6.35645603e+00
 1.75193643e+01 6.73981300e+00
 1.76206079e+01 6.73981300e+00
 1.73707031e+01 6.73981300e+00
 1.69630942e+01 6.73981300e+00
 1.70778683e+01 6.73981300e+00
 1.71276852e+01 6.74225382e+00
 1.70829899e+01 6.74310600e+00
 1.68310846e+01 6.74310600e+00
 1.65949951e+01 6.74310600e+00
 1.65823778e+01 6.78499697e+00
 1.66825572e+01 7.29896700e+00
 1.63796257e+01 7.29896700e+00
 1.61538983e+01 7.29896700e+00
 1.59421789e+01 7.29896700e+00
 1.59817720e+01 7.29896700e+00
 1.60222818e+01 7.29896700e+00
 1.58155404e+01 7.29896700e+00
 1.55473407e+01 7.29896700e+00
 1.55624139e+01 7.29896700e+00
 1.55197331e+01 7.29896700e+00
 1.55714235e+01 7.78478986e+00
 1.53698190e+01 7.88613500e+00
 1.51455806e+01 7.88613500e+00
 1.51287193e+01 7.88613500e+00
 1.51791157e+01 7.88613500e+00
 1.50732067e+01 7.88613500e+00
 1.49723109e+01 7.88613500e+00
 1.45033333e+01 7.88613500e+00
 1.45522795e+01 7.88613500e+00
 1.45410385e+01 7.88613500e+00
 1.44969883e+01 8.06272113e+00
 1.43926844e+01 8.33818600e+00
 1.40637633e+01 8.33818600e+00
 1.40432615e+01 8.33818600e+00
 1.41087792e+01 8.33818600e+00
 1.41048827e+01 8.33676342e+00
 1.39619189e+01 8.33653800e+00
 1.36871365e+01 8.33653800e+00
 1.36197908e+01 8.33653800e+00
 1.36795279e+01 8.41651041e+00
 1.36208468e+01 8.88471000e+00
 1.35231878e+01 8.88471000e+00
 1.31462709e+01 8.88471000e+00
 1.30500724e+01 8.88471000e+00
 1.30459015e+01 8.88471000e+00
 1.30888464e+01 8.88564410e+00
 1.30667687e+01 8.88690600e+00
 1.27520427e+01 8.88690600e+00
 1.26419493e+01 8.88690600e+00
 1.25881345e+01 8.88690600e+00
 1.27204726e+01 9.20399708e+00
 1.26381250e+01 9.24420600e+00
 1.24658726e+01 9.24420600e+00
 1.22660970e+01 9.24420600e+00
 1.21630920e+01 9.24420600e+00
 1.22144890e+01 9.24435080e+00
 1.22144888e+01 9.24722500e+00
 1.20602506e+01 9.24722500e+00
 1.18065801e+01 9.24722500e+00
 1.16933041e+01 9.24722500e+00
 1.16578704e+01 9.45207539e+00
 1.16643895e+01 9.69213500e+00
 1.16831003e+01 9.69213500e+00
 1.14628150e+01 9.69213500e+00
 1.13043779e+01 9.69213500e+00
 1.11798516e+01 9.68513971e+00
 1.12249285e+01 9.68444600e+00
 1.12336491e+01 9.68444600e+00
 1.12015753e+01 9.68444600e+00
 1.10789683e+01 9.68444600e+00
 1.08464780e+01 9.70516494e+00
 1.08241460e+01 1.00013730e+01
 1.07705282e+01 1.00013730e+01
 1.08022326e+01 1.00013730e+01
 1.06741123e+01 1.00013730e+01
 1.04866900e+01 1.00023257e+01
 1.03250847e+01 1.00032950e+01
 1.02291974e+01 1.00032950e+01
 1.02614745e+01 1.00032950e+01
 1.02664332e+01 1.00032950e+01
 1.01664168e+01 1.00032950e+01
 1.00351885e+01 1.03117934e+01
 9.84366823e+00 1.03927280e+01
 9.81084677e+00 1.03927280e+01
 9.84829035e+00 1.03927280e+01
 9.84179791e+00 1.03927980e+01
 9.82370010e+00 1.03935510e+01
 9.56754853e+00 1.03935510e+01
 9.48036363e+00 1.03935510e+01
 9.38684595e+00 1.03935510e+01
 9.40859715e+00 1.07302392e+01
 9.42981187e+00 1.10276840e+01
 9.33962666e+00 1.10276840e+01
 9.18962697e+00 1.10276840e+01
 9.05819341e+00 1.10276840e+01
 8.88892750e+00 1.10276840e+01
 8.89254876e+00 1.11629603e+01
 8.87337248e+00 1.11905420e+01
 8.84493144e+00 1.11905420e+01
 8.80851550e+00 1.11905420e+01
 8.69611721e+00 1.12147227e+01
 8.51373633e+00 1.13858070e+01
 8.45801285e+00 1.13858070e+01
 8.43969220e+00 1.13858070e+01
 8.46421962e+00 1.13858070e+01
 8.42352952e+00 1.13858070e+01
 8.30047910e+00 1.14974183e+01
 8.17815474e+00 1.16598930e+01
 8.09822365e+00 1.16598930e+01
 8.07110141e+00 1.16598930e+01
 8.03729977e+00 1.16598930e+01
 8.00298340e+00 1.17425546e+01
 7.94768188e+00 1.17510700e+01
 7.86225716e+00 1.17510700e+01
 7.68630499e+00 1.17510700e+01
 7.56266857e+00 1.18653101e+01
 7.55312123e+00 1.22470610e+01
 7.53899417e+00 1.22470610e+01
 7.55358955e+00 1.22470610e+01
 7.47954674e+00 1.22470610e+01
 7.35246211e+00 1.22470610e+01
 7.22973010e+00 1.22477084e+01
 7.13533220e+00 1.22481610e+01
 7.10809587e+00 1.22481610e+01
 7.13841327e+00 1.22481610e+01
 7.15023467e+00 1.22529241e+01
 7.04402690e+00 1.26753209e+01
 7.00574330e+00 1.26801610e+01
 6.87893509e+00 1.26801610e+01
 6.77843276e+00 1.26801610e+01
 6.72262737e+00 1.26801610e+01
 6.70662722e+00 1.26813291e+01
 6.71558955e+00 1.26851050e+01
 6.70171554e+00 1.26851050e+01
 6.61669376e+00 1.26851050e+01
 6.44750739e+00 1.26851050e+01
 6.34839554e+00 1.29990404e+01
 6.30328422e+00 1.30893670e+01
 6.25446701e+00 1.30893670e+01
 6.24192316e+00 1.30893670e+01
 6.28501525e+00 1.30893670e+01
 6.20418847e+00 1.30893711e+01
 6.08356144e+00 1.30896389e+01
 6.01286537e+00 1.30896410e+01
 5.92036148e+00 1.30896410e+01
 5.84809977e+00 1.30896410e+01
 5.82602906e+00 1.32135642e+01
 5.82536530e+00 1.33892680e+01
 5.82650899e+00 1.33892680e+01
 5.77078532e+00 1.33892680e+01
 5.72915881e+00 1.33892680e+01
 5.62456318e+00 1.33892680e+01
 5.50674886e+00 1.33892680e+01
 5.48020347e+00 1.33892680e+01
 5.45691179e+00 1.33892680e+01
 5.41228850e+00 1.33892680e+01
 5.39079963e+00 1.34216972e+01
 5.38522383e+00 1.37622230e+01
 5.29969623e+00 1.37622230e+01
 5.18540617e+00 1.37622230e+01
 5.11905244e+00 1.37622230e+01
 5.06756032e+00 1.37617650e+01
 5.01175177e+00 1.37614010e+01
 4.98884322e+00 1.37614010e+01
 5.01137050e+00 1.37614010e+01
 4.95805896e+00 1.37614010e+01
 4.89238989e+00 1.37614010e+01
 4.81399172e+00 1.40614358e+01
 4.76376197e+00 1.41181490e+01
 4.69475843e+00 1.41181490e+01
 4.63278029e+00 1.41181490e+01
 4.60395072e+00 1.41173290e+01
 4.57886885e+00 1.41115600e+01
 4.58768165e+00 1.41115600e+01
 4.56464273e+00 1.41115600e+01
 4.53601178e+00 1.41115600e+01
 4.45651417e+00 1.42896121e+01
 4.36656094e+00 1.44122830e+01
 4.31447461e+00 1.44122830e+01
 4.27587231e+00 1.44122830e+01
 4.23895394e+00 1.44122830e+01
 4.18272213e+00 1.44122830e+01
 4.20365496e+00 1.44094260e+01
 4.18139122e+00 1.44089870e+01
 4.11523390e+00 1.44089870e+01
 4.05683294e+00 1.44089870e+01
 4.01038425e+00 1.44413202e+01
 3.93490094e+00 1.46122180e+01
 3.86954133e+00 1.46122180e+01
 3.83258144e+00 1.46122180e+01
 3.80980533e+00 1.46122180e+01
 3.80147318e+00 1.46122180e+01
 3.78374891e+00 1.46131913e+01
 3.75785217e+00 1.46144150e+01
 3.73558667e+00 1.46144150e+01
 3.65138632e+00 1.46144150e+01
 3.60465755e+00 1.46144150e+01
 3.53042288e+00 1.49262323e+01
 3.49301629e+00 1.49612780e+01
 3.46893739e+00 1.49612780e+01
 3.43976618e+00 1.49612780e+01
 3.41277146e+00 1.49606632e+01
 3.40123802e+00 1.49579820e+01
 3.38856976e+00 1.49579820e+01
 3.36096875e+00 1.49579820e+01
 3.32079364e+00 1.49579820e+01
 3.26046206e+00 1.49579820e+01
 3.21600900e+00 1.50554255e+01
 3.18344711e+00 1.51617610e+01
 3.14101563e+00 1.51617610e+01
 3.09029939e+00 1.51617610e+01
 3.06671195e+00 1.51617610e+01
 3.05376938e+00 1.51632776e+01
 3.04917375e+00 1.51634090e+01
 3.02032050e+00 1.51634090e+01
 2.98295612e+00 1.51634090e+01
 2.95509158e+00 1.51634090e+01
 2.91202806e+00 1.51821368e+01
 2.86931572e+00 1.54130540e+01
 2.78446371e+00 1.54130540e+01
 2.74849933e+00 1.54130540e+01
 2.73470568e+00 1.54130540e+01
 2.70957646e+00 1.54126304e+01
 2.68523482e+00 1.54122290e+01
 2.67250095e+00 1.54122290e+01
 2.65322115e+00 1.54122290e+01
 2.64219015e+00 1.54122290e+01
 2.61955070e+00 1.56542151e+01
 2.58762807e+00 1.56698370e+01
 2.54858701e+00 1.56698370e+01
 2.51084820e+00 1.56698370e+01
 2.47210178e+00 1.56698370e+01
 2.42843191e+00 1.56816238e+01
 2.39338855e+00 1.57928730e+01
 2.36544610e+00 1.57928730e+01
 2.35002581e+00 1.57928730e+01
 2.32587617e+00 1.57928730e+01
 2.31440978e+00 1.58865986e+01
 2.30918696e+00 1.59636970e+01
 2.30048684e+00 1.59636970e+01
 2.27647904e+00 1.59636970e+01
 2.23991827e+00 1.59636970e+01
 2.21426887e+00 1.59636970e+01
 2.18890620e+00 1.60400163e+01
 2.15992726e+00 1.60551480e+01
 2.13875147e+00 1.60551480e+01
 2.11170244e+00 1.60551480e+01
 2.07138419e+00 1.60632326e+01
 2.05623633e+00 1.61243580e+01
 2.05126603e+00 1.61243580e+01
 2.01889819e+00 1.61243580e+01
 2.01765529e+00 1.61243580e+01
 1.98653909e+00 1.62131295e+01
 1.95462059e+00 1.62798010e+01
 1.94864803e+00 1.62798010e+01
 1.94057735e+00 1.62798010e+01
 1.90520877e+00 1.62798010e+01
 1.88422121e+00 1.62798010e+01
 1.84815640e+00 1.62823716e+01
 1.82570043e+00 1.62828200e+01
 1.80784670e+00 1.62828200e+01
 1.78706149e+00 1.62828200e+01
 1.76612602e+00 1.63138147e+01
 1.74974413e+00 1.64709440e+01
 1.72839390e+00 1.64709440e+01
 1.71009419e+00 1.64709440e+01
 1.70011930e+00 1.64709440e+01
 1.68322339e+00 1.64709440e+01
 1.68224388e+00 1.64676783e+01
 1.67372112e+00 1.64646290e+01
 1.64170708e+00 1.64646290e+01
 1.63083742e+00 1.64646290e+01
 1.60816303e+00 1.64647201e+01
 1.59336063e+00 1.66148156e+01
 1.58051115e+00 1.66200720e+01
 1.55310599e+00 1.66200720e+01
 1.52870924e+00 1.66200720e+01
 1.51424448e+00 1.66200720e+01
 1.49985896e+00 1.66208859e+01
 1.48033103e+00 1.66247420e+01
 1.47155157e+00 1.66247420e+01
 1.45870973e+00 1.66247420e+01
 1.45123294e+00 1.66247420e+01
 1.43915692e+00 1.67996328e+01
 1.43031140e+00 1.68741100e+01
 1.42047983e+00 1.68741100e+01
 1.40570122e+00 1.68741100e+01
 1.39407450e+00 1.68741687e+01
 1.37571591e+00 1.68752070e+01
 1.36596092e+00 1.68752070e+01
 1.35936226e+00 1.68752070e+01
 1.35056042e+00 1.68752070e+01
 1.33651902e+00 1.68752070e+01
 1.32305946e+00 1.69702749e+01
 1.31128990e+00 1.71517670e+01
 1.29497322e+00 1.71517670e+01
 1.28295658e+00 1.71517670e+01
 1.27338805e+00 1.71517670e+01
 1.26154179e+00 1.71508118e+01
 1.25135488e+00 1.71506670e+01
 1.24285715e+00 1.71506670e+01
 1.23747437e+00 1.71506670e+01
 1.23062512e+00 1.71506670e+01
 1.21358555e+00 1.71518293e+01
 1.20776407e+00 1.71718150e+01
 1.20181298e+00 1.71718150e+01
 1.19262180e+00 1.71718150e+01
 1.18759999e+00 1.71718150e+01
 1.18274961e+00 1.71725157e+01
 1.17538445e+00 1.71731850e+01
 1.16576306e+00 1.71731850e+01
 1.15592455e+00 1.71731850e+01
 1.14562972e+00 1.71731850e+01
 1.14069893e+00 1.71731850e+01
 1.13578930e+00 1.73332934e+01
 1.12802794e+00 1.73695500e+01
 1.12082368e+00 1.73695500e+01
 1.11502110e+00 1.73695500e+01
 1.10942794e+00 1.73696065e+01
 1.10510288e+00 1.73701010e+01
 1.09736068e+00 1.73701010e+01
 1.09377385e+00 1.73701010e+01
 1.08577641e+00 1.73701010e+01
 1.07942387e+00 1.74521335e+01
 1.07356333e+00 1.75167560e+01
 1.06866688e+00 1.75167560e+01
 1.06661774e+00 1.75167560e+01
 1.06201917e+00 1.75167560e+01
 1.05788345e+00 1.75167560e+01
 1.05567142e+00 1.75195335e+01
 1.05334402e+00 1.75200520e+01
 1.05046541e+00 1.75200520e+01
 1.04845040e+00 1.75200520e+01
 1.04680835e+00 1.75327141e+01
 1.04198016e+00 1.76205660e+01
 1.03916942e+00 1.76205660e+01
 1.03727498e+00 1.76205660e+01
 1.03524380e+00 1.76205660e+01
 1.03177796e+00 1.76207288e+01
 1.02851822e+00 1.76208400e+01
 1.02609886e+00 1.76208400e+01
 1.02374351e+00 1.76208400e+01
 1.02207629e+00 1.76208400e+01
 1.01999386e+00 1.76208400e+01
 1.01903692e+00 1.77360288e+01
 1.01773238e+00 1.77534900e+01
 1.01578311e+00 1.77534900e+01
 1.01416790e+00 1.77534900e+01
 1.01287064e+00 1.77533238e+01
 1.01124812e+00 1.77523910e+01
 1.01098572e+00 1.77523910e+01
 1.00938585e+00 1.77523910e+01
 1.00835261e+00 1.77523910e+01
 1.00702043e+00 1.77523910e+01
 1.00611336e+00 1.78014199e+01
 1.00527909e+00 1.78625190e+01
 1.00418576e+00 1.78625190e+01
 1.00377261e+00 1.78625190e+01
 1.00322171e+00 1.78625190e+01
 1.00282378e+00 1.78662303e+01
 1.00243656e+00 1.78666410e+01
 1.00180326e+00 1.78666410e+01
 1.00157782e+00 1.78666410e+01
 1.00153609e+00 1.78666410e+01
 1.00124081e+00 1.78695644e+01
 1.00101599e+00 1.79174480e+01
 1.00081567e+00 1.79174480e+01
 1.00064110e+00 1.79174480e+01
 1.00045051e+00 1.79174480e+01
 1.00041067e+00 1.79371045e+01
 1.00036387e+00 1.79583660e+01
 1.00026567e+00 1.79583660e+01
 1.00026249e+00 1.79583660e+01
 1.00015473e+00 1.79583660e+01
 1.00015430e+00 1.80041751e+01
 1.00009173e+00 1.80080770e+01
 1.00007813e+00 1.80080770e+01
 1.00005388e+00 1.80080770e+01
 1.00002863e+00 1.80080770e+01
 1.00002863e+00 1.80160767e+01
 1.00002863e+00 1.81129870e+01
 1.00002863e+00 1.81129870e+01
 1.00002863e+00 1.81129870e+01
 1.00000641e+00 1.81129870e+01
 1.00000279e+00 1.81372036e+01
 1.00000279e+00 1.81599490e+01
 1.00000279e+00 1.81599490e+01
 1.00000279e+00 1.81599490e+01
 1.00000279e+00 1.81599490e+01
 1.00000279e+00 1.81599490e+01
 1.00000279e+00 1.81988090e+01
 1.00000279e+00 1.82080120e+01
 1.00000279e+00 1.82080120e+01
 1.00000089e+00 1.82080120e+01
